ED,Reported As,Reporting,Jose Rivera (Democratic),Fernando P. Tirado (Independence),Scattered,Fernando P. Tirado (Republican),Total Votes,Jose Rivera RECAP,Fernando P. Tirado RECAP,Scattered RECAP,p_Jose Rivera (Democratic),p_Fernando P. Tirado (Independence),p_Scattered,p_Fernando P. Tirado (Republican),p_Jose Rivera RECAP,p_Fernando P. Tirado RECAP,p_Scattered RECAP,winner,winner_p
78001,78001,100,155,1,0,4,160,155,5,0,0.96875,0.00625,0.0,0.025,0.96875,0.03125,0.0,Jose Rivera RECAP,0.96875
78002,78002,100,206,2,0,8,216,206,10,0,0.9537037037037037,0.009259259259259259,0.0,0.037037037037037035,0.9537037037037037,0.046296296296296294,0.0,Jose Rivera RECAP,0.9537037037037037
78003,78003,100,72,2,0,11,85,72,13,0,0.8470588235294118,0.023529411764705882,0.0,0.12941176470588237,0.8470588235294118,0.15294117647058825,0.0,Jose Rivera RECAP,0.8470588235294118
78004,78004,100,171,1,0,15,187,171,16,0,0.9144385026737968,0.0053475935828877,0.0,0.08021390374331551,0.9144385026737968,0.0855614973262032,0.0,Jose Rivera RECAP,0.9144385026737968
78005,78005,100,157,3,0,12,172,157,15,0,0.9127906976744186,0.01744186046511628,0.0,0.06976744186046512,0.9127906976744186,0.0872093023255814,0.0,Jose Rivera RECAP,0.9127906976744186
78006,78006,100,199,1,0,18,218,199,19,0,0.9128440366972477,0.0045871559633027525,0.0,0.08256880733944955,0.9128440366972477,0.0871559633027523,0.0,Jose Rivera RECAP,0.9128440366972477
78007,78007,100,34,1,0,8,43,34,9,0,0.7906976744186046,0.023255813953488372,0.0,0.18604651162790697,0.7906976744186046,0.20930232558139536,0.0,Jose Rivera RECAP,0.7906976744186046
78008,78008,100,81,3,0,12,96,81,15,0,0.84375,0.03125,0.0,0.125,0.84375,0.15625,0.0,Jose Rivera RECAP,0.84375
78009,78009,100,183,2,1,12,198,183,14,1,0.9242424242424242,0.010101010101010102,0.005050505050505051,0.06060606060606061,0.9242424242424242,0.0707070707070707,0.005050505050505051,Jose Rivera RECAP,0.9242424242424242
78010,78010,100,157,2,0,7,166,157,9,0,0.9457831325301205,0.012048192771084338,0.0,0.04216867469879518,0.9457831325301205,0.05421686746987952,0.0,Jose Rivera RECAP,0.9457831325301205
78011,78011,100,132,1,0,6,139,132,7,0,0.9496402877697842,0.007194244604316547,0.0,0.04316546762589928,0.9496402877697842,0.050359712230215826,0.0,Jose Rivera RECAP,0.9496402877697842
78012,78012,100,188,1,0,7,196,188,8,0,0.9591836734693877,0.00510204081632653,0.0,0.03571428571428571,0.9591836734693877,0.04081632653061224,0.0,Jose Rivera RECAP,0.9591836734693877
78013,78013,100,161,2,0,16,179,161,18,0,0.8994413407821229,0.0111731843575419,0.0,0.0893854748603352,0.8994413407821229,0.1005586592178771,0.0,Jose Rivera RECAP,0.8994413407821229
78014,78014,100,120,0,0,8,128,120,8,0,0.9375,0.0,0.0,0.0625,0.9375,0.0625,0.0,Jose Rivera RECAP,0.9375
78015,78015,100,59,1,0,6,66,59,7,0,0.8939393939393939,0.015151515151515152,0.0,0.09090909090909091,0.8939393939393939,0.10606060606060606,0.0,Jose Rivera RECAP,0.8939393939393939
78016,78016,100,111,2,0,8,121,111,10,0,0.9173553719008265,0.01652892561983471,0.0,0.06611570247933884,0.9173553719008265,0.08264462809917356,0.0,Jose Rivera RECAP,0.9173553719008265
78017,78017,100,56,1,0,2,59,56,3,0,0.9491525423728814,0.01694915254237288,0.0,0.03389830508474576,0.9491525423728814,0.05084745762711865,0.0,Jose Rivera RECAP,0.9491525423728814
78018,78018,100,103,2,0,11,116,103,13,0,0.8879310344827587,0.017241379310344827,0.0,0.09482758620689655,0.8879310344827587,0.11206896551724138,0.0,Jose Rivera RECAP,0.8879310344827587
78019,78019,100,98,0,0,7,105,98,7,0,0.9333333333333333,0.0,0.0,0.06666666666666667,0.9333333333333333,0.06666666666666667,0.0,Jose Rivera RECAP,0.9333333333333333
78020,78020,100,112,5,0,8,125,112,13,0,0.896,0.04,0.0,0.064,0.896,0.104,0.0,Jose Rivera RECAP,0.896
78021,78021,100,143,3,0,8,154,143,11,0,0.9285714285714286,0.01948051948051948,0.0,0.05194805194805195,0.9285714285714286,0.07142857142857142,0.0,Jose Rivera RECAP,0.9285714285714286
78022,78022,100,137,1,0,7,145,137,8,0,0.9448275862068966,0.006896551724137931,0.0,0.04827586206896552,0.9448275862068966,0.05517241379310345,0.0,Jose Rivera RECAP,0.9448275862068966
78023,78023,100,148,2,0,10,160,148,12,0,0.925,0.0125,0.0,0.0625,0.925,0.075,0.0,Jose Rivera RECAP,0.925
78024,78024,100,140,6,0,12,158,140,18,0,0.8860759493670886,0.0379746835443038,0.0,0.0759493670886076,0.8860759493670886,0.11392405063291139,0.0,Jose Rivera RECAP,0.8860759493670886
78025,78025,100,99,1,0,4,104,99,5,0,0.9519230769230769,0.009615384615384616,0.0,0.038461538461538464,0.9519230769230769,0.04807692307692308,0.0,Jose Rivera RECAP,0.9519230769230769
78026,78026,100,106,1,1,5,113,106,6,1,0.9380530973451328,0.008849557522123894,0.008849557522123894,0.04424778761061947,0.9380530973451328,0.05309734513274336,0.008849557522123894,Jose Rivera RECAP,0.9380530973451328
78027,78027,100,90,0,1,5,96,90,5,1,0.9375,0.0,0.010416666666666666,0.052083333333333336,0.9375,0.052083333333333336,0.010416666666666666,Jose Rivera RECAP,0.9375
78028,78028,100,177,6,0,21,204,177,27,0,0.8676470588235294,0.029411764705882353,0.0,0.10294117647058823,0.8676470588235294,0.1323529411764706,0.0,Jose Rivera RECAP,0.8676470588235294
78029,78029,100,121,3,1,7,132,121,10,1,0.9166666666666666,0.022727272727272728,0.007575757575757576,0.05303030303030303,0.9166666666666666,0.07575757575757576,0.007575757575757576,Jose Rivera RECAP,0.9166666666666666
78030,78030,100,130,6,0,27,163,130,33,0,0.7975460122699386,0.03680981595092025,0.0,0.1656441717791411,0.7975460122699386,0.20245398773006135,0.0,Jose Rivera RECAP,0.7975460122699386
78031,78031,100,112,6,0,20,138,112,26,0,0.8115942028985508,0.043478260869565216,0.0,0.14492753623188406,0.8115942028985508,0.18840579710144928,0.0,Jose Rivera RECAP,0.8115942028985508
78032,78032,100,192,5,2,35,234,192,40,2,0.8205128205128205,0.021367521367521368,0.008547008547008548,0.14957264957264957,0.8205128205128205,0.17094017094017094,0.008547008547008548,Jose Rivera RECAP,0.8205128205128205
78033,78033,100,151,14,0,32,197,151,46,0,0.766497461928934,0.07106598984771574,0.0,0.16243654822335024,0.766497461928934,0.233502538071066,0.0,Jose Rivera RECAP,0.766497461928934
78034,78034,100,93,2,0,17,112,93,19,0,0.8303571428571429,0.017857142857142856,0.0,0.15178571428571427,0.8303571428571429,0.16964285714285715,0.0,Jose Rivera RECAP,0.8303571428571429
78035,78035,100,42,3,0,8,53,42,11,0,0.7924528301886793,0.05660377358490566,0.0,0.1509433962264151,0.7924528301886793,0.20754716981132076,0.0,Jose Rivera RECAP,0.7924528301886793
78036,78036,100,107,6,1,8,122,107,14,1,0.8770491803278688,0.04918032786885246,0.00819672131147541,0.06557377049180328,0.8770491803278688,0.11475409836065574,0.00819672131147541,Jose Rivera RECAP,0.8770491803278688
78037,78037,100,29,1,0,3,33,29,4,0,0.8787878787878788,0.030303030303030304,0.0,0.09090909090909091,0.8787878787878788,0.12121212121212122,0.0,Jose Rivera RECAP,0.8787878787878788
78038,78038,100,136,7,2,16,161,136,23,2,0.84472049689441,0.043478260869565216,0.012422360248447204,0.09937888198757763,0.84472049689441,0.14285714285714285,0.012422360248447204,Jose Rivera RECAP,0.84472049689441
78039,78039,100,49,1,0,12,62,49,13,0,0.7903225806451613,0.016129032258064516,0.0,0.1935483870967742,0.7903225806451613,0.20967741935483872,0.0,Jose Rivera RECAP,0.7903225806451613
78040,78040,100,244,9,0,49,302,244,58,0,0.8079470198675497,0.029801324503311258,0.0,0.16225165562913907,0.8079470198675497,0.19205298013245034,0.0,Jose Rivera RECAP,0.8079470198675497
78041,78041,100,125,9,0,38,172,125,47,0,0.7267441860465116,0.05232558139534884,0.0,0.22093023255813954,0.7267441860465116,0.27325581395348836,0.0,Jose Rivera RECAP,0.7267441860465116
78042,78042,100,0,0,0,0,0,0,0,0,0,0,0,0,0,0,0,n/a,0
78043,78043,100,60,4,0,1,65,60,5,0,0.9230769230769231,0.06153846153846154,0.0,0.015384615384615385,0.9230769230769231,0.07692307692307693,0.0,Jose Rivera RECAP,0.9230769230769231
78044,78044,100,178,3,0,20,201,178,23,0,0.8855721393034826,0.014925373134328358,0.0,0.09950248756218906,0.8855721393034826,0.11442786069651742,0.0,Jose Rivera RECAP,0.8855721393034826
78045,78045,100,178,2,0,9,189,178,11,0,0.9417989417989417,0.010582010582010581,0.0,0.047619047619047616,0.9417989417989417,0.0582010582010582,0.0,Jose Rivera RECAP,0.9417989417989417
78046,78046,100,164,2,0,11,177,164,13,0,0.9265536723163842,0.011299435028248588,0.0,0.062146892655367235,0.9265536723163842,0.07344632768361582,0.0,Jose Rivera RECAP,0.9265536723163842
78047,78047,100,104,0,1,11,116,104,11,1,0.896551724137931,0.0,0.008620689655172414,0.09482758620689655,0.896551724137931,0.09482758620689655,0.008620689655172414,Jose Rivera RECAP,0.896551724137931
78048,78048,100,261,14,0,27,302,261,41,0,0.8642384105960265,0.046357615894039736,0.0,0.08940397350993377,0.8642384105960265,0.1357615894039735,0.0,Jose Rivera RECAP,0.8642384105960265
78049,78049,100,185,4,0,10,199,185,14,0,0.9296482412060302,0.020100502512562814,0.0,0.05025125628140704,0.9296482412060302,0.07035175879396985,0.0,Jose Rivera RECAP,0.9296482412060302
78050,78050,100,177,1,1,12,191,177,13,1,0.9267015706806283,0.005235602094240838,0.005235602094240838,0.06282722513089005,0.9267015706806283,0.06806282722513089,0.005235602094240838,Jose Rivera RECAP,0.9267015706806283
78051,78051,100,198,1,0,8,207,198,9,0,0.9565217391304348,0.004830917874396135,0.0,0.03864734299516908,0.9565217391304348,0.043478260869565216,0.0,Jose Rivera RECAP,0.9565217391304348
78052,78052,100,145,2,0,13,160,145,15,0,0.90625,0.0125,0.0,0.08125,0.90625,0.09375,0.0,Jose Rivera RECAP,0.90625
78053,78053,100,101,4,0,8,113,101,12,0,0.8938053097345132,0.035398230088495575,0.0,0.07079646017699115,0.8938053097345132,0.10619469026548672,0.0,Jose Rivera RECAP,0.8938053097345132
78054,78054,100,88,2,0,4,94,88,6,0,0.9361702127659575,0.02127659574468085,0.0,0.0425531914893617,0.9361702127659575,0.06382978723404255,0.0,Jose Rivera RECAP,0.9361702127659575
78055,78055,100,0,0,0,0,0,0,0,0,0,0,0,0,0,0,0,n/a,0
78056,78056,100,0,0,0,0,0,0,0,0,0,0,0,0,0,0,0,n/a,0
78057,78057,100,0,0,0,0,0,0,0,0,0,0,0,0,0,0,0,n/a,0
78058,78037,100,0,0,0,0,0,0,0,0,0,0,0,0,0,0,0,n/a,0
