ED,Reported As,Reporting,Lizbeth Gonzalez (Democratic),Robert Siano (Conservative),Robert Siano (Republican),Scattered,Total Votes,Lizbeth Gonzalez RECAP,Robert Siano RECAP,Scattered RECAP,p_Lizbeth Gonzalez (Democratic),p_Robert Siano (Conservative),p_Robert Siano (Republican),p_Scattered,p_Lizbeth Gonzalez RECAP,p_Robert Siano RECAP,p_Scattered RECAP,winner,winner_p
77001,77001,100,30,2,4,0,36,30,6,0,0.8333333333333334,0.05555555555555555,0.1111111111111111,0.0,0.8333333333333334,0.16666666666666666,0.0,Lizbeth Gonzalez RECAP,0.8333333333333334
77002,77002,100,62,0,3,0,65,62,3,0,0.9538461538461539,0.0,0.046153846153846156,0.0,0.9538461538461539,0.046153846153846156,0.0,Lizbeth Gonzalez RECAP,0.9538461538461539
77003,77003,100,231,1,3,0,235,231,4,0,0.9829787234042553,0.00425531914893617,0.01276595744680851,0.0,0.9829787234042553,0.01702127659574468,0.0,Lizbeth Gonzalez RECAP,0.9829787234042553
77004,77004,100,63,3,4,0,70,63,7,0,0.9,0.04285714285714286,0.05714285714285714,0.0,0.9,0.1,0.0,Lizbeth Gonzalez RECAP,0.9
77005,77005,100,210,0,4,0,214,210,4,0,0.9813084112149533,0.0,0.018691588785046728,0.0,0.9813084112149533,0.018691588785046728,0.0,Lizbeth Gonzalez RECAP,0.9813084112149533
77006,77006,100,178,2,4,0,184,178,6,0,0.967391304347826,0.010869565217391304,0.021739130434782608,0.0,0.967391304347826,0.03260869565217391,0.0,Lizbeth Gonzalez RECAP,0.967391304347826
77007,77007,100,257,2,9,0,268,257,11,0,0.9589552238805971,0.007462686567164179,0.033582089552238806,0.0,0.9589552238805971,0.041044776119402986,0.0,Lizbeth Gonzalez RECAP,0.9589552238805971
77008,77008,100,229,0,6,0,235,229,6,0,0.9744680851063829,0.0,0.02553191489361702,0.0,0.9744680851063829,0.02553191489361702,0.0,Lizbeth Gonzalez RECAP,0.9744680851063829
77009,77009,100,227,1,7,0,235,227,8,0,0.9659574468085106,0.00425531914893617,0.029787234042553193,0.0,0.9659574468085106,0.03404255319148936,0.0,Lizbeth Gonzalez RECAP,0.9659574468085106
77010,77010,100,315,0,18,1,334,315,18,1,0.9431137724550899,0.0,0.05389221556886228,0.0029940119760479044,0.9431137724550899,0.05389221556886228,0.0029940119760479044,Lizbeth Gonzalez RECAP,0.9431137724550899
77011,77011,100,211,1,5,0,217,211,6,0,0.9723502304147466,0.004608294930875576,0.02304147465437788,0.0,0.9723502304147466,0.027649769585253458,0.0,Lizbeth Gonzalez RECAP,0.9723502304147466
77012,77012,100,165,0,3,0,168,165,3,0,0.9821428571428571,0.0,0.017857142857142856,0.0,0.9821428571428571,0.017857142857142856,0.0,Lizbeth Gonzalez RECAP,0.9821428571428571
77013,77013,100,125,1,1,0,127,125,2,0,0.984251968503937,0.007874015748031496,0.007874015748031496,0.0,0.984251968503937,0.015748031496062992,0.0,Lizbeth Gonzalez RECAP,0.984251968503937
77014,77014,100,206,4,13,1,224,206,17,1,0.9196428571428571,0.017857142857142856,0.05803571428571429,0.004464285714285714,0.9196428571428571,0.07589285714285714,0.004464285714285714,Lizbeth Gonzalez RECAP,0.9196428571428571
77015,77015,100,164,1,6,0,171,164,7,0,0.9590643274853801,0.005847953216374269,0.03508771929824561,0.0,0.9590643274853801,0.04093567251461988,0.0,Lizbeth Gonzalez RECAP,0.9590643274853801
77016,77016,100,234,1,4,0,239,234,5,0,0.9790794979079498,0.0041841004184100415,0.016736401673640166,0.0,0.9790794979079498,0.02092050209205021,0.0,Lizbeth Gonzalez RECAP,0.9790794979079498
77017,77017,100,57,0,2,0,59,57,2,0,0.9661016949152542,0.0,0.03389830508474576,0.0,0.9661016949152542,0.03389830508474576,0.0,Lizbeth Gonzalez RECAP,0.9661016949152542
77018,77018,100,131,1,3,0,135,131,4,0,0.9703703703703703,0.007407407407407408,0.022222222222222223,0.0,0.9703703703703703,0.02962962962962963,0.0,Lizbeth Gonzalez RECAP,0.9703703703703703
77019,77019,100,139,1,3,0,143,139,4,0,0.972027972027972,0.006993006993006993,0.02097902097902098,0.0,0.972027972027972,0.027972027972027972,0.0,Lizbeth Gonzalez RECAP,0.972027972027972
77020,77020,100,155,2,4,0,161,155,6,0,0.9627329192546584,0.012422360248447204,0.024844720496894408,0.0,0.9627329192546584,0.037267080745341616,0.0,Lizbeth Gonzalez RECAP,0.9627329192546584
77021,77021,100,193,1,7,0,201,193,8,0,0.9601990049751243,0.004975124378109453,0.03482587064676617,0.0,0.9601990049751243,0.03980099502487562,0.0,Lizbeth Gonzalez RECAP,0.9601990049751243
77022,77022,100,125,0,4,0,129,125,4,0,0.9689922480620154,0.0,0.031007751937984496,0.0,0.9689922480620154,0.031007751937984496,0.0,Lizbeth Gonzalez RECAP,0.9689922480620154
77023,77023,100,259,0,8,0,267,259,8,0,0.9700374531835206,0.0,0.0299625468164794,0.0,0.9700374531835206,0.0299625468164794,0.0,Lizbeth Gonzalez RECAP,0.9700374531835206
77024,77024,100,167,2,4,0,173,167,6,0,0.9653179190751445,0.011560693641618497,0.023121387283236993,0.0,0.9653179190751445,0.03468208092485549,0.0,Lizbeth Gonzalez RECAP,0.9653179190751445
77025,77025,100,243,2,7,0,252,243,9,0,0.9642857142857143,0.007936507936507936,0.027777777777777776,0.0,0.9642857142857143,0.03571428571428571,0.0,Lizbeth Gonzalez RECAP,0.9642857142857143
77026,77026,100,90,1,5,1,97,90,6,1,0.9278350515463918,0.010309278350515464,0.05154639175257732,0.010309278350515464,0.9278350515463918,0.061855670103092786,0.010309278350515464,Lizbeth Gonzalez RECAP,0.9278350515463918
77027,77027,100,149,3,6,0,158,149,9,0,0.9430379746835443,0.0189873417721519,0.0379746835443038,0.0,0.9430379746835443,0.056962025316455694,0.0,Lizbeth Gonzalez RECAP,0.9430379746835443
77028,77028,100,151,0,7,0,158,151,7,0,0.9556962025316456,0.0,0.04430379746835443,0.0,0.9556962025316456,0.04430379746835443,0.0,Lizbeth Gonzalez RECAP,0.9556962025316456
77029,77029,100,56,1,0,0,57,56,1,0,0.9824561403508771,0.017543859649122806,0.0,0.0,0.9824561403508771,0.017543859649122806,0.0,Lizbeth Gonzalez RECAP,0.9824561403508771
77030,77030,100,123,0,1,0,124,123,1,0,0.9919354838709677,0.0,0.008064516129032258,0.0,0.9919354838709677,0.008064516129032258,0.0,Lizbeth Gonzalez RECAP,0.9919354838709677
77031,77031,100,21,0,2,0,23,21,2,0,0.9130434782608695,0.0,0.08695652173913043,0.0,0.9130434782608695,0.08695652173913043,0.0,Lizbeth Gonzalez RECAP,0.9130434782608695
77032,77032,100,23,0,1,0,24,23,1,0,0.9583333333333334,0.0,0.041666666666666664,0.0,0.9583333333333334,0.041666666666666664,0.0,Lizbeth Gonzalez RECAP,0.9583333333333334
77033,77033,100,30,1,0,0,31,30,1,0,0.967741935483871,0.03225806451612903,0.0,0.0,0.967741935483871,0.03225806451612903,0.0,Lizbeth Gonzalez RECAP,0.967741935483871
77034,77034,100,161,6,4,0,171,161,10,0,0.9415204678362573,0.03508771929824561,0.023391812865497075,0.0,0.9415204678362573,0.05847953216374269,0.0,Lizbeth Gonzalez RECAP,0.9415204678362573
77035,77035,100,139,0,3,0,142,139,3,0,0.9788732394366197,0.0,0.02112676056338028,0.0,0.9788732394366197,0.02112676056338028,0.0,Lizbeth Gonzalez RECAP,0.9788732394366197
77036,77036,100,92,4,3,0,99,92,7,0,0.9292929292929293,0.04040404040404041,0.030303030303030304,0.0,0.9292929292929293,0.0707070707070707,0.0,Lizbeth Gonzalez RECAP,0.9292929292929293
77037,77037,100,192,1,5,0,198,192,6,0,0.9696969696969697,0.005050505050505051,0.025252525252525252,0.0,0.9696969696969697,0.030303030303030304,0.0,Lizbeth Gonzalez RECAP,0.9696969696969697
77038,77038,100,80,1,3,0,84,80,4,0,0.9523809523809523,0.011904761904761904,0.03571428571428571,0.0,0.9523809523809523,0.047619047619047616,0.0,Lizbeth Gonzalez RECAP,0.9523809523809523
77039,77039,100,157,1,9,0,167,157,10,0,0.9401197604790419,0.005988023952095809,0.05389221556886228,0.0,0.9401197604790419,0.059880239520958084,0.0,Lizbeth Gonzalez RECAP,0.9401197604790419
77040,77040,100,109,0,4,0,113,109,4,0,0.9646017699115044,0.0,0.035398230088495575,0.0,0.9646017699115044,0.035398230088495575,0.0,Lizbeth Gonzalez RECAP,0.9646017699115044
77041,77041,100,115,0,4,0,119,115,4,0,0.9663865546218487,0.0,0.03361344537815126,0.0,0.9663865546218487,0.03361344537815126,0.0,Lizbeth Gonzalez RECAP,0.9663865546218487
77042,77042,100,111,1,4,1,117,111,5,1,0.9487179487179487,0.008547008547008548,0.03418803418803419,0.008547008547008548,0.9487179487179487,0.042735042735042736,0.008547008547008548,Lizbeth Gonzalez RECAP,0.9487179487179487
77043,77043,100,206,0,6,0,212,206,6,0,0.9716981132075472,0.0,0.02830188679245283,0.0,0.9716981132075472,0.02830188679245283,0.0,Lizbeth Gonzalez RECAP,0.9716981132075472
77044,77044,100,138,0,6,2,146,138,6,2,0.9452054794520548,0.0,0.0410958904109589,0.0136986301369863,0.9452054794520548,0.0410958904109589,0.0136986301369863,Lizbeth Gonzalez RECAP,0.9452054794520548
77045,77045,100,248,1,8,0,257,248,9,0,0.9649805447470817,0.0038910505836575876,0.0311284046692607,0.0,0.9649805447470817,0.03501945525291829,0.0,Lizbeth Gonzalez RECAP,0.9649805447470817
77046,77046,100,153,2,8,1,164,153,10,1,0.9329268292682927,0.012195121951219513,0.04878048780487805,0.006097560975609756,0.9329268292682927,0.06097560975609756,0.006097560975609756,Lizbeth Gonzalez RECAP,0.9329268292682927
77047,77047,100,212,1,10,0,223,212,11,0,0.9506726457399103,0.004484304932735426,0.04484304932735426,0.0,0.9506726457399103,0.04932735426008968,0.0,Lizbeth Gonzalez RECAP,0.9506726457399103
77048,77048,100,184,1,4,1,190,184,5,1,0.968421052631579,0.005263157894736842,0.021052631578947368,0.005263157894736842,0.968421052631579,0.02631578947368421,0.005263157894736842,Lizbeth Gonzalez RECAP,0.968421052631579
77049,77049,100,67,1,4,0,72,67,5,0,0.9305555555555556,0.013888888888888888,0.05555555555555555,0.0,0.9305555555555556,0.06944444444444445,0.0,Lizbeth Gonzalez RECAP,0.9305555555555556
77050,77050,100,156,4,6,0,166,156,10,0,0.9397590361445783,0.024096385542168676,0.03614457831325301,0.0,0.9397590361445783,0.060240963855421686,0.0,Lizbeth Gonzalez RECAP,0.9397590361445783
77051,77051,100,163,1,4,0,168,163,5,0,0.9702380952380952,0.005952380952380952,0.023809523809523808,0.0,0.9702380952380952,0.02976190476190476,0.0,Lizbeth Gonzalez RECAP,0.9702380952380952
77052,77052,100,18,0,0,0,18,18,0,0,1.0,0.0,0.0,0.0,1.0,0.0,0.0,Lizbeth Gonzalez RECAP,1.0
77053,77053,100,161,0,10,0,171,161,10,0,0.9415204678362573,0.0,0.05847953216374269,0.0,0.9415204678362573,0.05847953216374269,0.0,Lizbeth Gonzalez RECAP,0.9415204678362573
77054,77054,100,149,0,4,0,153,149,4,0,0.9738562091503268,0.0,0.026143790849673203,0.0,0.9738562091503268,0.026143790849673203,0.0,Lizbeth Gonzalez RECAP,0.9738562091503268
77055,77055,100,145,1,3,2,151,145,4,2,0.9602649006622517,0.006622516556291391,0.019867549668874173,0.013245033112582781,0.9602649006622517,0.026490066225165563,0.013245033112582781,Lizbeth Gonzalez RECAP,0.9602649006622517
77056,77056,100,170,0,4,0,174,170,4,0,0.9770114942528736,0.0,0.022988505747126436,0.0,0.9770114942528736,0.022988505747126436,0.0,Lizbeth Gonzalez RECAP,0.9770114942528736
77057,77057,100,158,3,3,0,164,158,6,0,0.9634146341463414,0.018292682926829267,0.018292682926829267,0.0,0.9634146341463414,0.036585365853658534,0.0,Lizbeth Gonzalez RECAP,0.9634146341463414
77058,77058,100,260,1,10,0,271,260,11,0,0.959409594095941,0.0036900369003690036,0.03690036900369004,0.0,0.959409594095941,0.04059040590405904,0.0,Lizbeth Gonzalez RECAP,0.959409594095941
77059,77059,100,116,0,1,0,117,116,1,0,0.9914529914529915,0.0,0.008547008547008548,0.0,0.9914529914529915,0.008547008547008548,0.0,Lizbeth Gonzalez RECAP,0.9914529914529915
77060,77060,100,311,4,8,1,324,311,12,1,0.9598765432098766,0.012345679012345678,0.024691358024691357,0.0030864197530864196,0.9598765432098766,0.037037037037037035,0.0030864197530864196,Lizbeth Gonzalez RECAP,0.9598765432098766
77061,77061,100,58,1,2,0,61,58,3,0,0.9508196721311475,0.01639344262295082,0.03278688524590164,0.0,0.9508196721311475,0.04918032786885246,0.0,Lizbeth Gonzalez RECAP,0.9508196721311475
77062,77062,100,134,5,3,1,143,134,8,1,0.9370629370629371,0.03496503496503497,0.02097902097902098,0.006993006993006993,0.9370629370629371,0.055944055944055944,0.006993006993006993,Lizbeth Gonzalez RECAP,0.9370629370629371
77063,77063,100,148,2,5,0,155,148,7,0,0.9548387096774194,0.012903225806451613,0.03225806451612903,0.0,0.9548387096774194,0.04516129032258064,0.0,Lizbeth Gonzalez RECAP,0.9548387096774194
77064,77064,100,39,0,0,0,39,39,0,0,1.0,0.0,0.0,0.0,1.0,0.0,0.0,Lizbeth Gonzalez RECAP,1.0
77065,77065,100,173,3,5,0,181,173,8,0,0.9558011049723757,0.016574585635359115,0.027624309392265192,0.0,0.9558011049723757,0.04419889502762431,0.0,Lizbeth Gonzalez RECAP,0.9558011049723757
77066,77066,100,21,0,2,0,23,21,2,0,0.9130434782608695,0.0,0.08695652173913043,0.0,0.9130434782608695,0.08695652173913043,0.0,Lizbeth Gonzalez RECAP,0.9130434782608695
77067,77067,100,82,0,2,1,85,82,2,1,0.9647058823529412,0.0,0.023529411764705882,0.011764705882352941,0.9647058823529412,0.023529411764705882,0.011764705882352941,Lizbeth Gonzalez RECAP,0.9647058823529412
77068,77068,100,89,0,5,0,94,89,5,0,0.9468085106382979,0.0,0.05319148936170213,0.0,0.9468085106382979,0.05319148936170213,0.0,Lizbeth Gonzalez RECAP,0.9468085106382979
77070,77070,100,0,0,0,0,0,0,0,0,0,0,0,0,0,0,0,n/a,0
78001,78001,100,152,1,4,0,157,152,5,0,0.9681528662420382,0.006369426751592357,0.025477707006369428,0.0,0.9681528662420382,0.03184713375796178,0.0,Lizbeth Gonzalez RECAP,0.9681528662420382
78002,78002,100,208,1,5,0,214,208,6,0,0.9719626168224299,0.004672897196261682,0.02336448598130841,0.0,0.9719626168224299,0.028037383177570093,0.0,Lizbeth Gonzalez RECAP,0.9719626168224299
78003,78003,100,71,4,12,0,87,71,16,0,0.8160919540229885,0.04597701149425287,0.13793103448275862,0.0,0.8160919540229885,0.1839080459770115,0.0,Lizbeth Gonzalez RECAP,0.8160919540229885
78004,78004,100,164,5,15,0,184,164,20,0,0.8913043478260869,0.02717391304347826,0.08152173913043478,0.0,0.8913043478260869,0.10869565217391304,0.0,Lizbeth Gonzalez RECAP,0.8913043478260869
78005,78005,100,150,4,14,0,168,150,18,0,0.8928571428571429,0.023809523809523808,0.08333333333333333,0.0,0.8928571428571429,0.10714285714285714,0.0,Lizbeth Gonzalez RECAP,0.8928571428571429
78006,78006,100,197,4,18,0,219,197,22,0,0.8995433789954338,0.0182648401826484,0.0821917808219178,0.0,0.8995433789954338,0.1004566210045662,0.0,Lizbeth Gonzalez RECAP,0.8995433789954338
78007,78007,100,34,0,9,0,43,34,9,0,0.7906976744186046,0.0,0.20930232558139536,0.0,0.7906976744186046,0.20930232558139536,0.0,Lizbeth Gonzalez RECAP,0.7906976744186046
78008,78008,100,78,5,12,0,95,78,17,0,0.8210526315789474,0.05263157894736842,0.12631578947368421,0.0,0.8210526315789474,0.17894736842105263,0.0,Lizbeth Gonzalez RECAP,0.8210526315789474
78009,78009,100,181,0,13,1,195,181,13,1,0.9282051282051282,0.0,0.06666666666666667,0.005128205128205128,0.9282051282051282,0.06666666666666667,0.005128205128205128,Lizbeth Gonzalez RECAP,0.9282051282051282
78010,78010,100,153,3,6,0,162,153,9,0,0.9444444444444444,0.018518518518518517,0.037037037037037035,0.0,0.9444444444444444,0.05555555555555555,0.0,Lizbeth Gonzalez RECAP,0.9444444444444444
78011,78011,100,132,0,7,0,139,132,7,0,0.9496402877697842,0.0,0.050359712230215826,0.0,0.9496402877697842,0.050359712230215826,0.0,Lizbeth Gonzalez RECAP,0.9496402877697842
78012,78012,100,185,2,4,0,191,185,6,0,0.9685863874345549,0.010471204188481676,0.020942408376963352,0.0,0.9685863874345549,0.031413612565445025,0.0,Lizbeth Gonzalez RECAP,0.9685863874345549
78013,78013,100,162,1,10,0,173,162,11,0,0.9364161849710982,0.005780346820809248,0.057803468208092484,0.0,0.9364161849710982,0.06358381502890173,0.0,Lizbeth Gonzalez RECAP,0.9364161849710982
78014,78014,100,115,0,7,0,122,115,7,0,0.9426229508196722,0.0,0.05737704918032787,0.0,0.9426229508196722,0.05737704918032787,0.0,Lizbeth Gonzalez RECAP,0.9426229508196722
78015,78015,100,60,1,6,0,67,60,7,0,0.8955223880597015,0.014925373134328358,0.08955223880597014,0.0,0.8955223880597015,0.1044776119402985,0.0,Lizbeth Gonzalez RECAP,0.8955223880597015
78016,78016,100,111,2,4,0,117,111,6,0,0.9487179487179487,0.017094017094017096,0.03418803418803419,0.0,0.9487179487179487,0.05128205128205128,0.0,Lizbeth Gonzalez RECAP,0.9487179487179487
78017,78017,100,50,2,2,0,54,50,4,0,0.9259259259259259,0.037037037037037035,0.037037037037037035,0.0,0.9259259259259259,0.07407407407407407,0.0,Lizbeth Gonzalez RECAP,0.9259259259259259
78018,78018,100,110,0,7,0,117,110,7,0,0.9401709401709402,0.0,0.05982905982905983,0.0,0.9401709401709402,0.05982905982905983,0.0,Lizbeth Gonzalez RECAP,0.9401709401709402
78019,78019,100,93,0,8,0,101,93,8,0,0.9207920792079208,0.0,0.07920792079207921,0.0,0.9207920792079208,0.07920792079207921,0.0,Lizbeth Gonzalez RECAP,0.9207920792079208
78020,78020,100,118,2,5,0,125,118,7,0,0.944,0.016,0.04,0.0,0.944,0.056,0.0,Lizbeth Gonzalez RECAP,0.944
78021,78021,100,142,2,9,0,153,142,11,0,0.9281045751633987,0.013071895424836602,0.058823529411764705,0.0,0.9281045751633987,0.0718954248366013,0.0,Lizbeth Gonzalez RECAP,0.9281045751633987
78022,78022,100,142,3,5,0,150,142,8,0,0.9466666666666667,0.02,0.03333333333333333,0.0,0.9466666666666667,0.05333333333333334,0.0,Lizbeth Gonzalez RECAP,0.9466666666666667
78023,78023,100,148,2,7,0,157,148,9,0,0.9426751592356688,0.012738853503184714,0.044585987261146494,0.0,0.9426751592356688,0.05732484076433121,0.0,Lizbeth Gonzalez RECAP,0.9426751592356688
78024,78024,100,143,1,11,0,155,143,12,0,0.9225806451612903,0.0064516129032258064,0.07096774193548387,0.0,0.9225806451612903,0.07741935483870968,0.0,Lizbeth Gonzalez RECAP,0.9225806451612903
78025,78025,100,100,0,6,0,106,100,6,0,0.9433962264150944,0.0,0.05660377358490566,0.0,0.9433962264150944,0.05660377358490566,0.0,Lizbeth Gonzalez RECAP,0.9433962264150944
78026,78026,100,103,2,2,1,108,103,4,1,0.9537037037037037,0.018518518518518517,0.018518518518518517,0.009259259259259259,0.9537037037037037,0.037037037037037035,0.009259259259259259,Lizbeth Gonzalez RECAP,0.9537037037037037
78027,78027,100,88,0,5,0,93,88,5,0,0.946236559139785,0.0,0.053763440860215055,0.0,0.946236559139785,0.053763440860215055,0.0,Lizbeth Gonzalez RECAP,0.946236559139785
78028,78028,100,179,4,17,0,200,179,21,0,0.895,0.02,0.085,0.0,0.895,0.105,0.0,Lizbeth Gonzalez RECAP,0.895
78029,78029,100,121,0,5,0,126,121,5,0,0.9603174603174603,0.0,0.03968253968253968,0.0,0.9603174603174603,0.03968253968253968,0.0,Lizbeth Gonzalez RECAP,0.9603174603174603
78030,78030,100,126,6,22,0,154,126,28,0,0.8181818181818182,0.03896103896103896,0.14285714285714285,0.0,0.8181818181818182,0.18181818181818182,0.0,Lizbeth Gonzalez RECAP,0.8181818181818182
78031,78031,100,118,4,11,0,133,118,15,0,0.8872180451127819,0.03007518796992481,0.08270676691729323,0.0,0.8872180451127819,0.11278195488721804,0.0,Lizbeth Gonzalez RECAP,0.8872180451127819
78032,78032,100,202,6,24,0,232,202,30,0,0.8706896551724138,0.02586206896551724,0.10344827586206896,0.0,0.8706896551724138,0.12931034482758622,0.0,Lizbeth Gonzalez RECAP,0.8706896551724138
78033,78033,100,162,9,23,0,194,162,32,0,0.8350515463917526,0.04639175257731959,0.11855670103092783,0.0,0.8350515463917526,0.16494845360824742,0.0,Lizbeth Gonzalez RECAP,0.8350515463917526
78034,78034,100,95,6,10,0,111,95,16,0,0.8558558558558559,0.05405405405405406,0.09009009009009009,0.0,0.8558558558558559,0.14414414414414414,0.0,Lizbeth Gonzalez RECAP,0.8558558558558559
78035,78035,100,38,4,8,0,50,38,12,0,0.76,0.08,0.16,0.0,0.76,0.24,0.0,Lizbeth Gonzalez RECAP,0.76
78036,78036,100,110,3,5,0,118,110,8,0,0.9322033898305084,0.025423728813559324,0.0423728813559322,0.0,0.9322033898305084,0.06779661016949153,0.0,Lizbeth Gonzalez RECAP,0.9322033898305084
78037,78037,100,29,0,3,0,32,29,3,0,0.90625,0.0,0.09375,0.0,0.90625,0.09375,0.0,Lizbeth Gonzalez RECAP,0.90625
78038,78038,100,136,8,16,0,160,136,24,0,0.85,0.05,0.1,0.0,0.85,0.15,0.0,Lizbeth Gonzalez RECAP,0.85
78039,78039,100,43,2,14,0,59,43,16,0,0.7288135593220338,0.03389830508474576,0.23728813559322035,0.0,0.7288135593220338,0.2711864406779661,0.0,Lizbeth Gonzalez RECAP,0.7288135593220338
78043,78043,100,61,0,2,0,63,61,2,0,0.9682539682539683,0.0,0.031746031746031744,0.0,0.9682539682539683,0.031746031746031744,0.0,Lizbeth Gonzalez RECAP,0.9682539682539683
78044,78044,100,183,2,16,0,201,183,18,0,0.9104477611940298,0.009950248756218905,0.07960199004975124,0.0,0.9104477611940298,0.08955223880597014,0.0,Lizbeth Gonzalez RECAP,0.9104477611940298
78045,78045,100,172,0,12,0,184,172,12,0,0.9347826086956522,0.0,0.06521739130434782,0.0,0.9347826086956522,0.06521739130434782,0.0,Lizbeth Gonzalez RECAP,0.9347826086956522
78046,78046,100,164,3,8,0,175,164,11,0,0.9371428571428572,0.017142857142857144,0.045714285714285714,0.0,0.9371428571428572,0.06285714285714286,0.0,Lizbeth Gonzalez RECAP,0.9371428571428572
78047,78047,100,106,0,7,0,113,106,7,0,0.9380530973451328,0.0,0.061946902654867256,0.0,0.9380530973451328,0.061946902654867256,0.0,Lizbeth Gonzalez RECAP,0.9380530973451328
78048,78048,100,266,4,26,0,296,266,30,0,0.8986486486486487,0.013513513513513514,0.08783783783783784,0.0,0.8986486486486487,0.10135135135135136,0.0,Lizbeth Gonzalez RECAP,0.8986486486486487
78049,78049,100,184,0,10,0,194,184,10,0,0.9484536082474226,0.0,0.05154639175257732,0.0,0.9484536082474226,0.05154639175257732,0.0,Lizbeth Gonzalez RECAP,0.9484536082474226
78050,78050,100,181,3,10,0,194,181,13,0,0.9329896907216495,0.015463917525773196,0.05154639175257732,0.0,0.9329896907216495,0.06701030927835051,0.0,Lizbeth Gonzalez RECAP,0.9329896907216495
78051,78051,100,192,3,5,0,200,192,8,0,0.96,0.015,0.025,0.0,0.96,0.04,0.0,Lizbeth Gonzalez RECAP,0.96
78052,78052,100,141,4,11,0,156,141,15,0,0.9038461538461539,0.02564102564102564,0.07051282051282051,0.0,0.9038461538461539,0.09615384615384616,0.0,Lizbeth Gonzalez RECAP,0.9038461538461539
78053,78053,100,102,1,6,0,109,102,7,0,0.9357798165137615,0.009174311926605505,0.05504587155963303,0.0,0.9357798165137615,0.06422018348623854,0.0,Lizbeth Gonzalez RECAP,0.9357798165137615
78054,78054,100,84,0,6,0,90,84,6,0,0.9333333333333333,0.0,0.06666666666666667,0.0,0.9333333333333333,0.06666666666666667,0.0,Lizbeth Gonzalez RECAP,0.9333333333333333
78057,78057,100,0,0,0,0,0,0,0,0,0,0,0,0,0,0,0,n/a,0
78058,78037,100,0,0,0,0,0,0,0,0,0,0,0,0,0,0,0,n/a,0
79001,79001,100,117,0,5,0,122,117,5,0,0.9590163934426229,0.0,0.040983606557377046,0.0,0.9590163934426229,0.040983606557377046,0.0,Lizbeth Gonzalez RECAP,0.9590163934426229
79002,79002,100,130,1,6,0,137,130,7,0,0.948905109489051,0.0072992700729927005,0.043795620437956206,0.0,0.948905109489051,0.051094890510948905,0.0,Lizbeth Gonzalez RECAP,0.948905109489051
79003,79003,100,159,0,0,0,159,159,0,0,1.0,0.0,0.0,0.0,1.0,0.0,0.0,Lizbeth Gonzalez RECAP,1.0
79004,79004,100,99,0,4,0,103,99,4,0,0.9611650485436893,0.0,0.038834951456310676,0.0,0.9611650485436893,0.038834951456310676,0.0,Lizbeth Gonzalez RECAP,0.9611650485436893
79005,79005,100,141,1,2,0,144,141,3,0,0.9791666666666666,0.006944444444444444,0.013888888888888888,0.0,0.9791666666666666,0.020833333333333332,0.0,Lizbeth Gonzalez RECAP,0.9791666666666666
79007,79007,100,106,0,1,0,107,106,1,0,0.9906542056074766,0.0,0.009345794392523364,0.0,0.9906542056074766,0.009345794392523364,0.0,Lizbeth Gonzalez RECAP,0.9906542056074766
79008,79008,100,75,0,6,0,81,75,6,0,0.9259259259259259,0.0,0.07407407407407407,0.0,0.9259259259259259,0.07407407407407407,0.0,Lizbeth Gonzalez RECAP,0.9259259259259259
79009,79009,100,66,1,4,0,71,66,5,0,0.9295774647887324,0.014084507042253521,0.056338028169014086,0.0,0.9295774647887324,0.07042253521126761,0.0,Lizbeth Gonzalez RECAP,0.9295774647887324
79010,79010,100,179,5,4,0,188,179,9,0,0.9521276595744681,0.026595744680851064,0.02127659574468085,0.0,0.9521276595744681,0.047872340425531915,0.0,Lizbeth Gonzalez RECAP,0.9521276595744681
79012,79012,100,35,0,1,0,36,35,1,0,0.9722222222222222,0.0,0.027777777777777776,0.0,0.9722222222222222,0.027777777777777776,0.0,Lizbeth Gonzalez RECAP,0.9722222222222222
79074,79074,100,19,1,0,0,20,19,1,0,0.95,0.05,0.0,0.0,0.95,0.05,0.0,Lizbeth Gonzalez RECAP,0.95
79029,79074,100,0,0,0,0,0,0,0,0,0,0,0,0,0,0,0,n/a,0
79030,79030,100,233,0,8,0,241,233,8,0,0.966804979253112,0.0,0.03319502074688797,0.0,0.966804979253112,0.03319502074688797,0.0,Lizbeth Gonzalez RECAP,0.966804979253112
79031,79031,100,167,0,9,0,176,167,9,0,0.9488636363636364,0.0,0.05113636363636364,0.0,0.9488636363636364,0.05113636363636364,0.0,Lizbeth Gonzalez RECAP,0.9488636363636364
79032,79032,100,130,1,8,0,139,130,9,0,0.935251798561151,0.007194244604316547,0.05755395683453238,0.0,0.935251798561151,0.06474820143884892,0.0,Lizbeth Gonzalez RECAP,0.935251798561151
79033,79033,100,99,1,2,0,102,99,3,0,0.9705882352941176,0.00980392156862745,0.0196078431372549,0.0,0.9705882352941176,0.029411764705882353,0.0,Lizbeth Gonzalez RECAP,0.9705882352941176
79034,79034,100,256,2,11,0,269,256,13,0,0.9516728624535316,0.007434944237918215,0.040892193308550186,0.0,0.9516728624535316,0.048327137546468404,0.0,Lizbeth Gonzalez RECAP,0.9516728624535316
79035,79035,100,143,3,9,0,155,143,12,0,0.9225806451612903,0.01935483870967742,0.05806451612903226,0.0,0.9225806451612903,0.07741935483870968,0.0,Lizbeth Gonzalez RECAP,0.9225806451612903
79036,79036,100,150,1,2,0,153,150,3,0,0.9803921568627451,0.006535947712418301,0.013071895424836602,0.0,0.9803921568627451,0.0196078431372549,0.0,Lizbeth Gonzalez RECAP,0.9803921568627451
79037,79037,100,222,1,6,0,229,222,7,0,0.9694323144104804,0.004366812227074236,0.026200873362445413,0.0,0.9694323144104804,0.03056768558951965,0.0,Lizbeth Gonzalez RECAP,0.9694323144104804
79038,79038,100,138,2,4,0,144,138,6,0,0.9583333333333334,0.013888888888888888,0.027777777777777776,0.0,0.9583333333333334,0.041666666666666664,0.0,Lizbeth Gonzalez RECAP,0.9583333333333334
79039,79039,100,151,2,3,0,156,151,5,0,0.967948717948718,0.01282051282051282,0.019230769230769232,0.0,0.967948717948718,0.03205128205128205,0.0,Lizbeth Gonzalez RECAP,0.967948717948718
79040,79040,100,167,1,2,0,170,167,3,0,0.9823529411764705,0.0058823529411764705,0.011764705882352941,0.0,0.9823529411764705,0.01764705882352941,0.0,Lizbeth Gonzalez RECAP,0.9823529411764705
79041,79041,100,113,0,3,0,116,113,3,0,0.9741379310344828,0.0,0.02586206896551724,0.0,0.9741379310344828,0.02586206896551724,0.0,Lizbeth Gonzalez RECAP,0.9741379310344828
79042,79042,100,132,1,4,0,137,132,5,0,0.9635036496350365,0.0072992700729927005,0.029197080291970802,0.0,0.9635036496350365,0.0364963503649635,0.0,Lizbeth Gonzalez RECAP,0.9635036496350365
79043,79043,100,100,1,8,0,109,100,9,0,0.9174311926605505,0.009174311926605505,0.07339449541284404,0.0,0.9174311926605505,0.08256880733944955,0.0,Lizbeth Gonzalez RECAP,0.9174311926605505
79044,79044,100,113,5,7,0,125,113,12,0,0.904,0.04,0.056,0.0,0.904,0.096,0.0,Lizbeth Gonzalez RECAP,0.904
79045,79045,100,104,0,2,0,106,104,2,0,0.9811320754716981,0.0,0.018867924528301886,0.0,0.9811320754716981,0.018867924528301886,0.0,Lizbeth Gonzalez RECAP,0.9811320754716981
79046,79046,100,154,0,2,0,156,154,2,0,0.9871794871794872,0.0,0.01282051282051282,0.0,0.9871794871794872,0.01282051282051282,0.0,Lizbeth Gonzalez RECAP,0.9871794871794872
79047,79047,100,174,0,2,0,176,174,2,0,0.9886363636363636,0.0,0.011363636363636364,0.0,0.9886363636363636,0.011363636363636364,0.0,Lizbeth Gonzalez RECAP,0.9886363636363636
79048,79048,100,134,1,3,0,138,134,4,0,0.9710144927536232,0.007246376811594203,0.021739130434782608,0.0,0.9710144927536232,0.028985507246376812,0.0,Lizbeth Gonzalez RECAP,0.9710144927536232
79049,79049,100,88,0,1,0,89,88,1,0,0.9887640449438202,0.0,0.011235955056179775,0.0,0.9887640449438202,0.011235955056179775,0.0,Lizbeth Gonzalez RECAP,0.9887640449438202
79050,79050,100,110,0,2,0,112,110,2,0,0.9821428571428571,0.0,0.017857142857142856,0.0,0.9821428571428571,0.017857142857142856,0.0,Lizbeth Gonzalez RECAP,0.9821428571428571
79051,79051,100,189,2,4,0,195,189,6,0,0.9692307692307692,0.010256410256410256,0.020512820512820513,0.0,0.9692307692307692,0.03076923076923077,0.0,Lizbeth Gonzalez RECAP,0.9692307692307692
79052,79052,100,176,4,7,0,187,176,11,0,0.9411764705882353,0.0213903743315508,0.0374331550802139,0.0,0.9411764705882353,0.058823529411764705,0.0,Lizbeth Gonzalez RECAP,0.9411764705882353
79053,79053,100,135,1,2,0,138,135,3,0,0.9782608695652174,0.007246376811594203,0.014492753623188406,0.0,0.9782608695652174,0.021739130434782608,0.0,Lizbeth Gonzalez RECAP,0.9782608695652174
79054,79054,100,88,0,3,0,91,88,3,0,0.967032967032967,0.0,0.03296703296703297,0.0,0.967032967032967,0.03296703296703297,0.0,Lizbeth Gonzalez RECAP,0.967032967032967
79055,79055,100,38,0,2,0,40,38,2,0,0.95,0.0,0.05,0.0,0.95,0.05,0.0,Lizbeth Gonzalez RECAP,0.95
79056,79056,100,193,3,10,0,206,193,13,0,0.9368932038834952,0.014563106796116505,0.04854368932038835,0.0,0.9368932038834952,0.06310679611650485,0.0,Lizbeth Gonzalez RECAP,0.9368932038834952
79057,79057,100,241,1,8,0,250,241,9,0,0.964,0.004,0.032,0.0,0.964,0.036,0.0,Lizbeth Gonzalez RECAP,0.964
79058,79058,100,122,1,5,0,128,122,6,0,0.953125,0.0078125,0.0390625,0.0,0.953125,0.046875,0.0,Lizbeth Gonzalez RECAP,0.953125
79059,79059,100,119,1,4,0,124,119,5,0,0.9596774193548387,0.008064516129032258,0.03225806451612903,0.0,0.9596774193548387,0.04032258064516129,0.0,Lizbeth Gonzalez RECAP,0.9596774193548387
79060,79060,100,82,0,0,0,82,82,0,0,1.0,0.0,0.0,0.0,1.0,0.0,0.0,Lizbeth Gonzalez RECAP,1.0
79061,79061,100,185,2,4,0,191,185,6,0,0.9685863874345549,0.010471204188481676,0.020942408376963352,0.0,0.9685863874345549,0.031413612565445025,0.0,Lizbeth Gonzalez RECAP,0.9685863874345549
79062,79062,100,110,1,6,0,117,110,7,0,0.9401709401709402,0.008547008547008548,0.05128205128205128,0.0,0.9401709401709402,0.05982905982905983,0.0,Lizbeth Gonzalez RECAP,0.9401709401709402
79063,79063,100,131,2,8,0,141,131,10,0,0.9290780141843972,0.014184397163120567,0.05673758865248227,0.0,0.9290780141843972,0.07092198581560284,0.0,Lizbeth Gonzalez RECAP,0.9290780141843972
79064,79064,100,74,1,0,0,75,74,1,0,0.9866666666666667,0.013333333333333334,0.0,0.0,0.9866666666666667,0.013333333333333334,0.0,Lizbeth Gonzalez RECAP,0.9866666666666667
79065,79065,100,118,0,1,0,119,118,1,0,0.9915966386554622,0.0,0.008403361344537815,0.0,0.9915966386554622,0.008403361344537815,0.0,Lizbeth Gonzalez RECAP,0.9915966386554622
79066,79066,100,143,0,4,0,147,143,4,0,0.9727891156462585,0.0,0.027210884353741496,0.0,0.9727891156462585,0.027210884353741496,0.0,Lizbeth Gonzalez RECAP,0.9727891156462585
79067,79067,100,85,0,2,0,87,85,2,0,0.9770114942528736,0.0,0.022988505747126436,0.0,0.9770114942528736,0.022988505747126436,0.0,Lizbeth Gonzalez RECAP,0.9770114942528736
79068,79068,100,293,6,5,0,304,293,11,0,0.9638157894736842,0.019736842105263157,0.01644736842105263,0.0,0.9638157894736842,0.03618421052631579,0.0,Lizbeth Gonzalez RECAP,0.9638157894736842
79069,79069,100,342,5,9,0,356,342,14,0,0.9606741573033708,0.014044943820224719,0.025280898876404494,0.0,0.9606741573033708,0.03932584269662921,0.0,Lizbeth Gonzalez RECAP,0.9606741573033708
79070,79070,100,322,4,3,0,329,322,7,0,0.9787234042553191,0.0121580547112462,0.00911854103343465,0.0,0.9787234042553191,0.02127659574468085,0.0,Lizbeth Gonzalez RECAP,0.9787234042553191
79071,79071,100,139,1,4,0,144,139,5,0,0.9652777777777778,0.006944444444444444,0.027777777777777776,0.0,0.9652777777777778,0.034722222222222224,0.0,Lizbeth Gonzalez RECAP,0.9652777777777778
79072,79072,100,141,3,5,0,149,141,8,0,0.9463087248322147,0.020134228187919462,0.03355704697986577,0.0,0.9463087248322147,0.053691275167785234,0.0,Lizbeth Gonzalez RECAP,0.9463087248322147
79073,79073,100,103,1,3,0,107,103,4,0,0.9626168224299065,0.009345794392523364,0.028037383177570093,0.0,0.9626168224299065,0.037383177570093455,0.0,Lizbeth Gonzalez RECAP,0.9626168224299065
79077,79077,100,68,0,4,0,72,68,4,0,0.9444444444444444,0.0,0.05555555555555555,0.0,0.9444444444444444,0.05555555555555555,0.0,Lizbeth Gonzalez RECAP,0.9444444444444444
79078,79078,100,41,0,0,0,41,41,0,0,1.0,0.0,0.0,0.0,1.0,0.0,0.0,Lizbeth Gonzalez RECAP,1.0
79079,79079,100,182,3,4,0,189,182,7,0,0.9629629629629629,0.015873015873015872,0.021164021164021163,0.0,0.9629629629629629,0.037037037037037035,0.0,Lizbeth Gonzalez RECAP,0.9629629629629629
79080,79080,100,0,0,0,0,0,0,0,0,0,0,0,0,0,0,0,n/a,0
79081,79081,100,0,0,0,0,0,0,0,0,0,0,0,0,0,0,0,n/a,0
80054,80054,100,23,0,3,0,26,23,3,0,0.8846153846153846,0.0,0.11538461538461539,0.0,0.8846153846153846,0.11538461538461539,0.0,Lizbeth Gonzalez RECAP,0.8846153846153846
80056,80056,100,288,2,3,0,293,288,5,0,0.9829351535836177,0.006825938566552901,0.010238907849829351,0.0,0.9829351535836177,0.017064846416382253,0.0,Lizbeth Gonzalez RECAP,0.9829351535836177
80065,80065,100,239,3,7,0,249,239,10,0,0.9598393574297188,0.012048192771084338,0.028112449799196786,0.0,0.9598393574297188,0.040160642570281124,0.0,Lizbeth Gonzalez RECAP,0.9598393574297188
80075,80075,100,2,0,0,0,2,2,0,0,1.0,0.0,0.0,0.0,1.0,0.0,0.0,Lizbeth Gonzalez RECAP,1.0
80076,80076,100,125,7,23,0,155,125,30,0,0.8064516129032258,0.04516129032258064,0.14838709677419354,0.0,0.8064516129032258,0.1935483870967742,0.0,Lizbeth Gonzalez RECAP,0.8064516129032258
80077,80077,100,218,6,13,0,237,218,19,0,0.919831223628692,0.02531645569620253,0.05485232067510549,0.0,0.919831223628692,0.08016877637130802,0.0,Lizbeth Gonzalez RECAP,0.919831223628692
80078,80078,100,161,5,22,0,188,161,27,0,0.8563829787234043,0.026595744680851064,0.11702127659574468,0.0,0.8563829787234043,0.14361702127659576,0.0,Lizbeth Gonzalez RECAP,0.8563829787234043
80079,80079,100,147,6,19,0,172,147,25,0,0.8546511627906976,0.03488372093023256,0.11046511627906977,0.0,0.8546511627906976,0.14534883720930233,0.0,Lizbeth Gonzalez RECAP,0.8546511627906976
80080,80080,100,130,2,6,0,138,130,8,0,0.9420289855072463,0.014492753623188406,0.043478260869565216,0.0,0.9420289855072463,0.057971014492753624,0.0,Lizbeth Gonzalez RECAP,0.9420289855072463
80081,80081,100,134,4,14,0,152,134,18,0,0.881578947368421,0.02631578947368421,0.09210526315789473,0.0,0.881578947368421,0.11842105263157894,0.0,Lizbeth Gonzalez RECAP,0.881578947368421
80082,80082,100,84,4,14,0,102,84,18,0,0.8235294117647058,0.0392156862745098,0.13725490196078433,0.0,0.8235294117647058,0.17647058823529413,0.0,Lizbeth Gonzalez RECAP,0.8235294117647058
80083,80083,100,200,3,23,0,226,200,26,0,0.8849557522123894,0.01327433628318584,0.10176991150442478,0.0,0.8849557522123894,0.11504424778761062,0.0,Lizbeth Gonzalez RECAP,0.8849557522123894
80084,80084,100,69,3,8,0,80,69,11,0,0.8625,0.0375,0.1,0.0,0.8625,0.1375,0.0,Lizbeth Gonzalez RECAP,0.8625
80085,80085,100,160,2,21,0,183,160,23,0,0.8743169398907104,0.01092896174863388,0.11475409836065574,0.0,0.8743169398907104,0.12568306010928962,0.0,Lizbeth Gonzalez RECAP,0.8743169398907104
80086,80086,100,133,3,9,1,146,133,12,1,0.910958904109589,0.02054794520547945,0.06164383561643835,0.00684931506849315,0.910958904109589,0.0821917808219178,0.00684931506849315,Lizbeth Gonzalez RECAP,0.910958904109589
80087,80087,100,66,0,3,0,69,66,3,0,0.9565217391304348,0.0,0.043478260869565216,0.0,0.9565217391304348,0.043478260869565216,0.0,Lizbeth Gonzalez RECAP,0.9565217391304348
80088,80088,100,0,0,0,0,0,0,0,0,0,0,0,0,0,0,0,n/a,0
80089,80089,100,0,0,0,0,0,0,0,0,0,0,0,0,0,0,0,n/a,0
80091,80075,100,0,0,0,0,0,0,0,0,0,0,0,0,0,0,0,n/a,0
81001,81001,100,170,0,15,0,185,170,15,0,0.918918918918919,0.0,0.08108108108108109,0.0,0.918918918918919,0.08108108108108109,0.0,Lizbeth Gonzalez RECAP,0.918918918918919
81002,81002,100,150,3,21,0,174,150,24,0,0.8620689655172413,0.017241379310344827,0.1206896551724138,0.0,0.8620689655172413,0.13793103448275862,0.0,Lizbeth Gonzalez RECAP,0.8620689655172413
81003,81003,100,37,0,3,0,40,37,3,0,0.925,0.0,0.075,0.0,0.925,0.075,0.0,Lizbeth Gonzalez RECAP,0.925
81004,81004,100,171,4,11,0,186,171,15,0,0.9193548387096774,0.021505376344086023,0.05913978494623656,0.0,0.9193548387096774,0.08064516129032258,0.0,Lizbeth Gonzalez RECAP,0.9193548387096774
81005,81005,100,149,3,12,0,164,149,15,0,0.9085365853658537,0.018292682926829267,0.07317073170731707,0.0,0.9085365853658537,0.09146341463414634,0.0,Lizbeth Gonzalez RECAP,0.9085365853658537
81006,81006,100,147,0,9,0,156,147,9,0,0.9423076923076923,0.0,0.057692307692307696,0.0,0.9423076923076923,0.057692307692307696,0.0,Lizbeth Gonzalez RECAP,0.9423076923076923
81007,81007,100,125,4,15,1,145,125,19,1,0.8620689655172413,0.027586206896551724,0.10344827586206896,0.006896551724137931,0.8620689655172413,0.1310344827586207,0.006896551724137931,Lizbeth Gonzalez RECAP,0.8620689655172413
81008,81008,100,100,0,3,0,103,100,3,0,0.970873786407767,0.0,0.02912621359223301,0.0,0.970873786407767,0.02912621359223301,0.0,Lizbeth Gonzalez RECAP,0.970873786407767
81009,81009,100,111,0,5,0,116,111,5,0,0.9568965517241379,0.0,0.04310344827586207,0.0,0.9568965517241379,0.04310344827586207,0.0,Lizbeth Gonzalez RECAP,0.9568965517241379
81010,81010,100,27,1,7,0,35,27,8,0,0.7714285714285715,0.02857142857142857,0.2,0.0,0.7714285714285715,0.22857142857142856,0.0,Lizbeth Gonzalez RECAP,0.7714285714285715
81012,81012,100,186,9,19,2,216,186,28,2,0.8611111111111112,0.041666666666666664,0.08796296296296297,0.009259259259259259,0.8611111111111112,0.12962962962962962,0.009259259259259259,Lizbeth Gonzalez RECAP,0.8611111111111112
81013,81013,100,69,5,9,0,83,69,14,0,0.8313253012048193,0.060240963855421686,0.10843373493975904,0.0,0.8313253012048193,0.1686746987951807,0.0,Lizbeth Gonzalez RECAP,0.8313253012048193
81014,81014,100,148,10,19,0,177,148,29,0,0.8361581920903954,0.05649717514124294,0.10734463276836158,0.0,0.8361581920903954,0.1638418079096045,0.0,Lizbeth Gonzalez RECAP,0.8361581920903954
81015,81015,100,180,14,27,0,221,180,41,0,0.8144796380090498,0.06334841628959276,0.12217194570135746,0.0,0.8144796380090498,0.18552036199095023,0.0,Lizbeth Gonzalez RECAP,0.8144796380090498
81016,81016,100,14,2,6,0,22,14,8,0,0.6363636363636364,0.09090909090909091,0.2727272727272727,0.0,0.6363636363636364,0.36363636363636365,0.0,Lizbeth Gonzalez RECAP,0.6363636363636364
81025,81025,100,77,17,53,0,147,77,70,0,0.5238095238095238,0.11564625850340136,0.36054421768707484,0.0,0.5238095238095238,0.47619047619047616,0.0,Lizbeth Gonzalez RECAP,0.5238095238095238
81026,81026,100,54,10,31,1,96,54,41,1,0.5625,0.10416666666666667,0.3229166666666667,0.010416666666666666,0.5625,0.4270833333333333,0.010416666666666666,Lizbeth Gonzalez RECAP,0.5625
81027,81027,100,55,24,53,0,132,55,77,0,0.4166666666666667,0.18181818181818182,0.4015151515151515,0.0,0.4166666666666667,0.5833333333333334,0.0,Robert Siano RECAP,0.5833333333333334
81028,81028,100,50,33,59,0,142,50,92,0,0.352112676056338,0.2323943661971831,0.4154929577464789,0.0,0.352112676056338,0.647887323943662,0.0,Robert Siano RECAP,0.647887323943662
81029,81029,100,58,13,42,0,113,58,55,0,0.5132743362831859,0.11504424778761062,0.37168141592920356,0.0,0.5132743362831859,0.48672566371681414,0.0,Lizbeth Gonzalez RECAP,0.5132743362831859
81030,81030,100,79,27,76,0,182,79,103,0,0.4340659340659341,0.14835164835164835,0.4175824175824176,0.0,0.4340659340659341,0.5659340659340659,0.0,Robert Siano RECAP,0.5659340659340659
81031,81031,100,62,24,65,0,151,62,89,0,0.4105960264900662,0.15894039735099338,0.4304635761589404,0.0,0.4105960264900662,0.5894039735099338,0.0,Robert Siano RECAP,0.5894039735099338
81032,81032,100,51,22,70,1,144,51,92,1,0.3541666666666667,0.1527777777777778,0.4861111111111111,0.006944444444444444,0.3541666666666667,0.6388888888888888,0.006944444444444444,Robert Siano RECAP,0.6388888888888888
81033,81033,100,200,5,29,1,235,200,34,1,0.851063829787234,0.02127659574468085,0.12340425531914893,0.00425531914893617,0.851063829787234,0.14468085106382977,0.00425531914893617,Lizbeth Gonzalez RECAP,0.851063829787234
81034,81034,100,161,12,33,1,207,161,45,1,0.7777777777777778,0.057971014492753624,0.15942028985507245,0.004830917874396135,0.7777777777777778,0.21739130434782608,0.004830917874396135,Lizbeth Gonzalez RECAP,0.7777777777777778
81035,81035,100,113,8,25,0,146,113,33,0,0.773972602739726,0.0547945205479452,0.17123287671232876,0.0,0.773972602739726,0.22602739726027396,0.0,Lizbeth Gonzalez RECAP,0.773972602739726
81036,81036,100,170,4,34,0,208,170,38,0,0.8173076923076923,0.019230769230769232,0.16346153846153846,0.0,0.8173076923076923,0.18269230769230768,0.0,Lizbeth Gonzalez RECAP,0.8173076923076923
81037,81037,100,136,8,22,0,166,136,30,0,0.8192771084337349,0.04819277108433735,0.13253012048192772,0.0,0.8192771084337349,0.18072289156626506,0.0,Lizbeth Gonzalez RECAP,0.8192771084337349
81038,81038,100,174,2,9,0,185,174,11,0,0.9405405405405406,0.010810810810810811,0.04864864864864865,0.0,0.9405405405405406,0.05945945945945946,0.0,Lizbeth Gonzalez RECAP,0.9405405405405406
81039,81039,100,86,6,9,0,101,86,15,0,0.8514851485148515,0.0594059405940594,0.0891089108910891,0.0,0.8514851485148515,0.1485148514851485,0.0,Lizbeth Gonzalez RECAP,0.8514851485148515
81040,81040,100,146,3,13,0,162,146,16,0,0.9012345679012346,0.018518518518518517,0.08024691358024691,0.0,0.9012345679012346,0.09876543209876543,0.0,Lizbeth Gonzalez RECAP,0.9012345679012346
81041,81041,100,136,9,42,0,187,136,51,0,0.7272727272727273,0.0481283422459893,0.22459893048128343,0.0,0.7272727272727273,0.2727272727272727,0.0,Lizbeth Gonzalez RECAP,0.7272727272727273
81042,81042,100,37,4,5,0,46,37,9,0,0.8043478260869565,0.08695652173913043,0.10869565217391304,0.0,0.8043478260869565,0.1956521739130435,0.0,Lizbeth Gonzalez RECAP,0.8043478260869565
81043,81043,100,137,6,25,0,168,137,31,0,0.8154761904761905,0.03571428571428571,0.1488095238095238,0.0,0.8154761904761905,0.18452380952380953,0.0,Lizbeth Gonzalez RECAP,0.8154761904761905
81044,81044,100,76,4,26,0,106,76,30,0,0.7169811320754716,0.03773584905660377,0.24528301886792453,0.0,0.7169811320754716,0.2830188679245283,0.0,Lizbeth Gonzalez RECAP,0.7169811320754716
81045,81045,100,32,0,4,0,36,32,4,0,0.8888888888888888,0.0,0.1111111111111111,0.0,0.8888888888888888,0.1111111111111111,0.0,Lizbeth Gonzalez RECAP,0.8888888888888888
81046,81046,100,63,1,9,0,73,63,10,0,0.863013698630137,0.0136986301369863,0.1232876712328767,0.0,0.863013698630137,0.136986301369863,0.0,Lizbeth Gonzalez RECAP,0.863013698630137
81047,81047,100,34,8,16,0,58,34,24,0,0.5862068965517241,0.13793103448275862,0.27586206896551724,0.0,0.5862068965517241,0.41379310344827586,0.0,Lizbeth Gonzalez RECAP,0.5862068965517241
81048,81048,100,126,5,31,0,162,126,36,0,0.7777777777777778,0.030864197530864196,0.19135802469135801,0.0,0.7777777777777778,0.2222222222222222,0.0,Lizbeth Gonzalez RECAP,0.7777777777777778
81049,81049,100,138,8,41,2,189,138,49,2,0.7301587301587301,0.042328042328042326,0.21693121693121692,0.010582010582010581,0.7301587301587301,0.25925925925925924,0.010582010582010581,Lizbeth Gonzalez RECAP,0.7301587301587301
81050,81050,100,126,8,28,0,162,126,36,0,0.7777777777777778,0.04938271604938271,0.1728395061728395,0.0,0.7777777777777778,0.2222222222222222,0.0,Lizbeth Gonzalez RECAP,0.7777777777777778
81051,81051,100,112,5,32,0,149,112,37,0,0.7516778523489933,0.03355704697986577,0.21476510067114093,0.0,0.7516778523489933,0.2483221476510067,0.0,Lizbeth Gonzalez RECAP,0.7516778523489933
81052,81052,100,69,3,28,0,100,69,31,0,0.69,0.03,0.28,0.0,0.69,0.31,0.0,Lizbeth Gonzalez RECAP,0.69
81053,81053,100,57,4,41,0,102,57,45,0,0.5588235294117647,0.0392156862745098,0.4019607843137255,0.0,0.5588235294117647,0.4411764705882353,0.0,Lizbeth Gonzalez RECAP,0.5588235294117647
81054,81054,100,136,19,21,0,176,136,40,0,0.7727272727272727,0.10795454545454546,0.11931818181818182,0.0,0.7727272727272727,0.22727272727272727,0.0,Lizbeth Gonzalez RECAP,0.7727272727272727
81055,81055,100,211,24,45,0,280,211,69,0,0.7535714285714286,0.08571428571428572,0.16071428571428573,0.0,0.7535714285714286,0.24642857142857144,0.0,Lizbeth Gonzalez RECAP,0.7535714285714286
81056,81056,100,143,16,42,1,202,143,58,1,0.7079207920792079,0.07920792079207921,0.2079207920792079,0.0049504950495049506,0.7079207920792079,0.2871287128712871,0.0049504950495049506,Lizbeth Gonzalez RECAP,0.7079207920792079
81057,81057,100,74,12,50,0,136,74,62,0,0.5441176470588235,0.08823529411764706,0.36764705882352944,0.0,0.5441176470588235,0.45588235294117646,0.0,Lizbeth Gonzalez RECAP,0.5441176470588235
81058,81058,100,140,6,21,1,168,140,27,1,0.8333333333333334,0.03571428571428571,0.125,0.005952380952380952,0.8333333333333334,0.16071428571428573,0.005952380952380952,Lizbeth Gonzalez RECAP,0.8333333333333334
81059,81059,100,104,18,48,2,172,104,66,2,0.6046511627906976,0.10465116279069768,0.27906976744186046,0.011627906976744186,0.6046511627906976,0.38372093023255816,0.011627906976744186,Lizbeth Gonzalez RECAP,0.6046511627906976
81060,81060,100,116,19,63,0,198,116,82,0,0.5858585858585859,0.09595959595959595,0.3181818181818182,0.0,0.5858585858585859,0.41414141414141414,0.0,Lizbeth Gonzalez RECAP,0.5858585858585859
81061,81061,100,83,9,32,0,124,83,41,0,0.6693548387096774,0.07258064516129033,0.25806451612903225,0.0,0.6693548387096774,0.33064516129032256,0.0,Lizbeth Gonzalez RECAP,0.6693548387096774
81062,81062,100,176,8,32,1,217,176,40,1,0.8110599078341014,0.03686635944700461,0.14746543778801843,0.004608294930875576,0.8110599078341014,0.18433179723502305,0.004608294930875576,Lizbeth Gonzalez RECAP,0.8110599078341014
81063,81063,100,145,13,77,0,235,145,90,0,0.6170212765957447,0.05531914893617021,0.3276595744680851,0.0,0.6170212765957447,0.3829787234042553,0.0,Lizbeth Gonzalez RECAP,0.6170212765957447
81064,81064,100,318,8,44,2,372,318,52,2,0.8548387096774194,0.021505376344086023,0.11827956989247312,0.005376344086021506,0.8548387096774194,0.13978494623655913,0.005376344086021506,Lizbeth Gonzalez RECAP,0.8548387096774194
81065,81065,100,185,17,60,0,262,185,77,0,0.7061068702290076,0.0648854961832061,0.22900763358778625,0.0,0.7061068702290076,0.29389312977099236,0.0,Lizbeth Gonzalez RECAP,0.7061068702290076
81066,81066,100,103,10,33,0,146,103,43,0,0.7054794520547946,0.0684931506849315,0.22602739726027396,0.0,0.7054794520547946,0.2945205479452055,0.0,Lizbeth Gonzalez RECAP,0.7054794520547946
81067,81067,100,120,1,24,0,145,120,25,0,0.8275862068965517,0.006896551724137931,0.16551724137931034,0.0,0.8275862068965517,0.1724137931034483,0.0,Lizbeth Gonzalez RECAP,0.8275862068965517
81068,81068,100,225,19,91,0,335,225,110,0,0.6716417910447762,0.056716417910447764,0.2716417910447761,0.0,0.6716417910447762,0.3283582089552239,0.0,Lizbeth Gonzalez RECAP,0.6716417910447762
81069,81069,100,226,10,64,0,300,226,74,0,0.7533333333333333,0.03333333333333333,0.21333333333333335,0.0,0.7533333333333333,0.24666666666666667,0.0,Lizbeth Gonzalez RECAP,0.7533333333333333
81070,81070,100,121,5,36,0,162,121,41,0,0.7469135802469136,0.030864197530864196,0.2222222222222222,0.0,0.7469135802469136,0.25308641975308643,0.0,Lizbeth Gonzalez RECAP,0.7469135802469136
81071,81071,100,246,9,54,0,309,246,63,0,0.7961165048543689,0.02912621359223301,0.17475728155339806,0.0,0.7961165048543689,0.20388349514563106,0.0,Lizbeth Gonzalez RECAP,0.7961165048543689
81072,81072,100,175,8,48,1,232,175,56,1,0.7543103448275862,0.034482758620689655,0.20689655172413793,0.004310344827586207,0.7543103448275862,0.2413793103448276,0.004310344827586207,Lizbeth Gonzalez RECAP,0.7543103448275862
81073,81073,100,175,10,43,0,228,175,53,0,0.7675438596491229,0.043859649122807015,0.18859649122807018,0.0,0.7675438596491229,0.2324561403508772,0.0,Lizbeth Gonzalez RECAP,0.7675438596491229
81074,81074,100,181,8,45,0,234,181,53,0,0.7735042735042735,0.03418803418803419,0.19230769230769232,0.0,0.7735042735042735,0.2264957264957265,0.0,Lizbeth Gonzalez RECAP,0.7735042735042735
81075,81075,100,157,12,38,0,207,157,50,0,0.7584541062801933,0.057971014492753624,0.18357487922705315,0.0,0.7584541062801933,0.24154589371980675,0.0,Lizbeth Gonzalez RECAP,0.7584541062801933
81076,81076,100,186,6,46,1,239,186,52,1,0.7782426778242678,0.02510460251046025,0.19246861924686193,0.0041841004184100415,0.7782426778242678,0.2175732217573222,0.0041841004184100415,Lizbeth Gonzalez RECAP,0.7782426778242678
81077,81077,100,155,5,45,0,205,155,50,0,0.7560975609756098,0.024390243902439025,0.21951219512195122,0.0,0.7560975609756098,0.24390243902439024,0.0,Lizbeth Gonzalez RECAP,0.7560975609756098
81078,81078,100,281,17,50,0,348,281,67,0,0.8074712643678161,0.04885057471264368,0.14367816091954022,0.0,0.8074712643678161,0.1925287356321839,0.0,Lizbeth Gonzalez RECAP,0.8074712643678161
81079,81079,100,161,10,61,0,232,161,71,0,0.6939655172413793,0.04310344827586207,0.2629310344827586,0.0,0.6939655172413793,0.30603448275862066,0.0,Lizbeth Gonzalez RECAP,0.6939655172413793
81080,81080,100,228,12,64,1,305,228,76,1,0.7475409836065574,0.03934426229508197,0.2098360655737705,0.003278688524590164,0.7475409836065574,0.24918032786885247,0.003278688524590164,Lizbeth Gonzalez RECAP,0.7475409836065574
81081,81081,100,163,7,20,1,191,163,27,1,0.8534031413612565,0.03664921465968586,0.10471204188481675,0.005235602094240838,0.8534031413612565,0.14136125654450263,0.005235602094240838,Lizbeth Gonzalez RECAP,0.8534031413612565
81082,81082,100,134,8,49,0,191,134,57,0,0.7015706806282722,0.041884816753926704,0.25654450261780104,0.0,0.7015706806282722,0.29842931937172773,0.0,Lizbeth Gonzalez RECAP,0.7015706806282722
81083,81083,100,191,4,40,0,235,191,44,0,0.8127659574468085,0.01702127659574468,0.1702127659574468,0.0,0.8127659574468085,0.18723404255319148,0.0,Lizbeth Gonzalez RECAP,0.8127659574468085
81084,81084,100,246,10,56,0,312,246,66,0,0.7884615384615384,0.03205128205128205,0.1794871794871795,0.0,0.7884615384615384,0.21153846153846154,0.0,Lizbeth Gonzalez RECAP,0.7884615384615384
81085,81085,100,112,6,33,1,152,112,39,1,0.7368421052631579,0.039473684210526314,0.21710526315789475,0.006578947368421052,0.7368421052631579,0.2565789473684211,0.006578947368421052,Lizbeth Gonzalez RECAP,0.7368421052631579
81086,81086,100,184,19,47,1,251,184,66,1,0.7330677290836654,0.07569721115537849,0.18725099601593626,0.00398406374501992,0.7330677290836654,0.26294820717131473,0.00398406374501992,Lizbeth Gonzalez RECAP,0.7330677290836654
81087,81087,100,149,4,32,0,185,149,36,0,0.8054054054054054,0.021621621621621623,0.17297297297297298,0.0,0.8054054054054054,0.1945945945945946,0.0,Lizbeth Gonzalez RECAP,0.8054054054054054
81088,81088,100,114,26,64,0,204,114,90,0,0.5588235294117647,0.12745098039215685,0.3137254901960784,0.0,0.5588235294117647,0.4411764705882353,0.0,Lizbeth Gonzalez RECAP,0.5588235294117647
81089,81089,100,173,6,35,0,214,173,41,0,0.8084112149532711,0.028037383177570093,0.16355140186915887,0.0,0.8084112149532711,0.19158878504672897,0.0,Lizbeth Gonzalez RECAP,0.8084112149532711
81090,81090,100,175,2,27,1,205,175,29,1,0.8536585365853658,0.00975609756097561,0.13170731707317074,0.004878048780487805,0.8536585365853658,0.14146341463414633,0.004878048780487805,Lizbeth Gonzalez RECAP,0.8536585365853658
81091,81091,100,141,0,16,0,157,141,16,0,0.8980891719745223,0.0,0.10191082802547771,0.0,0.8980891719745223,0.10191082802547771,0.0,Lizbeth Gonzalez RECAP,0.8980891719745223
81092,81092,100,78,0,6,0,84,78,6,0,0.9285714285714286,0.0,0.07142857142857142,0.0,0.9285714285714286,0.07142857142857142,0.0,Lizbeth Gonzalez RECAP,0.9285714285714286
81093,81093,100,136,0,10,0,146,136,10,0,0.9315068493150684,0.0,0.0684931506849315,0.0,0.9315068493150684,0.0684931506849315,0.0,Lizbeth Gonzalez RECAP,0.9315068493150684
81094,81094,100,131,8,14,0,153,131,22,0,0.8562091503267973,0.05228758169934641,0.0915032679738562,0.0,0.8562091503267973,0.1437908496732026,0.0,Lizbeth Gonzalez RECAP,0.8562091503267973
81095,81095,100,68,4,10,0,82,68,14,0,0.8292682926829268,0.04878048780487805,0.12195121951219512,0.0,0.8292682926829268,0.17073170731707318,0.0,Lizbeth Gonzalez RECAP,0.8292682926829268
81096,81096,100,96,1,13,0,110,96,14,0,0.8727272727272727,0.00909090909090909,0.11818181818181818,0.0,0.8727272727272727,0.12727272727272726,0.0,Lizbeth Gonzalez RECAP,0.8727272727272727
81097,81097,100,161,3,9,0,173,161,12,0,0.930635838150289,0.017341040462427744,0.05202312138728324,0.0,0.930635838150289,0.06936416184971098,0.0,Lizbeth Gonzalez RECAP,0.930635838150289
81098,81098,100,108,5,10,0,123,108,15,0,0.8780487804878049,0.04065040650406504,0.08130081300813008,0.0,0.8780487804878049,0.12195121951219512,0.0,Lizbeth Gonzalez RECAP,0.8780487804878049
81099,81099,100,174,6,28,0,208,174,34,0,0.8365384615384616,0.028846153846153848,0.1346153846153846,0.0,0.8365384615384616,0.16346153846153846,0.0,Lizbeth Gonzalez RECAP,0.8365384615384616
81100,81100,100,99,1,7,0,107,99,8,0,0.9252336448598131,0.009345794392523364,0.06542056074766354,0.0,0.9252336448598131,0.07476635514018691,0.0,Lizbeth Gonzalez RECAP,0.9252336448598131
81107,81107,100,14,0,0,0,14,14,0,0,1.0,0.0,0.0,0.0,1.0,0.0,0.0,Lizbeth Gonzalez RECAP,1.0
81101,81107,100,0,0,0,0,0,0,0,0,0,0,0,0,0,0,0,n/a,0
81104,81104,100,0,0,0,0,0,0,0,0,0,0,0,0,0,0,0,n/a,0
81105,81105,100,0,0,0,0,0,0,0,0,0,0,0,0,0,0,0,n/a,0
81108,81010,100,0,0,0,0,0,0,0,0,0,0,0,0,0,0,0,n/a,0
84001,84001,100,133,1,7,0,141,133,8,0,0.9432624113475178,0.0070921985815602835,0.04964539007092199,0.0,0.9432624113475178,0.05673758865248227,0.0,Lizbeth Gonzalez RECAP,0.9432624113475178
84002,84002,100,32,0,1,0,33,32,1,0,0.9696969696969697,0.0,0.030303030303030304,0.0,0.9696969696969697,0.030303030303030304,0.0,Lizbeth Gonzalez RECAP,0.9696969696969697
84003,84003,100,170,0,2,0,172,170,2,0,0.9883720930232558,0.0,0.011627906976744186,0.0,0.9883720930232558,0.011627906976744186,0.0,Lizbeth Gonzalez RECAP,0.9883720930232558
84004,84004,100,155,0,6,0,161,155,6,0,0.9627329192546584,0.0,0.037267080745341616,0.0,0.9627329192546584,0.037267080745341616,0.0,Lizbeth Gonzalez RECAP,0.9627329192546584
84005,84005,100,196,2,10,0,208,196,12,0,0.9423076923076923,0.009615384615384616,0.04807692307692308,0.0,0.9423076923076923,0.057692307692307696,0.0,Lizbeth Gonzalez RECAP,0.9423076923076923
84006,84006,100,225,1,14,0,240,225,15,0,0.9375,0.004166666666666667,0.058333333333333334,0.0,0.9375,0.0625,0.0,Lizbeth Gonzalez RECAP,0.9375
84007,84007,100,149,1,5,0,155,149,6,0,0.9612903225806452,0.0064516129032258064,0.03225806451612903,0.0,0.9612903225806452,0.03870967741935484,0.0,Lizbeth Gonzalez RECAP,0.9612903225806452
84008,84008,100,188,2,7,0,197,188,9,0,0.9543147208121827,0.01015228426395939,0.03553299492385787,0.0,0.9543147208121827,0.04568527918781726,0.0,Lizbeth Gonzalez RECAP,0.9543147208121827
84009,84009,100,120,3,5,0,128,120,8,0,0.9375,0.0234375,0.0390625,0.0,0.9375,0.0625,0.0,Lizbeth Gonzalez RECAP,0.9375
84010,84010,100,191,1,6,0,198,191,7,0,0.9646464646464646,0.005050505050505051,0.030303030303030304,0.0,0.9646464646464646,0.03535353535353535,0.0,Lizbeth Gonzalez RECAP,0.9646464646464646
84011,84011,100,168,1,5,0,174,168,6,0,0.9655172413793104,0.005747126436781609,0.028735632183908046,0.0,0.9655172413793104,0.034482758620689655,0.0,Lizbeth Gonzalez RECAP,0.9655172413793104
84012,84012,100,65,1,0,0,66,65,1,0,0.9848484848484849,0.015151515151515152,0.0,0.0,0.9848484848484849,0.015151515151515152,0.0,Lizbeth Gonzalez RECAP,0.9848484848484849
84013,84013,100,203,2,8,0,213,203,10,0,0.9530516431924883,0.009389671361502348,0.03755868544600939,0.0,0.9530516431924883,0.046948356807511735,0.0,Lizbeth Gonzalez RECAP,0.9530516431924883
84014,84014,100,134,4,9,1,148,134,13,1,0.9054054054054054,0.02702702702702703,0.060810810810810814,0.006756756756756757,0.9054054054054054,0.08783783783783784,0.006756756756756757,Lizbeth Gonzalez RECAP,0.9054054054054054
84015,84015,100,79,0,2,0,81,79,2,0,0.9753086419753086,0.0,0.024691358024691357,0.0,0.9753086419753086,0.024691358024691357,0.0,Lizbeth Gonzalez RECAP,0.9753086419753086
84016,84016,100,172,3,8,0,183,172,11,0,0.9398907103825137,0.01639344262295082,0.04371584699453552,0.0,0.9398907103825137,0.060109289617486336,0.0,Lizbeth Gonzalez RECAP,0.9398907103825137
84017,84017,100,56,3,2,0,61,56,5,0,0.9180327868852459,0.04918032786885246,0.03278688524590164,0.0,0.9180327868852459,0.08196721311475409,0.0,Lizbeth Gonzalez RECAP,0.9180327868852459
84018,84018,100,11,0,0,0,11,11,0,0,1.0,0.0,0.0,0.0,1.0,0.0,0.0,Lizbeth Gonzalez RECAP,1.0
84019,84019,100,191,1,2,0,194,191,3,0,0.9845360824742269,0.005154639175257732,0.010309278350515464,0.0,0.9845360824742269,0.015463917525773196,0.0,Lizbeth Gonzalez RECAP,0.9845360824742269
84020,84020,100,83,3,5,0,91,83,8,0,0.9120879120879121,0.03296703296703297,0.054945054945054944,0.0,0.9120879120879121,0.08791208791208792,0.0,Lizbeth Gonzalez RECAP,0.9120879120879121
84021,84021,100,23,0,0,0,23,23,0,0,1.0,0.0,0.0,0.0,1.0,0.0,0.0,Lizbeth Gonzalez RECAP,1.0
84022,84022,100,36,1,1,0,38,36,2,0,0.9473684210526315,0.02631578947368421,0.02631578947368421,0.0,0.9473684210526315,0.05263157894736842,0.0,Lizbeth Gonzalez RECAP,0.9473684210526315
84023,84023,100,166,0,5,0,171,166,5,0,0.9707602339181286,0.0,0.029239766081871343,0.0,0.9707602339181286,0.029239766081871343,0.0,Lizbeth Gonzalez RECAP,0.9707602339181286
84024,84024,100,167,3,8,0,178,167,11,0,0.9382022471910112,0.016853932584269662,0.0449438202247191,0.0,0.9382022471910112,0.06179775280898876,0.0,Lizbeth Gonzalez RECAP,0.9382022471910112
84025,84025,100,90,0,5,4,99,90,5,4,0.9090909090909091,0.0,0.050505050505050504,0.04040404040404041,0.9090909090909091,0.050505050505050504,0.04040404040404041,Lizbeth Gonzalez RECAP,0.9090909090909091
84026,84026,100,33,0,2,0,35,33,2,0,0.9428571428571428,0.0,0.05714285714285714,0.0,0.9428571428571428,0.05714285714285714,0.0,Lizbeth Gonzalez RECAP,0.9428571428571428
84027,84027,100,103,0,4,0,107,103,4,0,0.9626168224299065,0.0,0.037383177570093455,0.0,0.9626168224299065,0.037383177570093455,0.0,Lizbeth Gonzalez RECAP,0.9626168224299065
84028,84028,100,166,2,10,0,178,166,12,0,0.9325842696629213,0.011235955056179775,0.056179775280898875,0.0,0.9325842696629213,0.06741573033707865,0.0,Lizbeth Gonzalez RECAP,0.9325842696629213
84029,84029,100,91,0,2,0,93,91,2,0,0.978494623655914,0.0,0.021505376344086023,0.0,0.978494623655914,0.021505376344086023,0.0,Lizbeth Gonzalez RECAP,0.978494623655914
84030,84030,100,89,2,1,0,92,89,3,0,0.967391304347826,0.021739130434782608,0.010869565217391304,0.0,0.967391304347826,0.03260869565217391,0.0,Lizbeth Gonzalez RECAP,0.967391304347826
84031,84031,100,78,0,3,0,81,78,3,0,0.9629629629629629,0.0,0.037037037037037035,0.0,0.9629629629629629,0.037037037037037035,0.0,Lizbeth Gonzalez RECAP,0.9629629629629629
84032,84032,100,51,0,0,0,51,51,0,0,1.0,0.0,0.0,0.0,1.0,0.0,0.0,Lizbeth Gonzalez RECAP,1.0
84033,84033,100,84,0,7,0,91,84,7,0,0.9230769230769231,0.0,0.07692307692307693,0.0,0.9230769230769231,0.07692307692307693,0.0,Lizbeth Gonzalez RECAP,0.9230769230769231
84034,84034,100,234,5,6,0,245,234,11,0,0.9551020408163265,0.02040816326530612,0.024489795918367346,0.0,0.9551020408163265,0.044897959183673466,0.0,Lizbeth Gonzalez RECAP,0.9551020408163265
84035,84035,100,109,7,8,0,124,109,15,0,0.8790322580645161,0.056451612903225805,0.06451612903225806,0.0,0.8790322580645161,0.12096774193548387,0.0,Lizbeth Gonzalez RECAP,0.8790322580645161
84036,84036,100,36,1,3,0,40,36,4,0,0.9,0.025,0.075,0.0,0.9,0.1,0.0,Lizbeth Gonzalez RECAP,0.9
84037,84037,100,126,0,2,0,128,126,2,0,0.984375,0.0,0.015625,0.0,0.984375,0.015625,0.0,Lizbeth Gonzalez RECAP,0.984375
84038,84038,100,122,2,10,0,134,122,12,0,0.9104477611940298,0.014925373134328358,0.07462686567164178,0.0,0.9104477611940298,0.08955223880597014,0.0,Lizbeth Gonzalez RECAP,0.9104477611940298
84039,84039,100,157,1,4,0,162,157,5,0,0.9691358024691358,0.006172839506172839,0.024691358024691357,0.0,0.9691358024691358,0.030864197530864196,0.0,Lizbeth Gonzalez RECAP,0.9691358024691358
84040,84040,100,145,2,6,0,153,145,8,0,0.9477124183006536,0.013071895424836602,0.0392156862745098,0.0,0.9477124183006536,0.05228758169934641,0.0,Lizbeth Gonzalez RECAP,0.9477124183006536
84041,84041,100,123,1,11,0,135,123,12,0,0.9111111111111111,0.007407407407407408,0.08148148148148149,0.0,0.9111111111111111,0.08888888888888889,0.0,Lizbeth Gonzalez RECAP,0.9111111111111111
84042,84042,100,162,0,8,0,170,162,8,0,0.9529411764705882,0.0,0.047058823529411764,0.0,0.9529411764705882,0.047058823529411764,0.0,Lizbeth Gonzalez RECAP,0.9529411764705882
84043,84043,100,136,1,6,0,143,136,7,0,0.951048951048951,0.006993006993006993,0.04195804195804196,0.0,0.951048951048951,0.04895104895104895,0.0,Lizbeth Gonzalez RECAP,0.951048951048951
84044,84044,100,103,2,6,0,111,103,8,0,0.9279279279279279,0.018018018018018018,0.05405405405405406,0.0,0.9279279279279279,0.07207207207207207,0.0,Lizbeth Gonzalez RECAP,0.9279279279279279
84045,84045,100,82,0,4,1,87,82,4,1,0.9425287356321839,0.0,0.04597701149425287,0.011494252873563218,0.9425287356321839,0.04597701149425287,0.011494252873563218,Lizbeth Gonzalez RECAP,0.9425287356321839
84046,84046,100,115,2,6,0,123,115,8,0,0.9349593495934959,0.016260162601626018,0.04878048780487805,0.0,0.9349593495934959,0.06504065040650407,0.0,Lizbeth Gonzalez RECAP,0.9349593495934959
84054,84054,100,131,1,11,0,143,131,12,0,0.916083916083916,0.006993006993006993,0.07692307692307693,0.0,0.916083916083916,0.08391608391608392,0.0,Lizbeth Gonzalez RECAP,0.916083916083916
84055,84055,100,135,1,8,0,144,135,9,0,0.9375,0.006944444444444444,0.05555555555555555,0.0,0.9375,0.0625,0.0,Lizbeth Gonzalez RECAP,0.9375
84056,84056,100,133,1,6,0,140,133,7,0,0.95,0.007142857142857143,0.04285714285714286,0.0,0.95,0.05,0.0,Lizbeth Gonzalez RECAP,0.95
84057,84057,100,121,1,5,1,128,121,6,1,0.9453125,0.0078125,0.0390625,0.0078125,0.9453125,0.046875,0.0078125,Lizbeth Gonzalez RECAP,0.9453125
84058,84058,100,125,0,8,0,133,125,8,0,0.9398496240601504,0.0,0.06015037593984962,0.0,0.9398496240601504,0.06015037593984962,0.0,Lizbeth Gonzalez RECAP,0.9398496240601504
84059,84059,100,167,3,4,0,174,167,7,0,0.9597701149425287,0.017241379310344827,0.022988505747126436,0.0,0.9597701149425287,0.040229885057471264,0.0,Lizbeth Gonzalez RECAP,0.9597701149425287
84060,84060,100,82,1,2,0,85,82,3,0,0.9647058823529412,0.011764705882352941,0.023529411764705882,0.0,0.9647058823529412,0.03529411764705882,0.0,Lizbeth Gonzalez RECAP,0.9647058823529412
84061,84061,100,134,0,2,0,136,134,2,0,0.9852941176470589,0.0,0.014705882352941176,0.0,0.9852941176470589,0.014705882352941176,0.0,Lizbeth Gonzalez RECAP,0.9852941176470589
84062,84062,100,114,0,10,0,124,114,10,0,0.9193548387096774,0.0,0.08064516129032258,0.0,0.9193548387096774,0.08064516129032258,0.0,Lizbeth Gonzalez RECAP,0.9193548387096774
84063,84063,100,126,1,3,0,130,126,4,0,0.9692307692307692,0.007692307692307693,0.023076923076923078,0.0,0.9692307692307692,0.03076923076923077,0.0,Lizbeth Gonzalez RECAP,0.9692307692307692
84064,84064,100,132,2,10,0,144,132,12,0,0.9166666666666666,0.013888888888888888,0.06944444444444445,0.0,0.9166666666666666,0.08333333333333333,0.0,Lizbeth Gonzalez RECAP,0.9166666666666666
84065,84065,100,95,1,5,0,101,95,6,0,0.9405940594059405,0.009900990099009901,0.04950495049504951,0.0,0.9405940594059405,0.0594059405940594,0.0,Lizbeth Gonzalez RECAP,0.9405940594059405
84066,84066,100,105,1,4,0,110,105,5,0,0.9545454545454546,0.00909090909090909,0.03636363636363636,0.0,0.9545454545454546,0.045454545454545456,0.0,Lizbeth Gonzalez RECAP,0.9545454545454546
84067,84067,100,109,0,5,1,115,109,5,1,0.9478260869565217,0.0,0.043478260869565216,0.008695652173913044,0.9478260869565217,0.043478260869565216,0.008695652173913044,Lizbeth Gonzalez RECAP,0.9478260869565217
84068,84068,100,101,0,3,0,104,101,3,0,0.9711538461538461,0.0,0.028846153846153848,0.0,0.9711538461538461,0.028846153846153848,0.0,Lizbeth Gonzalez RECAP,0.9711538461538461
84069,84069,100,48,0,5,0,53,48,5,0,0.9056603773584906,0.0,0.09433962264150944,0.0,0.9056603773584906,0.09433962264150944,0.0,Lizbeth Gonzalez RECAP,0.9056603773584906
84070,84070,100,52,0,3,0,55,52,3,0,0.9454545454545454,0.0,0.05454545454545454,0.0,0.9454545454545454,0.05454545454545454,0.0,Lizbeth Gonzalez RECAP,0.9454545454545454
84071,84071,100,133,4,10,0,147,133,14,0,0.9047619047619048,0.027210884353741496,0.06802721088435375,0.0,0.9047619047619048,0.09523809523809523,0.0,Lizbeth Gonzalez RECAP,0.9047619047619048
84072,84072,100,158,4,8,0,170,158,12,0,0.9294117647058824,0.023529411764705882,0.047058823529411764,0.0,0.9294117647058824,0.07058823529411765,0.0,Lizbeth Gonzalez RECAP,0.9294117647058824
84079,84079,100,1,1,0,0,2,1,1,0,0.5,0.5,0.0,0.0,0.5,0.5,0.0,Tie,0.5
84080,84080,100,188,2,8,0,198,188,10,0,0.9494949494949495,0.010101010101010102,0.04040404040404041,0.0,0.9494949494949495,0.050505050505050504,0.0,Lizbeth Gonzalez RECAP,0.9494949494949495
85076,85076,100,0,0,0,0,0,0,0,0,0,0,0,0,0,0,0,n/a,0
86001,86001,100,164,0,0,0,164,164,0,0,1.0,0.0,0.0,0.0,1.0,0.0,0.0,Lizbeth Gonzalez RECAP,1.0
86002,86002,100,126,1,4,0,131,126,5,0,0.9618320610687023,0.007633587786259542,0.030534351145038167,0.0,0.9618320610687023,0.03816793893129771,0.0,Lizbeth Gonzalez RECAP,0.9618320610687023
86003,86003,100,151,2,9,0,162,151,11,0,0.9320987654320988,0.012345679012345678,0.05555555555555555,0.0,0.9320987654320988,0.06790123456790123,0.0,Lizbeth Gonzalez RECAP,0.9320987654320988
86004,86004,100,76,0,8,0,84,76,8,0,0.9047619047619048,0.0,0.09523809523809523,0.0,0.9047619047619048,0.09523809523809523,0.0,Lizbeth Gonzalez RECAP,0.9047619047619048
86005,86005,100,107,0,0,0,107,107,0,0,1.0,0.0,0.0,0.0,1.0,0.0,0.0,Lizbeth Gonzalez RECAP,1.0
86006,86006,100,102,1,6,0,109,102,7,0,0.9357798165137615,0.009174311926605505,0.05504587155963303,0.0,0.9357798165137615,0.06422018348623854,0.0,Lizbeth Gonzalez RECAP,0.9357798165137615
86007,86007,100,116,1,5,1,123,116,6,1,0.943089430894309,0.008130081300813009,0.04065040650406504,0.008130081300813009,0.943089430894309,0.04878048780487805,0.008130081300813009,Lizbeth Gonzalez RECAP,0.943089430894309
86008,86008,100,163,3,14,0,180,163,17,0,0.9055555555555556,0.016666666666666666,0.07777777777777778,0.0,0.9055555555555556,0.09444444444444444,0.0,Lizbeth Gonzalez RECAP,0.9055555555555556
86009,86009,100,114,0,5,0,119,114,5,0,0.957983193277311,0.0,0.04201680672268908,0.0,0.957983193277311,0.04201680672268908,0.0,Lizbeth Gonzalez RECAP,0.957983193277311
86010,86010,100,86,0,0,1,87,86,0,1,0.9885057471264368,0.0,0.0,0.011494252873563218,0.9885057471264368,0.0,0.011494252873563218,Lizbeth Gonzalez RECAP,0.9885057471264368
86011,86011,100,201,0,11,0,212,201,11,0,0.9481132075471698,0.0,0.05188679245283019,0.0,0.9481132075471698,0.05188679245283019,0.0,Lizbeth Gonzalez RECAP,0.9481132075471698
86012,86012,100,136,4,9,0,149,136,13,0,0.912751677852349,0.026845637583892617,0.06040268456375839,0.0,0.912751677852349,0.087248322147651,0.0,Lizbeth Gonzalez RECAP,0.912751677852349
86013,86013,100,122,1,7,0,130,122,8,0,0.9384615384615385,0.007692307692307693,0.05384615384615385,0.0,0.9384615384615385,0.06153846153846154,0.0,Lizbeth Gonzalez RECAP,0.9384615384615385
86014,86014,100,188,3,6,0,197,188,9,0,0.9543147208121827,0.015228426395939087,0.030456852791878174,0.0,0.9543147208121827,0.04568527918781726,0.0,Lizbeth Gonzalez RECAP,0.9543147208121827
86015,86015,100,126,1,4,0,131,126,5,0,0.9618320610687023,0.007633587786259542,0.030534351145038167,0.0,0.9618320610687023,0.03816793893129771,0.0,Lizbeth Gonzalez RECAP,0.9618320610687023
86016,86016,100,138,3,6,0,147,138,9,0,0.9387755102040817,0.02040816326530612,0.04081632653061224,0.0,0.9387755102040817,0.061224489795918366,0.0,Lizbeth Gonzalez RECAP,0.9387755102040817
86017,86017,100,150,4,5,0,159,150,9,0,0.9433962264150944,0.025157232704402517,0.031446540880503145,0.0,0.9433962264150944,0.05660377358490566,0.0,Lizbeth Gonzalez RECAP,0.9433962264150944
86018,86018,100,123,2,4,0,129,123,6,0,0.9534883720930233,0.015503875968992248,0.031007751937984496,0.0,0.9534883720930233,0.046511627906976744,0.0,Lizbeth Gonzalez RECAP,0.9534883720930233
86019,86019,100,201,2,13,1,217,201,15,1,0.9262672811059908,0.009216589861751152,0.059907834101382486,0.004608294930875576,0.9262672811059908,0.06912442396313365,0.004608294930875576,Lizbeth Gonzalez RECAP,0.9262672811059908
86020,86020,100,175,3,8,0,186,175,11,0,0.9408602150537635,0.016129032258064516,0.043010752688172046,0.0,0.9408602150537635,0.05913978494623656,0.0,Lizbeth Gonzalez RECAP,0.9408602150537635
86021,86021,100,15,0,0,0,15,15,0,0,1.0,0.0,0.0,0.0,1.0,0.0,0.0,Lizbeth Gonzalez RECAP,1.0
86022,86022,100,160,2,4,1,167,160,6,1,0.9580838323353293,0.011976047904191617,0.023952095808383235,0.005988023952095809,0.9580838323353293,0.03592814371257485,0.005988023952095809,Lizbeth Gonzalez RECAP,0.9580838323353293
86023,86023,100,150,2,7,1,160,150,9,1,0.9375,0.0125,0.04375,0.00625,0.9375,0.05625,0.00625,Lizbeth Gonzalez RECAP,0.9375
86024,86024,100,126,4,6,0,136,126,10,0,0.9264705882352942,0.029411764705882353,0.04411764705882353,0.0,0.9264705882352942,0.07352941176470588,0.0,Lizbeth Gonzalez RECAP,0.9264705882352942
86025,86025,100,148,1,5,0,154,148,6,0,0.961038961038961,0.006493506493506494,0.032467532467532464,0.0,0.961038961038961,0.03896103896103896,0.0,Lizbeth Gonzalez RECAP,0.961038961038961
86026,86026,100,178,1,10,1,190,178,11,1,0.9368421052631579,0.005263157894736842,0.05263157894736842,0.005263157894736842,0.9368421052631579,0.05789473684210526,0.005263157894736842,Lizbeth Gonzalez RECAP,0.9368421052631579
86027,86027,100,199,2,10,0,211,199,12,0,0.943127962085308,0.009478672985781991,0.04739336492890995,0.0,0.943127962085308,0.05687203791469194,0.0,Lizbeth Gonzalez RECAP,0.943127962085308
86028,86028,100,169,3,9,0,181,169,12,0,0.9337016574585635,0.016574585635359115,0.049723756906077346,0.0,0.9337016574585635,0.06629834254143646,0.0,Lizbeth Gonzalez RECAP,0.9337016574585635
86029,86029,100,154,2,2,0,158,154,4,0,0.9746835443037974,0.012658227848101266,0.012658227848101266,0.0,0.9746835443037974,0.02531645569620253,0.0,Lizbeth Gonzalez RECAP,0.9746835443037974
86030,86030,100,208,0,14,0,222,208,14,0,0.9369369369369369,0.0,0.06306306306306306,0.0,0.9369369369369369,0.06306306306306306,0.0,Lizbeth Gonzalez RECAP,0.9369369369369369
86031,86031,100,170,1,8,0,179,170,9,0,0.9497206703910615,0.00558659217877095,0.0446927374301676,0.0,0.9497206703910615,0.05027932960893855,0.0,Lizbeth Gonzalez RECAP,0.9497206703910615
86032,86032,100,147,0,9,1,157,147,9,1,0.9363057324840764,0.0,0.05732484076433121,0.006369426751592357,0.9363057324840764,0.05732484076433121,0.006369426751592357,Lizbeth Gonzalez RECAP,0.9363057324840764
86033,86033,100,232,1,7,0,240,232,8,0,0.9666666666666667,0.004166666666666667,0.029166666666666667,0.0,0.9666666666666667,0.03333333333333333,0.0,Lizbeth Gonzalez RECAP,0.9666666666666667
86034,86034,100,164,1,3,1,169,164,4,1,0.9704142011834319,0.005917159763313609,0.01775147928994083,0.005917159763313609,0.9704142011834319,0.023668639053254437,0.005917159763313609,Lizbeth Gonzalez RECAP,0.9704142011834319
86035,86035,100,193,2,5,0,200,193,7,0,0.965,0.01,0.025,0.0,0.965,0.035,0.0,Lizbeth Gonzalez RECAP,0.965
86036,86036,100,197,0,2,0,199,197,2,0,0.9899497487437185,0.0,0.010050251256281407,0.0,0.9899497487437185,0.010050251256281407,0.0,Lizbeth Gonzalez RECAP,0.9899497487437185
86037,86037,100,124,3,9,0,136,124,12,0,0.9117647058823529,0.022058823529411766,0.0661764705882353,0.0,0.9117647058823529,0.08823529411764706,0.0,Lizbeth Gonzalez RECAP,0.9117647058823529
86038,86038,100,68,1,2,0,71,68,3,0,0.9577464788732394,0.014084507042253521,0.028169014084507043,0.0,0.9577464788732394,0.04225352112676056,0.0,Lizbeth Gonzalez RECAP,0.9577464788732394
86039,86039,100,87,3,1,0,91,87,4,0,0.9560439560439561,0.03296703296703297,0.01098901098901099,0.0,0.9560439560439561,0.04395604395604396,0.0,Lizbeth Gonzalez RECAP,0.9560439560439561
86040,86040,100,149,0,5,0,154,149,5,0,0.9675324675324676,0.0,0.032467532467532464,0.0,0.9675324675324676,0.032467532467532464,0.0,Lizbeth Gonzalez RECAP,0.9675324675324676
86041,86041,100,90,1,0,0,91,90,1,0,0.989010989010989,0.01098901098901099,0.0,0.0,0.989010989010989,0.01098901098901099,0.0,Lizbeth Gonzalez RECAP,0.989010989010989
86042,86042,100,0,0,0,0,0,0,0,0,0,0,0,0,0,0,0,n/a,0
86043,86043,100,15,0,0,0,15,15,0,0,1.0,0.0,0.0,0.0,1.0,0.0,0.0,Lizbeth Gonzalez RECAP,1.0
86044,86044,100,36,0,2,0,38,36,2,0,0.9473684210526315,0.0,0.05263157894736842,0.0,0.9473684210526315,0.05263157894736842,0.0,Lizbeth Gonzalez RECAP,0.9473684210526315
86045,86045,100,107,0,5,1,113,107,5,1,0.9469026548672567,0.0,0.04424778761061947,0.008849557522123894,0.9469026548672567,0.04424778761061947,0.008849557522123894,Lizbeth Gonzalez RECAP,0.9469026548672567
86046,86046,100,81,2,1,0,84,81,3,0,0.9642857142857143,0.023809523809523808,0.011904761904761904,0.0,0.9642857142857143,0.03571428571428571,0.0,Lizbeth Gonzalez RECAP,0.9642857142857143
86047,86047,100,204,2,2,0,208,204,4,0,0.9807692307692307,0.009615384615384616,0.009615384615384616,0.0,0.9807692307692307,0.019230769230769232,0.0,Lizbeth Gonzalez RECAP,0.9807692307692307
86048,86048,100,103,1,2,0,106,103,3,0,0.9716981132075472,0.009433962264150943,0.018867924528301886,0.0,0.9716981132075472,0.02830188679245283,0.0,Lizbeth Gonzalez RECAP,0.9716981132075472
86049,86049,100,142,0,6,0,148,142,6,0,0.9594594594594594,0.0,0.04054054054054054,0.0,0.9594594594594594,0.04054054054054054,0.0,Lizbeth Gonzalez RECAP,0.9594594594594594
86050,86050,100,189,3,9,0,201,189,12,0,0.9402985074626866,0.014925373134328358,0.04477611940298507,0.0,0.9402985074626866,0.05970149253731343,0.0,Lizbeth Gonzalez RECAP,0.9402985074626866
86051,86051,100,95,1,0,0,96,95,1,0,0.9895833333333334,0.010416666666666666,0.0,0.0,0.9895833333333334,0.010416666666666666,0.0,Lizbeth Gonzalez RECAP,0.9895833333333334
86052,86052,100,151,3,9,0,163,151,12,0,0.9263803680981595,0.018404907975460124,0.05521472392638037,0.0,0.9263803680981595,0.0736196319018405,0.0,Lizbeth Gonzalez RECAP,0.9263803680981595
86053,86053,100,113,0,4,0,117,113,4,0,0.9658119658119658,0.0,0.03418803418803419,0.0,0.9658119658119658,0.03418803418803419,0.0,Lizbeth Gonzalez RECAP,0.9658119658119658
86054,86054,100,159,1,8,0,168,159,9,0,0.9464285714285714,0.005952380952380952,0.047619047619047616,0.0,0.9464285714285714,0.05357142857142857,0.0,Lizbeth Gonzalez RECAP,0.9464285714285714
86055,86055,100,178,1,8,0,187,178,9,0,0.9518716577540107,0.0053475935828877,0.0427807486631016,0.0,0.9518716577540107,0.0481283422459893,0.0,Lizbeth Gonzalez RECAP,0.9518716577540107
86056,86056,100,91,1,2,0,94,91,3,0,0.9680851063829787,0.010638297872340425,0.02127659574468085,0.0,0.9680851063829787,0.031914893617021274,0.0,Lizbeth Gonzalez RECAP,0.9680851063829787
86057,86057,100,112,0,3,0,115,112,3,0,0.9739130434782609,0.0,0.02608695652173913,0.0,0.9739130434782609,0.02608695652173913,0.0,Lizbeth Gonzalez RECAP,0.9739130434782609
86058,86058,100,43,0,0,0,43,43,0,0,1.0,0.0,0.0,0.0,1.0,0.0,0.0,Lizbeth Gonzalez RECAP,1.0
86059,86059,100,56,0,1,0,57,56,1,0,0.9824561403508771,0.0,0.017543859649122806,0.0,0.9824561403508771,0.017543859649122806,0.0,Lizbeth Gonzalez RECAP,0.9824561403508771
86060,86060,100,8,0,0,0,8,8,0,0,1.0,0.0,0.0,0.0,1.0,0.0,0.0,Lizbeth Gonzalez RECAP,1.0
87090,87090,100,0,0,0,0,0,0,0,0,0,0,0,0,0,0,0,n/a,0
87091,87091,100,0,0,0,0,0,0,0,0,0,0,0,0,0,0,0,n/a,0
87092,87092,100,0,0,0,0,0,0,0,0,0,0,0,0,0,0,0,n/a,0
