ED,Reported As,Reporting,Robert M. Goodman (Conservative),Robert M. Goodman (Republican),Mark Gjonaj (Democratic),Scattered,Total Votes,Robert M. Goodman RECAP,Mark Gjonaj RECAP,Scattered RECAP,p_Robert M. Goodman (Conservative),p_Robert M. Goodman (Republican),p_Mark Gjonaj (Democratic),p_Scattered,p_Robert M. Goodman RECAP,p_Mark Gjonaj RECAP,p_Scattered RECAP,winner,winner_p
80001,80001,100,6,10,83,0,99,16,83,0,0.06060606060606061,0.10101010101010101,0.8383838383838383,0.0,0.16161616161616163,0.8383838383838383,0.0,Mark Gjonaj RECAP,0.8383838383838383
80002,80002,100,0,10,44,0,54,10,44,0,0.0,0.18518518518518517,0.8148148148148148,0.0,0.18518518518518517,0.8148148148148148,0.0,Mark Gjonaj RECAP,0.8148148148148148
80003,80003,100,16,64,120,0,200,80,120,0,0.08,0.32,0.6,0.0,0.4,0.6,0.0,Mark Gjonaj RECAP,0.6
80004,80004,100,8,31,89,1,129,39,89,1,0.06201550387596899,0.24031007751937986,0.689922480620155,0.007751937984496124,0.3023255813953488,0.689922480620155,0.007751937984496124,Mark Gjonaj RECAP,0.689922480620155
80005,80005,100,10,16,49,0,75,26,49,0,0.13333333333333333,0.21333333333333335,0.6533333333333333,0.0,0.3466666666666667,0.6533333333333333,0.0,Mark Gjonaj RECAP,0.6533333333333333
80006,80006,100,13,21,84,0,118,34,84,0,0.11016949152542373,0.17796610169491525,0.711864406779661,0.0,0.288135593220339,0.711864406779661,0.0,Mark Gjonaj RECAP,0.711864406779661
80007,80007,100,8,17,96,0,121,25,96,0,0.06611570247933884,0.14049586776859505,0.7933884297520661,0.0,0.2066115702479339,0.7933884297520661,0.0,Mark Gjonaj RECAP,0.7933884297520661
80008,80008,100,2,19,78,0,99,21,78,0,0.020202020202020204,0.1919191919191919,0.7878787878787878,0.0,0.21212121212121213,0.7878787878787878,0.0,Mark Gjonaj RECAP,0.7878787878787878
80009,80009,100,4,9,54,0,67,13,54,0,0.05970149253731343,0.13432835820895522,0.8059701492537313,0.0,0.19402985074626866,0.8059701492537313,0.0,Mark Gjonaj RECAP,0.8059701492537313
80010,80010,100,9,12,100,0,121,21,100,0,0.0743801652892562,0.09917355371900827,0.8264462809917356,0.0,0.17355371900826447,0.8264462809917356,0.0,Mark Gjonaj RECAP,0.8264462809917356
80011,80011,100,0,7,30,0,37,7,30,0,0.0,0.1891891891891892,0.8108108108108109,0.0,0.1891891891891892,0.8108108108108109,0.0,Mark Gjonaj RECAP,0.8108108108108109
80012,80012,100,0,9,39,1,49,9,39,1,0.0,0.1836734693877551,0.7959183673469388,0.02040816326530612,0.1836734693877551,0.7959183673469388,0.02040816326530612,Mark Gjonaj RECAP,0.7959183673469388
80013,80013,100,2,17,81,0,100,19,81,0,0.02,0.17,0.81,0.0,0.19,0.81,0.0,Mark Gjonaj RECAP,0.81
80014,80014,100,1,6,158,2,167,7,158,2,0.005988023952095809,0.03592814371257485,0.9461077844311377,0.011976047904191617,0.041916167664670656,0.9461077844311377,0.011976047904191617,Mark Gjonaj RECAP,0.9461077844311377
80015,80015,100,2,12,57,1,72,14,57,1,0.027777777777777776,0.16666666666666666,0.7916666666666666,0.013888888888888888,0.19444444444444445,0.7916666666666666,0.013888888888888888,Mark Gjonaj RECAP,0.7916666666666666
80016,80016,100,10,34,204,0,248,44,204,0,0.04032258064516129,0.13709677419354838,0.8225806451612904,0.0,0.1774193548387097,0.8225806451612904,0.0,Mark Gjonaj RECAP,0.8225806451612904
80017,80017,100,1,13,159,0,173,14,159,0,0.005780346820809248,0.07514450867052024,0.9190751445086706,0.0,0.08092485549132948,0.9190751445086706,0.0,Mark Gjonaj RECAP,0.9190751445086706
80018,80018,100,10,33,109,0,152,43,109,0,0.06578947368421052,0.21710526315789475,0.7171052631578947,0.0,0.28289473684210525,0.7171052631578947,0.0,Mark Gjonaj RECAP,0.7171052631578947
80019,80019,100,4,38,61,2,105,42,61,2,0.0380952380952381,0.3619047619047619,0.580952380952381,0.01904761904761905,0.4,0.580952380952381,0.01904761904761905,Mark Gjonaj RECAP,0.580952380952381
80020,80020,100,6,34,132,0,172,40,132,0,0.03488372093023256,0.19767441860465115,0.7674418604651163,0.0,0.23255813953488372,0.7674418604651163,0.0,Mark Gjonaj RECAP,0.7674418604651163
80021,80021,100,7,19,193,0,219,26,193,0,0.0319634703196347,0.0867579908675799,0.8812785388127854,0.0,0.1187214611872146,0.8812785388127854,0.0,Mark Gjonaj RECAP,0.8812785388127854
80022,80022,100,3,11,115,0,129,14,115,0,0.023255813953488372,0.08527131782945736,0.8914728682170543,0.0,0.10852713178294573,0.8914728682170543,0.0,Mark Gjonaj RECAP,0.8914728682170543
80023,80023,100,3,23,187,0,213,26,187,0,0.014084507042253521,0.107981220657277,0.8779342723004695,0.0,0.12206572769953052,0.8779342723004695,0.0,Mark Gjonaj RECAP,0.8779342723004695
80024,80024,100,10,25,244,0,279,35,244,0,0.035842293906810034,0.08960573476702509,0.8745519713261649,0.0,0.12544802867383512,0.8745519713261649,0.0,Mark Gjonaj RECAP,0.8745519713261649
80025,80025,100,1,15,141,0,157,16,141,0,0.006369426751592357,0.09554140127388536,0.8980891719745223,0.0,0.10191082802547771,0.8980891719745223,0.0,Mark Gjonaj RECAP,0.8980891719745223
80026,80026,100,5,10,135,0,150,15,135,0,0.03333333333333333,0.06666666666666667,0.9,0.0,0.1,0.9,0.0,Mark Gjonaj RECAP,0.9
80027,80027,100,9,24,95,0,128,33,95,0,0.0703125,0.1875,0.7421875,0.0,0.2578125,0.7421875,0.0,Mark Gjonaj RECAP,0.7421875
80028,80028,100,9,28,105,2,144,37,105,2,0.0625,0.19444444444444445,0.7291666666666666,0.013888888888888888,0.2569444444444444,0.7291666666666666,0.013888888888888888,Mark Gjonaj RECAP,0.7291666666666666
80029,80029,100,4,16,45,0,65,20,45,0,0.06153846153846154,0.24615384615384617,0.6923076923076923,0.0,0.3076923076923077,0.6923076923076923,0.0,Mark Gjonaj RECAP,0.6923076923076923
80030,80030,100,16,40,129,0,185,56,129,0,0.08648648648648649,0.21621621621621623,0.6972972972972973,0.0,0.3027027027027027,0.6972972972972973,0.0,Mark Gjonaj RECAP,0.6972972972972973
80031,80031,100,8,72,157,0,237,80,157,0,0.03375527426160337,0.3037974683544304,0.6624472573839663,0.0,0.33755274261603374,0.6624472573839663,0.0,Mark Gjonaj RECAP,0.6624472573839663
80032,80032,100,10,38,77,0,125,48,77,0,0.08,0.304,0.616,0.0,0.384,0.616,0.0,Mark Gjonaj RECAP,0.616
80033,80033,100,10,21,79,0,110,31,79,0,0.09090909090909091,0.19090909090909092,0.7181818181818181,0.0,0.2818181818181818,0.7181818181818181,0.0,Mark Gjonaj RECAP,0.7181818181818181
80034,80034,100,11,35,98,1,145,46,98,1,0.07586206896551724,0.2413793103448276,0.6758620689655173,0.006896551724137931,0.31724137931034485,0.6758620689655173,0.006896551724137931,Mark Gjonaj RECAP,0.6758620689655173
80035,80035,100,16,25,83,1,125,41,83,1,0.128,0.2,0.664,0.008,0.328,0.664,0.008,Mark Gjonaj RECAP,0.664
80036,80036,100,9,32,139,0,180,41,139,0,0.05,0.17777777777777778,0.7722222222222223,0.0,0.22777777777777777,0.7722222222222223,0.0,Mark Gjonaj RECAP,0.7722222222222223
80037,80037,100,9,23,60,0,92,32,60,0,0.09782608695652174,0.25,0.6521739130434783,0.0,0.34782608695652173,0.6521739130434783,0.0,Mark Gjonaj RECAP,0.6521739130434783
80038,80038,100,5,19,81,0,105,24,81,0,0.047619047619047616,0.18095238095238095,0.7714285714285715,0.0,0.22857142857142856,0.7714285714285715,0.0,Mark Gjonaj RECAP,0.7714285714285715
80039,80039,100,6,26,115,0,147,32,115,0,0.04081632653061224,0.17687074829931973,0.782312925170068,0.0,0.21768707482993196,0.782312925170068,0.0,Mark Gjonaj RECAP,0.782312925170068
80040,80040,100,3,9,121,0,133,12,121,0,0.022556390977443608,0.06766917293233082,0.9097744360902256,0.0,0.09022556390977443,0.9097744360902256,0.0,Mark Gjonaj RECAP,0.9097744360902256
80041,80041,100,3,18,215,0,236,21,215,0,0.012711864406779662,0.07627118644067797,0.9110169491525424,0.0,0.08898305084745763,0.9110169491525424,0.0,Mark Gjonaj RECAP,0.9110169491525424
80042,80042,100,3,8,133,0,144,11,133,0,0.020833333333333332,0.05555555555555555,0.9236111111111112,0.0,0.0763888888888889,0.9236111111111112,0.0,Mark Gjonaj RECAP,0.9236111111111112
80043,80043,100,1,9,111,0,121,10,111,0,0.008264462809917356,0.0743801652892562,0.9173553719008265,0.0,0.08264462809917356,0.9173553719008265,0.0,Mark Gjonaj RECAP,0.9173553719008265
80044,80044,100,2,7,92,0,101,9,92,0,0.019801980198019802,0.06930693069306931,0.9108910891089109,0.0,0.0891089108910891,0.9108910891089109,0.0,Mark Gjonaj RECAP,0.9108910891089109
80045,80045,100,4,17,182,0,203,21,182,0,0.019704433497536946,0.08374384236453201,0.896551724137931,0.0,0.10344827586206896,0.896551724137931,0.0,Mark Gjonaj RECAP,0.896551724137931
80046,80046,100,2,1,67,0,70,3,67,0,0.02857142857142857,0.014285714285714285,0.9571428571428572,0.0,0.04285714285714286,0.9571428571428572,0.0,Mark Gjonaj RECAP,0.9571428571428572
80047,80047,100,4,19,115,0,138,23,115,0,0.028985507246376812,0.13768115942028986,0.8333333333333334,0.0,0.16666666666666666,0.8333333333333334,0.0,Mark Gjonaj RECAP,0.8333333333333334
80048,80048,100,2,14,96,0,112,16,96,0,0.017857142857142856,0.125,0.8571428571428571,0.0,0.14285714285714285,0.8571428571428571,0.0,Mark Gjonaj RECAP,0.8571428571428571
80049,80049,100,0,4,28,0,32,4,28,0,0.0,0.125,0.875,0.0,0.125,0.875,0.0,Mark Gjonaj RECAP,0.875
80050,80050,100,2,9,168,0,179,11,168,0,0.0111731843575419,0.05027932960893855,0.9385474860335196,0.0,0.061452513966480445,0.9385474860335196,0.0,Mark Gjonaj RECAP,0.9385474860335196
80051,80051,100,2,6,55,0,63,8,55,0,0.031746031746031744,0.09523809523809523,0.873015873015873,0.0,0.12698412698412698,0.873015873015873,0.0,Mark Gjonaj RECAP,0.873015873015873
80052,80052,100,0,4,78,0,82,4,78,0,0.0,0.04878048780487805,0.9512195121951219,0.0,0.04878048780487805,0.9512195121951219,0.0,Mark Gjonaj RECAP,0.9512195121951219
80053,80053,100,1,3,68,0,72,4,68,0,0.013888888888888888,0.041666666666666664,0.9444444444444444,0.0,0.05555555555555555,0.9444444444444444,0.0,Mark Gjonaj RECAP,0.9444444444444444
80054,80054,100,0,6,19,0,25,6,19,0,0.0,0.24,0.76,0.0,0.24,0.76,0.0,Mark Gjonaj RECAP,0.76
80055,80055,100,1,22,162,1,186,23,162,1,0.005376344086021506,0.11827956989247312,0.8709677419354839,0.005376344086021506,0.12365591397849462,0.8709677419354839,0.005376344086021506,Mark Gjonaj RECAP,0.8709677419354839
80056,80056,100,3,3,290,0,296,6,290,0,0.010135135135135136,0.010135135135135136,0.9797297297297297,0.0,0.02027027027027027,0.9797297297297297,0.0,Mark Gjonaj RECAP,0.9797297297297297
80057,80057,100,1,6,65,0,72,7,65,0,0.013888888888888888,0.08333333333333333,0.9027777777777778,0.0,0.09722222222222222,0.9027777777777778,0.0,Mark Gjonaj RECAP,0.9027777777777778
80058,80058,100,2,21,105,0,128,23,105,0,0.015625,0.1640625,0.8203125,0.0,0.1796875,0.8203125,0.0,Mark Gjonaj RECAP,0.8203125
80059,80059,100,1,4,31,0,36,5,31,0,0.027777777777777776,0.1111111111111111,0.8611111111111112,0.0,0.1388888888888889,0.8611111111111112,0.0,Mark Gjonaj RECAP,0.8611111111111112
80060,80060,100,1,9,203,0,213,10,203,0,0.004694835680751174,0.04225352112676056,0.9530516431924883,0.0,0.046948356807511735,0.9530516431924883,0.0,Mark Gjonaj RECAP,0.9530516431924883
80061,80061,100,0,2,33,0,35,2,33,0,0.0,0.05714285714285714,0.9428571428571428,0.0,0.05714285714285714,0.9428571428571428,0.0,Mark Gjonaj RECAP,0.9428571428571428
80062,80062,100,4,15,148,0,167,19,148,0,0.023952095808383235,0.08982035928143713,0.8862275449101796,0.0,0.11377245508982035,0.8862275449101796,0.0,Mark Gjonaj RECAP,0.8862275449101796
80063,80063,100,2,13,168,0,183,15,168,0,0.01092896174863388,0.07103825136612021,0.9180327868852459,0.0,0.08196721311475409,0.9180327868852459,0.0,Mark Gjonaj RECAP,0.9180327868852459
80064,80064,100,4,13,126,0,143,17,126,0,0.027972027972027972,0.09090909090909091,0.8811188811188811,0.0,0.11888111888111888,0.8811188811188811,0.0,Mark Gjonaj RECAP,0.8811188811188811
80065,80065,100,2,5,252,0,259,7,252,0,0.007722007722007722,0.019305019305019305,0.972972972972973,0.0,0.02702702702702703,0.972972972972973,0.0,Mark Gjonaj RECAP,0.972972972972973
80066,80066,100,3,38,88,0,129,41,88,0,0.023255813953488372,0.29457364341085274,0.6821705426356589,0.0,0.3178294573643411,0.6821705426356589,0.0,Mark Gjonaj RECAP,0.6821705426356589
80067,80067,100,11,34,131,0,176,45,131,0,0.0625,0.19318181818181818,0.7443181818181818,0.0,0.2556818181818182,0.7443181818181818,0.0,Mark Gjonaj RECAP,0.7443181818181818
80068,80068,100,13,24,114,0,151,37,114,0,0.08609271523178808,0.15894039735099338,0.7549668874172185,0.0,0.24503311258278146,0.7549668874172185,0.0,Mark Gjonaj RECAP,0.7549668874172185
80069,80069,100,4,6,47,0,57,10,47,0,0.07017543859649122,0.10526315789473684,0.8245614035087719,0.0,0.17543859649122806,0.8245614035087719,0.0,Mark Gjonaj RECAP,0.8245614035087719
80070,80070,100,3,12,125,0,140,15,125,0,0.02142857142857143,0.08571428571428572,0.8928571428571429,0.0,0.10714285714285714,0.8928571428571429,0.0,Mark Gjonaj RECAP,0.8928571428571429
80071,80071,100,3,14,110,0,127,17,110,0,0.023622047244094488,0.11023622047244094,0.8661417322834646,0.0,0.13385826771653545,0.8661417322834646,0.0,Mark Gjonaj RECAP,0.8661417322834646
80073,80073,100,2,11,100,0,113,13,100,0,0.017699115044247787,0.09734513274336283,0.8849557522123894,0.0,0.11504424778761062,0.8849557522123894,0.0,Mark Gjonaj RECAP,0.8849557522123894
80072,80073,100,0,0,0,0,0,0,0,0,0,0,0,0,0,0,0,n/a,0
80074,80074,100,2,11,259,0,272,13,259,0,0.007352941176470588,0.04044117647058824,0.9522058823529411,0.0,0.04779411764705882,0.9522058823529411,0.0,Mark Gjonaj RECAP,0.9522058823529411
80075,80075,100,0,0,2,0,2,0,2,0,0.0,0.0,1.0,0.0,0.0,1.0,0.0,Mark Gjonaj RECAP,1.0
80076,80076,100,6,24,124,0,154,30,124,0,0.03896103896103896,0.15584415584415584,0.8051948051948052,0.0,0.19480519480519481,0.8051948051948052,0.0,Mark Gjonaj RECAP,0.8051948051948052
80077,80077,100,7,16,215,0,238,23,215,0,0.029411764705882353,0.06722689075630252,0.9033613445378151,0.0,0.09663865546218488,0.9033613445378151,0.0,Mark Gjonaj RECAP,0.9033613445378151
80078,80078,100,4,21,166,0,191,25,166,0,0.020942408376963352,0.1099476439790576,0.8691099476439791,0.0,0.13089005235602094,0.8691099476439791,0.0,Mark Gjonaj RECAP,0.8691099476439791
80079,80079,100,3,22,143,1,169,25,143,1,0.01775147928994083,0.1301775147928994,0.8461538461538461,0.005917159763313609,0.14792899408284024,0.8461538461538461,0.005917159763313609,Mark Gjonaj RECAP,0.8461538461538461
80080,80080,100,2,7,133,0,142,9,133,0,0.014084507042253521,0.04929577464788732,0.9366197183098591,0.0,0.06338028169014084,0.9366197183098591,0.0,Mark Gjonaj RECAP,0.9366197183098591
80081,80081,100,4,15,132,2,153,19,132,2,0.026143790849673203,0.09803921568627451,0.8627450980392157,0.013071895424836602,0.12418300653594772,0.8627450980392157,0.013071895424836602,Mark Gjonaj RECAP,0.8627450980392157
80082,80082,100,4,13,85,1,103,17,85,1,0.038834951456310676,0.1262135922330097,0.8252427184466019,0.009708737864077669,0.1650485436893204,0.8252427184466019,0.009708737864077669,Mark Gjonaj RECAP,0.8252427184466019
80083,80083,100,4,24,196,2,226,28,196,2,0.017699115044247787,0.10619469026548672,0.8672566371681416,0.008849557522123894,0.12389380530973451,0.8672566371681416,0.008849557522123894,Mark Gjonaj RECAP,0.8672566371681416
80084,80084,100,2,8,70,0,80,10,70,0,0.025,0.1,0.875,0.0,0.125,0.875,0.0,Mark Gjonaj RECAP,0.875
80085,80085,100,2,23,146,0,171,25,146,0,0.011695906432748537,0.13450292397660818,0.8538011695906432,0.0,0.14619883040935672,0.8538011695906432,0.0,Mark Gjonaj RECAP,0.8538011695906432
80086,80086,100,3,8,132,1,144,11,132,1,0.020833333333333332,0.05555555555555555,0.9166666666666666,0.006944444444444444,0.0763888888888889,0.9166666666666666,0.006944444444444444,Mark Gjonaj RECAP,0.9166666666666666
80087,80087,100,1,4,62,1,68,5,62,1,0.014705882352941176,0.058823529411764705,0.9117647058823529,0.014705882352941176,0.07352941176470588,0.9117647058823529,0.014705882352941176,Mark Gjonaj RECAP,0.9117647058823529
80088,80088,100,0,0,0,0,0,0,0,0,0,0,0,0,0,0,0,n/a,0
80089,80089,100,0,0,0,0,0,0,0,0,0,0,0,0,0,0,0,n/a,0
80090,80073,100,0,0,0,0,0,0,0,0,0,0,0,0,0,0,0,n/a,0
80091,80075,100,0,0,0,0,0,0,0,0,0,0,0,0,0,0,0,n/a,0
80092,80092,100,0,0,0,0,0,0,0,0,0,0,0,0,0,0,0,n/a,0
