ED,Reported As,Reporting,Eliot L. Engel (Working Families),Eliot L. Engel (Democratic),Scattered,Total Votes,Eliot L. Engel RECAP,Scattered RECAP,p_Eliot L. Engel (Working Families),p_Eliot L. Engel (Democratic),p_Scattered,p_Eliot L. Engel RECAP,p_Scattered RECAP,winner,winner_p
80059,80059,100,3,32,0,35,35,0,0.08571428571428572,0.9142857142857143,0.0,1.0,0.0,Eliot L. Engel RECAP,1.0
80060,80060,100,8,200,0,208,208,0,0.038461538461538464,0.9615384615384616,0.0,1.0,0.0,Eliot L. Engel RECAP,1.0
80061,80061,100,0,33,0,33,33,0,0.0,1.0,0.0,1.0,0.0,Eliot L. Engel RECAP,1.0
80062,80062,100,5,153,0,158,158,0,0.03164556962025317,0.9683544303797469,0.0,1.0,0.0,Eliot L. Engel RECAP,1.0
80063,80063,100,10,163,1,174,173,1,0.05747126436781609,0.9367816091954023,0.005747126436781609,0.9942528735632183,0.005747126436781609,Eliot L. Engel RECAP,0.9942528735632183
80064,80064,100,8,133,0,141,141,0,0.05673758865248227,0.9432624113475178,0.0,1.0,0.0,Eliot L. Engel RECAP,1.0
80073,80073,100,6,103,1,110,109,1,0.05454545454545454,0.9363636363636364,0.00909090909090909,0.990909090909091,0.00909090909090909,Eliot L. Engel RECAP,0.990909090909091
80072,80073,100,0,0,0,0,0,0,0,0,0,0,0,n/a,0
80090,80073,100,0,0,0,0,0,0,0,0,0,0,0,n/a,0
81011,81011,100,0,29,0,29,29,0,0.0,1.0,0.0,1.0,0.0,Eliot L. Engel RECAP,1.0
81017,81017,100,3,160,0,163,163,0,0.018404907975460124,0.9815950920245399,0.0,1.0,0.0,Eliot L. Engel RECAP,1.0
81018,81018,100,2,110,0,112,112,0,0.017857142857142856,0.9821428571428571,0.0,1.0,0.0,Eliot L. Engel RECAP,1.0
81019,81019,100,5,149,0,154,154,0,0.032467532467532464,0.9675324675324676,0.0,1.0,0.0,Eliot L. Engel RECAP,1.0
81020,81020,100,4,200,2,206,204,2,0.019417475728155338,0.970873786407767,0.009708737864077669,0.9902912621359223,0.009708737864077669,Eliot L. Engel RECAP,0.9902912621359223
81021,81021,100,2,153,1,156,155,1,0.01282051282051282,0.9807692307692307,0.00641025641025641,0.9935897435897436,0.00641025641025641,Eliot L. Engel RECAP,0.9935897435897436
81022,81022,100,3,129,0,132,132,0,0.022727272727272728,0.9772727272727273,0.0,1.0,0.0,Eliot L. Engel RECAP,1.0
81023,81023,100,12,224,0,236,236,0,0.05084745762711865,0.9491525423728814,0.0,1.0,0.0,Eliot L. Engel RECAP,1.0
81024,81024,100,8,146,1,155,154,1,0.05161290322580645,0.9419354838709677,0.0064516129032258064,0.9935483870967742,0.0064516129032258064,Eliot L. Engel RECAP,0.9935483870967742
81025,81025,100,16,99,3,118,115,3,0.13559322033898305,0.8389830508474576,0.025423728813559324,0.9745762711864406,0.025423728813559324,Eliot L. Engel RECAP,0.9745762711864406
81026,81026,100,8,63,1,72,71,1,0.1111111111111111,0.875,0.013888888888888888,0.9861111111111112,0.013888888888888888,Eliot L. Engel RECAP,0.9861111111111112
81027,81027,100,21,73,5,99,94,5,0.21212121212121213,0.7373737373737373,0.050505050505050504,0.9494949494949495,0.050505050505050504,Eliot L. Engel RECAP,0.9494949494949495
81028,81028,100,24,77,3,104,101,3,0.23076923076923078,0.7403846153846154,0.028846153846153848,0.9711538461538461,0.028846153846153848,Eliot L. Engel RECAP,0.9711538461538461
81029,81029,100,16,70,0,86,86,0,0.18604651162790697,0.813953488372093,0.0,1.0,0.0,Eliot L. Engel RECAP,1.0
81030,81030,100,22,119,3,144,141,3,0.1527777777777778,0.8263888888888888,0.020833333333333332,0.9791666666666666,0.020833333333333332,Eliot L. Engel RECAP,0.9791666666666666
81031,81031,100,14,89,3,106,103,3,0.1320754716981132,0.839622641509434,0.02830188679245283,0.9716981132075472,0.02830188679245283,Eliot L. Engel RECAP,0.9716981132075472
81032,81032,100,14,96,3,113,110,3,0.12389380530973451,0.8495575221238938,0.02654867256637168,0.9734513274336283,0.02654867256637168,Eliot L. Engel RECAP,0.9734513274336283
81043,81043,100,14,151,1,166,165,1,0.08433734939759036,0.9096385542168675,0.006024096385542169,0.9939759036144579,0.006024096385542169,Eliot L. Engel RECAP,0.9939759036144579
81044,81044,100,12,84,2,98,96,2,0.12244897959183673,0.8571428571428571,0.02040816326530612,0.9795918367346939,0.02040816326530612,Eliot L. Engel RECAP,0.9795918367346939
81047,81047,100,10,34,2,46,44,2,0.21739130434782608,0.7391304347826086,0.043478260869565216,0.9565217391304348,0.043478260869565216,Eliot L. Engel RECAP,0.9565217391304348
81048,81048,100,32,118,3,153,150,3,0.20915032679738563,0.7712418300653595,0.0196078431372549,0.9803921568627451,0.0196078431372549,Eliot L. Engel RECAP,0.9803921568627451
81049,81049,100,21,157,1,179,178,1,0.11731843575418995,0.8770949720670391,0.00558659217877095,0.994413407821229,0.00558659217877095,Eliot L. Engel RECAP,0.994413407821229
81050,81050,100,14,126,0,140,140,0,0.1,0.9,0.0,1.0,0.0,Eliot L. Engel RECAP,1.0
81051,81051,100,28,110,4,142,138,4,0.19718309859154928,0.7746478873239436,0.028169014084507043,0.971830985915493,0.028169014084507043,Eliot L. Engel RECAP,0.971830985915493
81052,81052,100,9,86,0,95,95,0,0.09473684210526316,0.9052631578947369,0.0,1.0,0.0,Eliot L. Engel RECAP,1.0
81053,81053,100,14,73,0,87,87,0,0.16091954022988506,0.8390804597701149,0.0,1.0,0.0,Eliot L. Engel RECAP,1.0
81054,81054,100,25,137,3,165,162,3,0.15151515151515152,0.8303030303030303,0.01818181818181818,0.9818181818181818,0.01818181818181818,Eliot L. Engel RECAP,0.9818181818181818
81055,81055,100,26,218,1,245,244,1,0.10612244897959183,0.889795918367347,0.004081632653061225,0.9959183673469387,0.004081632653061225,Eliot L. Engel RECAP,0.9959183673469387
81056,81056,100,20,162,3,185,182,3,0.10810810810810811,0.8756756756756757,0.016216216216216217,0.9837837837837838,0.016216216216216217,Eliot L. Engel RECAP,0.9837837837837838
81057,81057,100,21,92,0,113,113,0,0.18584070796460178,0.8141592920353983,0.0,1.0,0.0,Eliot L. Engel RECAP,1.0
81058,81058,100,15,144,4,163,159,4,0.09202453987730061,0.8834355828220859,0.024539877300613498,0.9754601226993865,0.024539877300613498,Eliot L. Engel RECAP,0.9754601226993865
81059,81059,100,24,105,6,135,129,6,0.17777777777777778,0.7777777777777778,0.044444444444444446,0.9555555555555556,0.044444444444444446,Eliot L. Engel RECAP,0.9555555555555556
81060,81060,100,22,123,1,146,145,1,0.1506849315068493,0.8424657534246576,0.00684931506849315,0.9931506849315068,0.00684931506849315,Eliot L. Engel RECAP,0.9931506849315068
81061,81061,100,21,94,2,117,115,2,0.1794871794871795,0.8034188034188035,0.017094017094017096,0.9829059829059829,0.017094017094017096,Eliot L. Engel RECAP,0.9829059829059829
81062,81062,100,29,178,1,208,207,1,0.13942307692307693,0.8557692307692307,0.004807692307692308,0.9951923076923077,0.004807692307692308,Eliot L. Engel RECAP,0.9951923076923077
81063,81063,100,33,162,1,196,195,1,0.1683673469387755,0.826530612244898,0.00510204081632653,0.9948979591836735,0.00510204081632653,Eliot L. Engel RECAP,0.9948979591836735
81064,81064,100,41,322,5,368,363,5,0.11141304347826086,0.875,0.01358695652173913,0.9864130434782609,0.01358695652173913,Eliot L. Engel RECAP,0.9864130434782609
81065,81065,100,32,210,0,242,242,0,0.1322314049586777,0.8677685950413223,0.0,1.0,0.0,Eliot L. Engel RECAP,1.0
81066,81066,100,24,97,1,122,121,1,0.19672131147540983,0.7950819672131147,0.00819672131147541,0.9918032786885246,0.00819672131147541,Eliot L. Engel RECAP,0.9918032786885246
81067,81067,100,31,117,0,148,148,0,0.20945945945945946,0.7905405405405406,0.0,1.0,0.0,Eliot L. Engel RECAP,1.0
81068,81068,100,48,255,5,308,303,5,0.15584415584415584,0.827922077922078,0.016233766233766232,0.9837662337662337,0.016233766233766232,Eliot L. Engel RECAP,0.9837662337662337
81069,81069,100,30,248,5,283,278,5,0.10600706713780919,0.8763250883392226,0.0176678445229682,0.9823321554770318,0.0176678445229682,Eliot L. Engel RECAP,0.9823321554770318
81070,81070,100,18,132,0,150,150,0,0.12,0.88,0.0,1.0,0.0,Eliot L. Engel RECAP,1.0
81071,81071,100,32,267,3,302,299,3,0.10596026490066225,0.8841059602649006,0.009933774834437087,0.9900662251655629,0.009933774834437087,Eliot L. Engel RECAP,0.9900662251655629
81072,81072,100,28,186,5,219,214,5,0.1278538812785388,0.8493150684931506,0.0228310502283105,0.9771689497716894,0.0228310502283105,Eliot L. Engel RECAP,0.9771689497716894
81073,81073,100,15,220,6,241,235,6,0.06224066390041494,0.9128630705394191,0.024896265560165973,0.975103734439834,0.024896265560165973,Eliot L. Engel RECAP,0.975103734439834
81074,81074,100,32,187,3,222,219,3,0.14414414414414414,0.8423423423423423,0.013513513513513514,0.9864864864864865,0.013513513513513514,Eliot L. Engel RECAP,0.9864864864864865
81075,81075,100,28,158,3,189,186,3,0.14814814814814814,0.8359788359788359,0.015873015873015872,0.9841269841269841,0.015873015873015872,Eliot L. Engel RECAP,0.9841269841269841
81076,81076,100,40,208,4,252,248,4,0.15873015873015872,0.8253968253968254,0.015873015873015872,0.9841269841269841,0.015873015873015872,Eliot L. Engel RECAP,0.9841269841269841
81077,81077,100,34,161,0,195,195,0,0.17435897435897435,0.8256410256410256,0.0,1.0,0.0,Eliot L. Engel RECAP,1.0
81078,81078,100,32,294,0,326,326,0,0.09815950920245399,0.901840490797546,0.0,1.0,0.0,Eliot L. Engel RECAP,1.0
81079,81079,100,17,201,2,220,218,2,0.07727272727272727,0.9136363636363637,0.00909090909090909,0.990909090909091,0.00909090909090909,Eliot L. Engel RECAP,0.990909090909091
81080,81080,100,52,224,2,278,276,2,0.18705035971223022,0.8057553956834532,0.007194244604316547,0.9928057553956835,0.007194244604316547,Eliot L. Engel RECAP,0.9928057553956835
81081,81081,100,32,155,0,187,187,0,0.1711229946524064,0.8288770053475936,0.0,1.0,0.0,Eliot L. Engel RECAP,1.0
81082,81082,100,20,153,1,174,173,1,0.11494252873563218,0.8793103448275862,0.005747126436781609,0.9942528735632183,0.005747126436781609,Eliot L. Engel RECAP,0.9942528735632183
81083,81083,100,27,198,1,226,225,1,0.11946902654867257,0.8761061946902655,0.004424778761061947,0.995575221238938,0.004424778761061947,Eliot L. Engel RECAP,0.995575221238938
81084,81084,100,41,252,4,297,293,4,0.13804713804713806,0.8484848484848485,0.013468013468013467,0.9865319865319865,0.013468013468013467,Eliot L. Engel RECAP,0.9865319865319865
81085,81085,100,17,123,1,141,140,1,0.12056737588652482,0.8723404255319149,0.0070921985815602835,0.9929078014184397,0.0070921985815602835,Eliot L. Engel RECAP,0.9929078014184397
81086,81086,100,29,197,14,240,226,14,0.12083333333333333,0.8208333333333333,0.058333333333333334,0.9416666666666667,0.058333333333333334,Eliot L. Engel RECAP,0.9416666666666667
81087,81087,100,27,150,1,178,177,1,0.15168539325842698,0.8426966292134831,0.0056179775280898875,0.9943820224719101,0.0056179775280898875,Eliot L. Engel RECAP,0.9943820224719101
81088,81088,100,24,161,1,186,185,1,0.12903225806451613,0.8655913978494624,0.005376344086021506,0.9946236559139785,0.005376344086021506,Eliot L. Engel RECAP,0.9946236559139785
81089,81089,100,26,184,0,210,210,0,0.12380952380952381,0.8761904761904762,0.0,1.0,0.0,Eliot L. Engel RECAP,1.0
81090,81090,100,17,184,2,203,201,2,0.08374384236453201,0.9064039408866995,0.009852216748768473,0.9901477832512315,0.009852216748768473,Eliot L. Engel RECAP,0.9901477832512315
81091,81091,100,4,147,0,151,151,0,0.026490066225165563,0.9735099337748344,0.0,1.0,0.0,Eliot L. Engel RECAP,1.0
81107,81107,100,1,14,0,15,15,0,0.06666666666666667,0.9333333333333333,0.0,1.0,0.0,Eliot L. Engel RECAP,1.0
81101,81107,100,0,0,0,0,0,0,0,0,0,0,0,n/a,0
81102,81102,100,0,0,0,0,0,0,0,0,0,0,0,n/a,0
81103,81103,100,0,0,0,0,0,0,0,0,0,0,0,n/a,0
81105,81105,100,0,0,0,0,0,0,0,0,0,0,0,n/a,0
81106,81106,100,0,0,0,0,0,0,0,0,0,0,0,n/a,0
82054,82054,100,0,19,0,19,19,0,0.0,1.0,0.0,1.0,0.0,Eliot L. Engel RECAP,1.0
82065,82065,100,12,179,0,191,191,0,0.06282722513089005,0.93717277486911,0.0,1.0,0.0,Eliot L. Engel RECAP,1.0
82066,82066,100,6,170,1,177,176,1,0.03389830508474576,0.96045197740113,0.005649717514124294,0.9943502824858758,0.005649717514124294,Eliot L. Engel RECAP,0.9943502824858758
82067,82067,100,9,211,1,221,220,1,0.04072398190045249,0.9547511312217195,0.004524886877828055,0.995475113122172,0.004524886877828055,Eliot L. Engel RECAP,0.995475113122172
82068,82068,100,16,189,0,205,205,0,0.07804878048780488,0.9219512195121952,0.0,1.0,0.0,Eliot L. Engel RECAP,1.0
82069,82069,100,10,199,0,209,209,0,0.04784688995215311,0.9521531100478469,0.0,1.0,0.0,Eliot L. Engel RECAP,1.0
82070,82070,100,8,139,1,148,147,1,0.05405405405405406,0.9391891891891891,0.006756756756756757,0.9932432432432432,0.006756756756756757,Eliot L. Engel RECAP,0.9932432432432432
82071,82071,100,4,177,0,181,181,0,0.022099447513812154,0.9779005524861878,0.0,1.0,0.0,Eliot L. Engel RECAP,1.0
82072,82072,100,10,204,0,214,214,0,0.04672897196261682,0.9532710280373832,0.0,1.0,0.0,Eliot L. Engel RECAP,1.0
82073,82073,100,13,200,1,214,213,1,0.06074766355140187,0.9345794392523364,0.004672897196261682,0.9953271028037384,0.004672897196261682,Eliot L. Engel RECAP,0.9953271028037384
82074,82074,100,4,159,0,163,163,0,0.024539877300613498,0.9754601226993865,0.0,1.0,0.0,Eliot L. Engel RECAP,1.0
82075,82075,100,12,163,2,177,175,2,0.06779661016949153,0.9209039548022598,0.011299435028248588,0.9887005649717514,0.011299435028248588,Eliot L. Engel RECAP,0.9887005649717514
82076,82076,100,7,162,0,169,169,0,0.04142011834319527,0.9585798816568047,0.0,1.0,0.0,Eliot L. Engel RECAP,1.0
82077,82077,100,8,195,0,203,203,0,0.03940886699507389,0.9605911330049262,0.0,1.0,0.0,Eliot L. Engel RECAP,1.0
82078,82078,100,10,206,0,216,216,0,0.046296296296296294,0.9537037037037037,0.0,1.0,0.0,Eliot L. Engel RECAP,1.0
82079,82079,100,7,212,1,220,219,1,0.031818181818181815,0.9636363636363636,0.004545454545454545,0.9954545454545455,0.004545454545454545,Eliot L. Engel RECAP,0.9954545454545455
82080,82080,100,3,190,1,194,193,1,0.015463917525773196,0.979381443298969,0.005154639175257732,0.9948453608247423,0.005154639175257732,Eliot L. Engel RECAP,0.9948453608247423
82081,82081,100,7,154,1,162,161,1,0.043209876543209874,0.9506172839506173,0.006172839506172839,0.9938271604938271,0.006172839506172839,Eliot L. Engel RECAP,0.9938271604938271
82082,82082,100,6,131,1,138,137,1,0.043478260869565216,0.9492753623188406,0.007246376811594203,0.9927536231884058,0.007246376811594203,Eliot L. Engel RECAP,0.9927536231884058
82083,82083,100,8,133,0,141,141,0,0.05673758865248227,0.9432624113475178,0.0,1.0,0.0,Eliot L. Engel RECAP,1.0
82084,82084,100,5,152,0,157,157,0,0.03184713375796178,0.9681528662420382,0.0,1.0,0.0,Eliot L. Engel RECAP,1.0
82085,82085,100,7,184,0,191,191,0,0.03664921465968586,0.9633507853403142,0.0,1.0,0.0,Eliot L. Engel RECAP,1.0
82086,82086,100,8,138,0,146,146,0,0.0547945205479452,0.9452054794520548,0.0,1.0,0.0,Eliot L. Engel RECAP,1.0
82087,82087,100,9,164,0,173,173,0,0.05202312138728324,0.9479768786127167,0.0,1.0,0.0,Eliot L. Engel RECAP,1.0
82088,82088,100,7,182,1,190,189,1,0.03684210526315789,0.9578947368421052,0.005263157894736842,0.9947368421052631,0.005263157894736842,Eliot L. Engel RECAP,0.9947368421052631
82089,82089,100,8,198,0,206,206,0,0.038834951456310676,0.9611650485436893,0.0,1.0,0.0,Eliot L. Engel RECAP,1.0
82090,82090,100,13,176,0,189,189,0,0.06878306878306878,0.9312169312169312,0.0,1.0,0.0,Eliot L. Engel RECAP,1.0
82091,82091,100,5,184,2,191,189,2,0.02617801047120419,0.9633507853403142,0.010471204188481676,0.9895287958115183,0.010471204188481676,Eliot L. Engel RECAP,0.9895287958115183
82092,82092,100,12,227,0,239,239,0,0.0502092050209205,0.9497907949790795,0.0,1.0,0.0,Eliot L. Engel RECAP,1.0
82093,82093,100,7,130,0,137,137,0,0.051094890510948905,0.948905109489051,0.0,1.0,0.0,Eliot L. Engel RECAP,1.0
82094,82094,100,10,168,0,178,178,0,0.056179775280898875,0.9438202247191011,0.0,1.0,0.0,Eliot L. Engel RECAP,1.0
82095,82095,100,4,155,1,160,159,1,0.025,0.96875,0.00625,0.99375,0.00625,Eliot L. Engel RECAP,0.99375
82096,82096,100,8,157,0,165,165,0,0.048484848484848485,0.9515151515151515,0.0,1.0,0.0,Eliot L. Engel RECAP,1.0
82097,82097,100,9,186,1,196,195,1,0.04591836734693878,0.9489795918367347,0.00510204081632653,0.9948979591836735,0.00510204081632653,Eliot L. Engel RECAP,0.9948979591836735
82098,82098,100,14,233,1,248,247,1,0.056451612903225805,0.9395161290322581,0.004032258064516129,0.9959677419354839,0.004032258064516129,Eliot L. Engel RECAP,0.9959677419354839
82099,82099,100,13,225,0,238,238,0,0.0546218487394958,0.9453781512605042,0.0,1.0,0.0,Eliot L. Engel RECAP,1.0
82100,82100,100,7,197,0,204,204,0,0.03431372549019608,0.9656862745098039,0.0,1.0,0.0,Eliot L. Engel RECAP,1.0
82101,82101,100,9,187,0,196,196,0,0.04591836734693878,0.9540816326530612,0.0,1.0,0.0,Eliot L. Engel RECAP,1.0
82102,82102,100,14,152,0,166,166,0,0.08433734939759036,0.9156626506024096,0.0,1.0,0.0,Eliot L. Engel RECAP,1.0
82103,82103,100,8,146,0,154,154,0,0.05194805194805195,0.948051948051948,0.0,1.0,0.0,Eliot L. Engel RECAP,1.0
82104,82104,100,10,208,0,218,218,0,0.045871559633027525,0.9541284403669725,0.0,1.0,0.0,Eliot L. Engel RECAP,1.0
82105,82105,100,10,213,0,223,223,0,0.04484304932735426,0.9551569506726457,0.0,1.0,0.0,Eliot L. Engel RECAP,1.0
82106,82106,100,1,0,0,1,1,0,1.0,0.0,0.0,1.0,0.0,Eliot L. Engel RECAP,1.0
82109,82109,100,1,79,0,80,80,0,0.0125,0.9875,0.0,1.0,0.0,Eliot L. Engel RECAP,1.0
82110,82054,100,0,0,0,0,0,0,0,0,0,0,0,n/a,0
83001,83001,100,9,231,2,242,240,2,0.0371900826446281,0.9545454545454546,0.008264462809917356,0.9917355371900827,0.008264462809917356,Eliot L. Engel RECAP,0.9917355371900827
83002,83002,100,0,22,0,22,22,0,0.0,1.0,0.0,1.0,0.0,Eliot L. Engel RECAP,1.0
83003,83003,100,6,139,0,145,145,0,0.041379310344827586,0.9586206896551724,0.0,1.0,0.0,Eliot L. Engel RECAP,1.0
83004,83004,100,2,68,0,70,70,0,0.02857142857142857,0.9714285714285714,0.0,1.0,0.0,Eliot L. Engel RECAP,1.0
83005,83005,100,0,31,0,31,31,0,0.0,1.0,0.0,1.0,0.0,Eliot L. Engel RECAP,1.0
83006,83006,100,3,179,0,182,182,0,0.016483516483516484,0.9835164835164835,0.0,1.0,0.0,Eliot L. Engel RECAP,1.0
83007,83007,100,5,232,0,237,237,0,0.02109704641350211,0.9789029535864979,0.0,1.0,0.0,Eliot L. Engel RECAP,1.0
83008,83008,100,5,142,0,147,147,0,0.034013605442176874,0.9659863945578231,0.0,1.0,0.0,Eliot L. Engel RECAP,1.0
83009,83009,100,3,159,0,162,162,0,0.018518518518518517,0.9814814814814815,0.0,1.0,0.0,Eliot L. Engel RECAP,1.0
83010,83010,100,6,287,0,293,293,0,0.020477815699658702,0.9795221843003413,0.0,1.0,0.0,Eliot L. Engel RECAP,1.0
83011,83011,100,3,183,0,186,186,0,0.016129032258064516,0.9838709677419355,0.0,1.0,0.0,Eliot L. Engel RECAP,1.0
83012,83012,100,0,0,0,0,0,0,0,0,0,0,0,n/a,0
83013,83013,100,2,201,0,203,203,0,0.009852216748768473,0.9901477832512315,0.0,1.0,0.0,Eliot L. Engel RECAP,1.0
83014,83014,100,9,323,2,334,332,2,0.02694610778443114,0.9670658682634731,0.005988023952095809,0.9940119760479041,0.005988023952095809,Eliot L. Engel RECAP,0.9940119760479041
83015,83015,100,5,201,0,206,206,0,0.024271844660194174,0.9757281553398058,0.0,1.0,0.0,Eliot L. Engel RECAP,1.0
83016,83016,100,7,201,0,208,208,0,0.03365384615384615,0.9663461538461539,0.0,1.0,0.0,Eliot L. Engel RECAP,1.0
83017,83017,100,2,177,0,179,179,0,0.0111731843575419,0.9888268156424581,0.0,1.0,0.0,Eliot L. Engel RECAP,1.0
83018,83018,100,5,188,0,193,193,0,0.025906735751295335,0.9740932642487047,0.0,1.0,0.0,Eliot L. Engel RECAP,1.0
83019,83019,100,4,150,0,154,154,0,0.025974025974025976,0.974025974025974,0.0,1.0,0.0,Eliot L. Engel RECAP,1.0
83020,83020,100,1,127,0,128,128,0,0.0078125,0.9921875,0.0,1.0,0.0,Eliot L. Engel RECAP,1.0
83021,83021,100,0,186,2,188,186,2,0.0,0.9893617021276596,0.010638297872340425,0.9893617021276596,0.010638297872340425,Eliot L. Engel RECAP,0.9893617021276596
83022,83022,100,1,156,0,157,157,0,0.006369426751592357,0.9936305732484076,0.0,1.0,0.0,Eliot L. Engel RECAP,1.0
83023,83023,100,2,128,0,130,130,0,0.015384615384615385,0.9846153846153847,0.0,1.0,0.0,Eliot L. Engel RECAP,1.0
83024,83024,100,1,83,0,84,84,0,0.011904761904761904,0.9880952380952381,0.0,1.0,0.0,Eliot L. Engel RECAP,1.0
83025,83025,100,8,137,0,145,145,0,0.05517241379310345,0.9448275862068966,0.0,1.0,0.0,Eliot L. Engel RECAP,1.0
83026,83026,100,2,94,0,96,96,0,0.020833333333333332,0.9791666666666666,0.0,1.0,0.0,Eliot L. Engel RECAP,1.0
83027,83027,100,8,212,0,220,220,0,0.03636363636363636,0.9636363636363636,0.0,1.0,0.0,Eliot L. Engel RECAP,1.0
83028,83028,100,16,264,0,280,280,0,0.05714285714285714,0.9428571428571428,0.0,1.0,0.0,Eliot L. Engel RECAP,1.0
83029,83029,100,2,124,0,126,126,0,0.015873015873015872,0.9841269841269841,0.0,1.0,0.0,Eliot L. Engel RECAP,1.0
83030,83030,100,6,172,0,178,178,0,0.033707865168539325,0.9662921348314607,0.0,1.0,0.0,Eliot L. Engel RECAP,1.0
83031,83031,100,9,227,0,236,236,0,0.038135593220338986,0.961864406779661,0.0,1.0,0.0,Eliot L. Engel RECAP,1.0
83032,83032,100,6,173,0,179,179,0,0.0335195530726257,0.9664804469273743,0.0,1.0,0.0,Eliot L. Engel RECAP,1.0
83033,83033,100,3,241,0,244,244,0,0.012295081967213115,0.9877049180327869,0.0,1.0,0.0,Eliot L. Engel RECAP,1.0
83034,83034,100,5,181,2,188,186,2,0.026595744680851064,0.9627659574468085,0.010638297872340425,0.9893617021276596,0.010638297872340425,Eliot L. Engel RECAP,0.9893617021276596
83035,83035,100,5,126,0,131,131,0,0.03816793893129771,0.9618320610687023,0.0,1.0,0.0,Eliot L. Engel RECAP,1.0
83036,83036,100,3,103,0,106,106,0,0.02830188679245283,0.9716981132075472,0.0,1.0,0.0,Eliot L. Engel RECAP,1.0
83037,83037,100,3,131,0,134,134,0,0.022388059701492536,0.9776119402985075,0.0,1.0,0.0,Eliot L. Engel RECAP,1.0
83038,83038,100,7,137,1,145,144,1,0.04827586206896552,0.9448275862068966,0.006896551724137931,0.993103448275862,0.006896551724137931,Eliot L. Engel RECAP,0.993103448275862
83039,83039,100,2,133,0,135,135,0,0.014814814814814815,0.9851851851851852,0.0,1.0,0.0,Eliot L. Engel RECAP,1.0
83040,83040,100,3,155,0,158,158,0,0.0189873417721519,0.9810126582278481,0.0,1.0,0.0,Eliot L. Engel RECAP,1.0
83041,83041,100,5,159,1,165,164,1,0.030303030303030304,0.9636363636363636,0.006060606060606061,0.9939393939393939,0.006060606060606061,Eliot L. Engel RECAP,0.9939393939393939
83042,83042,100,4,169,1,174,173,1,0.022988505747126436,0.9712643678160919,0.005747126436781609,0.9942528735632183,0.005747126436781609,Eliot L. Engel RECAP,0.9942528735632183
83043,83043,100,4,159,0,163,163,0,0.024539877300613498,0.9754601226993865,0.0,1.0,0.0,Eliot L. Engel RECAP,1.0
83044,83044,100,2,167,0,169,169,0,0.011834319526627219,0.9881656804733728,0.0,1.0,0.0,Eliot L. Engel RECAP,1.0
83045,83045,100,2,176,0,178,178,0,0.011235955056179775,0.9887640449438202,0.0,1.0,0.0,Eliot L. Engel RECAP,1.0
83046,83046,100,12,179,0,191,191,0,0.06282722513089005,0.93717277486911,0.0,1.0,0.0,Eliot L. Engel RECAP,1.0
83047,83047,100,8,139,1,148,147,1,0.05405405405405406,0.9391891891891891,0.006756756756756757,0.9932432432432432,0.006756756756756757,Eliot L. Engel RECAP,0.9932432432432432
83048,83048,100,5,151,0,156,156,0,0.03205128205128205,0.967948717948718,0.0,1.0,0.0,Eliot L. Engel RECAP,1.0
83049,83049,100,1,123,2,126,124,2,0.007936507936507936,0.9761904761904762,0.015873015873015872,0.9841269841269841,0.015873015873015872,Eliot L. Engel RECAP,0.9841269841269841
83050,83050,100,9,169,0,178,178,0,0.05056179775280899,0.949438202247191,0.0,1.0,0.0,Eliot L. Engel RECAP,1.0
83051,83051,100,5,176,0,181,181,0,0.027624309392265192,0.9723756906077348,0.0,1.0,0.0,Eliot L. Engel RECAP,1.0
83052,83052,100,10,179,0,189,189,0,0.05291005291005291,0.9470899470899471,0.0,1.0,0.0,Eliot L. Engel RECAP,1.0
83053,83053,100,1,144,0,145,145,0,0.006896551724137931,0.993103448275862,0.0,1.0,0.0,Eliot L. Engel RECAP,1.0
83054,83054,100,2,114,0,116,116,0,0.017241379310344827,0.9827586206896551,0.0,1.0,0.0,Eliot L. Engel RECAP,1.0
83055,83055,100,3,203,1,207,206,1,0.014492753623188406,0.9806763285024155,0.004830917874396135,0.9951690821256038,0.004830917874396135,Eliot L. Engel RECAP,0.9951690821256038
83056,83056,100,3,169,0,172,172,0,0.01744186046511628,0.9825581395348837,0.0,1.0,0.0,Eliot L. Engel RECAP,1.0
83057,83057,100,4,189,0,193,193,0,0.02072538860103627,0.9792746113989638,0.0,1.0,0.0,Eliot L. Engel RECAP,1.0
83058,83058,100,0,105,1,106,105,1,0.0,0.9905660377358491,0.009433962264150943,0.9905660377358491,0.009433962264150943,Eliot L. Engel RECAP,0.9905660377358491
83059,83059,100,2,159,1,162,161,1,0.012345679012345678,0.9814814814814815,0.006172839506172839,0.9938271604938271,0.006172839506172839,Eliot L. Engel RECAP,0.9938271604938271
83060,83060,100,1,82,0,83,83,0,0.012048192771084338,0.9879518072289156,0.0,1.0,0.0,Eliot L. Engel RECAP,1.0
83061,83061,100,2,116,0,118,118,0,0.01694915254237288,0.9830508474576272,0.0,1.0,0.0,Eliot L. Engel RECAP,1.0
83062,83062,100,2,107,0,109,109,0,0.01834862385321101,0.981651376146789,0.0,1.0,0.0,Eliot L. Engel RECAP,1.0
83063,83063,100,1,93,0,94,94,0,0.010638297872340425,0.9893617021276596,0.0,1.0,0.0,Eliot L. Engel RECAP,1.0
83064,83064,100,8,168,0,176,176,0,0.045454545454545456,0.9545454545454546,0.0,1.0,0.0,Eliot L. Engel RECAP,1.0
83065,83065,100,4,124,0,128,128,0,0.03125,0.96875,0.0,1.0,0.0,Eliot L. Engel RECAP,1.0
83066,83066,100,6,214,0,220,220,0,0.02727272727272727,0.9727272727272728,0.0,1.0,0.0,Eliot L. Engel RECAP,1.0
83067,83067,100,4,171,2,177,175,2,0.022598870056497175,0.9661016949152542,0.011299435028248588,0.9887005649717514,0.011299435028248588,Eliot L. Engel RECAP,0.9887005649717514
83068,83068,100,0,0,0,0,0,0,0,0,0,0,0,n/a,0
83069,83069,100,13,289,1,303,302,1,0.0429042904290429,0.9537953795379538,0.0033003300330033004,0.9966996699669967,0.0033003300330033004,Eliot L. Engel RECAP,0.9966996699669967
83070,83070,100,14,248,0,262,262,0,0.05343511450381679,0.9465648854961832,0.0,1.0,0.0,Eliot L. Engel RECAP,1.0
83071,83071,100,7,233,0,240,240,0,0.029166666666666667,0.9708333333333333,0.0,1.0,0.0,Eliot L. Engel RECAP,1.0
83072,83072,100,4,164,0,168,168,0,0.023809523809523808,0.9761904761904762,0.0,1.0,0.0,Eliot L. Engel RECAP,1.0
83073,83073,100,6,228,0,234,234,0,0.02564102564102564,0.9743589743589743,0.0,1.0,0.0,Eliot L. Engel RECAP,1.0
83074,83074,100,8,194,0,202,202,0,0.039603960396039604,0.9603960396039604,0.0,1.0,0.0,Eliot L. Engel RECAP,1.0
83075,83075,100,10,226,2,238,236,2,0.04201680672268908,0.9495798319327731,0.008403361344537815,0.9915966386554622,0.008403361344537815,Eliot L. Engel RECAP,0.9915966386554622
83076,83076,100,7,226,0,233,233,0,0.030042918454935622,0.9699570815450643,0.0,1.0,0.0,Eliot L. Engel RECAP,1.0
83077,83077,100,7,156,0,163,163,0,0.04294478527607362,0.9570552147239264,0.0,1.0,0.0,Eliot L. Engel RECAP,1.0
83078,83078,100,3,143,0,146,146,0,0.02054794520547945,0.9794520547945206,0.0,1.0,0.0,Eliot L. Engel RECAP,1.0
83079,83079,100,0,182,0,182,182,0,0.0,1.0,0.0,1.0,0.0,Eliot L. Engel RECAP,1.0
83080,83080,100,4,182,0,186,186,0,0.021505376344086023,0.978494623655914,0.0,1.0,0.0,Eliot L. Engel RECAP,1.0
83081,83081,100,5,202,0,207,207,0,0.024154589371980676,0.9758454106280193,0.0,1.0,0.0,Eliot L. Engel RECAP,1.0
83082,83082,100,7,196,1,204,203,1,0.03431372549019608,0.9607843137254902,0.004901960784313725,0.9950980392156863,0.004901960784313725,Eliot L. Engel RECAP,0.9950980392156863
83083,83083,100,2,173,0,175,175,0,0.011428571428571429,0.9885714285714285,0.0,1.0,0.0,Eliot L. Engel RECAP,1.0
83084,83084,100,0,27,0,27,27,0,0.0,1.0,0.0,1.0,0.0,Eliot L. Engel RECAP,1.0
83085,83085,100,2,105,0,107,107,0,0.018691588785046728,0.9813084112149533,0.0,1.0,0.0,Eliot L. Engel RECAP,1.0
83086,83086,100,5,87,0,92,92,0,0.05434782608695652,0.9456521739130435,0.0,1.0,0.0,Eliot L. Engel RECAP,1.0
83087,83068,100,0,0,0,0,0,0,0,0,0,0,0,n/a,0
