ED,Reported As,Reporting,No,Yes,Total Votes,p_No,p_Yes,winner,winner_p
65001,65001,100,5,74,79,0.06329113924050633,0.9367088607594937,Yes,0.9367088607594937
65002,65002,100,13,157,170,0.07647058823529412,0.9235294117647059,Yes,0.9235294117647059
65003,65003,100,3,72,75,0.04,0.96,Yes,0.96
65004,65004,100,10,114,124,0.08064516129032258,0.9193548387096774,Yes,0.9193548387096774
65005,65005,100,12,45,57,0.21052631578947367,0.7894736842105263,Yes,0.7894736842105263
65006,65006,100,31,186,217,0.14285714285714285,0.8571428571428571,Yes,0.8571428571428571
65007,65007,100,47,139,186,0.25268817204301075,0.7473118279569892,Yes,0.7473118279569892
65008,65008,100,45,175,220,0.20454545454545456,0.7954545454545454,Yes,0.7954545454545454
65009,65009,100,8,84,92,0.08695652173913043,0.9130434782608695,Yes,0.9130434782608695
65010,65010,100,8,130,138,0.057971014492753624,0.9420289855072463,Yes,0.9420289855072463
65011,65011,100,13,88,101,0.12871287128712872,0.8712871287128713,Yes,0.8712871287128713
65012,65012,100,15,122,137,0.10948905109489052,0.8905109489051095,Yes,0.8905109489051095
65013,65013,100,20,163,183,0.1092896174863388,0.8907103825136612,Yes,0.8907103825136612
65014,65014,100,27,207,234,0.11538461538461539,0.8846153846153846,Yes,0.8846153846153846
65015,65015,100,15,111,126,0.11904761904761904,0.8809523809523809,Yes,0.8809523809523809
65016,65016,100,17,187,204,0.08333333333333333,0.9166666666666666,Yes,0.9166666666666666
65017,65017,100,0,3,3,0.0,1.0,Yes,1.0
65018,65018,100,4,26,30,0.13333333333333333,0.8666666666666667,Yes,0.8666666666666667
65019,65019,100,11,24,35,0.3142857142857143,0.6857142857142857,Yes,0.6857142857142857
65020,65020,100,10,33,43,0.23255813953488372,0.7674418604651163,Yes,0.7674418604651163
65021,65021,100,13,65,78,0.16666666666666666,0.8333333333333334,Yes,0.8333333333333334
65022,65022,100,28,123,151,0.18543046357615894,0.8145695364238411,Yes,0.8145695364238411
65023,65023,100,5,46,51,0.09803921568627451,0.9019607843137255,Yes,0.9019607843137255
65024,65024,100,14,59,73,0.1917808219178082,0.8082191780821918,Yes,0.8082191780821918
65025,65025,100,6,40,46,0.13043478260869565,0.8695652173913043,Yes,0.8695652173913043
65026,65026,100,14,32,46,0.30434782608695654,0.6956521739130435,Yes,0.6956521739130435
65027,65027,100,26,69,95,0.2736842105263158,0.7263157894736842,Yes,0.7263157894736842
65028,65028,100,1,33,34,0.029411764705882353,0.9705882352941176,Yes,0.9705882352941176
65029,65029,100,6,28,34,0.17647058823529413,0.8235294117647058,Yes,0.8235294117647058
65030,65030,100,23,77,100,0.23,0.77,Yes,0.77
65031,65031,100,15,114,129,0.11627906976744186,0.8837209302325582,Yes,0.8837209302325582
65032,65032,100,14,73,87,0.16091954022988506,0.8390804597701149,Yes,0.8390804597701149
65033,65033,100,17,80,97,0.17525773195876287,0.8247422680412371,Yes,0.8247422680412371
65034,65034,100,18,42,60,0.3,0.7,Yes,0.7
65035,65035,100,11,45,56,0.19642857142857142,0.8035714285714286,Yes,0.8035714285714286
65036,65036,100,16,47,63,0.25396825396825395,0.746031746031746,Yes,0.746031746031746
65037,65037,100,8,37,45,0.17777777777777778,0.8222222222222222,Yes,0.8222222222222222
65038,65038,100,17,72,89,0.19101123595505617,0.8089887640449438,Yes,0.8089887640449438
65039,65039,100,25,68,93,0.26881720430107525,0.7311827956989247,Yes,0.7311827956989247
65040,65040,100,4,36,40,0.1,0.9,Yes,0.9
65041,65041,100,26,61,87,0.2988505747126437,0.7011494252873564,Yes,0.7011494252873564
65042,65042,100,22,86,108,0.2037037037037037,0.7962962962962963,Yes,0.7962962962962963
65043,65043,100,15,77,92,0.16304347826086957,0.8369565217391305,Yes,0.8369565217391305
65044,65044,100,47,164,211,0.22274881516587677,0.7772511848341233,Yes,0.7772511848341233
65045,65045,100,35,223,258,0.13565891472868216,0.8643410852713178,Yes,0.8643410852713178
65046,65046,100,26,154,180,0.14444444444444443,0.8555555555555555,Yes,0.8555555555555555
65047,65047,100,31,138,169,0.1834319526627219,0.8165680473372781,Yes,0.8165680473372781
65048,65048,100,48,188,236,0.2033898305084746,0.7966101694915254,Yes,0.7966101694915254
65049,65049,100,34,91,125,0.272,0.728,Yes,0.728
65050,65050,100,13,79,92,0.14130434782608695,0.8586956521739131,Yes,0.8586956521739131
65051,65051,100,19,151,170,0.11176470588235295,0.888235294117647,Yes,0.888235294117647
65052,65052,100,38,162,200,0.19,0.81,Yes,0.81
65053,65053,100,23,179,202,0.11386138613861387,0.8861386138613861,Yes,0.8861386138613861
65054,65054,100,25,124,149,0.16778523489932887,0.8322147651006712,Yes,0.8322147651006712
65055,65055,100,32,116,148,0.21621621621621623,0.7837837837837838,Yes,0.7837837837837838
65056,65056,100,20,67,87,0.22988505747126436,0.7701149425287356,Yes,0.7701149425287356
65057,65057,100,9,34,43,0.20930232558139536,0.7906976744186046,Yes,0.7906976744186046
65058,65058,100,9,52,61,0.14754098360655737,0.8524590163934426,Yes,0.8524590163934426
65059,65059,100,11,98,109,0.10091743119266056,0.8990825688073395,Yes,0.8990825688073395
65060,65060,100,4,55,59,0.06779661016949153,0.9322033898305084,Yes,0.9322033898305084
65061,65061,100,14,60,74,0.1891891891891892,0.8108108108108109,Yes,0.8108108108108109
65062,65062,100,10,46,56,0.17857142857142858,0.8214285714285714,Yes,0.8214285714285714
65063,65063,100,13,59,72,0.18055555555555555,0.8194444444444444,Yes,0.8194444444444444
65064,65064,100,13,52,65,0.2,0.8,Yes,0.8
65065,65065,100,1,43,44,0.022727272727272728,0.9772727272727273,Yes,0.9772727272727273
65066,65066,100,9,54,63,0.14285714285714285,0.8571428571428571,Yes,0.8571428571428571
65067,65067,100,2,29,31,0.06451612903225806,0.9354838709677419,Yes,0.9354838709677419
65068,65068,100,16,97,113,0.1415929203539823,0.8584070796460177,Yes,0.8584070796460177
65069,65069,100,10,76,86,0.11627906976744186,0.8837209302325582,Yes,0.8837209302325582
65070,65070,100,1,18,19,0.05263157894736842,0.9473684210526315,Yes,0.9473684210526315
65071,65071,100,10,79,89,0.11235955056179775,0.8876404494382022,Yes,0.8876404494382022
65072,65072,100,18,105,123,0.14634146341463414,0.8536585365853658,Yes,0.8536585365853658
65073,65073,100,19,117,136,0.13970588235294118,0.8602941176470589,Yes,0.8602941176470589
65074,65074,100,18,126,144,0.125,0.875,Yes,0.875
65075,65075,100,9,80,89,0.10112359550561797,0.898876404494382,Yes,0.898876404494382
65076,65076,100,10,84,94,0.10638297872340426,0.8936170212765957,Yes,0.8936170212765957
65077,65077,100,15,117,132,0.11363636363636363,0.8863636363636364,Yes,0.8863636363636364
65078,65078,100,14,88,102,0.13725490196078433,0.8627450980392157,Yes,0.8627450980392157
65079,65079,100,13,180,193,0.06735751295336788,0.9326424870466321,Yes,0.9326424870466321
65080,65080,100,11,93,104,0.10576923076923077,0.8942307692307693,Yes,0.8942307692307693
65081,65081,100,19,96,115,0.16521739130434782,0.8347826086956521,Yes,0.8347826086956521
65082,65082,100,0,0,0,0,0,n/a,0
65083,65083,100,3,12,15,0.2,0.8,Yes,0.8
65084,65082,100,0,0,0,0,0,n/a,0
65085,65085,100,4,85,89,0.0449438202247191,0.9550561797752809,Yes,0.9550561797752809
65086,65086,100,6,64,70,0.08571428571428572,0.9142857142857143,Yes,0.9142857142857143
65087,65087,100,5,84,89,0.056179775280898875,0.9438202247191011,Yes,0.9438202247191011
65088,65088,100,19,137,156,0.12179487179487179,0.8782051282051282,Yes,0.8782051282051282
65089,65089,100,8,71,79,0.10126582278481013,0.8987341772151899,Yes,0.8987341772151899
65090,65090,100,20,137,157,0.12738853503184713,0.8726114649681529,Yes,0.8726114649681529
65091,65091,100,9,51,60,0.15,0.85,Yes,0.85
65092,65092,100,3,58,61,0.04918032786885246,0.9508196721311475,Yes,0.9508196721311475
65093,65093,100,9,89,98,0.09183673469387756,0.9081632653061225,Yes,0.9081632653061225
65200,65200,100,0,0,0,0,0,n/a,0
65201,65201,100,0,0,0,0,0,n/a,0
65202,65202,100,0,0,0,0,0,n/a,0
65203,65203,100,0,0,0,0,0,n/a,0
65204,65204,100,0,0,0,0,0,n/a,0
66001,66001,100,8,134,142,0.056338028169014086,0.9436619718309859,Yes,0.9436619718309859
66002,66002,100,29,183,212,0.13679245283018868,0.8632075471698113,Yes,0.8632075471698113
66003,66003,100,18,203,221,0.08144796380090498,0.918552036199095,Yes,0.918552036199095
66004,66004,100,8,142,150,0.05333333333333334,0.9466666666666667,Yes,0.9466666666666667
66005,66005,100,12,124,136,0.08823529411764706,0.9117647058823529,Yes,0.9117647058823529
66006,66006,100,31,252,283,0.10954063604240283,0.8904593639575972,Yes,0.8904593639575972
66007,66007,100,11,134,145,0.07586206896551724,0.9241379310344827,Yes,0.9241379310344827
66008,66008,100,26,260,286,0.09090909090909091,0.9090909090909091,Yes,0.9090909090909091
66009,66009,100,28,231,259,0.10810810810810811,0.8918918918918919,Yes,0.8918918918918919
66010,66010,100,17,190,207,0.0821256038647343,0.9178743961352657,Yes,0.9178743961352657
66011,66011,100,45,215,260,0.17307692307692307,0.8269230769230769,Yes,0.8269230769230769
66012,66012,100,16,218,234,0.06837606837606838,0.9316239316239316,Yes,0.9316239316239316
66013,66013,100,9,76,85,0.10588235294117647,0.8941176470588236,Yes,0.8941176470588236
66014,66014,100,12,95,107,0.11214953271028037,0.8878504672897196,Yes,0.8878504672897196
66015,66015,100,7,103,110,0.06363636363636363,0.9363636363636364,Yes,0.9363636363636364
66016,66016,100,1,5,6,0.16666666666666666,0.8333333333333334,Yes,0.8333333333333334
66017,66017,100,1,1,2,0.5,0.5,Tie,0.5
66018,66018,100,22,191,213,0.10328638497652583,0.8967136150234741,Yes,0.8967136150234741
66019,66019,100,18,164,182,0.0989010989010989,0.9010989010989011,Yes,0.9010989010989011
66020,66020,100,14,121,135,0.1037037037037037,0.8962962962962963,Yes,0.8962962962962963
66021,66021,100,24,171,195,0.12307692307692308,0.8769230769230769,Yes,0.8769230769230769
66022,66022,100,48,282,330,0.14545454545454545,0.8545454545454545,Yes,0.8545454545454545
66023,66023,100,28,181,209,0.1339712918660287,0.8660287081339713,Yes,0.8660287081339713
66024,66024,100,14,136,150,0.09333333333333334,0.9066666666666666,Yes,0.9066666666666666
66025,66025,100,8,98,106,0.07547169811320754,0.9245283018867925,Yes,0.9245283018867925
66026,66026,100,12,56,68,0.17647058823529413,0.8235294117647058,Yes,0.8235294117647058
66027,66027,100,18,131,149,0.12080536912751678,0.8791946308724832,Yes,0.8791946308724832
66028,66028,100,34,218,252,0.1349206349206349,0.8650793650793651,Yes,0.8650793650793651
66029,66029,100,41,220,261,0.15708812260536398,0.842911877394636,Yes,0.842911877394636
66030,66030,100,17,161,178,0.09550561797752809,0.9044943820224719,Yes,0.9044943820224719
66031,66031,100,23,195,218,0.10550458715596331,0.8944954128440367,Yes,0.8944954128440367
66032,66032,100,23,188,211,0.10900473933649289,0.8909952606635071,Yes,0.8909952606635071
66033,66033,100,11,95,106,0.10377358490566038,0.8962264150943396,Yes,0.8962264150943396
66034,66034,100,25,214,239,0.10460251046025104,0.895397489539749,Yes,0.895397489539749
66035,66035,100,28,211,239,0.11715481171548117,0.8828451882845189,Yes,0.8828451882845189
66036,66036,100,23,213,236,0.09745762711864407,0.902542372881356,Yes,0.902542372881356
66037,66037,100,21,139,160,0.13125,0.86875,Yes,0.86875
66038,66038,100,20,188,208,0.09615384615384616,0.9038461538461539,Yes,0.9038461538461539
66039,66039,100,12,97,109,0.11009174311926606,0.8899082568807339,Yes,0.8899082568807339
66040,66040,100,2,19,21,0.09523809523809523,0.9047619047619048,Yes,0.9047619047619048
66041,66041,100,26,183,209,0.12440191387559808,0.8755980861244019,Yes,0.8755980861244019
66042,66042,100,2,39,41,0.04878048780487805,0.9512195121951219,Yes,0.9512195121951219
66043,66043,100,12,114,126,0.09523809523809523,0.9047619047619048,Yes,0.9047619047619048
66044,66044,100,14,153,167,0.08383233532934131,0.9161676646706587,Yes,0.9161676646706587
66045,66045,100,42,336,378,0.1111111111111111,0.8888888888888888,Yes,0.8888888888888888
66046,66046,100,25,158,183,0.1366120218579235,0.8633879781420765,Yes,0.8633879781420765
66047,66047,100,23,182,205,0.11219512195121951,0.8878048780487805,Yes,0.8878048780487805
66048,66048,100,23,215,238,0.09663865546218488,0.9033613445378151,Yes,0.9033613445378151
66049,66049,100,23,180,203,0.11330049261083744,0.8866995073891626,Yes,0.8866995073891626
66050,66050,100,17,161,178,0.09550561797752809,0.9044943820224719,Yes,0.9044943820224719
66051,66051,100,39,315,354,0.11016949152542373,0.8898305084745762,Yes,0.8898305084745762
66052,66052,100,25,215,240,0.10416666666666667,0.8958333333333334,Yes,0.8958333333333334
66053,66053,100,37,265,302,0.12251655629139073,0.8774834437086093,Yes,0.8774834437086093
66054,66054,100,27,193,220,0.12272727272727273,0.8772727272727273,Yes,0.8772727272727273
66055,66055,100,32,297,329,0.0972644376899696,0.9027355623100304,Yes,0.9027355623100304
66056,66056,100,5,46,51,0.09803921568627451,0.9019607843137255,Yes,0.9019607843137255
66057,66057,100,27,234,261,0.10344827586206896,0.896551724137931,Yes,0.896551724137931
66058,66058,100,2,93,95,0.021052631578947368,0.9789473684210527,Yes,0.9789473684210527
66059,66059,100,28,251,279,0.1003584229390681,0.899641577060932,Yes,0.899641577060932
66060,66060,100,26,205,231,0.11255411255411256,0.8874458874458875,Yes,0.8874458874458875
66061,66061,100,25,230,255,0.09803921568627451,0.9019607843137255,Yes,0.9019607843137255
66062,66062,100,13,136,149,0.087248322147651,0.912751677852349,Yes,0.912751677852349
66063,66063,100,30,159,189,0.15873015873015872,0.8412698412698413,Yes,0.8412698412698413
66064,66064,100,17,120,137,0.12408759124087591,0.8759124087591241,Yes,0.8759124087591241
66065,66065,100,11,79,90,0.12222222222222222,0.8777777777777778,Yes,0.8777777777777778
66066,66066,100,21,182,203,0.10344827586206896,0.896551724137931,Yes,0.896551724137931
66067,66067,100,27,178,205,0.13170731707317074,0.8682926829268293,Yes,0.8682926829268293
66068,66068,100,19,137,156,0.12179487179487179,0.8782051282051282,Yes,0.8782051282051282
66069,66069,100,22,234,256,0.0859375,0.9140625,Yes,0.9140625
66070,66070,100,5,35,40,0.125,0.875,Yes,0.875
66071,66071,100,19,99,118,0.16101694915254236,0.8389830508474576,Yes,0.8389830508474576
66072,66072,100,21,183,204,0.10294117647058823,0.8970588235294118,Yes,0.8970588235294118
66073,66073,100,30,221,251,0.11952191235059761,0.8804780876494024,Yes,0.8804780876494024
66074,66074,100,25,204,229,0.1091703056768559,0.8908296943231441,Yes,0.8908296943231441
66075,66075,100,12,187,199,0.06030150753768844,0.9396984924623115,Yes,0.9396984924623115
66076,66076,100,37,212,249,0.14859437751004015,0.8514056224899599,Yes,0.8514056224899599
66077,66077,100,30,245,275,0.10909090909090909,0.8909090909090909,Yes,0.8909090909090909
66078,66078,100,23,242,265,0.08679245283018867,0.9132075471698113,Yes,0.9132075471698113
66079,66079,100,38,314,352,0.10795454545454546,0.8920454545454546,Yes,0.8920454545454546
66080,66080,100,44,286,330,0.13333333333333333,0.8666666666666667,Yes,0.8666666666666667
66081,66081,100,31,260,291,0.10652920962199312,0.8934707903780069,Yes,0.8934707903780069
66082,66082,100,12,189,201,0.05970149253731343,0.9402985074626866,Yes,0.9402985074626866
66083,66083,100,17,165,182,0.09340659340659341,0.9065934065934066,Yes,0.9065934065934066
66084,66084,100,38,285,323,0.11764705882352941,0.8823529411764706,Yes,0.8823529411764706
66085,66085,100,37,242,279,0.13261648745519714,0.8673835125448028,Yes,0.8673835125448028
66086,66086,100,42,225,267,0.15730337078651685,0.8426966292134831,Yes,0.8426966292134831
66087,66087,100,25,235,260,0.09615384615384616,0.9038461538461539,Yes,0.9038461538461539
66088,66088,100,27,151,178,0.15168539325842698,0.848314606741573,Yes,0.848314606741573
66089,66089,100,22,159,181,0.12154696132596685,0.8784530386740331,Yes,0.8784530386740331
66090,66090,100,10,100,110,0.09090909090909091,0.9090909090909091,Yes,0.9090909090909091
66091,66091,100,21,97,118,0.17796610169491525,0.8220338983050848,Yes,0.8220338983050848
66092,66092,100,2,68,70,0.02857142857142857,0.9714285714285714,Yes,0.9714285714285714
66093,66093,100,11,150,161,0.06832298136645963,0.9316770186335404,Yes,0.9316770186335404
66094,66094,100,2,50,52,0.038461538461538464,0.9615384615384616,Yes,0.9615384615384616
66095,66095,100,10,126,136,0.07352941176470588,0.9264705882352942,Yes,0.9264705882352942
66200,66200,100,0,0,0,0,0,n/a,0
66201,66201,100,0,0,0,0,0,n/a,0
66202,66202,100,0,0,0,0,0,n/a,0
67001,67001,100,7,114,121,0.05785123966942149,0.9421487603305785,Yes,0.9421487603305785
67002,67002,100,8,182,190,0.042105263157894736,0.9578947368421052,Yes,0.9578947368421052
67003,67003,100,27,197,224,0.12053571428571429,0.8794642857142857,Yes,0.8794642857142857
67004,67004,100,14,116,130,0.1076923076923077,0.8923076923076924,Yes,0.8923076923076924
67005,67005,100,18,121,139,0.12949640287769784,0.8705035971223022,Yes,0.8705035971223022
67006,67006,100,22,199,221,0.09954751131221719,0.9004524886877828,Yes,0.9004524886877828
67007,67007,100,22,92,114,0.19298245614035087,0.8070175438596491,Yes,0.8070175438596491
67008,67008,100,14,151,165,0.08484848484848485,0.9151515151515152,Yes,0.9151515151515152
67009,67009,100,20,117,137,0.145985401459854,0.8540145985401459,Yes,0.8540145985401459
67010,67010,100,20,250,270,0.07407407407407407,0.9259259259259259,Yes,0.9259259259259259
67011,67011,100,10,89,99,0.10101010101010101,0.898989898989899,Yes,0.898989898989899
67012,67012,100,11,64,75,0.14666666666666667,0.8533333333333334,Yes,0.8533333333333334
67013,67013,100,21,215,236,0.08898305084745763,0.9110169491525424,Yes,0.9110169491525424
67014,67014,100,28,215,243,0.11522633744855967,0.8847736625514403,Yes,0.8847736625514403
67015,67015,100,22,206,228,0.09649122807017543,0.9035087719298246,Yes,0.9035087719298246
67016,67016,100,15,161,176,0.08522727272727272,0.9147727272727273,Yes,0.9147727272727273
67017,67017,100,24,139,163,0.147239263803681,0.852760736196319,Yes,0.852760736196319
67018,67018,100,18,214,232,0.07758620689655173,0.9224137931034483,Yes,0.9224137931034483
67019,67019,100,14,154,168,0.08333333333333333,0.9166666666666666,Yes,0.9166666666666666
67020,67020,100,13,61,74,0.17567567567567569,0.8243243243243243,Yes,0.8243243243243243
67021,67021,100,15,180,195,0.07692307692307693,0.9230769230769231,Yes,0.9230769230769231
67022,67022,100,21,173,194,0.10824742268041238,0.8917525773195877,Yes,0.8917525773195877
67023,67023,100,35,256,291,0.12027491408934708,0.8797250859106529,Yes,0.8797250859106529
67024,67024,100,8,112,120,0.06666666666666667,0.9333333333333333,Yes,0.9333333333333333
67025,67025,100,17,59,76,0.2236842105263158,0.7763157894736842,Yes,0.7763157894736842
67026,67026,100,16,50,66,0.24242424242424243,0.7575757575757576,Yes,0.7575757575757576
67027,67027,100,18,59,77,0.23376623376623376,0.7662337662337663,Yes,0.7662337662337663
67028,67028,100,28,195,223,0.12556053811659193,0.874439461883408,Yes,0.874439461883408
67029,67029,100,7,22,29,0.2413793103448276,0.7586206896551724,Yes,0.7586206896551724
67030,67030,100,9,75,84,0.10714285714285714,0.8928571428571429,Yes,0.8928571428571429
67031,67031,100,30,252,282,0.10638297872340426,0.8936170212765957,Yes,0.8936170212765957
67032,67032,100,27,243,270,0.1,0.9,Yes,0.9
67033,67033,100,19,168,187,0.10160427807486631,0.8983957219251337,Yes,0.8983957219251337
67034,67034,100,4,84,88,0.045454545454545456,0.9545454545454546,Yes,0.9545454545454546
67035,67035,100,26,167,193,0.13471502590673576,0.8652849740932642,Yes,0.8652849740932642
67036,67036,100,12,127,139,0.08633093525179857,0.9136690647482014,Yes,0.9136690647482014
67037,67037,100,18,244,262,0.06870229007633588,0.9312977099236641,Yes,0.9312977099236641
67038,67038,100,22,135,157,0.14012738853503184,0.8598726114649682,Yes,0.8598726114649682
67039,67039,100,26,185,211,0.12322274881516587,0.8767772511848341,Yes,0.8767772511848341
67040,67040,100,12,146,158,0.0759493670886076,0.9240506329113924,Yes,0.9240506329113924
67041,67041,100,18,190,208,0.08653846153846154,0.9134615384615384,Yes,0.9134615384615384
67042,67042,100,65,446,511,0.12720156555772993,0.87279843444227,Yes,0.87279843444227
67043,67043,100,90,368,458,0.1965065502183406,0.8034934497816594,Yes,0.8034934497816594
67044,67044,100,21,169,190,0.11052631578947368,0.8894736842105263,Yes,0.8894736842105263
67045,67045,100,23,184,207,0.1111111111111111,0.8888888888888888,Yes,0.8888888888888888
67046,67046,100,55,320,375,0.14666666666666667,0.8533333333333334,Yes,0.8533333333333334
67047,67047,100,10,160,170,0.058823529411764705,0.9411764705882353,Yes,0.9411764705882353
67048,67048,100,57,366,423,0.1347517730496454,0.8652482269503546,Yes,0.8652482269503546
67049,67049,100,22,203,225,0.09777777777777778,0.9022222222222223,Yes,0.9022222222222223
67050,67050,100,27,281,308,0.08766233766233766,0.9123376623376623,Yes,0.9123376623376623
67051,67051,100,2,22,24,0.08333333333333333,0.9166666666666666,Yes,0.9166666666666666
67052,67052,100,35,221,256,0.13671875,0.86328125,Yes,0.86328125
67053,67053,100,22,208,230,0.09565217391304348,0.9043478260869565,Yes,0.9043478260869565
67054,67054,100,20,168,188,0.10638297872340426,0.8936170212765957,Yes,0.8936170212765957
67055,67055,100,18,124,142,0.1267605633802817,0.8732394366197183,Yes,0.8732394366197183
67056,67056,100,26,198,224,0.11607142857142858,0.8839285714285714,Yes,0.8839285714285714
67057,67057,100,37,226,263,0.14068441064638784,0.8593155893536122,Yes,0.8593155893536122
67058,67058,100,27,164,191,0.14136125654450263,0.8586387434554974,Yes,0.8586387434554974
67059,67059,100,39,268,307,0.1270358306188925,0.8729641693811075,Yes,0.8729641693811075
67060,67060,100,23,226,249,0.09236947791164658,0.9076305220883534,Yes,0.9076305220883534
67061,67061,100,34,208,242,0.14049586776859505,0.859504132231405,Yes,0.859504132231405
67062,67062,100,19,173,192,0.09895833333333333,0.9010416666666666,Yes,0.9010416666666666
67063,67063,100,12,162,174,0.06896551724137931,0.9310344827586207,Yes,0.9310344827586207
67064,67064,100,15,171,186,0.08064516129032258,0.9193548387096774,Yes,0.9193548387096774
67065,67065,100,30,215,245,0.12244897959183673,0.8775510204081632,Yes,0.8775510204081632
67066,67066,100,30,182,212,0.14150943396226415,0.8584905660377359,Yes,0.8584905660377359
67067,67067,100,31,283,314,0.09872611464968153,0.9012738853503185,Yes,0.9012738853503185
67068,67068,100,27,284,311,0.08681672025723473,0.9131832797427653,Yes,0.9131832797427653
67069,67069,100,42,293,335,0.1253731343283582,0.8746268656716418,Yes,0.8746268656716418
67070,67070,100,16,179,195,0.08205128205128205,0.9179487179487179,Yes,0.9179487179487179
67071,67071,100,17,182,199,0.08542713567839195,0.914572864321608,Yes,0.914572864321608
67072,67072,100,42,257,299,0.14046822742474915,0.8595317725752508,Yes,0.8595317725752508
67073,67073,100,17,149,166,0.10240963855421686,0.8975903614457831,Yes,0.8975903614457831
67074,67074,100,35,235,270,0.12962962962962962,0.8703703703703703,Yes,0.8703703703703703
67075,67075,100,19,181,200,0.095,0.905,Yes,0.905
67076,67076,100,32,317,349,0.09169054441260745,0.9083094555873925,Yes,0.9083094555873925
67077,67077,100,17,183,200,0.085,0.915,Yes,0.915
67078,67078,100,21,226,247,0.08502024291497975,0.9149797570850202,Yes,0.9149797570850202
67079,67079,100,19,180,199,0.09547738693467336,0.9045226130653267,Yes,0.9045226130653267
67080,67080,100,36,286,322,0.11180124223602485,0.8881987577639752,Yes,0.8881987577639752
67081,67081,100,30,206,236,0.1271186440677966,0.8728813559322034,Yes,0.8728813559322034
67082,67082,100,23,158,181,0.1270718232044199,0.8729281767955801,Yes,0.8729281767955801
67083,67083,100,25,237,262,0.09541984732824428,0.9045801526717557,Yes,0.9045801526717557
67084,67084,100,15,107,122,0.12295081967213115,0.8770491803278688,Yes,0.8770491803278688
67085,67085,100,30,248,278,0.1079136690647482,0.8920863309352518,Yes,0.8920863309352518
67086,67086,100,35,327,362,0.09668508287292818,0.9033149171270718,Yes,0.9033149171270718
67087,67087,100,34,246,280,0.12142857142857143,0.8785714285714286,Yes,0.8785714285714286
67088,67088,100,38,272,310,0.12258064516129032,0.8774193548387097,Yes,0.8774193548387097
67089,67089,100,39,251,290,0.13448275862068965,0.8655172413793103,Yes,0.8655172413793103
67090,67090,100,28,239,267,0.10486891385767791,0.8951310861423221,Yes,0.8951310861423221
67091,67091,100,31,251,282,0.1099290780141844,0.8900709219858156,Yes,0.8900709219858156
67092,67092,100,35,250,285,0.12280701754385964,0.8771929824561403,Yes,0.8771929824561403
67093,67093,100,20,177,197,0.10152284263959391,0.8984771573604061,Yes,0.8984771573604061
67094,67094,100,23,212,235,0.09787234042553192,0.902127659574468,Yes,0.902127659574468
67095,67095,100,35,155,190,0.18421052631578946,0.8157894736842105,Yes,0.8157894736842105
67096,67096,100,21,194,215,0.09767441860465116,0.9023255813953488,Yes,0.9023255813953488
67097,67097,100,19,174,193,0.09844559585492228,0.9015544041450777,Yes,0.9015544041450777
67098,67098,100,23,216,239,0.09623430962343096,0.9037656903765691,Yes,0.9037656903765691
67099,67099,100,24,154,178,0.1348314606741573,0.8651685393258427,Yes,0.8651685393258427
67100,67100,100,0,2,2,0.0,1.0,Yes,1.0
67101,67101,100,5,45,50,0.1,0.9,Yes,0.9
67200,67200,100,0,0,0,0,0,n/a,0
67201,67201,100,0,0,0,0,0,n/a,0
67202,67202,100,0,0,0,0,0,n/a,0
68001,68001,100,37,119,156,0.23717948717948717,0.7628205128205128,Yes,0.7628205128205128
68002,68002,100,26,87,113,0.23008849557522124,0.7699115044247787,Yes,0.7699115044247787
68003,68003,100,21,122,143,0.14685314685314685,0.8531468531468531,Yes,0.8531468531468531
68004,68004,100,20,191,211,0.0947867298578199,0.9052132701421801,Yes,0.9052132701421801
68005,68005,100,15,157,172,0.0872093023255814,0.9127906976744186,Yes,0.9127906976744186
68006,68006,100,9,44,53,0.16981132075471697,0.8301886792452831,Yes,0.8301886792452831
68007,68007,100,18,107,125,0.144,0.856,Yes,0.856
68008,68008,100,40,201,241,0.16597510373443983,0.8340248962655602,Yes,0.8340248962655602
68009,68009,100,15,151,166,0.09036144578313253,0.9096385542168675,Yes,0.9096385542168675
68010,68010,100,10,166,176,0.056818181818181816,0.9431818181818182,Yes,0.9431818181818182
68011,68011,100,27,220,247,0.10931174089068826,0.8906882591093117,Yes,0.8906882591093117
68012,68012,100,15,122,137,0.10948905109489052,0.8905109489051095,Yes,0.8905109489051095
68013,68013,100,9,43,52,0.17307692307692307,0.8269230769230769,Yes,0.8269230769230769
68014,68014,100,15,98,113,0.13274336283185842,0.8672566371681416,Yes,0.8672566371681416
68015,68015,100,27,143,170,0.1588235294117647,0.8411764705882353,Yes,0.8411764705882353
68016,68016,100,8,40,48,0.16666666666666666,0.8333333333333334,Yes,0.8333333333333334
68017,68017,100,14,43,57,0.24561403508771928,0.7543859649122807,Yes,0.7543859649122807
68018,68018,100,10,83,93,0.10752688172043011,0.8924731182795699,Yes,0.8924731182795699
68019,68019,100,14,56,70,0.2,0.8,Yes,0.8
68020,68020,100,10,44,54,0.18518518518518517,0.8148148148148148,Yes,0.8148148148148148
68021,68021,100,11,23,34,0.3235294117647059,0.6764705882352942,Yes,0.6764705882352942
68022,68022,100,7,38,45,0.15555555555555556,0.8444444444444444,Yes,0.8444444444444444
68023,68023,100,21,64,85,0.24705882352941178,0.7529411764705882,Yes,0.7529411764705882
68024,68024,100,12,38,50,0.24,0.76,Yes,0.76
68025,68025,100,10,66,76,0.13157894736842105,0.868421052631579,Yes,0.868421052631579
68026,68026,100,13,63,76,0.17105263157894737,0.8289473684210527,Yes,0.8289473684210527
68027,68027,100,9,51,60,0.15,0.85,Yes,0.85
68028,68028,100,6,66,72,0.08333333333333333,0.9166666666666666,Yes,0.9166666666666666
68029,68029,100,5,19,24,0.20833333333333334,0.7916666666666666,Yes,0.7916666666666666
68030,68030,100,9,24,33,0.2727272727272727,0.7272727272727273,Yes,0.7272727272727273
68031,68031,100,24,99,123,0.1951219512195122,0.8048780487804879,Yes,0.8048780487804879
68032,68032,100,9,24,33,0.2727272727272727,0.7272727272727273,Yes,0.7272727272727273
68033,68033,100,34,153,187,0.18181818181818182,0.8181818181818182,Yes,0.8181818181818182
68034,68034,100,27,109,136,0.19852941176470587,0.8014705882352942,Yes,0.8014705882352942
68035,68035,100,7,21,28,0.25,0.75,Yes,0.75
68036,68036,100,9,54,63,0.14285714285714285,0.8571428571428571,Yes,0.8571428571428571
68037,68037,100,17,99,116,0.14655172413793102,0.853448275862069,Yes,0.853448275862069
68038,68038,100,11,27,38,0.2894736842105263,0.7105263157894737,Yes,0.7105263157894737
68039,68039,100,13,51,64,0.203125,0.796875,Yes,0.796875
68040,68040,100,22,90,112,0.19642857142857142,0.8035714285714286,Yes,0.8035714285714286
68041,68041,100,32,134,166,0.1927710843373494,0.8072289156626506,Yes,0.8072289156626506
68042,68042,100,31,78,109,0.28440366972477066,0.7155963302752294,Yes,0.7155963302752294
68043,68043,100,17,123,140,0.12142857142857143,0.8785714285714286,Yes,0.8785714285714286
68044,68044,100,10,28,38,0.2631578947368421,0.7368421052631579,Yes,0.7368421052631579
68045,68045,100,2,17,19,0.10526315789473684,0.8947368421052632,Yes,0.8947368421052632
68046,68046,100,6,49,55,0.10909090909090909,0.8909090909090909,Yes,0.8909090909090909
68047,68047,100,11,33,44,0.25,0.75,Yes,0.75
68048,68048,100,8,41,49,0.16326530612244897,0.8367346938775511,Yes,0.8367346938775511
68049,68049,100,9,45,54,0.16666666666666666,0.8333333333333334,Yes,0.8333333333333334
68050,68050,100,23,115,138,0.16666666666666666,0.8333333333333334,Yes,0.8333333333333334
68051,68051,100,25,76,101,0.24752475247524752,0.7524752475247525,Yes,0.7524752475247525
68052,68052,100,28,102,130,0.2153846153846154,0.7846153846153846,Yes,0.7846153846153846
68053,68053,100,27,79,106,0.25471698113207547,0.7452830188679245,Yes,0.7452830188679245
68054,68054,100,18,86,104,0.17307692307692307,0.8269230769230769,Yes,0.8269230769230769
68055,68055,100,3,50,53,0.05660377358490566,0.9433962264150944,Yes,0.9433962264150944
68056,68056,100,6,47,53,0.11320754716981132,0.8867924528301887,Yes,0.8867924528301887
68057,68057,100,64,117,181,0.35359116022099446,0.6464088397790055,Yes,0.6464088397790055
68058,68058,100,19,50,69,0.2753623188405797,0.7246376811594203,Yes,0.7246376811594203
68059,68059,100,30,89,119,0.25210084033613445,0.7478991596638656,Yes,0.7478991596638656
68060,68060,100,21,77,98,0.21428571428571427,0.7857142857142857,Yes,0.7857142857142857
68061,68061,100,36,84,120,0.3,0.7,Yes,0.7
68062,68062,100,10,66,76,0.13157894736842105,0.868421052631579,Yes,0.868421052631579
68063,68063,100,23,71,94,0.24468085106382978,0.7553191489361702,Yes,0.7553191489361702
68064,68064,100,4,58,62,0.06451612903225806,0.9354838709677419,Yes,0.9354838709677419
68065,68065,100,9,49,58,0.15517241379310345,0.8448275862068966,Yes,0.8448275862068966
68066,68066,100,18,50,68,0.2647058823529412,0.7352941176470589,Yes,0.7352941176470589
68067,68067,100,14,23,37,0.3783783783783784,0.6216216216216216,Yes,0.6216216216216216
68068,68068,100,7,12,19,0.3684210526315789,0.631578947368421,Yes,0.631578947368421
68069,68069,100,21,24,45,0.4666666666666667,0.5333333333333333,Yes,0.5333333333333333
68070,68070,100,11,35,46,0.2391304347826087,0.7608695652173914,Yes,0.7608695652173914
68071,68071,100,5,55,60,0.08333333333333333,0.9166666666666666,Yes,0.9166666666666666
68072,68072,100,4,36,40,0.1,0.9,Yes,0.9
68073,68073,100,6,57,63,0.09523809523809523,0.9047619047619048,Yes,0.9047619047619048
68074,68074,100,13,81,94,0.13829787234042554,0.8617021276595744,Yes,0.8617021276595744
68075,68075,100,14,96,110,0.12727272727272726,0.8727272727272727,Yes,0.8727272727272727
68076,68076,100,6,82,88,0.06818181818181818,0.9318181818181818,Yes,0.9318181818181818
68077,68077,100,6,51,57,0.10526315789473684,0.8947368421052632,Yes,0.8947368421052632
68078,68078,100,30,131,161,0.18633540372670807,0.8136645962732919,Yes,0.8136645962732919
68079,68079,100,14,73,87,0.16091954022988506,0.8390804597701149,Yes,0.8390804597701149
68080,68080,100,26,202,228,0.11403508771929824,0.8859649122807017,Yes,0.8859649122807017
68081,68081,100,7,44,51,0.13725490196078433,0.8627450980392157,Yes,0.8627450980392157
68082,68082,100,34,127,161,0.2111801242236025,0.7888198757763976,Yes,0.7888198757763976
68083,68083,100,19,99,118,0.16101694915254236,0.8389830508474576,Yes,0.8389830508474576
68084,68084,100,22,57,79,0.27848101265822783,0.7215189873417721,Yes,0.7215189873417721
68085,68085,100,51,65,116,0.4396551724137931,0.5603448275862069,Yes,0.5603448275862069
68086,68086,100,6,12,18,0.3333333333333333,0.6666666666666666,Yes,0.6666666666666666
68087,68087,100,15,117,132,0.11363636363636363,0.8863636363636364,Yes,0.8863636363636364
68088,68088,100,10,34,44,0.22727272727272727,0.7727272727272727,Yes,0.7727272727272727
68089,68089,100,24,105,129,0.18604651162790697,0.813953488372093,Yes,0.813953488372093
68090,68090,100,8,25,33,0.24242424242424243,0.7575757575757576,Yes,0.7575757575757576
68091,68091,100,12,35,47,0.2553191489361702,0.7446808510638298,Yes,0.7446808510638298
68092,68092,100,9,67,76,0.11842105263157894,0.881578947368421,Yes,0.881578947368421
68093,68093,100,19,120,139,0.1366906474820144,0.8633093525179856,Yes,0.8633093525179856
68094,68094,100,3,8,11,0.2727272727272727,0.7272727272727273,Yes,0.7272727272727273
68095,68095,100,0,0,0,0,0,n/a,0
68096,68096,100,0,0,0,0,0,n/a,0
68097,68097,100,6,35,41,0.14634146341463414,0.8536585365853658,Yes,0.8536585365853658
68098,68098,100,8,44,52,0.15384615384615385,0.8461538461538461,Yes,0.8461538461538461
68099,68099,100,5,13,18,0.2777777777777778,0.7222222222222222,Yes,0.7222222222222222
68100,68100,100,29,68,97,0.29896907216494845,0.7010309278350515,Yes,0.7010309278350515
68101,68101,100,6,34,40,0.15,0.85,Yes,0.85
68200,68200,100,0,0,0,0,0,n/a,0
68201,68201,100,0,0,0,0,0,n/a,0
68202,68202,100,0,0,0,0,0,n/a,0
68203,68203,100,0,0,0,0,0,n/a,0
68204,68204,100,0,0,0,0,0,n/a,0
68205,68205,100,0,0,0,0,0,n/a,0
68206,68206,100,0,0,0,0,0,n/a,0
68207,68207,100,0,0,0,0,0,n/a,0
69001,69001,100,15,175,190,0.07894736842105263,0.9210526315789473,Yes,0.9210526315789473
69002,69002,100,13,116,129,0.10077519379844961,0.8992248062015504,Yes,0.8992248062015504
69003,69003,100,24,207,231,0.1038961038961039,0.8961038961038961,Yes,0.8961038961038961
69004,69004,100,19,219,238,0.07983193277310924,0.9201680672268907,Yes,0.9201680672268907
69005,69005,100,26,199,225,0.11555555555555555,0.8844444444444445,Yes,0.8844444444444445
69006,69006,100,36,254,290,0.12413793103448276,0.8758620689655172,Yes,0.8758620689655172
69007,69007,100,14,215,229,0.0611353711790393,0.9388646288209607,Yes,0.9388646288209607
69008,69008,100,0,0,0,0,0,n/a,0
69009,69009,100,26,214,240,0.10833333333333334,0.8916666666666667,Yes,0.8916666666666667
69010,69010,100,42,282,324,0.12962962962962962,0.8703703703703703,Yes,0.8703703703703703
69011,69011,100,26,250,276,0.09420289855072464,0.9057971014492754,Yes,0.9057971014492754
69012,69012,100,29,208,237,0.12236286919831224,0.8776371308016878,Yes,0.8776371308016878
69013,69013,100,21,179,200,0.105,0.895,Yes,0.895
69014,69014,100,22,137,159,0.13836477987421383,0.8616352201257862,Yes,0.8616352201257862
69015,69015,100,39,240,279,0.13978494623655913,0.8602150537634409,Yes,0.8602150537634409
69016,69016,100,20,167,187,0.10695187165775401,0.893048128342246,Yes,0.893048128342246
69017,69017,100,27,169,196,0.1377551020408163,0.8622448979591837,Yes,0.8622448979591837
69018,69018,100,49,289,338,0.14497041420118342,0.8550295857988166,Yes,0.8550295857988166
69019,69019,100,25,156,181,0.13812154696132597,0.861878453038674,Yes,0.861878453038674
69020,69020,100,40,264,304,0.13157894736842105,0.868421052631579,Yes,0.868421052631579
69021,69021,100,29,150,179,0.16201117318435754,0.8379888268156425,Yes,0.8379888268156425
69022,69022,100,21,226,247,0.08502024291497975,0.9149797570850202,Yes,0.9149797570850202
69023,69023,100,9,145,154,0.05844155844155844,0.9415584415584416,Yes,0.9415584415584416
69024,69024,100,31,193,224,0.13839285714285715,0.8616071428571429,Yes,0.8616071428571429
69025,69025,100,31,207,238,0.13025210084033614,0.8697478991596639,Yes,0.8697478991596639
69026,69026,100,25,216,241,0.1037344398340249,0.8962655601659751,Yes,0.8962655601659751
69027,69027,100,15,96,111,0.13513513513513514,0.8648648648648649,Yes,0.8648648648648649
69028,69028,100,21,72,93,0.22580645161290322,0.7741935483870968,Yes,0.7741935483870968
69029,69029,100,40,269,309,0.12944983818770225,0.8705501618122977,Yes,0.8705501618122977
69030,69030,100,32,234,266,0.12030075187969924,0.8796992481203008,Yes,0.8796992481203008
69031,69031,100,41,222,263,0.155893536121673,0.844106463878327,Yes,0.844106463878327
69032,69032,100,56,251,307,0.18241042345276873,0.8175895765472313,Yes,0.8175895765472313
69033,69033,100,41,280,321,0.1277258566978193,0.8722741433021807,Yes,0.8722741433021807
69034,69034,100,30,236,266,0.11278195488721804,0.8872180451127819,Yes,0.8872180451127819
69035,69035,100,11,102,113,0.09734513274336283,0.9026548672566371,Yes,0.9026548672566371
69036,69036,100,2,28,30,0.06666666666666667,0.9333333333333333,Yes,0.9333333333333333
69037,69037,100,17,124,141,0.12056737588652482,0.8794326241134752,Yes,0.8794326241134752
69038,69038,100,25,197,222,0.11261261261261261,0.8873873873873874,Yes,0.8873873873873874
69039,69039,100,35,237,272,0.12867647058823528,0.8713235294117647,Yes,0.8713235294117647
69040,69040,100,27,230,257,0.10505836575875487,0.8949416342412452,Yes,0.8949416342412452
69041,69041,100,34,288,322,0.10559006211180125,0.8944099378881988,Yes,0.8944099378881988
69042,69042,100,40,252,292,0.136986301369863,0.863013698630137,Yes,0.863013698630137
69043,69043,100,46,222,268,0.17164179104477612,0.8283582089552238,Yes,0.8283582089552238
69044,69044,100,21,217,238,0.08823529411764706,0.9117647058823529,Yes,0.9117647058823529
69045,69045,100,47,303,350,0.13428571428571429,0.8657142857142858,Yes,0.8657142857142858
69046,69046,100,31,296,327,0.09480122324159021,0.9051987767584098,Yes,0.9051987767584098
69047,69047,100,23,242,265,0.08679245283018867,0.9132075471698113,Yes,0.9132075471698113
69048,69048,100,31,216,247,0.12550607287449392,0.8744939271255061,Yes,0.8744939271255061
69049,69049,100,29,258,287,0.10104529616724739,0.8989547038327527,Yes,0.8989547038327527
69050,69050,100,18,228,246,0.07317073170731707,0.926829268292683,Yes,0.926829268292683
69051,69051,100,16,165,181,0.08839779005524862,0.9116022099447514,Yes,0.9116022099447514
69052,69052,100,11,176,187,0.058823529411764705,0.9411764705882353,Yes,0.9411764705882353
69053,69053,100,15,41,56,0.26785714285714285,0.7321428571428571,Yes,0.7321428571428571
69054,69054,100,26,127,153,0.16993464052287582,0.8300653594771242,Yes,0.8300653594771242
69055,69055,100,30,208,238,0.12605042016806722,0.8739495798319328,Yes,0.8739495798319328
69056,69056,100,9,40,49,0.1836734693877551,0.8163265306122449,Yes,0.8163265306122449
69057,69057,100,15,85,100,0.15,0.85,Yes,0.85
69058,69058,100,9,137,146,0.06164383561643835,0.9383561643835616,Yes,0.9383561643835616
69059,69059,100,11,90,101,0.10891089108910891,0.8910891089108911,Yes,0.8910891089108911
69060,69060,100,20,198,218,0.09174311926605505,0.908256880733945,Yes,0.908256880733945
69061,69061,100,18,235,253,0.07114624505928854,0.9288537549407114,Yes,0.9288537549407114
69062,69062,100,19,184,203,0.09359605911330049,0.9064039408866995,Yes,0.9064039408866995
69063,69063,100,24,317,341,0.07038123167155426,0.9296187683284457,Yes,0.9296187683284457
69064,69064,100,31,258,289,0.10726643598615918,0.8927335640138409,Yes,0.8927335640138409
69065,69065,100,27,211,238,0.1134453781512605,0.8865546218487395,Yes,0.8865546218487395
69066,69066,100,9,71,80,0.1125,0.8875,Yes,0.8875
69067,69067,100,12,69,81,0.14814814814814814,0.8518518518518519,Yes,0.8518518518518519
69068,69068,100,37,139,176,0.21022727272727273,0.7897727272727273,Yes,0.7897727272727273
69069,69069,100,29,233,262,0.11068702290076336,0.8893129770992366,Yes,0.8893129770992366
69070,69070,100,10,50,60,0.16666666666666666,0.8333333333333334,Yes,0.8333333333333334
69071,69071,100,13,80,93,0.13978494623655913,0.8602150537634409,Yes,0.8602150537634409
69072,69072,100,37,320,357,0.10364145658263306,0.896358543417367,Yes,0.896358543417367
69073,69073,100,28,276,304,0.09210526315789473,0.9078947368421053,Yes,0.9078947368421053
69074,69074,100,16,94,110,0.14545454545454545,0.8545454545454545,Yes,0.8545454545454545
69075,69075,100,27,138,165,0.16363636363636364,0.8363636363636363,Yes,0.8363636363636363
69076,69076,100,11,116,127,0.08661417322834646,0.9133858267716536,Yes,0.9133858267716536
69077,69077,100,21,216,237,0.08860759493670886,0.9113924050632911,Yes,0.9113924050632911
69078,69078,100,15,200,215,0.06976744186046512,0.9302325581395349,Yes,0.9302325581395349
69079,69079,100,10,148,158,0.06329113924050633,0.9367088607594937,Yes,0.9367088607594937
69080,69080,100,17,106,123,0.13821138211382114,0.8617886178861789,Yes,0.8617886178861789
69081,69081,100,38,146,184,0.20652173913043478,0.7934782608695652,Yes,0.7934782608695652
69082,69082,100,24,106,130,0.18461538461538463,0.8153846153846154,Yes,0.8153846153846154
69083,69083,100,31,91,122,0.2540983606557377,0.7459016393442623,Yes,0.7459016393442623
69084,69084,100,24,152,176,0.13636363636363635,0.8636363636363636,Yes,0.8636363636363636
69085,69085,100,22,167,189,0.1164021164021164,0.8835978835978836,Yes,0.8835978835978836
69086,69086,100,35,334,369,0.0948509485094851,0.9051490514905149,Yes,0.9051490514905149
69087,69087,100,28,259,287,0.0975609756097561,0.9024390243902439,Yes,0.9024390243902439
69088,69085,100,0,0,0,0,0,n/a,0
69089,69089,100,2,42,44,0.045454545454545456,0.9545454545454546,Yes,0.9545454545454546
69090,69090,100,18,166,184,0.09782608695652174,0.9021739130434783,Yes,0.9021739130434783
69091,69091,100,21,163,184,0.11413043478260869,0.8858695652173914,Yes,0.8858695652173914
69092,69092,100,15,189,204,0.07352941176470588,0.9264705882352942,Yes,0.9264705882352942
69093,69093,100,30,357,387,0.07751937984496124,0.9224806201550387,Yes,0.9224806201550387
69094,69094,100,11,121,132,0.08333333333333333,0.9166666666666666,Yes,0.9166666666666666
69095,69095,100,23,251,274,0.08394160583941605,0.916058394160584,Yes,0.916058394160584
69096,69096,100,0,17,17,0.0,1.0,Yes,1.0
69097,69097,100,17,163,180,0.09444444444444444,0.9055555555555556,Yes,0.9055555555555556
69098,69098,100,28,158,186,0.15053763440860216,0.8494623655913979,Yes,0.8494623655913979
69099,69099,100,41,333,374,0.10962566844919786,0.8903743315508021,Yes,0.8903743315508021
69100,69100,100,14,90,104,0.1346153846153846,0.8653846153846154,Yes,0.8653846153846154
69101,69101,100,18,46,64,0.28125,0.71875,Yes,0.71875
69102,69102,100,28,74,102,0.27450980392156865,0.7254901960784313,Yes,0.7254901960784313
69103,69103,100,8,38,46,0.17391304347826086,0.8260869565217391,Yes,0.8260869565217391
69104,69104,100,2,58,60,0.03333333333333333,0.9666666666666667,Yes,0.9666666666666667
69200,69200,100,0,0,0,0,0,n/a,0
69201,69201,100,0,0,0,0,0,n/a,0
69202,69202,100,0,0,0,0,0,n/a,0
69203,69203,100,0,0,0,0,0,n/a,0
70001,70001,100,18,147,165,0.10909090909090909,0.8909090909090909,Yes,0.8909090909090909
70002,70002,100,21,114,135,0.15555555555555556,0.8444444444444444,Yes,0.8444444444444444
70003,70003,100,22,102,124,0.1774193548387097,0.8225806451612904,Yes,0.8225806451612904
70004,70004,100,37,148,185,0.2,0.8,Yes,0.8
70005,70005,100,27,223,250,0.108,0.892,Yes,0.892
70006,70006,100,21,132,153,0.13725490196078433,0.8627450980392157,Yes,0.8627450980392157
70007,70007,100,18,97,115,0.1565217391304348,0.8434782608695652,Yes,0.8434782608695652
70008,70008,100,25,128,153,0.16339869281045752,0.8366013071895425,Yes,0.8366013071895425
70009,70009,100,33,218,251,0.13147410358565736,0.8685258964143426,Yes,0.8685258964143426
70010,70010,100,28,170,198,0.1414141414141414,0.8585858585858586,Yes,0.8585858585858586
70011,70011,100,22,146,168,0.13095238095238096,0.8690476190476191,Yes,0.8690476190476191
70012,70012,100,14,153,167,0.08383233532934131,0.9161676646706587,Yes,0.9161676646706587
70013,70013,100,19,93,112,0.16964285714285715,0.8303571428571429,Yes,0.8303571428571429
70014,70014,100,13,141,154,0.08441558441558442,0.9155844155844156,Yes,0.9155844155844156
70015,70015,100,18,99,117,0.15384615384615385,0.8461538461538461,Yes,0.8461538461538461
70016,70016,100,40,163,203,0.19704433497536947,0.8029556650246306,Yes,0.8029556650246306
70017,70017,100,30,118,148,0.20270270270270271,0.7972972972972973,Yes,0.7972972972972973
70018,70018,100,9,87,96,0.09375,0.90625,Yes,0.90625
70019,70019,100,34,262,296,0.11486486486486487,0.8851351351351351,Yes,0.8851351351351351
70020,70020,100,27,175,202,0.13366336633663367,0.8663366336633663,Yes,0.8663366336633663
70021,70021,100,22,136,158,0.13924050632911392,0.8607594936708861,Yes,0.8607594936708861
70022,70022,100,20,177,197,0.10152284263959391,0.8984771573604061,Yes,0.8984771573604061
70023,70023,100,30,178,208,0.14423076923076922,0.8557692307692307,Yes,0.8557692307692307
70024,70024,100,28,180,208,0.1346153846153846,0.8653846153846154,Yes,0.8653846153846154
70025,70025,100,22,100,122,0.18032786885245902,0.819672131147541,Yes,0.819672131147541
70026,70026,100,25,157,182,0.13736263736263737,0.8626373626373627,Yes,0.8626373626373627
70027,70027,100,26,93,119,0.2184873949579832,0.7815126050420168,Yes,0.7815126050420168
70028,70028,100,22,109,131,0.16793893129770993,0.8320610687022901,Yes,0.8320610687022901
70029,70029,100,27,186,213,0.1267605633802817,0.8732394366197183,Yes,0.8732394366197183
70030,70030,100,29,160,189,0.15343915343915343,0.8465608465608465,Yes,0.8465608465608465
70031,70031,100,22,94,116,0.1896551724137931,0.8103448275862069,Yes,0.8103448275862069
70032,70032,100,12,75,87,0.13793103448275862,0.8620689655172413,Yes,0.8620689655172413
70033,70033,100,24,94,118,0.2033898305084746,0.7966101694915254,Yes,0.7966101694915254
70034,70034,100,23,91,114,0.20175438596491227,0.7982456140350878,Yes,0.7982456140350878
70035,70035,100,30,101,131,0.22900763358778625,0.7709923664122137,Yes,0.7709923664122137
70036,70036,100,21,109,130,0.16153846153846155,0.8384615384615385,Yes,0.8384615384615385
70037,70037,100,34,89,123,0.2764227642276423,0.7235772357723578,Yes,0.7235772357723578
70038,70038,100,18,60,78,0.23076923076923078,0.7692307692307693,Yes,0.7692307692307693
70039,70039,100,25,45,70,0.35714285714285715,0.6428571428571429,Yes,0.6428571428571429
70040,70040,100,87,221,308,0.2824675324675325,0.7175324675324676,Yes,0.7175324675324676
70041,70041,100,57,168,225,0.25333333333333335,0.7466666666666667,Yes,0.7466666666666667
70042,70042,100,45,110,155,0.2903225806451613,0.7096774193548387,Yes,0.7096774193548387
70043,70043,100,29,135,164,0.17682926829268292,0.823170731707317,Yes,0.823170731707317
70044,70044,100,33,198,231,0.14285714285714285,0.8571428571428571,Yes,0.8571428571428571
70045,70045,100,25,116,141,0.1773049645390071,0.8226950354609929,Yes,0.8226950354609929
70046,70046,100,62,260,322,0.19254658385093168,0.8074534161490683,Yes,0.8074534161490683
70047,70047,100,41,175,216,0.18981481481481483,0.8101851851851852,Yes,0.8101851851851852
70048,70048,100,50,171,221,0.22624434389140272,0.7737556561085973,Yes,0.7737556561085973
70049,70049,100,21,143,164,0.12804878048780488,0.8719512195121951,Yes,0.8719512195121951
70050,70050,100,46,203,249,0.18473895582329317,0.8152610441767069,Yes,0.8152610441767069
70051,70051,100,26,79,105,0.24761904761904763,0.7523809523809524,Yes,0.7523809523809524
70052,70052,100,58,141,199,0.2914572864321608,0.7085427135678392,Yes,0.7085427135678392
70053,70053,100,51,161,212,0.24056603773584906,0.7594339622641509,Yes,0.7594339622641509
70054,70054,100,77,215,292,0.2636986301369863,0.7363013698630136,Yes,0.7363013698630136
70055,70055,100,16,112,128,0.125,0.875,Yes,0.875
70056,70056,100,52,161,213,0.24413145539906103,0.755868544600939,Yes,0.755868544600939
70057,70057,100,29,111,140,0.20714285714285716,0.7928571428571428,Yes,0.7928571428571428
70058,70058,100,27,133,160,0.16875,0.83125,Yes,0.83125
70059,70059,100,29,92,121,0.2396694214876033,0.7603305785123967,Yes,0.7603305785123967
70060,70060,100,23,120,143,0.16083916083916083,0.8391608391608392,Yes,0.8391608391608392
70061,70061,100,33,122,155,0.2129032258064516,0.7870967741935484,Yes,0.7870967741935484
70062,70062,100,52,160,212,0.24528301886792453,0.7547169811320755,Yes,0.7547169811320755
70063,70063,100,29,87,116,0.25,0.75,Yes,0.75
70064,70064,100,0,11,11,0.0,1.0,Yes,1.0
70065,70065,100,29,197,226,0.12831858407079647,0.8716814159292036,Yes,0.8716814159292036
70066,70066,100,0,0,0,0,0,n/a,0
70067,70067,100,20,188,208,0.09615384615384616,0.9038461538461539,Yes,0.9038461538461539
70068,70068,100,24,156,180,0.13333333333333333,0.8666666666666667,Yes,0.8666666666666667
70069,70069,100,3,39,42,0.07142857142857142,0.9285714285714286,Yes,0.9285714285714286
70070,70070,100,6,25,31,0.1935483870967742,0.8064516129032258,Yes,0.8064516129032258
70071,70071,100,19,78,97,0.1958762886597938,0.8041237113402062,Yes,0.8041237113402062
70072,70072,100,25,92,117,0.21367521367521367,0.7863247863247863,Yes,0.7863247863247863
70073,70073,100,17,65,82,0.2073170731707317,0.7926829268292683,Yes,0.7926829268292683
70074,70074,100,39,181,220,0.17727272727272728,0.8227272727272728,Yes,0.8227272727272728
70075,70075,100,33,131,164,0.20121951219512196,0.7987804878048781,Yes,0.7987804878048781
70076,70076,100,14,46,60,0.23333333333333334,0.7666666666666667,Yes,0.7666666666666667
70077,70077,100,7,33,40,0.175,0.825,Yes,0.825
70078,70078,100,5,32,37,0.13513513513513514,0.8648648648648649,Yes,0.8648648648648649
70079,70079,100,5,37,42,0.11904761904761904,0.8809523809523809,Yes,0.8809523809523809
70080,70080,100,5,43,48,0.10416666666666667,0.8958333333333334,Yes,0.8958333333333334
70081,70081,100,3,49,52,0.057692307692307696,0.9423076923076923,Yes,0.9423076923076923
70082,70082,100,12,81,93,0.12903225806451613,0.8709677419354839,Yes,0.8709677419354839
70083,70083,100,13,71,84,0.15476190476190477,0.8452380952380952,Yes,0.8452380952380952
70084,70084,100,17,115,132,0.12878787878787878,0.8712121212121212,Yes,0.8712121212121212
70085,70085,100,43,179,222,0.19369369369369369,0.8063063063063063,Yes,0.8063063063063063
70086,70086,100,15,115,130,0.11538461538461539,0.8846153846153846,Yes,0.8846153846153846
70087,70087,100,21,140,161,0.13043478260869565,0.8695652173913043,Yes,0.8695652173913043
70088,70088,100,18,61,79,0.22784810126582278,0.7721518987341772,Yes,0.7721518987341772
70089,70089,100,24,113,137,0.17518248175182483,0.8248175182481752,Yes,0.8248175182481752
70090,70090,100,11,49,60,0.18333333333333332,0.8166666666666667,Yes,0.8166666666666667
70091,70091,100,24,72,96,0.25,0.75,Yes,0.75
70200,70200,100,0,0,0,0,0,n/a,0
70201,70201,100,0,0,0,0,0,n/a,0
70202,70202,100,0,0,0,0,0,n/a,0
71001,71001,100,17,159,176,0.09659090909090909,0.9034090909090909,Yes,0.9034090909090909
71002,71002,100,20,110,130,0.15384615384615385,0.8461538461538461,Yes,0.8461538461538461
71003,71003,100,13,62,75,0.17333333333333334,0.8266666666666667,Yes,0.8266666666666667
71004,71004,100,8,74,82,0.0975609756097561,0.9024390243902439,Yes,0.9024390243902439
71005,71005,100,34,133,167,0.20359281437125748,0.7964071856287425,Yes,0.7964071856287425
71006,71006,100,17,144,161,0.10559006211180125,0.8944099378881988,Yes,0.8944099378881988
71007,71007,100,17,68,85,0.2,0.8,Yes,0.8
71008,71008,100,17,97,114,0.14912280701754385,0.8508771929824561,Yes,0.8508771929824561
71009,71009,100,40,167,207,0.1932367149758454,0.8067632850241546,Yes,0.8067632850241546
71010,71010,100,17,182,199,0.08542713567839195,0.914572864321608,Yes,0.914572864321608
71011,71011,100,16,110,126,0.12698412698412698,0.873015873015873,Yes,0.873015873015873
71012,71012,100,26,194,220,0.11818181818181818,0.8818181818181818,Yes,0.8818181818181818
71013,71013,100,16,72,88,0.18181818181818182,0.8181818181818182,Yes,0.8181818181818182
71014,71014,100,14,54,68,0.20588235294117646,0.7941176470588235,Yes,0.7941176470588235
71015,71015,100,18,66,84,0.21428571428571427,0.7857142857142857,Yes,0.7857142857142857
71016,71016,100,32,104,136,0.23529411764705882,0.7647058823529411,Yes,0.7647058823529411
71017,71017,100,16,34,50,0.32,0.68,Yes,0.68
71018,71018,100,84,172,256,0.328125,0.671875,Yes,0.671875
71019,71019,100,97,243,340,0.2852941176470588,0.7147058823529412,Yes,0.7147058823529412
71020,71020,100,92,203,295,0.31186440677966104,0.688135593220339,Yes,0.688135593220339
71021,71021,100,25,107,132,0.1893939393939394,0.8106060606060606,Yes,0.8106060606060606
71022,71022,100,15,40,55,0.2727272727272727,0.7272727272727273,Yes,0.7272727272727273
71023,71023,100,63,126,189,0.3333333333333333,0.6666666666666666,Yes,0.6666666666666666
71024,71024,100,43,171,214,0.20093457943925233,0.7990654205607477,Yes,0.7990654205607477
71025,71025,100,19,64,83,0.2289156626506024,0.7710843373493976,Yes,0.7710843373493976
71026,71026,100,18,147,165,0.10909090909090909,0.8909090909090909,Yes,0.8909090909090909
71027,71027,100,22,110,132,0.16666666666666666,0.8333333333333334,Yes,0.8333333333333334
71028,71028,100,18,128,146,0.1232876712328767,0.8767123287671232,Yes,0.8767123287671232
71029,71029,100,27,103,130,0.2076923076923077,0.7923076923076923,Yes,0.7923076923076923
71030,71030,100,14,102,116,0.1206896551724138,0.8793103448275862,Yes,0.8793103448275862
71031,71031,100,25,118,143,0.17482517482517482,0.8251748251748252,Yes,0.8251748251748252
71032,71032,100,34,128,162,0.20987654320987653,0.7901234567901234,Yes,0.7901234567901234
71033,71033,100,23,155,178,0.12921348314606743,0.8707865168539326,Yes,0.8707865168539326
71034,71034,100,32,100,132,0.24242424242424243,0.7575757575757576,Yes,0.7575757575757576
71035,71035,100,25,87,112,0.22321428571428573,0.7767857142857143,Yes,0.7767857142857143
71036,71036,100,11,71,82,0.13414634146341464,0.8658536585365854,Yes,0.8658536585365854
71037,71037,100,34,83,117,0.2905982905982906,0.7094017094017094,Yes,0.7094017094017094
71038,71038,100,15,91,106,0.14150943396226415,0.8584905660377359,Yes,0.8584905660377359
71039,71039,100,11,64,75,0.14666666666666667,0.8533333333333334,Yes,0.8533333333333334
71040,71040,100,27,165,192,0.140625,0.859375,Yes,0.859375
71041,71041,100,29,170,199,0.1457286432160804,0.8542713567839196,Yes,0.8542713567839196
71042,71042,100,17,98,115,0.14782608695652175,0.8521739130434782,Yes,0.8521739130434782
71043,71043,100,43,143,186,0.23118279569892472,0.7688172043010753,Yes,0.7688172043010753
71044,71044,100,15,82,97,0.15463917525773196,0.845360824742268,Yes,0.845360824742268
71045,71045,100,15,84,99,0.15151515151515152,0.8484848484848485,Yes,0.8484848484848485
71046,71046,100,58,85,143,0.40559440559440557,0.5944055944055944,Yes,0.5944055944055944
71047,71047,100,70,169,239,0.2928870292887029,0.7071129707112971,Yes,0.7071129707112971
71048,71048,100,6,25,31,0.1935483870967742,0.8064516129032258,Yes,0.8064516129032258
71049,71049,100,11,81,92,0.11956521739130435,0.8804347826086957,Yes,0.8804347826086957
71050,71050,100,26,131,157,0.16560509554140126,0.8343949044585988,Yes,0.8343949044585988
71051,71051,100,4,26,30,0.13333333333333333,0.8666666666666667,Yes,0.8666666666666667
71052,71052,100,18,92,110,0.16363636363636364,0.8363636363636363,Yes,0.8363636363636363
71053,71053,100,14,94,108,0.12962962962962962,0.8703703703703703,Yes,0.8703703703703703
71054,71054,100,10,63,73,0.136986301369863,0.863013698630137,Yes,0.863013698630137
71055,71055,100,9,90,99,0.09090909090909091,0.9090909090909091,Yes,0.9090909090909091
71056,71056,100,16,106,122,0.13114754098360656,0.8688524590163934,Yes,0.8688524590163934
71057,71057,100,17,89,106,0.16037735849056603,0.839622641509434,Yes,0.839622641509434
71058,71058,100,15,46,61,0.2459016393442623,0.7540983606557377,Yes,0.7540983606557377
71059,71059,100,5,53,58,0.08620689655172414,0.9137931034482759,Yes,0.9137931034482759
71060,71060,100,13,79,92,0.14130434782608695,0.8586956521739131,Yes,0.8586956521739131
71061,71061,100,10,92,102,0.09803921568627451,0.9019607843137255,Yes,0.9019607843137255
71062,71062,100,7,52,59,0.11864406779661017,0.8813559322033898,Yes,0.8813559322033898
71063,71063,100,11,113,124,0.08870967741935484,0.9112903225806451,Yes,0.9112903225806451
71064,71064,100,13,108,121,0.10743801652892562,0.8925619834710744,Yes,0.8925619834710744
71065,71065,100,8,67,75,0.10666666666666667,0.8933333333333333,Yes,0.8933333333333333
71066,71066,100,5,68,73,0.0684931506849315,0.9315068493150684,Yes,0.9315068493150684
71067,71067,100,10,92,102,0.09803921568627451,0.9019607843137255,Yes,0.9019607843137255
71068,71068,100,16,72,88,0.18181818181818182,0.8181818181818182,Yes,0.8181818181818182
71069,71069,100,22,119,141,0.15602836879432624,0.8439716312056738,Yes,0.8439716312056738
71070,71070,100,25,110,135,0.18518518518518517,0.8148148148148148,Yes,0.8148148148148148
71071,71071,100,0,8,8,0.0,1.0,Yes,1.0
71072,71072,100,10,122,132,0.07575757575757576,0.9242424242424242,Yes,0.9242424242424242
71073,71073,100,18,119,137,0.13138686131386862,0.8686131386861314,Yes,0.8686131386861314
71074,71074,100,13,136,149,0.087248322147651,0.912751677852349,Yes,0.912751677852349
71075,71075,100,12,94,106,0.11320754716981132,0.8867924528301887,Yes,0.8867924528301887
71076,71076,100,28,190,218,0.12844036697247707,0.8715596330275229,Yes,0.8715596330275229
71077,71077,100,22,229,251,0.08764940239043825,0.9123505976095617,Yes,0.9123505976095617
71078,71078,100,26,299,325,0.08,0.92,Yes,0.92
71079,71079,100,28,233,261,0.10727969348659004,0.89272030651341,Yes,0.89272030651341
71080,71080,100,11,112,123,0.08943089430894309,0.9105691056910569,Yes,0.9105691056910569
71081,71081,100,25,195,220,0.11363636363636363,0.8863636363636364,Yes,0.8863636363636364
71082,71082,100,19,204,223,0.08520179372197309,0.9147982062780269,Yes,0.9147982062780269
71083,71083,100,34,331,365,0.09315068493150686,0.9068493150684932,Yes,0.9068493150684932
71084,71084,100,13,142,155,0.08387096774193549,0.9161290322580645,Yes,0.9161290322580645
71085,71085,100,40,171,211,0.1895734597156398,0.8104265402843602,Yes,0.8104265402843602
71086,71086,100,4,23,27,0.14814814814814814,0.8518518518518519,Yes,0.8518518518518519
71087,71087,100,13,62,75,0.17333333333333334,0.8266666666666667,Yes,0.8266666666666667
71088,71088,100,20,43,63,0.31746031746031744,0.6825396825396826,Yes,0.6825396825396826
71089,71089,100,19,76,95,0.2,0.8,Yes,0.8
71090,71090,100,25,77,102,0.24509803921568626,0.7549019607843137,Yes,0.7549019607843137
71091,71091,100,26,57,83,0.3132530120481928,0.6867469879518072,Yes,0.6867469879518072
71092,71092,100,40,178,218,0.1834862385321101,0.8165137614678899,Yes,0.8165137614678899
71093,71093,100,0,0,0,0,0,n/a,0
71094,71094,100,12,60,72,0.16666666666666666,0.8333333333333334,Yes,0.8333333333333334
71095,71095,100,8,43,51,0.1568627450980392,0.8431372549019608,Yes,0.8431372549019608
71096,71096,100,33,78,111,0.2972972972972973,0.7027027027027027,Yes,0.7027027027027027
71200,71200,100,0,0,0,0,0,n/a,0
71201,71201,100,0,0,0,0,0,n/a,0
72001,72001,100,12,80,92,0.13043478260869565,0.8695652173913043,Yes,0.8695652173913043
72002,72002,100,14,58,72,0.19444444444444445,0.8055555555555556,Yes,0.8055555555555556
72003,72003,100,14,57,71,0.19718309859154928,0.8028169014084507,Yes,0.8028169014084507
72004,72004,100,19,124,143,0.13286713286713286,0.8671328671328671,Yes,0.8671328671328671
72005,72005,100,5,65,70,0.07142857142857142,0.9285714285714286,Yes,0.9285714285714286
72006,72006,100,6,59,65,0.09230769230769231,0.9076923076923077,Yes,0.9076923076923077
72007,72007,100,2,23,25,0.08,0.92,Yes,0.92
72008,72008,100,8,43,51,0.1568627450980392,0.8431372549019608,Yes,0.8431372549019608
72009,72009,100,6,43,49,0.12244897959183673,0.8775510204081632,Yes,0.8775510204081632
72010,72010,100,10,76,86,0.11627906976744186,0.8837209302325582,Yes,0.8837209302325582
72011,72011,100,5,24,29,0.1724137931034483,0.8275862068965517,Yes,0.8275862068965517
72012,72012,100,17,76,93,0.1827956989247312,0.8172043010752689,Yes,0.8172043010752689
72013,72013,100,5,39,44,0.11363636363636363,0.8863636363636364,Yes,0.8863636363636364
72014,72014,100,9,51,60,0.15,0.85,Yes,0.85
72015,72015,100,15,91,106,0.14150943396226415,0.8584905660377359,Yes,0.8584905660377359
72016,72016,100,11,38,49,0.22448979591836735,0.7755102040816326,Yes,0.7755102040816326
72017,72017,100,19,124,143,0.13286713286713286,0.8671328671328671,Yes,0.8671328671328671
72018,72018,100,31,151,182,0.17032967032967034,0.8296703296703297,Yes,0.8296703296703297
72019,72019,100,10,155,165,0.06060606060606061,0.9393939393939394,Yes,0.9393939393939394
72020,72020,100,21,102,123,0.17073170731707318,0.8292682926829268,Yes,0.8292682926829268
72021,72021,100,16,95,111,0.14414414414414414,0.8558558558558559,Yes,0.8558558558558559
72022,72022,100,8,56,64,0.125,0.875,Yes,0.875
72023,72023,100,5,50,55,0.09090909090909091,0.9090909090909091,Yes,0.9090909090909091
72024,72024,100,9,49,58,0.15517241379310345,0.8448275862068966,Yes,0.8448275862068966
72025,72025,100,6,39,45,0.13333333333333333,0.8666666666666667,Yes,0.8666666666666667
72026,72026,100,10,77,87,0.11494252873563218,0.8850574712643678,Yes,0.8850574712643678
72027,72027,100,5,27,32,0.15625,0.84375,Yes,0.84375
72028,72028,100,11,61,72,0.1527777777777778,0.8472222222222222,Yes,0.8472222222222222
72029,72029,100,13,86,99,0.13131313131313133,0.8686868686868687,Yes,0.8686868686868687
72030,72030,100,9,61,70,0.12857142857142856,0.8714285714285714,Yes,0.8714285714285714
72031,72031,100,7,43,50,0.14,0.86,Yes,0.86
72032,72032,100,9,53,62,0.14516129032258066,0.8548387096774194,Yes,0.8548387096774194
72033,72033,100,18,63,81,0.2222222222222222,0.7777777777777778,Yes,0.7777777777777778
72034,72034,100,1,39,40,0.025,0.975,Yes,0.975
72035,72035,100,6,43,49,0.12244897959183673,0.8775510204081632,Yes,0.8775510204081632
72036,72036,100,16,92,108,0.14814814814814814,0.8518518518518519,Yes,0.8518518518518519
72037,72037,100,12,87,99,0.12121212121212122,0.8787878787878788,Yes,0.8787878787878788
72038,72038,100,10,115,125,0.08,0.92,Yes,0.92
72039,72039,100,17,123,140,0.12142857142857143,0.8785714285714286,Yes,0.8785714285714286
72040,72040,100,10,63,73,0.136986301369863,0.863013698630137,Yes,0.863013698630137
72041,72041,100,19,150,169,0.11242603550295859,0.8875739644970414,Yes,0.8875739644970414
72042,72042,100,14,116,130,0.1076923076923077,0.8923076923076924,Yes,0.8923076923076924
72043,72043,100,18,68,86,0.20930232558139536,0.7906976744186046,Yes,0.7906976744186046
72044,72044,100,5,47,52,0.09615384615384616,0.9038461538461539,Yes,0.9038461538461539
72045,72045,100,9,48,57,0.15789473684210525,0.8421052631578947,Yes,0.8421052631578947
72046,72046,100,25,75,100,0.25,0.75,Yes,0.75
72047,72047,100,13,49,62,0.20967741935483872,0.7903225806451613,Yes,0.7903225806451613
72048,72048,100,0,28,28,0.0,1.0,Yes,1.0
72049,72049,100,3,32,35,0.08571428571428572,0.9142857142857143,Yes,0.9142857142857143
72050,72050,100,8,43,51,0.1568627450980392,0.8431372549019608,Yes,0.8431372549019608
72051,72051,100,12,50,62,0.1935483870967742,0.8064516129032258,Yes,0.8064516129032258
72052,72052,100,23,81,104,0.22115384615384615,0.7788461538461539,Yes,0.7788461538461539
72053,72053,100,5,63,68,0.07352941176470588,0.9264705882352942,Yes,0.9264705882352942
72054,72054,100,16,92,108,0.14814814814814814,0.8518518518518519,Yes,0.8518518518518519
72055,72055,100,10,88,98,0.10204081632653061,0.8979591836734694,Yes,0.8979591836734694
72056,72056,100,20,71,91,0.21978021978021978,0.7802197802197802,Yes,0.7802197802197802
72057,72057,100,30,164,194,0.15463917525773196,0.845360824742268,Yes,0.845360824742268
72058,72058,100,22,161,183,0.12021857923497267,0.8797814207650273,Yes,0.8797814207650273
72059,72059,100,24,107,131,0.183206106870229,0.816793893129771,Yes,0.816793893129771
72060,72060,100,21,148,169,0.1242603550295858,0.8757396449704142,Yes,0.8757396449704142
72061,72061,100,8,67,75,0.10666666666666667,0.8933333333333333,Yes,0.8933333333333333
72062,72062,100,16,54,70,0.22857142857142856,0.7714285714285715,Yes,0.7714285714285715
72063,72063,100,24,121,145,0.16551724137931034,0.8344827586206897,Yes,0.8344827586206897
72064,72064,100,29,236,265,0.10943396226415095,0.8905660377358491,Yes,0.8905660377358491
72065,72065,100,11,38,49,0.22448979591836735,0.7755102040816326,Yes,0.7755102040816326
72066,72066,100,34,210,244,0.13934426229508196,0.860655737704918,Yes,0.860655737704918
72067,72067,100,32,216,248,0.12903225806451613,0.8709677419354839,Yes,0.8709677419354839
72068,72068,100,34,273,307,0.11074918566775244,0.8892508143322475,Yes,0.8892508143322475
72069,72069,100,36,135,171,0.21052631578947367,0.7894736842105263,Yes,0.7894736842105263
72070,72070,100,4,44,48,0.08333333333333333,0.9166666666666666,Yes,0.9166666666666666
72071,72071,100,7,52,59,0.11864406779661017,0.8813559322033898,Yes,0.8813559322033898
72072,72072,100,16,63,79,0.20253164556962025,0.7974683544303798,Yes,0.7974683544303798
72073,72073,100,4,19,23,0.17391304347826086,0.8260869565217391,Yes,0.8260869565217391
72074,72074,100,11,79,90,0.12222222222222222,0.8777777777777778,Yes,0.8777777777777778
72075,72075,100,24,81,105,0.22857142857142856,0.7714285714285715,Yes,0.7714285714285715
72076,72076,100,14,37,51,0.27450980392156865,0.7254901960784313,Yes,0.7254901960784313
72200,72200,100,0,0,0,0,0,n/a,0
72201,72201,100,0,0,0,0,0,n/a,0
72202,72202,100,0,0,0,0,0,n/a,0
72203,72203,100,0,0,0,0,0,n/a,0
72204,72204,100,0,0,0,0,0,n/a,0
72205,72205,100,0,0,0,0,0,n/a,0
73001,73001,100,17,126,143,0.11888111888111888,0.8811188811188811,Yes,0.8811188811188811
73002,73002,100,22,127,149,0.1476510067114094,0.8523489932885906,Yes,0.8523489932885906
73003,73003,100,19,169,188,0.10106382978723404,0.898936170212766,Yes,0.898936170212766
73004,73004,100,25,144,169,0.14792899408284024,0.8520710059171598,Yes,0.8520710059171598
73005,73005,100,45,193,238,0.18907563025210083,0.8109243697478992,Yes,0.8109243697478992
73006,73006,100,14,150,164,0.08536585365853659,0.9146341463414634,Yes,0.9146341463414634
73007,73007,100,19,128,147,0.1292517006802721,0.8707482993197279,Yes,0.8707482993197279
73008,73008,100,9,78,87,0.10344827586206896,0.896551724137931,Yes,0.896551724137931
73009,73009,100,25,179,204,0.12254901960784313,0.8774509803921569,Yes,0.8774509803921569
73010,73010,100,26,229,255,0.10196078431372549,0.8980392156862745,Yes,0.8980392156862745
73011,73011,100,28,155,183,0.15300546448087432,0.8469945355191257,Yes,0.8469945355191257
73012,73012,100,5,27,32,0.15625,0.84375,Yes,0.84375
73013,73013,100,23,173,196,0.11734693877551021,0.8826530612244898,Yes,0.8826530612244898
73014,73014,100,6,33,39,0.15384615384615385,0.8461538461538461,Yes,0.8461538461538461
73015,73015,100,11,50,61,0.18032786885245902,0.819672131147541,Yes,0.819672131147541
73016,73016,100,16,138,154,0.1038961038961039,0.8961038961038961,Yes,0.8961038961038961
73017,73017,100,12,63,75,0.16,0.84,Yes,0.84
73018,73018,100,32,176,208,0.15384615384615385,0.8461538461538461,Yes,0.8461538461538461
73019,73019,100,11,69,80,0.1375,0.8625,Yes,0.8625
73020,73020,100,1,4,5,0.2,0.8,Yes,0.8
73021,73021,100,26,156,182,0.14285714285714285,0.8571428571428571,Yes,0.8571428571428571
73022,73022,100,18,142,160,0.1125,0.8875,Yes,0.8875
73023,73023,100,16,149,165,0.09696969696969697,0.9030303030303031,Yes,0.9030303030303031
73024,73024,100,18,187,205,0.08780487804878048,0.9121951219512195,Yes,0.9121951219512195
73025,73025,100,21,161,182,0.11538461538461539,0.8846153846153846,Yes,0.8846153846153846
73026,73026,100,22,136,158,0.13924050632911392,0.8607594936708861,Yes,0.8607594936708861
73027,73027,100,51,250,301,0.16943521594684385,0.8305647840531561,Yes,0.8305647840531561
73028,73028,100,33,151,184,0.1793478260869565,0.8206521739130435,Yes,0.8206521739130435
73029,73029,100,24,197,221,0.1085972850678733,0.8914027149321267,Yes,0.8914027149321267
73030,73030,100,13,97,110,0.11818181818181818,0.8818181818181818,Yes,0.8818181818181818
73031,73031,100,25,216,241,0.1037344398340249,0.8962655601659751,Yes,0.8962655601659751
73032,73032,100,49,247,296,0.16554054054054054,0.8344594594594594,Yes,0.8344594594594594
73033,73033,100,45,263,308,0.1461038961038961,0.8538961038961039,Yes,0.8538961038961039
73034,73034,100,45,133,178,0.25280898876404495,0.7471910112359551,Yes,0.7471910112359551
73035,73035,100,45,221,266,0.16917293233082706,0.8308270676691729,Yes,0.8308270676691729
73036,73036,100,28,202,230,0.12173913043478261,0.8782608695652174,Yes,0.8782608695652174
73037,73037,100,30,224,254,0.11811023622047244,0.8818897637795275,Yes,0.8818897637795275
73038,73038,100,41,217,258,0.15891472868217055,0.8410852713178295,Yes,0.8410852713178295
73039,73039,100,27,222,249,0.10843373493975904,0.891566265060241,Yes,0.891566265060241
73040,73040,100,26,155,181,0.143646408839779,0.856353591160221,Yes,0.856353591160221
73041,73041,100,39,276,315,0.12380952380952381,0.8761904761904762,Yes,0.8761904761904762
73042,73042,100,19,105,124,0.1532258064516129,0.8467741935483871,Yes,0.8467741935483871
73043,73043,100,7,22,29,0.2413793103448276,0.7586206896551724,Yes,0.7586206896551724
73044,73044,100,23,159,182,0.12637362637362637,0.8736263736263736,Yes,0.8736263736263736
73045,73045,100,20,137,157,0.12738853503184713,0.8726114649681529,Yes,0.8726114649681529
73046,73046,100,22,74,96,0.22916666666666666,0.7708333333333334,Yes,0.7708333333333334
73047,73047,100,7,49,56,0.125,0.875,Yes,0.875
73048,73048,100,14,108,122,0.11475409836065574,0.8852459016393442,Yes,0.8852459016393442
73049,73049,100,8,39,47,0.1702127659574468,0.8297872340425532,Yes,0.8297872340425532
73050,73050,100,45,175,220,0.20454545454545456,0.7954545454545454,Yes,0.7954545454545454
73051,73051,100,20,122,142,0.14084507042253522,0.8591549295774648,Yes,0.8591549295774648
73052,73052,100,34,138,172,0.19767441860465115,0.8023255813953488,Yes,0.8023255813953488
73053,73053,100,25,141,166,0.15060240963855423,0.8493975903614458,Yes,0.8493975903614458
73054,73054,100,14,94,108,0.12962962962962962,0.8703703703703703,Yes,0.8703703703703703
73055,73055,100,52,246,298,0.174496644295302,0.825503355704698,Yes,0.825503355704698
73056,73056,100,34,158,192,0.17708333333333334,0.8229166666666666,Yes,0.8229166666666666
73057,73057,100,36,291,327,0.11009174311926606,0.8899082568807339,Yes,0.8899082568807339
73058,73058,100,36,183,219,0.1643835616438356,0.8356164383561644,Yes,0.8356164383561644
73059,73059,100,46,285,331,0.13897280966767372,0.8610271903323263,Yes,0.8610271903323263
73060,73060,100,55,188,243,0.22633744855967078,0.7736625514403292,Yes,0.7736625514403292
73061,73061,100,21,171,192,0.109375,0.890625,Yes,0.890625
73062,73062,100,41,195,236,0.17372881355932204,0.826271186440678,Yes,0.826271186440678
73063,73063,100,35,213,248,0.14112903225806453,0.8588709677419355,Yes,0.8588709677419355
73064,73064,100,34,267,301,0.11295681063122924,0.8870431893687708,Yes,0.8870431893687708
73065,73065,100,37,185,222,0.16666666666666666,0.8333333333333334,Yes,0.8333333333333334
73066,73066,100,33,168,201,0.16417910447761194,0.835820895522388,Yes,0.835820895522388
73067,73067,100,44,172,216,0.2037037037037037,0.7962962962962963,Yes,0.7962962962962963
73068,73068,100,33,229,262,0.12595419847328243,0.8740458015267175,Yes,0.8740458015267175
73069,73069,100,38,279,317,0.11987381703470032,0.8801261829652997,Yes,0.8801261829652997
73070,73070,100,19,186,205,0.09268292682926829,0.9073170731707317,Yes,0.9073170731707317
73071,73071,100,37,234,271,0.13653136531365315,0.8634686346863468,Yes,0.8634686346863468
73072,73072,100,31,209,240,0.12916666666666668,0.8708333333333333,Yes,0.8708333333333333
73073,73073,100,41,233,274,0.14963503649635038,0.8503649635036497,Yes,0.8503649635036497
73074,73074,100,31,234,265,0.1169811320754717,0.8830188679245283,Yes,0.8830188679245283
73075,73075,100,29,179,208,0.13942307692307693,0.8605769230769231,Yes,0.8605769230769231
73076,73076,100,36,238,274,0.13138686131386862,0.8686131386861314,Yes,0.8686131386861314
73077,73077,100,33,205,238,0.13865546218487396,0.8613445378151261,Yes,0.8613445378151261
73078,73078,100,30,166,196,0.15306122448979592,0.8469387755102041,Yes,0.8469387755102041
73079,73079,100,44,230,274,0.16058394160583941,0.8394160583941606,Yes,0.8394160583941606
73080,73080,100,39,218,257,0.1517509727626459,0.8482490272373541,Yes,0.8482490272373541
73081,73081,100,19,177,196,0.09693877551020408,0.9030612244897959,Yes,0.9030612244897959
73082,73082,100,33,202,235,0.14042553191489363,0.8595744680851064,Yes,0.8595744680851064
73083,73083,100,25,177,202,0.12376237623762376,0.8762376237623762,Yes,0.8762376237623762
73084,73084,100,19,128,147,0.1292517006802721,0.8707482993197279,Yes,0.8707482993197279
73085,73085,100,33,236,269,0.12267657992565056,0.8773234200743495,Yes,0.8773234200743495
73086,73086,100,48,224,272,0.17647058823529413,0.8235294117647058,Yes,0.8235294117647058
73087,73087,100,33,237,270,0.12222222222222222,0.8777777777777778,Yes,0.8777777777777778
73088,73088,100,46,264,310,0.14838709677419354,0.8516129032258064,Yes,0.8516129032258064
73089,73089,100,23,167,190,0.12105263157894737,0.8789473684210526,Yes,0.8789473684210526
73090,73090,100,42,241,283,0.14840989399293286,0.8515901060070671,Yes,0.8515901060070671
73091,73091,100,31,211,242,0.128099173553719,0.871900826446281,Yes,0.871900826446281
73092,73092,100,36,144,180,0.2,0.8,Yes,0.8
73093,73093,100,22,209,231,0.09523809523809523,0.9047619047619048,Yes,0.9047619047619048
73094,73094,100,21,129,150,0.14,0.86,Yes,0.86
73095,73095,100,51,152,203,0.2512315270935961,0.7487684729064039,Yes,0.7487684729064039
73096,73096,100,27,150,177,0.15254237288135594,0.847457627118644,Yes,0.847457627118644
73097,73097,100,20,160,180,0.1111111111111111,0.8888888888888888,Yes,0.8888888888888888
74001,74001,100,20,60,80,0.25,0.75,Yes,0.75
74002,74002,100,17,70,87,0.19540229885057472,0.8045977011494253,Yes,0.8045977011494253
74003,74003,100,9,49,58,0.15517241379310345,0.8448275862068966,Yes,0.8448275862068966
74004,74004,100,8,57,65,0.12307692307692308,0.8769230769230769,Yes,0.8769230769230769
74005,74005,100,6,29,35,0.17142857142857143,0.8285714285714286,Yes,0.8285714285714286
74006,74006,100,8,35,43,0.18604651162790697,0.813953488372093,Yes,0.813953488372093
74007,74007,100,8,87,95,0.08421052631578947,0.9157894736842105,Yes,0.9157894736842105
74008,74008,100,12,87,99,0.12121212121212122,0.8787878787878788,Yes,0.8787878787878788
74009,74009,100,7,22,29,0.2413793103448276,0.7586206896551724,Yes,0.7586206896551724
74010,74010,100,25,169,194,0.12886597938144329,0.8711340206185567,Yes,0.8711340206185567
74011,74011,100,31,51,82,0.3780487804878049,0.6219512195121951,Yes,0.6219512195121951
74012,74012,100,14,32,46,0.30434782608695654,0.6956521739130435,Yes,0.6956521739130435
74013,74013,100,22,42,64,0.34375,0.65625,Yes,0.65625
74014,74014,100,11,18,29,0.3793103448275862,0.6206896551724138,Yes,0.6206896551724138
74015,74015,100,18,97,115,0.1565217391304348,0.8434782608695652,Yes,0.8434782608695652
74016,74016,100,18,49,67,0.26865671641791045,0.7313432835820896,Yes,0.7313432835820896
74017,74017,100,4,51,55,0.07272727272727272,0.9272727272727272,Yes,0.9272727272727272
74018,74018,100,9,32,41,0.21951219512195122,0.7804878048780488,Yes,0.7804878048780488
74019,74019,100,46,208,254,0.18110236220472442,0.8188976377952756,Yes,0.8188976377952756
74020,74020,100,28,179,207,0.13526570048309178,0.8647342995169082,Yes,0.8647342995169082
74021,74021,100,16,196,212,0.07547169811320754,0.9245283018867925,Yes,0.9245283018867925
74022,74022,100,17,129,146,0.11643835616438356,0.8835616438356164,Yes,0.8835616438356164
74023,74023,100,37,163,200,0.185,0.815,Yes,0.815
74024,74024,100,24,124,148,0.16216216216216217,0.8378378378378378,Yes,0.8378378378378378
74025,74025,100,25,134,159,0.15723270440251572,0.8427672955974843,Yes,0.8427672955974843
74026,74026,100,19,43,62,0.3064516129032258,0.6935483870967742,Yes,0.6935483870967742
74027,74027,100,13,17,30,0.43333333333333335,0.5666666666666667,Yes,0.5666666666666667
74028,74028,100,7,28,35,0.2,0.8,Yes,0.8
74029,74029,100,10,76,86,0.11627906976744186,0.8837209302325582,Yes,0.8837209302325582
74030,74030,100,7,65,72,0.09722222222222222,0.9027777777777778,Yes,0.9027777777777778
74031,74031,100,51,151,202,0.2524752475247525,0.7475247524752475,Yes,0.7475247524752475
74032,74032,100,27,140,167,0.16167664670658682,0.8383233532934131,Yes,0.8383233532934131
74033,74033,100,13,157,170,0.07647058823529412,0.9235294117647059,Yes,0.9235294117647059
74034,74034,100,20,137,157,0.12738853503184713,0.8726114649681529,Yes,0.8726114649681529
74035,74035,100,10,29,39,0.2564102564102564,0.7435897435897436,Yes,0.7435897435897436
74036,74036,100,28,172,200,0.14,0.86,Yes,0.86
74037,74037,100,23,148,171,0.13450292397660818,0.8654970760233918,Yes,0.8654970760233918
74038,74038,100,12,76,88,0.13636363636363635,0.8636363636363636,Yes,0.8636363636363636
74039,74039,100,70,264,334,0.20958083832335328,0.7904191616766467,Yes,0.7904191616766467
74040,74040,100,55,254,309,0.1779935275080906,0.8220064724919094,Yes,0.8220064724919094
74041,74041,100,43,230,273,0.1575091575091575,0.8424908424908425,Yes,0.8424908424908425
74042,74042,100,35,218,253,0.1383399209486166,0.8616600790513834,Yes,0.8616600790513834
74043,74043,100,28,144,172,0.16279069767441862,0.8372093023255814,Yes,0.8372093023255814
74044,74044,100,45,169,214,0.2102803738317757,0.7897196261682243,Yes,0.7897196261682243
74045,74045,100,65,318,383,0.16971279373368145,0.8302872062663186,Yes,0.8302872062663186
74046,74046,100,56,317,373,0.15013404825737264,0.8498659517426274,Yes,0.8498659517426274
74047,74047,100,47,268,315,0.1492063492063492,0.8507936507936508,Yes,0.8507936507936508
74048,74048,100,26,192,218,0.11926605504587157,0.8807339449541285,Yes,0.8807339449541285
74049,74049,100,50,218,268,0.1865671641791045,0.8134328358208955,Yes,0.8134328358208955
74050,74050,100,67,308,375,0.17866666666666667,0.8213333333333334,Yes,0.8213333333333334
74051,74051,100,40,193,233,0.17167381974248927,0.8283261802575107,Yes,0.8283261802575107
74052,74052,100,29,210,239,0.12133891213389121,0.8786610878661087,Yes,0.8786610878661087
74053,74053,100,15,147,162,0.09259259259259259,0.9074074074074074,Yes,0.9074074074074074
74054,74054,100,30,139,169,0.17751479289940827,0.8224852071005917,Yes,0.8224852071005917
74055,74055,100,16,87,103,0.1553398058252427,0.8446601941747572,Yes,0.8446601941747572
74056,74056,100,21,165,186,0.11290322580645161,0.8870967741935484,Yes,0.8870967741935484
74057,74057,100,14,125,139,0.10071942446043165,0.8992805755395683,Yes,0.8992805755395683
74058,74058,100,36,211,247,0.145748987854251,0.854251012145749,Yes,0.854251012145749
74059,74059,100,38,187,225,0.1688888888888889,0.8311111111111111,Yes,0.8311111111111111
74060,74060,100,38,247,285,0.13333333333333333,0.8666666666666667,Yes,0.8666666666666667
74061,74061,100,20,171,191,0.10471204188481675,0.8952879581151832,Yes,0.8952879581151832
74062,74062,100,32,223,255,0.12549019607843137,0.8745098039215686,Yes,0.8745098039215686
74063,74063,100,16,129,145,0.1103448275862069,0.8896551724137931,Yes,0.8896551724137931
74064,74064,100,41,289,330,0.12424242424242424,0.8757575757575757,Yes,0.8757575757575757
74065,74065,100,8,123,131,0.061068702290076333,0.9389312977099237,Yes,0.9389312977099237
74066,74066,100,15,128,143,0.1048951048951049,0.8951048951048951,Yes,0.8951048951048951
74067,74067,100,25,188,213,0.11737089201877934,0.8826291079812206,Yes,0.8826291079812206
74068,74068,100,25,175,200,0.125,0.875,Yes,0.875
74069,74069,100,29,76,105,0.2761904761904762,0.7238095238095238,Yes,0.7238095238095238
74070,74070,100,22,186,208,0.10576923076923077,0.8942307692307693,Yes,0.8942307692307693
74071,74071,100,12,85,97,0.12371134020618557,0.8762886597938144,Yes,0.8762886597938144
74072,74072,100,17,92,109,0.1559633027522936,0.8440366972477065,Yes,0.8440366972477065
74073,74073,100,27,170,197,0.13705583756345177,0.8629441624365483,Yes,0.8629441624365483
74074,74074,100,42,212,254,0.16535433070866143,0.8346456692913385,Yes,0.8346456692913385
74075,74075,100,44,244,288,0.1527777777777778,0.8472222222222222,Yes,0.8472222222222222
74076,74076,100,23,102,125,0.184,0.816,Yes,0.816
74077,74077,100,26,118,144,0.18055555555555555,0.8194444444444444,Yes,0.8194444444444444
74078,74078,100,37,185,222,0.16666666666666666,0.8333333333333334,Yes,0.8333333333333334
74079,74079,100,30,164,194,0.15463917525773196,0.845360824742268,Yes,0.845360824742268
74080,74080,100,25,121,146,0.17123287671232876,0.8287671232876712,Yes,0.8287671232876712
74081,74081,100,5,39,44,0.11363636363636363,0.8863636363636364,Yes,0.8863636363636364
74082,74082,100,33,292,325,0.10153846153846154,0.8984615384615384,Yes,0.8984615384615384
74083,74083,100,30,144,174,0.1724137931034483,0.8275862068965517,Yes,0.8275862068965517
74084,74084,100,11,96,107,0.102803738317757,0.897196261682243,Yes,0.897196261682243
74085,74085,100,24,132,156,0.15384615384615385,0.8461538461538461,Yes,0.8461538461538461
74086,74086,100,22,170,192,0.11458333333333333,0.8854166666666666,Yes,0.8854166666666666
74087,74087,100,48,269,317,0.15141955835962145,0.8485804416403786,Yes,0.8485804416403786
74088,74088,100,47,335,382,0.12303664921465969,0.8769633507853403,Yes,0.8769633507853403
74089,74089,100,39,193,232,0.16810344827586207,0.8318965517241379,Yes,0.8318965517241379
74090,74090,100,33,158,191,0.17277486910994763,0.8272251308900523,Yes,0.8272251308900523
74091,74091,100,29,173,202,0.14356435643564355,0.8564356435643564,Yes,0.8564356435643564
74200,74200,100,0,0,0,0,0,n/a,0
74201,74201,100,0,0,0,0,0,n/a,0
74202,74202,100,0,0,0,0,0,n/a,0
74203,74203,100,0,0,0,0,0,n/a,0
74204,74204,100,0,0,0,0,0,n/a,0
74205,74205,100,0,0,0,0,0,n/a,0
75001,75001,100,54,337,391,0.13810741687979539,0.8618925831202046,Yes,0.8618925831202046
75002,75002,100,31,280,311,0.09967845659163987,0.9003215434083601,Yes,0.9003215434083601
75003,75003,100,14,118,132,0.10606060606060606,0.8939393939393939,Yes,0.8939393939393939
75004,75004,100,23,195,218,0.10550458715596331,0.8944954128440367,Yes,0.8944954128440367
75005,75005,100,39,304,343,0.11370262390670553,0.8862973760932945,Yes,0.8862973760932945
75006,75006,100,33,246,279,0.11827956989247312,0.8817204301075269,Yes,0.8817204301075269
75007,75007,100,6,81,87,0.06896551724137931,0.9310344827586207,Yes,0.9310344827586207
75008,75008,100,12,117,129,0.09302325581395349,0.9069767441860465,Yes,0.9069767441860465
75009,75009,100,22,197,219,0.1004566210045662,0.8995433789954338,Yes,0.8995433789954338
75010,75010,100,15,188,203,0.07389162561576355,0.9261083743842364,Yes,0.9261083743842364
75011,75011,100,20,240,260,0.07692307692307693,0.9230769230769231,Yes,0.9230769230769231
75012,75012,100,32,145,177,0.1807909604519774,0.8192090395480226,Yes,0.8192090395480226
75013,75013,100,13,104,117,0.1111111111111111,0.8888888888888888,Yes,0.8888888888888888
75014,75014,100,19,125,144,0.13194444444444445,0.8680555555555556,Yes,0.8680555555555556
75015,75015,100,21,164,185,0.11351351351351352,0.8864864864864865,Yes,0.8864864864864865
75016,75016,100,15,274,289,0.05190311418685121,0.9480968858131488,Yes,0.9480968858131488
75017,75017,100,20,176,196,0.10204081632653061,0.8979591836734694,Yes,0.8979591836734694
75018,75018,100,18,102,120,0.15,0.85,Yes,0.85
75019,75019,100,28,199,227,0.12334801762114538,0.8766519823788547,Yes,0.8766519823788547
75020,75020,100,34,257,291,0.11683848797250859,0.8831615120274914,Yes,0.8831615120274914
75021,75021,100,8,126,134,0.05970149253731343,0.9402985074626866,Yes,0.9402985074626866
75022,75022,100,23,176,199,0.11557788944723618,0.8844221105527639,Yes,0.8844221105527639
75023,75023,100,13,203,216,0.06018518518518518,0.9398148148148148,Yes,0.9398148148148148
75024,75024,100,27,202,229,0.11790393013100436,0.8820960698689956,Yes,0.8820960698689956
75025,75025,100,30,220,250,0.12,0.88,Yes,0.88
75026,75026,100,31,262,293,0.10580204778156997,0.89419795221843,Yes,0.89419795221843
75027,75027,100,29,259,288,0.10069444444444445,0.8993055555555556,Yes,0.8993055555555556
75028,75028,100,27,231,258,0.10465116279069768,0.8953488372093024,Yes,0.8953488372093024
75029,75029,100,13,86,99,0.13131313131313133,0.8686868686868687,Yes,0.8686868686868687
75030,75030,100,20,224,244,0.08196721311475409,0.9180327868852459,Yes,0.9180327868852459
75031,75031,100,26,149,175,0.14857142857142858,0.8514285714285714,Yes,0.8514285714285714
75032,75032,100,29,203,232,0.125,0.875,Yes,0.875
75033,75033,100,17,141,158,0.10759493670886076,0.8924050632911392,Yes,0.8924050632911392
75034,75034,100,21,146,167,0.12574850299401197,0.874251497005988,Yes,0.874251497005988
75035,75035,100,13,77,90,0.14444444444444443,0.8555555555555555,Yes,0.8555555555555555
75036,75036,100,23,215,238,0.09663865546218488,0.9033613445378151,Yes,0.9033613445378151
75037,75037,100,12,120,132,0.09090909090909091,0.9090909090909091,Yes,0.9090909090909091
75038,75038,100,46,274,320,0.14375,0.85625,Yes,0.85625
75039,75039,100,11,119,130,0.08461538461538462,0.9153846153846154,Yes,0.9153846153846154
75040,75040,100,14,40,54,0.25925925925925924,0.7407407407407407,Yes,0.7407407407407407
75041,75041,100,62,194,256,0.2421875,0.7578125,Yes,0.7578125
75042,75042,100,13,194,207,0.06280193236714976,0.9371980676328503,Yes,0.9371980676328503
75043,75043,100,56,292,348,0.16091954022988506,0.8390804597701149,Yes,0.8390804597701149
75044,75044,100,60,285,345,0.17391304347826086,0.8260869565217391,Yes,0.8260869565217391
75045,75045,100,33,64,97,0.3402061855670103,0.6597938144329897,Yes,0.6597938144329897
75046,75046,100,7,49,56,0.125,0.875,Yes,0.875
75047,75047,100,17,107,124,0.13709677419354838,0.8629032258064516,Yes,0.8629032258064516
75048,75048,100,5,67,72,0.06944444444444445,0.9305555555555556,Yes,0.9305555555555556
75049,75049,100,14,88,102,0.13725490196078433,0.8627450980392157,Yes,0.8627450980392157
75050,75050,100,13,91,104,0.125,0.875,Yes,0.875
75051,75051,100,6,83,89,0.06741573033707865,0.9325842696629213,Yes,0.9325842696629213
75052,75052,100,15,147,162,0.09259259259259259,0.9074074074074074,Yes,0.9074074074074074
75053,75053,100,15,127,142,0.1056338028169014,0.8943661971830986,Yes,0.8943661971830986
75054,75054,100,8,108,116,0.06896551724137931,0.9310344827586207,Yes,0.9310344827586207
75055,75055,100,11,121,132,0.08333333333333333,0.9166666666666666,Yes,0.9166666666666666
75056,75056,100,38,209,247,0.15384615384615385,0.8461538461538461,Yes,0.8461538461538461
75057,75057,100,22,100,122,0.18032786885245902,0.819672131147541,Yes,0.819672131147541
75058,75058,100,4,86,90,0.044444444444444446,0.9555555555555556,Yes,0.9555555555555556
75059,75059,100,0,0,0,0,0,n/a,0
75060,75060,100,0,1,1,0.0,1.0,Yes,1.0
75061,75061,100,0,2,2,0.0,1.0,Yes,1.0
75062,75062,100,29,160,189,0.15343915343915343,0.8465608465608465,Yes,0.8465608465608465
75063,75063,100,11,145,156,0.07051282051282051,0.9294871794871795,Yes,0.9294871794871795
75064,75064,100,21,210,231,0.09090909090909091,0.9090909090909091,Yes,0.9090909090909091
75065,75065,100,0,4,4,0.0,1.0,Yes,1.0
75066,75066,100,5,39,44,0.11363636363636363,0.8863636363636364,Yes,0.8863636363636364
75067,75067,100,7,72,79,0.08860759493670886,0.9113924050632911,Yes,0.9113924050632911
75068,75068,100,3,41,44,0.06818181818181818,0.9318181818181818,Yes,0.9318181818181818
75069,75069,100,10,97,107,0.09345794392523364,0.9065420560747663,Yes,0.9065420560747663
75070,75070,100,23,188,211,0.10900473933649289,0.8909952606635071,Yes,0.8909952606635071
75071,75071,100,50,375,425,0.11764705882352941,0.8823529411764706,Yes,0.8823529411764706
75072,75072,100,66,439,505,0.1306930693069307,0.8693069306930693,Yes,0.8693069306930693
75073,75073,100,11,85,96,0.11458333333333333,0.8854166666666666,Yes,0.8854166666666666
75074,75074,100,17,74,91,0.18681318681318682,0.8131868131868132,Yes,0.8131868131868132
75075,75075,100,12,58,70,0.17142857142857143,0.8285714285714286,Yes,0.8285714285714286
75076,75076,100,11,62,73,0.1506849315068493,0.8493150684931506,Yes,0.8493150684931506
75077,75077,100,13,61,74,0.17567567567567569,0.8243243243243243,Yes,0.8243243243243243
75078,75078,100,10,111,121,0.08264462809917356,0.9173553719008265,Yes,0.9173553719008265
75079,75079,100,16,164,180,0.08888888888888889,0.9111111111111111,Yes,0.9111111111111111
75080,75080,100,18,229,247,0.0728744939271255,0.9271255060728745,Yes,0.9271255060728745
75081,75081,100,12,113,125,0.096,0.904,Yes,0.904
75082,75082,100,12,169,181,0.06629834254143646,0.9337016574585635,Yes,0.9337016574585635
75083,75083,100,27,190,217,0.12442396313364056,0.8755760368663594,Yes,0.8755760368663594
75084,75084,100,21,199,220,0.09545454545454546,0.9045454545454545,Yes,0.9045454545454545
75085,75085,100,12,109,121,0.09917355371900827,0.9008264462809917,Yes,0.9008264462809917
75086,75086,100,1,43,44,0.022727272727272728,0.9772727272727273,Yes,0.9772727272727273
75087,75087,100,10,173,183,0.0546448087431694,0.9453551912568307,Yes,0.9453551912568307
75088,75088,100,21,142,163,0.12883435582822086,0.8711656441717791,Yes,0.8711656441717791
75089,75089,100,14,81,95,0.14736842105263157,0.8526315789473684,Yes,0.8526315789473684
75090,75090,100,9,76,85,0.10588235294117647,0.8941176470588236,Yes,0.8941176470588236
75091,75091,100,16,119,135,0.11851851851851852,0.8814814814814815,Yes,0.8814814814814815
75092,75092,100,16,149,165,0.09696969696969697,0.9030303030303031,Yes,0.9030303030303031
75093,75093,100,0,0,0,0,0,n/a,0
75094,75094,100,17,146,163,0.10429447852760736,0.8957055214723927,Yes,0.8957055214723927
75095,75095,100,24,206,230,0.10434782608695652,0.8956521739130435,Yes,0.8956521739130435
75096,75096,100,30,166,196,0.15306122448979592,0.8469387755102041,Yes,0.8469387755102041
75097,75097,100,27,243,270,0.1,0.9,Yes,0.9
75098,75098,100,23,172,195,0.11794871794871795,0.882051282051282,Yes,0.882051282051282
75099,75099,100,22,182,204,0.10784313725490197,0.8921568627450981,Yes,0.8921568627450981
75100,75100,100,13,199,212,0.06132075471698113,0.9386792452830188,Yes,0.9386792452830188
75101,75101,100,1,32,33,0.030303030303030304,0.9696969696969697,Yes,0.9696969696969697
75102,75102,100,10,140,150,0.06666666666666667,0.9333333333333333,Yes,0.9333333333333333
75103,75103,100,6,119,125,0.048,0.952,Yes,0.952
75200,75200,100,0,0,0,0,0,n/a,0
75201,75201,100,0,0,0,0,0,n/a,0
75202,75202,100,0,0,0,0,0,n/a,0
75203,75203,100,0,0,0,0,0,n/a,0
75204,75204,100,0,0,0,0,0,n/a,0
75205,75205,100,0,0,0,0,0,n/a,0
76001,76001,100,24,246,270,0.08888888888888889,0.9111111111111111,Yes,0.9111111111111111
76002,76002,100,28,148,176,0.1590909090909091,0.8409090909090909,Yes,0.8409090909090909
76003,76003,100,25,164,189,0.13227513227513227,0.8677248677248677,Yes,0.8677248677248677
76004,76004,100,22,114,136,0.16176470588235295,0.8382352941176471,Yes,0.8382352941176471
76005,76005,100,27,98,125,0.216,0.784,Yes,0.784
76006,76006,100,40,183,223,0.17937219730941703,0.820627802690583,Yes,0.820627802690583
76007,76007,100,42,117,159,0.2641509433962264,0.7358490566037735,Yes,0.7358490566037735
76008,76008,100,15,94,109,0.13761467889908258,0.8623853211009175,Yes,0.8623853211009175
76009,76009,100,21,115,136,0.15441176470588236,0.8455882352941176,Yes,0.8455882352941176
76010,76010,100,32,198,230,0.1391304347826087,0.8608695652173913,Yes,0.8608695652173913
76011,76011,100,14,107,121,0.11570247933884298,0.8842975206611571,Yes,0.8842975206611571
76012,76012,100,31,127,158,0.1962025316455696,0.8037974683544303,Yes,0.8037974683544303
76013,76013,100,50,202,252,0.1984126984126984,0.8015873015873016,Yes,0.8015873015873016
76014,76014,100,26,168,194,0.13402061855670103,0.865979381443299,Yes,0.865979381443299
76015,76015,100,21,141,162,0.12962962962962962,0.8703703703703703,Yes,0.8703703703703703
76016,76016,100,44,277,321,0.13707165109034267,0.8629283489096573,Yes,0.8629283489096573
76017,76017,100,19,175,194,0.0979381443298969,0.9020618556701031,Yes,0.9020618556701031
76018,76018,100,24,201,225,0.10666666666666667,0.8933333333333333,Yes,0.8933333333333333
76019,76019,100,47,202,249,0.18875502008032127,0.8112449799196787,Yes,0.8112449799196787
76020,76020,100,35,155,190,0.18421052631578946,0.8157894736842105,Yes,0.8157894736842105
76021,76021,100,42,231,273,0.15384615384615385,0.8461538461538461,Yes,0.8461538461538461
76022,76022,100,30,169,199,0.1507537688442211,0.8492462311557789,Yes,0.8492462311557789
76023,76023,100,21,138,159,0.1320754716981132,0.8679245283018868,Yes,0.8679245283018868
76024,76024,100,24,132,156,0.15384615384615385,0.8461538461538461,Yes,0.8461538461538461
76025,76025,100,35,156,191,0.18324607329842932,0.8167539267015707,Yes,0.8167539267015707
76026,76026,100,28,172,200,0.14,0.86,Yes,0.86
76027,76027,100,11,131,142,0.07746478873239436,0.9225352112676056,Yes,0.9225352112676056
76028,76028,100,42,225,267,0.15730337078651685,0.8426966292134831,Yes,0.8426966292134831
76029,76029,100,22,126,148,0.14864864864864866,0.8513513513513513,Yes,0.8513513513513513
76030,76030,100,15,115,130,0.11538461538461539,0.8846153846153846,Yes,0.8846153846153846
76031,76031,100,21,130,151,0.1390728476821192,0.8609271523178808,Yes,0.8609271523178808
76032,76032,100,19,174,193,0.09844559585492228,0.9015544041450777,Yes,0.9015544041450777
76033,76033,100,29,180,209,0.13875598086124402,0.861244019138756,Yes,0.861244019138756
76034,76034,100,43,185,228,0.18859649122807018,0.8114035087719298,Yes,0.8114035087719298
76035,76035,100,49,241,290,0.16896551724137931,0.8310344827586207,Yes,0.8310344827586207
76036,76036,100,14,111,125,0.112,0.888,Yes,0.888
76037,76037,100,28,146,174,0.16091954022988506,0.8390804597701149,Yes,0.8390804597701149
76038,76038,100,19,149,168,0.1130952380952381,0.8869047619047619,Yes,0.8869047619047619
76039,76039,100,22,161,183,0.12021857923497267,0.8797814207650273,Yes,0.8797814207650273
76040,76040,100,47,207,254,0.18503937007874016,0.8149606299212598,Yes,0.8149606299212598
76041,76041,100,24,158,182,0.13186813186813187,0.8681318681318682,Yes,0.8681318681318682
76042,76042,100,25,228,253,0.09881422924901186,0.9011857707509882,Yes,0.9011857707509882
76043,76043,100,23,180,203,0.11330049261083744,0.8866995073891626,Yes,0.8866995073891626
76044,76044,100,21,171,192,0.109375,0.890625,Yes,0.890625
76045,76045,100,27,159,186,0.14516129032258066,0.8548387096774194,Yes,0.8548387096774194
76046,76046,100,34,257,291,0.11683848797250859,0.8831615120274914,Yes,0.8831615120274914
76047,76047,100,20,127,147,0.1360544217687075,0.8639455782312925,Yes,0.8639455782312925
76048,76048,100,24,122,146,0.1643835616438356,0.8356164383561644,Yes,0.8356164383561644
76049,76049,100,33,168,201,0.16417910447761194,0.835820895522388,Yes,0.835820895522388
76050,76050,100,30,172,202,0.1485148514851485,0.8514851485148515,Yes,0.8514851485148515
76051,76051,100,44,214,258,0.17054263565891473,0.8294573643410853,Yes,0.8294573643410853
76052,76052,100,23,130,153,0.1503267973856209,0.8496732026143791,Yes,0.8496732026143791
76053,76053,100,16,118,134,0.11940298507462686,0.8805970149253731,Yes,0.8805970149253731
76054,76054,100,29,170,199,0.1457286432160804,0.8542713567839196,Yes,0.8542713567839196
76055,76055,100,27,230,257,0.10505836575875487,0.8949416342412452,Yes,0.8949416342412452
76056,76056,100,14,84,98,0.14285714285714285,0.8571428571428571,Yes,0.8571428571428571
76057,76057,100,28,196,224,0.125,0.875,Yes,0.875
76058,76058,100,65,249,314,0.2070063694267516,0.7929936305732485,Yes,0.7929936305732485
76059,76059,100,33,264,297,0.1111111111111111,0.8888888888888888,Yes,0.8888888888888888
76060,76060,100,20,132,152,0.13157894736842105,0.868421052631579,Yes,0.868421052631579
76061,76061,100,27,171,198,0.13636363636363635,0.8636363636363636,Yes,0.8636363636363636
76062,76062,100,23,162,185,0.12432432432432433,0.8756756756756757,Yes,0.8756756756756757
76063,76063,100,32,183,215,0.14883720930232558,0.8511627906976744,Yes,0.8511627906976744
76064,76064,100,17,217,234,0.07264957264957266,0.9273504273504274,Yes,0.9273504273504274
76065,76065,100,64,288,352,0.18181818181818182,0.8181818181818182,Yes,0.8181818181818182
76066,76066,100,12,152,164,0.07317073170731707,0.926829268292683,Yes,0.926829268292683
76067,76067,100,40,256,296,0.13513513513513514,0.8648648648648649,Yes,0.8648648648648649
76068,76068,100,41,229,270,0.15185185185185185,0.8481481481481481,Yes,0.8481481481481481
76069,76069,100,42,271,313,0.134185303514377,0.865814696485623,Yes,0.865814696485623
76070,76070,100,38,198,236,0.16101694915254236,0.8389830508474576,Yes,0.8389830508474576
76071,76071,100,31,253,284,0.10915492957746478,0.8908450704225352,Yes,0.8908450704225352
76072,76072,100,38,306,344,0.11046511627906977,0.8895348837209303,Yes,0.8895348837209303
76073,76073,100,32,238,270,0.11851851851851852,0.8814814814814815,Yes,0.8814814814814815
76074,76074,100,31,194,225,0.13777777777777778,0.8622222222222222,Yes,0.8622222222222222
76075,76075,100,33,213,246,0.13414634146341464,0.8658536585365854,Yes,0.8658536585365854
76076,76076,100,21,130,151,0.1390728476821192,0.8609271523178808,Yes,0.8609271523178808
76077,76077,100,39,250,289,0.13494809688581316,0.8650519031141869,Yes,0.8650519031141869
76078,76078,100,41,231,272,0.15073529411764705,0.8492647058823529,Yes,0.8492647058823529
76079,76079,100,41,225,266,0.15413533834586465,0.8458646616541353,Yes,0.8458646616541353
76080,76080,100,19,149,168,0.1130952380952381,0.8869047619047619,Yes,0.8869047619047619
76081,76081,100,13,131,144,0.09027777777777778,0.9097222222222222,Yes,0.9097222222222222
76082,76082,100,9,81,90,0.1,0.9,Yes,0.9
76083,76083,100,53,314,367,0.1444141689373297,0.8555858310626703,Yes,0.8555858310626703
76084,76084,100,17,115,132,0.12878787878787878,0.8712121212121212,Yes,0.8712121212121212
76085,76085,100,23,111,134,0.17164179104477612,0.8283582089552238,Yes,0.8283582089552238
76086,76086,100,13,115,128,0.1015625,0.8984375,Yes,0.8984375
76087,76087,100,5,58,63,0.07936507936507936,0.9206349206349206,Yes,0.9206349206349206
76088,76088,100,28,188,216,0.12962962962962962,0.8703703703703703,Yes,0.8703703703703703
76089,76089,100,28,142,170,0.16470588235294117,0.8352941176470589,Yes,0.8352941176470589
76090,76090,100,28,188,216,0.12962962962962962,0.8703703703703703,Yes,0.8703703703703703
76200,76200,100,0,0,0,0,0,n/a,0
76201,76201,100,0,0,0,0,0,n/a,0
76202,76202,100,0,0,0,0,0,n/a,0
76203,76203,100,0,0,0,0,0,n/a,0
76204,76204,100,0,0,0,0,0,n/a,0
76205,76205,100,0,0,0,0,0,n/a,0
76206,76206,100,0,0,0,0,0,n/a,0
76207,76207,100,0,0,0,0,0,n/a,0
77001,77001,100,6,24,30,0.2,0.8,Yes,0.8
77002,77002,100,6,18,24,0.25,0.75,Yes,0.75
77003,77003,100,31,45,76,0.40789473684210525,0.5921052631578947,Yes,0.5921052631578947
77004,77004,100,9,12,21,0.42857142857142855,0.5714285714285714,Yes,0.5714285714285714
77005,77005,100,32,40,72,0.4444444444444444,0.5555555555555556,Yes,0.5555555555555556
77006,77006,100,14,67,81,0.1728395061728395,0.8271604938271605,Yes,0.8271604938271605
77007,77007,100,16,80,96,0.16666666666666666,0.8333333333333334,Yes,0.8333333333333334
77008,77008,100,8,64,72,0.1111111111111111,0.8888888888888888,Yes,0.8888888888888888
77009,77009,100,13,68,81,0.16049382716049382,0.8395061728395061,Yes,0.8395061728395061
77010,77010,100,18,180,198,0.09090909090909091,0.9090909090909091,Yes,0.9090909090909091
77011,77011,100,23,130,153,0.1503267973856209,0.8496732026143791,Yes,0.8496732026143791
77012,77012,100,19,103,122,0.1557377049180328,0.8442622950819673,Yes,0.8442622950819673
77013,77013,100,7,45,52,0.1346153846153846,0.8653846153846154,Yes,0.8653846153846154
77014,77014,100,9,52,61,0.14754098360655737,0.8524590163934426,Yes,0.8524590163934426
77015,77015,100,13,67,80,0.1625,0.8375,Yes,0.8375
77016,77016,100,15,90,105,0.14285714285714285,0.8571428571428571,Yes,0.8571428571428571
77017,77017,100,2,24,26,0.07692307692307693,0.9230769230769231,Yes,0.9230769230769231
77018,77018,100,5,60,65,0.07692307692307693,0.9230769230769231,Yes,0.9230769230769231
77019,77019,100,13,65,78,0.16666666666666666,0.8333333333333334,Yes,0.8333333333333334
77020,77020,100,48,71,119,0.40336134453781514,0.5966386554621849,Yes,0.5966386554621849
77021,77021,100,43,110,153,0.28104575163398693,0.7189542483660131,Yes,0.7189542483660131
77022,77022,100,47,46,93,0.5053763440860215,0.4946236559139785,No,0.5053763440860215
77023,77023,100,26,119,145,0.1793103448275862,0.8206896551724138,Yes,0.8206896551724138
77024,77024,100,22,63,85,0.25882352941176473,0.7411764705882353,Yes,0.7411764705882353
77025,77025,100,26,138,164,0.15853658536585366,0.8414634146341463,Yes,0.8414634146341463
77026,77026,100,17,58,75,0.22666666666666666,0.7733333333333333,Yes,0.7733333333333333
77027,77027,100,19,46,65,0.2923076923076923,0.7076923076923077,Yes,0.7076923076923077
77028,77028,100,88,17,105,0.8380952380952381,0.1619047619047619,No,0.8380952380952381
77029,77029,100,9,26,35,0.2571428571428571,0.7428571428571429,Yes,0.7428571428571429
77030,77030,100,13,63,76,0.17105263157894737,0.8289473684210527,Yes,0.8289473684210527
77031,77031,100,6,8,14,0.42857142857142855,0.5714285714285714,Yes,0.5714285714285714
77032,77032,100,0,15,15,0.0,1.0,Yes,1.0
77033,77033,100,2,15,17,0.11764705882352941,0.8823529411764706,Yes,0.8823529411764706
77034,77034,100,15,82,97,0.15463917525773196,0.845360824742268,Yes,0.845360824742268
77035,77035,100,12,70,82,0.14634146341463414,0.8536585365853658,Yes,0.8536585365853658
77036,77036,100,12,30,42,0.2857142857142857,0.7142857142857143,Yes,0.7142857142857143
77037,77037,100,56,87,143,0.3916083916083916,0.6083916083916084,Yes,0.6083916083916084
77038,77038,100,9,29,38,0.23684210526315788,0.7631578947368421,Yes,0.7631578947368421
77039,77039,100,10,84,94,0.10638297872340426,0.8936170212765957,Yes,0.8936170212765957
77040,77040,100,12,46,58,0.20689655172413793,0.7931034482758621,Yes,0.7931034482758621
77041,77041,100,3,20,23,0.13043478260869565,0.8695652173913043,Yes,0.8695652173913043
77042,77042,100,10,51,61,0.16393442622950818,0.8360655737704918,Yes,0.8360655737704918
77043,77043,100,19,116,135,0.14074074074074075,0.8592592592592593,Yes,0.8592592592592593
77044,77044,100,13,42,55,0.23636363636363636,0.7636363636363637,Yes,0.7636363636363637
77045,77045,100,8,89,97,0.08247422680412371,0.9175257731958762,Yes,0.9175257731958762
77046,77046,100,7,100,107,0.06542056074766354,0.9345794392523364,Yes,0.9345794392523364
77047,77047,100,10,115,125,0.08,0.92,Yes,0.92
77048,77048,100,13,64,77,0.16883116883116883,0.8311688311688312,Yes,0.8311688311688312
77049,77049,100,8,23,31,0.25806451612903225,0.7419354838709677,Yes,0.7419354838709677
77050,77050,100,14,69,83,0.1686746987951807,0.8313253012048193,Yes,0.8313253012048193
77051,77051,100,21,67,88,0.23863636363636365,0.7613636363636364,Yes,0.7613636363636364
77052,77052,100,0,7,7,0.0,1.0,Yes,1.0
77053,77053,100,8,27,35,0.22857142857142856,0.7714285714285715,Yes,0.7714285714285715
77054,77054,100,17,49,66,0.25757575757575757,0.7424242424242424,Yes,0.7424242424242424
77055,77055,100,12,50,62,0.1935483870967742,0.8064516129032258,Yes,0.8064516129032258
77056,77056,100,8,111,119,0.06722689075630252,0.9327731092436975,Yes,0.9327731092436975
77057,77057,100,15,53,68,0.22058823529411764,0.7794117647058824,Yes,0.7794117647058824
77058,77058,100,32,154,186,0.17204301075268819,0.8279569892473119,Yes,0.8279569892473119
77059,77059,100,12,29,41,0.2926829268292683,0.7073170731707317,Yes,0.7073170731707317
77060,77060,100,36,141,177,0.2033898305084746,0.7966101694915254,Yes,0.7966101694915254
77061,77061,100,9,28,37,0.24324324324324326,0.7567567567567568,Yes,0.7567567567567568
77062,77062,100,20,55,75,0.26666666666666666,0.7333333333333333,Yes,0.7333333333333333
77063,77063,100,10,56,66,0.15151515151515152,0.8484848484848485,Yes,0.8484848484848485
77064,77064,100,0,17,17,0.0,1.0,Yes,1.0
77065,77065,100,14,87,101,0.13861386138613863,0.8613861386138614,Yes,0.8613861386138614
77066,77066,100,4,15,19,0.21052631578947367,0.7894736842105263,Yes,0.7894736842105263
77067,77067,100,5,22,27,0.18518518518518517,0.8148148148148148,Yes,0.8148148148148148
77068,77068,100,6,52,58,0.10344827586206896,0.896551724137931,Yes,0.896551724137931
77069,77069,100,0,0,0,0,0,n/a,0
77070,77070,100,0,0,0,0,0,n/a,0
78001,78001,100,10,57,67,0.14925373134328357,0.8507462686567164,Yes,0.8507462686567164
78002,78002,100,44,93,137,0.32116788321167883,0.6788321167883211,Yes,0.6788321167883211
78003,78003,100,6,31,37,0.16216216216216217,0.8378378378378378,Yes,0.8378378378378378
78004,78004,100,11,36,47,0.23404255319148937,0.7659574468085106,Yes,0.7659574468085106
78005,78005,100,10,65,75,0.13333333333333333,0.8666666666666667,Yes,0.8666666666666667
78006,78006,100,19,53,72,0.2638888888888889,0.7361111111111112,Yes,0.7361111111111112
78007,78007,100,3,16,19,0.15789473684210525,0.8421052631578947,Yes,0.8421052631578947
78008,78008,100,14,37,51,0.27450980392156865,0.7254901960784313,Yes,0.7254901960784313
78009,78009,100,16,70,86,0.18604651162790697,0.813953488372093,Yes,0.813953488372093
78010,78010,100,14,65,79,0.17721518987341772,0.8227848101265823,Yes,0.8227848101265823
78011,78011,100,9,55,64,0.140625,0.859375,Yes,0.859375
78012,78012,100,30,72,102,0.29411764705882354,0.7058823529411765,Yes,0.7058823529411765
78013,78013,100,11,40,51,0.21568627450980393,0.7843137254901961,Yes,0.7843137254901961
78014,78014,100,5,49,54,0.09259259259259259,0.9074074074074074,Yes,0.9074074074074074
78015,78015,100,3,28,31,0.0967741935483871,0.9032258064516129,Yes,0.9032258064516129
78016,78016,100,11,29,40,0.275,0.725,Yes,0.725
78017,78017,100,11,18,29,0.3793103448275862,0.6206896551724138,Yes,0.6206896551724138
78018,78018,100,6,37,43,0.13953488372093023,0.8604651162790697,Yes,0.8604651162790697
78019,78019,100,8,40,48,0.16666666666666666,0.8333333333333334,Yes,0.8333333333333334
78020,78020,100,11,64,75,0.14666666666666667,0.8533333333333334,Yes,0.8533333333333334
78021,78021,100,9,58,67,0.13432835820895522,0.8656716417910447,Yes,0.8656716417910447
78022,78022,100,12,83,95,0.12631578947368421,0.8736842105263158,Yes,0.8736842105263158
78023,78023,100,3,35,38,0.07894736842105263,0.9210526315789473,Yes,0.9210526315789473
78024,78024,100,35,61,96,0.3645833333333333,0.6354166666666666,Yes,0.6354166666666666
78025,78025,100,14,50,64,0.21875,0.78125,Yes,0.78125
78026,78026,100,6,37,43,0.13953488372093023,0.8604651162790697,Yes,0.8604651162790697
78027,78027,100,5,18,23,0.21739130434782608,0.782608695652174,Yes,0.782608695652174
78028,78028,100,22,87,109,0.2018348623853211,0.7981651376146789,Yes,0.7981651376146789
78029,78029,100,8,42,50,0.16,0.84,Yes,0.84
78030,78030,100,12,60,72,0.16666666666666666,0.8333333333333334,Yes,0.8333333333333334
78031,78031,100,15,69,84,0.17857142857142858,0.8214285714285714,Yes,0.8214285714285714
78032,78032,100,22,102,124,0.1774193548387097,0.8225806451612904,Yes,0.8225806451612904
78033,78033,100,26,135,161,0.16149068322981366,0.8385093167701864,Yes,0.8385093167701864
78034,78034,100,11,51,62,0.1774193548387097,0.8225806451612904,Yes,0.8225806451612904
78035,78035,100,5,25,30,0.16666666666666666,0.8333333333333334,Yes,0.8333333333333334
78036,78036,100,17,53,70,0.24285714285714285,0.7571428571428571,Yes,0.7571428571428571
78037,78037,100,0,8,8,0.0,1.0,Yes,1.0
78038,78038,100,17,63,80,0.2125,0.7875,Yes,0.7875
78039,78039,100,8,40,48,0.16666666666666666,0.8333333333333334,Yes,0.8333333333333334
78040,78040,100,32,180,212,0.1509433962264151,0.8490566037735849,Yes,0.8490566037735849
78041,78041,100,16,61,77,0.2077922077922078,0.7922077922077922,Yes,0.7922077922077922
78042,78042,100,0,0,0,0,0,n/a,0
78043,78043,100,2,35,37,0.05405405405405406,0.9459459459459459,Yes,0.9459459459459459
78044,78044,100,6,71,77,0.07792207792207792,0.922077922077922,Yes,0.922077922077922
78045,78045,100,9,67,76,0.11842105263157894,0.881578947368421,Yes,0.881578947368421
78046,78046,100,9,72,81,0.1111111111111111,0.8888888888888888,Yes,0.8888888888888888
78047,78047,100,8,43,51,0.1568627450980392,0.8431372549019608,Yes,0.8431372549019608
78048,78048,100,38,148,186,0.20430107526881722,0.7956989247311828,Yes,0.7956989247311828
78049,78049,100,20,72,92,0.21739130434782608,0.782608695652174,Yes,0.782608695652174
78050,78050,100,16,69,85,0.18823529411764706,0.8117647058823529,Yes,0.8117647058823529
78051,78051,100,12,62,74,0.16216216216216217,0.8378378378378378,Yes,0.8378378378378378
78052,78052,100,21,82,103,0.20388349514563106,0.7961165048543689,Yes,0.7961165048543689
78053,78053,100,9,34,43,0.20930232558139536,0.7906976744186046,Yes,0.7906976744186046
78054,78054,100,9,38,47,0.19148936170212766,0.8085106382978723,Yes,0.8085106382978723
78055,78055,100,0,0,0,0,0,n/a,0
78056,78056,100,0,0,0,0,0,n/a,0
78057,78057,100,0,0,0,0,0,n/a,0
78058,78037,100,0,0,0,0,0,n/a,0
79001,79001,100,15,49,64,0.234375,0.765625,Yes,0.765625
79002,79002,100,49,46,95,0.5157894736842106,0.4842105263157895,No,0.5157894736842106
79003,79003,100,17,64,81,0.20987654320987653,0.7901234567901234,Yes,0.7901234567901234
79004,79004,100,9,34,43,0.20930232558139536,0.7906976744186046,Yes,0.7906976744186046
79005,79005,100,10,42,52,0.19230769230769232,0.8076923076923077,Yes,0.8076923076923077
79006,79006,100,3,34,37,0.08108108108108109,0.918918918918919,Yes,0.918918918918919
79007,79007,100,9,42,51,0.17647058823529413,0.8235294117647058,Yes,0.8235294117647058
79008,79008,100,10,38,48,0.20833333333333334,0.7916666666666666,Yes,0.7916666666666666
79009,79009,100,10,23,33,0.30303030303030304,0.696969696969697,Yes,0.696969696969697
79010,79010,100,14,60,74,0.1891891891891892,0.8108108108108109,Yes,0.8108108108108109
79011,79011,100,4,28,32,0.125,0.875,Yes,0.875
79012,79012,100,5,23,28,0.17857142857142858,0.8214285714285714,Yes,0.8214285714285714
79013,79013,100,13,69,82,0.15853658536585366,0.8414634146341463,Yes,0.8414634146341463
79014,79014,100,5,16,21,0.23809523809523808,0.7619047619047619,Yes,0.7619047619047619
79015,79015,100,12,40,52,0.23076923076923078,0.7692307692307693,Yes,0.7692307692307693
79016,79016,100,4,67,71,0.056338028169014086,0.9436619718309859,Yes,0.9436619718309859
79017,79017,100,18,68,86,0.20930232558139536,0.7906976744186046,Yes,0.7906976744186046
79018,79018,100,3,19,22,0.13636363636363635,0.8636363636363636,Yes,0.8636363636363636
79019,79019,100,7,44,51,0.13725490196078433,0.8627450980392157,Yes,0.8627450980392157
79020,79020,100,8,18,26,0.3076923076923077,0.6923076923076923,Yes,0.6923076923076923
79021,79021,100,12,27,39,0.3076923076923077,0.6923076923076923,Yes,0.6923076923076923
79022,79022,100,3,19,22,0.13636363636363635,0.8636363636363636,Yes,0.8636363636363636
79023,79023,100,6,47,53,0.11320754716981132,0.8867924528301887,Yes,0.8867924528301887
79024,79024,100,14,48,62,0.22580645161290322,0.7741935483870968,Yes,0.7741935483870968
79025,79025,100,12,70,82,0.14634146341463414,0.8536585365853658,Yes,0.8536585365853658
79026,79026,100,8,40,48,0.16666666666666666,0.8333333333333334,Yes,0.8333333333333334
79027,79027,100,11,64,75,0.14666666666666667,0.8533333333333334,Yes,0.8533333333333334
79028,79028,100,20,82,102,0.19607843137254902,0.803921568627451,Yes,0.803921568627451
79074,79074,100,2,7,9,0.2222222222222222,0.7777777777777778,Yes,0.7777777777777778
79029,79074,100,0,0,0,0,0,n/a,0
79030,79030,100,61,128,189,0.32275132275132273,0.6772486772486772,Yes,0.6772486772486772
79031,79031,100,9,20,29,0.3103448275862069,0.6896551724137931,Yes,0.6896551724137931
79032,79032,100,9,34,43,0.20930232558139536,0.7906976744186046,Yes,0.7906976744186046
79033,79033,100,7,24,31,0.22580645161290322,0.7741935483870968,Yes,0.7741935483870968
79034,79034,100,24,154,178,0.1348314606741573,0.8651685393258427,Yes,0.8651685393258427
79035,79035,100,16,33,49,0.32653061224489793,0.673469387755102,Yes,0.673469387755102
79036,79036,100,9,39,48,0.1875,0.8125,Yes,0.8125
79037,79037,100,14,24,38,0.3684210526315789,0.631578947368421,Yes,0.631578947368421
79038,79038,100,13,51,64,0.203125,0.796875,Yes,0.796875
79039,79039,100,20,28,48,0.4166666666666667,0.5833333333333334,Yes,0.5833333333333334
79040,79040,100,19,79,98,0.19387755102040816,0.8061224489795918,Yes,0.8061224489795918
79041,79041,100,8,39,47,0.1702127659574468,0.8297872340425532,Yes,0.8297872340425532
79042,79042,100,19,76,95,0.2,0.8,Yes,0.8
79043,79043,100,8,31,39,0.20512820512820512,0.7948717948717948,Yes,0.7948717948717948
79044,79044,100,5,25,30,0.16666666666666666,0.8333333333333334,Yes,0.8333333333333334
79045,79045,100,15,75,90,0.16666666666666666,0.8333333333333334,Yes,0.8333333333333334
79046,79046,100,6,56,62,0.0967741935483871,0.9032258064516129,Yes,0.9032258064516129
79047,79047,100,11,34,45,0.24444444444444444,0.7555555555555555,Yes,0.7555555555555555
79048,79048,100,8,26,34,0.23529411764705882,0.7647058823529411,Yes,0.7647058823529411
79049,79049,100,5,22,27,0.18518518518518517,0.8148148148148148,Yes,0.8148148148148148
79050,79050,100,3,50,53,0.05660377358490566,0.9433962264150944,Yes,0.9433962264150944
79051,79051,100,25,67,92,0.2717391304347826,0.7282608695652174,Yes,0.7282608695652174
79052,79052,100,11,108,119,0.09243697478991597,0.907563025210084,Yes,0.907563025210084
79053,79053,100,13,61,74,0.17567567567567569,0.8243243243243243,Yes,0.8243243243243243
79054,79054,100,4,39,43,0.09302325581395349,0.9069767441860465,Yes,0.9069767441860465
79055,79055,100,1,16,17,0.058823529411764705,0.9411764705882353,Yes,0.9411764705882353
79056,79056,100,11,85,96,0.11458333333333333,0.8854166666666666,Yes,0.8854166666666666
79057,79057,100,28,133,161,0.17391304347826086,0.8260869565217391,Yes,0.8260869565217391
79058,79058,100,7,34,41,0.17073170731707318,0.8292682926829268,Yes,0.8292682926829268
79059,79059,100,7,39,46,0.15217391304347827,0.8478260869565217,Yes,0.8478260869565217
79060,79060,100,11,31,42,0.2619047619047619,0.7380952380952381,Yes,0.7380952380952381
79061,79061,100,14,67,81,0.1728395061728395,0.8271604938271605,Yes,0.8271604938271605
79062,79062,100,8,36,44,0.18181818181818182,0.8181818181818182,Yes,0.8181818181818182
79063,79063,100,9,45,54,0.16666666666666666,0.8333333333333334,Yes,0.8333333333333334
79064,79064,100,5,32,37,0.13513513513513514,0.8648648648648649,Yes,0.8648648648648649
79065,79065,100,10,23,33,0.30303030303030304,0.696969696969697,Yes,0.696969696969697
79066,79066,100,16,68,84,0.19047619047619047,0.8095238095238095,Yes,0.8095238095238095
79067,79067,100,11,49,60,0.18333333333333332,0.8166666666666667,Yes,0.8166666666666667
79068,79068,100,38,187,225,0.1688888888888889,0.8311111111111111,Yes,0.8311111111111111
79069,79069,100,59,215,274,0.21532846715328466,0.7846715328467153,Yes,0.7846715328467153
79070,79070,100,48,212,260,0.18461538461538463,0.8153846153846154,Yes,0.8153846153846154
79071,79071,100,11,67,78,0.14102564102564102,0.8589743589743589,Yes,0.8589743589743589
79072,79072,100,19,65,84,0.2261904761904762,0.7738095238095238,Yes,0.7738095238095238
79073,79073,100,5,40,45,0.1111111111111111,0.8888888888888888,Yes,0.8888888888888888
79075,79075,100,17,56,73,0.2328767123287671,0.7671232876712328,Yes,0.7671232876712328
79076,79076,100,12,47,59,0.2033898305084746,0.7966101694915254,Yes,0.7966101694915254
79077,79077,100,4,18,22,0.18181818181818182,0.8181818181818182,Yes,0.8181818181818182
79078,79078,100,4,14,18,0.2222222222222222,0.7777777777777778,Yes,0.7777777777777778
79079,79079,100,6,42,48,0.125,0.875,Yes,0.875
79080,79080,100,0,0,0,0,0,n/a,0
79081,79081,100,0,0,0,0,0,n/a,0
80001,80001,100,11,40,51,0.21568627450980393,0.7843137254901961,Yes,0.7843137254901961
80002,80002,100,6,40,46,0.13043478260869565,0.8695652173913043,Yes,0.8695652173913043
80003,80003,100,36,95,131,0.2748091603053435,0.7251908396946565,Yes,0.7251908396946565
80004,80004,100,28,59,87,0.3218390804597701,0.6781609195402298,Yes,0.6781609195402298
80005,80005,100,8,33,41,0.1951219512195122,0.8048780487804879,Yes,0.8048780487804879
80006,80006,100,25,68,93,0.26881720430107525,0.7311827956989247,Yes,0.7311827956989247
80007,80007,100,17,56,73,0.2328767123287671,0.7671232876712328,Yes,0.7671232876712328
80008,80008,100,8,45,53,0.1509433962264151,0.8490566037735849,Yes,0.8490566037735849
80009,80009,100,11,37,48,0.22916666666666666,0.7708333333333334,Yes,0.7708333333333334
80010,80010,100,21,71,92,0.22826086956521738,0.7717391304347826,Yes,0.7717391304347826
80011,80011,100,4,16,20,0.2,0.8,Yes,0.8
80012,80012,100,6,33,39,0.15384615384615385,0.8461538461538461,Yes,0.8461538461538461
80013,80013,100,16,54,70,0.22857142857142856,0.7714285714285715,Yes,0.7714285714285715
80014,80014,100,14,111,125,0.112,0.888,Yes,0.888
80015,80015,100,7,31,38,0.18421052631578946,0.8157894736842105,Yes,0.8157894736842105
80016,80016,100,29,109,138,0.21014492753623187,0.7898550724637681,Yes,0.7898550724637681
80017,80017,100,18,78,96,0.1875,0.8125,Yes,0.8125
80018,80018,100,23,86,109,0.21100917431192662,0.7889908256880734,Yes,0.7889908256880734
80019,80019,100,13,47,60,0.21666666666666667,0.7833333333333333,Yes,0.7833333333333333
80020,80020,100,25,65,90,0.2777777777777778,0.7222222222222222,Yes,0.7222222222222222
80021,80021,100,18,87,105,0.17142857142857143,0.8285714285714286,Yes,0.8285714285714286
80022,80022,100,14,68,82,0.17073170731707318,0.8292682926829268,Yes,0.8292682926829268
80023,80023,100,23,89,112,0.20535714285714285,0.7946428571428571,Yes,0.7946428571428571
80024,80024,100,26,101,127,0.2047244094488189,0.7952755905511811,Yes,0.7952755905511811
80025,80025,100,14,66,80,0.175,0.825,Yes,0.825
80026,80026,100,27,97,124,0.21774193548387097,0.782258064516129,Yes,0.782258064516129
80027,80027,100,22,64,86,0.2558139534883721,0.7441860465116279,Yes,0.7441860465116279
80028,80028,100,18,94,112,0.16071428571428573,0.8392857142857143,Yes,0.8392857142857143
80029,80029,100,11,28,39,0.28205128205128205,0.717948717948718,Yes,0.717948717948718
80030,80030,100,43,87,130,0.33076923076923076,0.6692307692307692,Yes,0.6692307692307692
80031,80031,100,40,133,173,0.23121387283236994,0.7687861271676301,Yes,0.7687861271676301
80032,80032,100,24,86,110,0.21818181818181817,0.7818181818181819,Yes,0.7818181818181819
80033,80033,100,19,50,69,0.2753623188405797,0.7246376811594203,Yes,0.7246376811594203
80034,80034,100,26,73,99,0.26262626262626265,0.7373737373737373,Yes,0.7373737373737373
80035,80035,100,10,57,67,0.14925373134328357,0.8507462686567164,Yes,0.8507462686567164
80036,80036,100,31,94,125,0.248,0.752,Yes,0.752
80037,80037,100,19,54,73,0.2602739726027397,0.7397260273972602,Yes,0.7397260273972602
80038,80038,100,9,64,73,0.1232876712328767,0.8767123287671232,Yes,0.8767123287671232
80039,80039,100,24,89,113,0.21238938053097345,0.7876106194690266,Yes,0.7876106194690266
80040,80040,100,7,47,54,0.12962962962962962,0.8703703703703703,Yes,0.8703703703703703
80041,80041,100,37,155,192,0.19270833333333334,0.8072916666666666,Yes,0.8072916666666666
80042,80042,100,20,75,95,0.21052631578947367,0.7894736842105263,Yes,0.7894736842105263
80043,80043,100,18,36,54,0.3333333333333333,0.6666666666666666,Yes,0.6666666666666666
80044,80044,100,15,35,50,0.3,0.7,Yes,0.7
80045,80045,100,17,66,83,0.20481927710843373,0.7951807228915663,Yes,0.7951807228915663
80046,80046,100,6,45,51,0.11764705882352941,0.8823529411764706,Yes,0.8823529411764706
80047,80047,100,15,65,80,0.1875,0.8125,Yes,0.8125
80048,80048,100,9,45,54,0.16666666666666666,0.8333333333333334,Yes,0.8333333333333334
80049,80049,100,4,17,21,0.19047619047619047,0.8095238095238095,Yes,0.8095238095238095
80050,80050,100,24,93,117,0.20512820512820512,0.7948717948717948,Yes,0.7948717948717948
80051,80051,100,4,20,24,0.16666666666666666,0.8333333333333334,Yes,0.8333333333333334
80052,80052,100,8,23,31,0.25806451612903225,0.7419354838709677,Yes,0.7419354838709677
80053,80053,100,11,39,50,0.22,0.78,Yes,0.78
80054,80054,100,5,20,25,0.2,0.8,Yes,0.8
80055,80055,100,26,113,139,0.18705035971223022,0.8129496402877698,Yes,0.8129496402877698
80056,80056,100,22,103,125,0.176,0.824,Yes,0.824
80057,80057,100,19,39,58,0.3275862068965517,0.6724137931034483,Yes,0.6724137931034483
80058,80058,100,17,47,64,0.265625,0.734375,Yes,0.734375
80059,80059,100,4,15,19,0.21052631578947367,0.7894736842105263,Yes,0.7894736842105263
80060,80060,100,13,63,76,0.17105263157894737,0.8289473684210527,Yes,0.8289473684210527
80061,80061,100,3,13,16,0.1875,0.8125,Yes,0.8125
80062,80062,100,19,92,111,0.17117117117117117,0.8288288288288288,Yes,0.8288288288288288
80063,80063,100,11,65,76,0.14473684210526316,0.8552631578947368,Yes,0.8552631578947368
80064,80064,100,20,33,53,0.37735849056603776,0.6226415094339622,Yes,0.6226415094339622
80065,80065,100,30,90,120,0.25,0.75,Yes,0.75
80066,80066,100,10,31,41,0.24390243902439024,0.7560975609756098,Yes,0.7560975609756098
80067,80067,100,24,96,120,0.2,0.8,Yes,0.8
80068,80068,100,26,81,107,0.24299065420560748,0.7570093457943925,Yes,0.7570093457943925
80069,80069,100,11,35,46,0.2391304347826087,0.7608695652173914,Yes,0.7608695652173914
80070,80070,100,27,88,115,0.23478260869565218,0.7652173913043478,Yes,0.7652173913043478
80071,80071,100,15,86,101,0.1485148514851485,0.8514851485148515,Yes,0.8514851485148515
80073,80073,100,17,57,74,0.22972972972972974,0.7702702702702703,Yes,0.7702702702702703
80072,80073,100,0,0,0,0,0,n/a,0
80074,80074,100,39,195,234,0.16666666666666666,0.8333333333333334,Yes,0.8333333333333334
80075,80075,100,1,1,2,0.5,0.5,Tie,0.5
80076,80076,100,8,46,54,0.14814814814814814,0.8518518518518519,Yes,0.8518518518518519
80077,80077,100,24,112,136,0.17647058823529413,0.8235294117647058,Yes,0.8235294117647058
80078,80078,100,18,125,143,0.1258741258741259,0.8741258741258742,Yes,0.8741258741258742
80079,80079,100,22,58,80,0.275,0.725,Yes,0.725
80080,80080,100,13,73,86,0.1511627906976744,0.8488372093023255,Yes,0.8488372093023255
80081,80081,100,16,92,108,0.14814814814814814,0.8518518518518519,Yes,0.8518518518518519
80082,80082,100,10,51,61,0.16393442622950818,0.8360655737704918,Yes,0.8360655737704918
80083,80083,100,27,156,183,0.14754098360655737,0.8524590163934426,Yes,0.8524590163934426
80084,80084,100,9,37,46,0.1956521739130435,0.8043478260869565,Yes,0.8043478260869565
80085,80085,100,12,65,77,0.15584415584415584,0.8441558441558441,Yes,0.8441558441558441
80086,80086,100,12,75,87,0.13793103448275862,0.8620689655172413,Yes,0.8620689655172413
80087,80087,100,15,26,41,0.36585365853658536,0.6341463414634146,Yes,0.6341463414634146
80088,80088,100,0,0,0,0,0,n/a,0
80089,80089,100,0,0,0,0,0,n/a,0
80090,80073,100,0,0,0,0,0,n/a,0
80091,80075,100,0,0,0,0,0,n/a,0
80092,80092,100,0,0,0,0,0,n/a,0
81001,81001,100,10,69,79,0.12658227848101267,0.8734177215189873,Yes,0.8734177215189873
81002,81002,100,12,73,85,0.1411764705882353,0.8588235294117647,Yes,0.8588235294117647
81003,81003,100,7,10,17,0.4117647058823529,0.5882352941176471,Yes,0.5882352941176471
81004,81004,100,20,79,99,0.20202020202020202,0.797979797979798,Yes,0.797979797979798
81005,81005,100,21,74,95,0.22105263157894736,0.7789473684210526,Yes,0.7789473684210526
81006,81006,100,17,76,93,0.1827956989247312,0.8172043010752689,Yes,0.8172043010752689
81007,81007,100,12,63,75,0.16,0.84,Yes,0.84
81008,81008,100,4,36,40,0.1,0.9,Yes,0.9
81009,81009,100,8,28,36,0.2222222222222222,0.7777777777777778,Yes,0.7777777777777778
81010,81010,100,1,16,17,0.058823529411764705,0.9411764705882353,Yes,0.9411764705882353
81011,81011,100,1,7,8,0.125,0.875,Yes,0.875
81012,81012,100,23,120,143,0.16083916083916083,0.8391608391608392,Yes,0.8391608391608392
81013,81013,100,12,43,55,0.21818181818181817,0.7818181818181819,Yes,0.7818181818181819
81014,81014,100,36,125,161,0.2236024844720497,0.7763975155279503,Yes,0.7763975155279503
81015,81015,100,35,113,148,0.23648648648648649,0.7635135135135135,Yes,0.7635135135135135
81016,81016,100,1,16,17,0.058823529411764705,0.9411764705882353,Yes,0.9411764705882353
81017,81017,100,4,34,38,0.10526315789473684,0.8947368421052632,Yes,0.8947368421052632
81018,81018,100,6,19,25,0.24,0.76,Yes,0.76
81019,81019,100,9,44,53,0.16981132075471697,0.8301886792452831,Yes,0.8301886792452831
81020,81020,100,23,91,114,0.20175438596491227,0.7982456140350878,Yes,0.7982456140350878
81021,81021,100,8,39,47,0.1702127659574468,0.8297872340425532,Yes,0.8297872340425532
81022,81022,100,10,48,58,0.1724137931034483,0.8275862068965517,Yes,0.8275862068965517
81023,81023,100,13,84,97,0.13402061855670103,0.865979381443299,Yes,0.865979381443299
81024,81024,100,11,56,67,0.16417910447761194,0.835820895522388,Yes,0.835820895522388
81025,81025,100,30,85,115,0.2608695652173913,0.7391304347826086,Yes,0.7391304347826086
81026,81026,100,22,62,84,0.2619047619047619,0.7380952380952381,Yes,0.7380952380952381
81027,81027,100,16,89,105,0.1523809523809524,0.8476190476190476,Yes,0.8476190476190476
81028,81028,100,22,98,120,0.18333333333333332,0.8166666666666667,Yes,0.8166666666666667
81029,81029,100,17,53,70,0.24285714285714285,0.7571428571428571,Yes,0.7571428571428571
81030,81030,100,31,131,162,0.19135802469135801,0.808641975308642,Yes,0.808641975308642
81031,81031,100,22,64,86,0.2558139534883721,0.7441860465116279,Yes,0.7441860465116279
81032,81032,100,35,67,102,0.3431372549019608,0.6568627450980392,Yes,0.6568627450980392
81033,81033,100,52,139,191,0.27225130890052357,0.7277486910994765,Yes,0.7277486910994765
81034,81034,100,36,137,173,0.20809248554913296,0.791907514450867,Yes,0.791907514450867
81035,81035,100,39,86,125,0.312,0.688,Yes,0.688
81036,81036,100,29,112,141,0.20567375886524822,0.7943262411347518,Yes,0.7943262411347518
81037,81037,100,20,78,98,0.20408163265306123,0.7959183673469388,Yes,0.7959183673469388
81038,81038,100,8,44,52,0.15384615384615385,0.8461538461538461,Yes,0.8461538461538461
81039,81039,100,10,41,51,0.19607843137254902,0.803921568627451,Yes,0.803921568627451
81040,81040,100,18,53,71,0.2535211267605634,0.7464788732394366,Yes,0.7464788732394366
81041,81041,100,25,101,126,0.1984126984126984,0.8015873015873016,Yes,0.8015873015873016
81042,81042,100,3,32,35,0.08571428571428572,0.9142857142857143,Yes,0.9142857142857143
81043,81043,100,25,92,117,0.21367521367521367,0.7863247863247863,Yes,0.7863247863247863
81044,81044,100,15,61,76,0.19736842105263158,0.8026315789473685,Yes,0.8026315789473685
81045,81045,100,3,16,19,0.15789473684210525,0.8421052631578947,Yes,0.8421052631578947
81046,81046,100,7,40,47,0.14893617021276595,0.851063829787234,Yes,0.851063829787234
81047,81047,100,10,29,39,0.2564102564102564,0.7435897435897436,Yes,0.7435897435897436
81048,81048,100,14,142,156,0.08974358974358974,0.9102564102564102,Yes,0.9102564102564102
81049,81049,100,22,124,146,0.1506849315068493,0.8493150684931506,Yes,0.8493150684931506
81050,81050,100,23,99,122,0.1885245901639344,0.8114754098360656,Yes,0.8114754098360656
81051,81051,100,18,112,130,0.13846153846153847,0.8615384615384616,Yes,0.8615384615384616
81052,81052,100,13,72,85,0.15294117647058825,0.8470588235294118,Yes,0.8470588235294118
81053,81053,100,7,87,94,0.07446808510638298,0.925531914893617,Yes,0.925531914893617
81054,81054,100,29,115,144,0.2013888888888889,0.7986111111111112,Yes,0.7986111111111112
81055,81055,100,40,177,217,0.18433179723502305,0.815668202764977,Yes,0.815668202764977
81056,81056,100,31,125,156,0.1987179487179487,0.8012820512820513,Yes,0.8012820512820513
81057,81057,100,32,80,112,0.2857142857142857,0.7142857142857143,Yes,0.7142857142857143
81058,81058,100,27,113,140,0.19285714285714287,0.8071428571428572,Yes,0.8071428571428572
81059,81059,100,31,117,148,0.20945945945945946,0.7905405405405406,Yes,0.7905405405405406
81060,81060,100,20,122,142,0.14084507042253522,0.8591549295774648,Yes,0.8591549295774648
81061,81061,100,22,77,99,0.2222222222222222,0.7777777777777778,Yes,0.7777777777777778
81062,81062,100,34,127,161,0.2111801242236025,0.7888198757763976,Yes,0.7888198757763976
81063,81063,100,36,145,181,0.19889502762430938,0.8011049723756906,Yes,0.8011049723756906
81064,81064,100,40,274,314,0.12738853503184713,0.8726114649681529,Yes,0.8726114649681529
81065,81065,100,44,169,213,0.20657276995305165,0.7934272300469484,Yes,0.7934272300469484
81066,81066,100,15,109,124,0.12096774193548387,0.8790322580645161,Yes,0.8790322580645161
81067,81067,100,24,107,131,0.183206106870229,0.816793893129771,Yes,0.816793893129771
81068,81068,100,47,248,295,0.15932203389830507,0.8406779661016949,Yes,0.8406779661016949
81069,81069,100,45,257,302,0.1490066225165563,0.8509933774834437,Yes,0.8509933774834437
81070,81070,100,18,122,140,0.12857142857142856,0.8714285714285714,Yes,0.8714285714285714
81071,81071,100,42,223,265,0.15849056603773584,0.8415094339622642,Yes,0.8415094339622642
81072,81072,100,51,164,215,0.2372093023255814,0.7627906976744186,Yes,0.7627906976744186
81073,81073,100,43,139,182,0.23626373626373626,0.7637362637362637,Yes,0.7637362637362637
81074,81074,100,32,161,193,0.16580310880829016,0.8341968911917098,Yes,0.8341968911917098
81075,81075,100,26,166,192,0.13541666666666666,0.8645833333333334,Yes,0.8645833333333334
81076,81076,100,30,189,219,0.136986301369863,0.863013698630137,Yes,0.863013698630137
81077,81077,100,25,140,165,0.15151515151515152,0.8484848484848485,Yes,0.8484848484848485
81078,81078,100,52,248,300,0.17333333333333334,0.8266666666666667,Yes,0.8266666666666667
81079,81079,100,35,157,192,0.18229166666666666,0.8177083333333334,Yes,0.8177083333333334
81080,81080,100,43,231,274,0.15693430656934307,0.843065693430657,Yes,0.843065693430657
81081,81081,100,30,149,179,0.16759776536312848,0.8324022346368715,Yes,0.8324022346368715
81082,81082,100,31,128,159,0.1949685534591195,0.8050314465408805,Yes,0.8050314465408805
81083,81083,100,26,150,176,0.14772727272727273,0.8522727272727273,Yes,0.8522727272727273
81084,81084,100,49,224,273,0.1794871794871795,0.8205128205128205,Yes,0.8205128205128205
81085,81085,100,30,104,134,0.22388059701492538,0.7761194029850746,Yes,0.7761194029850746
81086,81086,100,37,148,185,0.2,0.8,Yes,0.8
81087,81087,100,17,130,147,0.11564625850340136,0.8843537414965986,Yes,0.8843537414965986
81088,81088,100,50,120,170,0.29411764705882354,0.7058823529411765,Yes,0.7058823529411765
81089,81089,100,32,162,194,0.16494845360824742,0.8350515463917526,Yes,0.8350515463917526
81090,81090,100,22,141,163,0.13496932515337423,0.8650306748466258,Yes,0.8650306748466258
81091,81091,100,9,34,43,0.20930232558139536,0.7906976744186046,Yes,0.7906976744186046
81092,81092,100,8,36,44,0.18181818181818182,0.8181818181818182,Yes,0.8181818181818182
81093,81093,100,6,38,44,0.13636363636363635,0.8636363636363636,Yes,0.8636363636363636
81094,81094,100,12,37,49,0.24489795918367346,0.7551020408163265,Yes,0.7551020408163265
81095,81095,100,17,51,68,0.25,0.75,Yes,0.75
81096,81096,100,17,62,79,0.21518987341772153,0.7848101265822784,Yes,0.7848101265822784
81097,81097,100,19,115,134,0.1417910447761194,0.8582089552238806,Yes,0.8582089552238806
81098,81098,100,18,79,97,0.18556701030927836,0.8144329896907216,Yes,0.8144329896907216
81099,81099,100,27,126,153,0.17647058823529413,0.8235294117647058,Yes,0.8235294117647058
81100,81100,100,12,73,85,0.1411764705882353,0.8588235294117647,Yes,0.8588235294117647
81107,81107,100,0,11,11,0.0,1.0,Yes,1.0
81101,81107,100,0,0,0,0,0,n/a,0
81102,81102,100,0,0,0,0,0,n/a,0
81103,81103,100,0,0,0,0,0,n/a,0
81104,81104,100,0,0,0,0,0,n/a,0
81105,81105,100,0,0,0,0,0,n/a,0
81106,81106,100,0,0,0,0,0,n/a,0
81108,81010,100,0,0,0,0,0,n/a,0
82001,82001,100,51,149,200,0.255,0.745,Yes,0.745
82002,82002,100,44,108,152,0.2894736842105263,0.7105263157894737,Yes,0.7105263157894737
82003,82003,100,22,70,92,0.2391304347826087,0.7608695652173914,Yes,0.7608695652173914
82004,82004,100,39,115,154,0.2532467532467532,0.7467532467532467,Yes,0.7467532467532467
82005,82005,100,36,113,149,0.24161073825503357,0.7583892617449665,Yes,0.7583892617449665
82006,82006,100,24,78,102,0.23529411764705882,0.7647058823529411,Yes,0.7647058823529411
82007,82007,100,36,138,174,0.20689655172413793,0.7931034482758621,Yes,0.7931034482758621
82008,82008,100,41,108,149,0.2751677852348993,0.7248322147651006,Yes,0.7248322147651006
82009,82009,100,25,107,132,0.1893939393939394,0.8106060606060606,Yes,0.8106060606060606
82010,82010,100,38,133,171,0.2222222222222222,0.7777777777777778,Yes,0.7777777777777778
82011,82011,100,28,75,103,0.27184466019417475,0.7281553398058253,Yes,0.7281553398058253
82012,82012,100,10,29,39,0.2564102564102564,0.7435897435897436,Yes,0.7435897435897436
82013,82013,100,50,33,83,0.6024096385542169,0.39759036144578314,No,0.6024096385542169
82014,82014,100,14,23,37,0.3783783783783784,0.6216216216216216,Yes,0.6216216216216216
82015,82015,100,71,51,122,0.5819672131147541,0.4180327868852459,No,0.5819672131147541
82016,82016,100,31,76,107,0.2897196261682243,0.7102803738317757,Yes,0.7102803738317757
82017,82017,100,29,102,131,0.22137404580152673,0.7786259541984732,Yes,0.7786259541984732
82018,82018,100,4,29,33,0.12121212121212122,0.8787878787878788,Yes,0.8787878787878788
82019,82019,100,14,56,70,0.2,0.8,Yes,0.8
82020,82020,100,35,89,124,0.28225806451612906,0.717741935483871,Yes,0.717741935483871
82021,82021,100,11,62,73,0.1506849315068493,0.8493150684931506,Yes,0.8493150684931506
82022,82022,100,14,94,108,0.12962962962962962,0.8703703703703703,Yes,0.8703703703703703
82023,82023,100,15,55,70,0.21428571428571427,0.7857142857142857,Yes,0.7857142857142857
82024,82024,100,21,78,99,0.21212121212121213,0.7878787878787878,Yes,0.7878787878787878
82025,82025,100,23,82,105,0.21904761904761905,0.780952380952381,Yes,0.780952380952381
82026,82026,100,4,7,11,0.36363636363636365,0.6363636363636364,Yes,0.6363636363636364
82027,82027,100,11,33,44,0.25,0.75,Yes,0.75
82028,82028,100,11,57,68,0.16176470588235295,0.8382352941176471,Yes,0.8382352941176471
82029,82029,100,1,15,16,0.0625,0.9375,Yes,0.9375
82030,82030,100,18,70,88,0.20454545454545456,0.7954545454545454,Yes,0.7954545454545454
82031,82031,100,30,117,147,0.20408163265306123,0.7959183673469388,Yes,0.7959183673469388
82032,82032,100,19,77,96,0.19791666666666666,0.8020833333333334,Yes,0.8020833333333334
82033,82033,100,28,91,119,0.23529411764705882,0.7647058823529411,Yes,0.7647058823529411
82034,82034,100,17,54,71,0.23943661971830985,0.7605633802816901,Yes,0.7605633802816901
82035,82035,100,28,107,135,0.2074074074074074,0.7925925925925926,Yes,0.7925925925925926
82036,82036,100,32,117,149,0.21476510067114093,0.785234899328859,Yes,0.785234899328859
82037,82037,100,15,55,70,0.21428571428571427,0.7857142857142857,Yes,0.7857142857142857
82038,82038,100,30,108,138,0.21739130434782608,0.782608695652174,Yes,0.782608695652174
82039,82039,100,26,117,143,0.18181818181818182,0.8181818181818182,Yes,0.8181818181818182
82040,82040,100,25,94,119,0.21008403361344538,0.7899159663865546,Yes,0.7899159663865546
82041,82041,100,33,95,128,0.2578125,0.7421875,Yes,0.7421875
82042,82042,100,19,56,75,0.25333333333333335,0.7466666666666667,Yes,0.7466666666666667
82043,82043,100,19,59,78,0.24358974358974358,0.7564102564102564,Yes,0.7564102564102564
82044,82044,100,25,97,122,0.20491803278688525,0.7950819672131147,Yes,0.7950819672131147
82045,82045,100,25,94,119,0.21008403361344538,0.7899159663865546,Yes,0.7899159663865546
82046,82046,100,45,101,146,0.3082191780821918,0.6917808219178082,Yes,0.6917808219178082
82047,82047,100,31,79,110,0.2818181818181818,0.7181818181818181,Yes,0.7181818181818181
82048,82048,100,36,116,152,0.23684210526315788,0.7631578947368421,Yes,0.7631578947368421
82049,82049,100,47,128,175,0.26857142857142857,0.7314285714285714,Yes,0.7314285714285714
82050,82050,100,15,49,64,0.234375,0.765625,Yes,0.765625
82051,82051,100,27,101,128,0.2109375,0.7890625,Yes,0.7890625
82052,82052,100,42,106,148,0.28378378378378377,0.7162162162162162,Yes,0.7162162162162162
82053,82053,100,30,60,90,0.3333333333333333,0.6666666666666666,Yes,0.6666666666666666
82054,82054,100,2,10,12,0.16666666666666666,0.8333333333333334,Yes,0.8333333333333334
82055,82055,100,25,77,102,0.24509803921568626,0.7549019607843137,Yes,0.7549019607843137
82056,82056,100,36,130,166,0.21686746987951808,0.7831325301204819,Yes,0.7831325301204819
82057,82057,100,36,125,161,0.2236024844720497,0.7763975155279503,Yes,0.7763975155279503
82058,82058,100,25,84,109,0.22935779816513763,0.7706422018348624,Yes,0.7706422018348624
82059,82059,100,0,1,1,0.0,1.0,Yes,1.0
82060,82060,100,46,180,226,0.20353982300884957,0.7964601769911505,Yes,0.7964601769911505
82061,82061,100,67,224,291,0.23024054982817868,0.7697594501718213,Yes,0.7697594501718213
82062,82062,100,49,156,205,0.23902439024390243,0.7609756097560976,Yes,0.7609756097560976
82063,82063,100,28,114,142,0.19718309859154928,0.8028169014084507,Yes,0.8028169014084507
82064,82064,100,5,37,42,0.11904761904761904,0.8809523809523809,Yes,0.8809523809523809
82065,82065,100,25,125,150,0.16666666666666666,0.8333333333333334,Yes,0.8333333333333334
82066,82066,100,33,63,96,0.34375,0.65625,Yes,0.65625
82067,82067,100,21,52,73,0.2876712328767123,0.7123287671232876,Yes,0.7123287671232876
82068,82068,100,28,83,111,0.25225225225225223,0.7477477477477478,Yes,0.7477477477477478
82069,82069,100,26,81,107,0.24299065420560748,0.7570093457943925,Yes,0.7570093457943925
82070,82070,100,16,99,115,0.1391304347826087,0.8608695652173913,Yes,0.8608695652173913
82071,82071,100,23,75,98,0.23469387755102042,0.7653061224489796,Yes,0.7653061224489796
82072,82072,100,24,98,122,0.19672131147540983,0.8032786885245902,Yes,0.8032786885245902
82073,82073,100,25,113,138,0.18115942028985507,0.8188405797101449,Yes,0.8188405797101449
82074,82074,100,30,96,126,0.23809523809523808,0.7619047619047619,Yes,0.7619047619047619
82075,82075,100,25,87,112,0.22321428571428573,0.7767857142857143,Yes,0.7767857142857143
82076,82076,100,14,53,67,0.208955223880597,0.7910447761194029,Yes,0.7910447761194029
82077,82077,100,36,129,165,0.21818181818181817,0.7818181818181819,Yes,0.7818181818181819
82078,82078,100,52,112,164,0.3170731707317073,0.6829268292682927,Yes,0.6829268292682927
82079,82079,100,23,112,135,0.17037037037037037,0.8296296296296296,Yes,0.8296296296296296
82080,82080,100,21,93,114,0.18421052631578946,0.8157894736842105,Yes,0.8157894736842105
82081,82081,100,12,74,86,0.13953488372093023,0.8604651162790697,Yes,0.8604651162790697
82082,82082,100,11,68,79,0.13924050632911392,0.8607594936708861,Yes,0.8607594936708861
82083,82083,100,19,116,135,0.14074074074074075,0.8592592592592593,Yes,0.8592592592592593
82084,82084,100,20,91,111,0.18018018018018017,0.8198198198198198,Yes,0.8198198198198198
82085,82085,100,25,118,143,0.17482517482517482,0.8251748251748252,Yes,0.8251748251748252
82086,82086,100,24,74,98,0.24489795918367346,0.7551020408163265,Yes,0.7551020408163265
82087,82087,100,31,102,133,0.23308270676691728,0.7669172932330827,Yes,0.7669172932330827
82088,82088,100,29,77,106,0.27358490566037735,0.7264150943396226,Yes,0.7264150943396226
82089,82089,100,16,70,86,0.18604651162790697,0.813953488372093,Yes,0.813953488372093
82090,82090,100,25,116,141,0.1773049645390071,0.8226950354609929,Yes,0.8226950354609929
82091,82091,100,28,120,148,0.1891891891891892,0.8108108108108109,Yes,0.8108108108108109
82092,82092,100,40,96,136,0.29411764705882354,0.7058823529411765,Yes,0.7058823529411765
82093,82093,100,13,67,80,0.1625,0.8375,Yes,0.8375
82094,82094,100,33,86,119,0.2773109243697479,0.7226890756302521,Yes,0.7226890756302521
82095,82095,100,25,63,88,0.2840909090909091,0.7159090909090909,Yes,0.7159090909090909
82096,82096,100,27,97,124,0.21774193548387097,0.782258064516129,Yes,0.782258064516129
82097,82097,100,34,100,134,0.2537313432835821,0.746268656716418,Yes,0.746268656716418
82098,82098,100,28,135,163,0.17177914110429449,0.8282208588957055,Yes,0.8282208588957055
82099,82099,100,39,153,192,0.203125,0.796875,Yes,0.796875
82100,82100,100,42,96,138,0.30434782608695654,0.6956521739130435,Yes,0.6956521739130435
82101,82101,100,23,104,127,0.18110236220472442,0.8188976377952756,Yes,0.8188976377952756
82102,82102,100,26,85,111,0.23423423423423423,0.7657657657657657,Yes,0.7657657657657657
82103,82103,100,18,64,82,0.21951219512195122,0.7804878048780488,Yes,0.7804878048780488
82104,82104,100,29,132,161,0.18012422360248448,0.8198757763975155,Yes,0.8198757763975155
82105,82105,100,27,136,163,0.1656441717791411,0.8343558282208589,Yes,0.8343558282208589
82106,82106,100,1,0,1,1.0,0.0,No,1.0
82107,82107,100,7,47,54,0.12962962962962962,0.8703703703703703,Yes,0.8703703703703703
82108,82108,100,0,0,0,0,0,n/a,0
82109,82109,100,3,26,29,0.10344827586206896,0.896551724137931,Yes,0.896551724137931
82110,82054,100,0,0,0,0,0,n/a,0
82111,82111,100,0,0,0,0,0,n/a,0
82112,82108,100,0,0,0,0,0,n/a,0
82113,82111,100,0,0,0,0,0,n/a,0
82114,82108,100,0,0,0,0,0,n/a,0
82115,82108,100,0,0,0,0,0,n/a,0
82116,82111,100,0,0,0,0,0,n/a,0
82117,82117,100,0,0,0,0,0,n/a,0
82118,82117,100,0,0,0,0,0,n/a,0
83001,83001,100,36,133,169,0.21301775147928995,0.7869822485207101,Yes,0.7869822485207101
83002,83002,100,6,11,17,0.35294117647058826,0.6470588235294118,Yes,0.6470588235294118
83003,83003,100,16,93,109,0.14678899082568808,0.8532110091743119,Yes,0.8532110091743119
83004,83004,100,10,36,46,0.21739130434782608,0.782608695652174,Yes,0.782608695652174
83005,83005,100,2,18,20,0.1,0.9,Yes,0.9
83006,83006,100,12,91,103,0.11650485436893204,0.883495145631068,Yes,0.883495145631068
83007,83007,100,28,124,152,0.18421052631578946,0.8157894736842105,Yes,0.8157894736842105
83008,83008,100,7,95,102,0.06862745098039216,0.9313725490196079,Yes,0.9313725490196079
83009,83009,100,17,87,104,0.16346153846153846,0.8365384615384616,Yes,0.8365384615384616
83010,83010,100,21,151,172,0.12209302325581395,0.877906976744186,Yes,0.877906976744186
83011,83011,100,12,84,96,0.125,0.875,Yes,0.875
83012,83012,100,0,0,0,0,0,n/a,0
83013,83013,100,12,148,160,0.075,0.925,Yes,0.925
83014,83014,100,47,212,259,0.18146718146718147,0.8185328185328186,Yes,0.8185328185328186
83015,83015,100,25,103,128,0.1953125,0.8046875,Yes,0.8046875
83016,83016,100,12,97,109,0.11009174311926606,0.8899082568807339,Yes,0.8899082568807339
83017,83017,100,15,84,99,0.15151515151515152,0.8484848484848485,Yes,0.8484848484848485
83018,83018,100,31,98,129,0.24031007751937986,0.7596899224806202,Yes,0.7596899224806202
83019,83019,100,14,92,106,0.1320754716981132,0.8679245283018868,Yes,0.8679245283018868
83020,83020,100,9,33,42,0.21428571428571427,0.7857142857142857,Yes,0.7857142857142857
83021,83021,100,14,46,60,0.23333333333333334,0.7666666666666667,Yes,0.7666666666666667
83022,83022,100,13,70,83,0.1566265060240964,0.8433734939759037,Yes,0.8433734939759037
83023,83023,100,10,59,69,0.14492753623188406,0.855072463768116,Yes,0.855072463768116
83024,83024,100,14,52,66,0.21212121212121213,0.7878787878787878,Yes,0.7878787878787878
83025,83025,100,7,106,113,0.061946902654867256,0.9380530973451328,Yes,0.9380530973451328
83026,83026,100,3,25,28,0.10714285714285714,0.8928571428571429,Yes,0.8928571428571429
83027,83027,100,12,59,71,0.16901408450704225,0.8309859154929577,Yes,0.8309859154929577
83028,83028,100,21,143,164,0.12804878048780488,0.8719512195121951,Yes,0.8719512195121951
83029,83029,100,29,27,56,0.5178571428571429,0.48214285714285715,No,0.5178571428571429
83030,83030,100,8,44,52,0.15384615384615385,0.8461538461538461,Yes,0.8461538461538461
83031,83031,100,23,144,167,0.1377245508982036,0.8622754491017964,Yes,0.8622754491017964
83032,83032,100,29,87,116,0.25,0.75,Yes,0.75
83033,83033,100,57,85,142,0.4014084507042254,0.5985915492957746,Yes,0.5985915492957746
83034,83034,100,27,82,109,0.24770642201834864,0.7522935779816514,Yes,0.7522935779816514
83035,83035,100,18,52,70,0.2571428571428571,0.7428571428571429,Yes,0.7428571428571429
83036,83036,100,18,52,70,0.2571428571428571,0.7428571428571429,Yes,0.7428571428571429
83037,83037,100,10,44,54,0.18518518518518517,0.8148148148148148,Yes,0.8148148148148148
83038,83038,100,21,63,84,0.25,0.75,Yes,0.75
83039,83039,100,19,69,88,0.2159090909090909,0.7840909090909091,Yes,0.7840909090909091
83040,83040,100,17,92,109,0.1559633027522936,0.8440366972477065,Yes,0.8440366972477065
83041,83041,100,21,82,103,0.20388349514563106,0.7961165048543689,Yes,0.7961165048543689
83042,83042,100,22,86,108,0.2037037037037037,0.7962962962962963,Yes,0.7962962962962963
83043,83043,100,11,42,53,0.20754716981132076,0.7924528301886793,Yes,0.7924528301886793
83044,83044,100,15,68,83,0.18072289156626506,0.8192771084337349,Yes,0.8192771084337349
83045,83045,100,16,45,61,0.26229508196721313,0.7377049180327869,Yes,0.7377049180327869
83046,83046,100,20,72,92,0.21739130434782608,0.782608695652174,Yes,0.782608695652174
83047,83047,100,14,67,81,0.1728395061728395,0.8271604938271605,Yes,0.8271604938271605
83048,83048,100,7,40,47,0.14893617021276595,0.851063829787234,Yes,0.851063829787234
83049,83049,100,9,37,46,0.1956521739130435,0.8043478260869565,Yes,0.8043478260869565
83050,83050,100,17,63,80,0.2125,0.7875,Yes,0.7875
83051,83051,100,21,87,108,0.19444444444444445,0.8055555555555556,Yes,0.8055555555555556
83052,83052,100,13,67,80,0.1625,0.8375,Yes,0.8375
83053,83053,100,14,54,68,0.20588235294117646,0.7941176470588235,Yes,0.7941176470588235
83054,83054,100,10,68,78,0.1282051282051282,0.8717948717948718,Yes,0.8717948717948718
83055,83055,100,20,46,66,0.30303030303030304,0.696969696969697,Yes,0.696969696969697
83056,83056,100,20,90,110,0.18181818181818182,0.8181818181818182,Yes,0.8181818181818182
83057,83057,100,28,122,150,0.18666666666666668,0.8133333333333334,Yes,0.8133333333333334
83058,83058,100,11,31,42,0.2619047619047619,0.7380952380952381,Yes,0.7380952380952381
83059,83059,100,6,26,32,0.1875,0.8125,Yes,0.8125
83060,83060,100,9,24,33,0.2727272727272727,0.7272727272727273,Yes,0.7272727272727273
83061,83061,100,14,85,99,0.1414141414141414,0.8585858585858586,Yes,0.8585858585858586
83062,83062,100,7,26,33,0.21212121212121213,0.7878787878787878,Yes,0.7878787878787878
83063,83063,100,5,24,29,0.1724137931034483,0.8275862068965517,Yes,0.8275862068965517
83064,83064,100,21,114,135,0.15555555555555556,0.8444444444444444,Yes,0.8444444444444444
83065,83065,100,11,64,75,0.14666666666666667,0.8533333333333334,Yes,0.8533333333333334
83066,83066,100,26,125,151,0.17218543046357615,0.8278145695364238,Yes,0.8278145695364238
83067,83067,100,13,104,117,0.1111111111111111,0.8888888888888888,Yes,0.8888888888888888
83068,83068,100,0,0,0,0,0,n/a,0
83069,83069,100,39,218,257,0.1517509727626459,0.8482490272373541,Yes,0.8482490272373541
83070,83070,100,40,177,217,0.18433179723502305,0.815668202764977,Yes,0.815668202764977
83071,83071,100,20,132,152,0.13157894736842105,0.868421052631579,Yes,0.868421052631579
83072,83072,100,10,62,72,0.1388888888888889,0.8611111111111112,Yes,0.8611111111111112
83073,83073,100,14,83,97,0.14432989690721648,0.8556701030927835,Yes,0.8556701030927835
83074,83074,100,21,76,97,0.21649484536082475,0.7835051546391752,Yes,0.7835051546391752
83075,83075,100,17,76,93,0.1827956989247312,0.8172043010752689,Yes,0.8172043010752689
83076,83076,100,27,104,131,0.20610687022900764,0.7938931297709924,Yes,0.7938931297709924
83077,83077,100,15,70,85,0.17647058823529413,0.8235294117647058,Yes,0.8235294117647058
83078,83078,100,16,68,84,0.19047619047619047,0.8095238095238095,Yes,0.8095238095238095
83079,83079,100,11,62,73,0.1506849315068493,0.8493150684931506,Yes,0.8493150684931506
83080,83080,100,11,74,85,0.12941176470588237,0.8705882352941177,Yes,0.8705882352941177
83081,83081,100,11,60,71,0.15492957746478872,0.8450704225352113,Yes,0.8450704225352113
83082,83082,100,21,92,113,0.18584070796460178,0.8141592920353983,Yes,0.8141592920353983
83083,83083,100,6,46,52,0.11538461538461539,0.8846153846153846,Yes,0.8846153846153846
83084,83084,100,0,0,0,0,0,n/a,0
83085,83085,100,14,69,83,0.1686746987951807,0.8313253012048193,Yes,0.8313253012048193
83086,83086,100,13,43,56,0.23214285714285715,0.7678571428571429,Yes,0.7678571428571429
83087,83068,100,0,0,0,0,0,n/a,0
84001,84001,100,20,90,110,0.18181818181818182,0.8181818181818182,Yes,0.8181818181818182
84002,84002,100,0,10,10,0.0,1.0,Yes,1.0
84003,84003,100,9,58,67,0.13432835820895522,0.8656716417910447,Yes,0.8656716417910447
84004,84004,100,10,64,74,0.13513513513513514,0.8648648648648649,Yes,0.8648648648648649
84005,84005,100,8,56,64,0.125,0.875,Yes,0.875
84006,84006,100,9,61,70,0.12857142857142856,0.8714285714285714,Yes,0.8714285714285714
84007,84007,100,13,32,45,0.28888888888888886,0.7111111111111111,Yes,0.7111111111111111
84008,84008,100,16,39,55,0.2909090909090909,0.7090909090909091,Yes,0.7090909090909091
84009,84009,100,8,35,43,0.18604651162790697,0.813953488372093,Yes,0.813953488372093
84010,84010,100,20,67,87,0.22988505747126436,0.7701149425287356,Yes,0.7701149425287356
84011,84011,100,19,66,85,0.2235294117647059,0.7764705882352941,Yes,0.7764705882352941
84012,84012,100,2,27,29,0.06896551724137931,0.9310344827586207,Yes,0.9310344827586207
84013,84013,100,12,67,79,0.1518987341772152,0.8481012658227848,Yes,0.8481012658227848
84014,84014,100,15,66,81,0.18518518518518517,0.8148148148148148,Yes,0.8148148148148148
84015,84015,100,7,16,23,0.30434782608695654,0.6956521739130435,Yes,0.6956521739130435
84016,84016,100,20,74,94,0.2127659574468085,0.7872340425531915,Yes,0.7872340425531915
84017,84017,100,7,27,34,0.20588235294117646,0.7941176470588235,Yes,0.7941176470588235
84018,84018,100,2,2,4,0.5,0.5,Tie,0.5
84019,84019,100,7,106,113,0.061946902654867256,0.9380530973451328,Yes,0.9380530973451328
84020,84020,100,18,54,72,0.25,0.75,Yes,0.75
84021,84021,100,1,13,14,0.07142857142857142,0.9285714285714286,Yes,0.9285714285714286
84022,84022,100,3,13,16,0.1875,0.8125,Yes,0.8125
84023,84023,100,18,77,95,0.18947368421052632,0.8105263157894737,Yes,0.8105263157894737
84024,84024,100,10,42,52,0.19230769230769232,0.8076923076923077,Yes,0.8076923076923077
84025,84025,100,10,66,76,0.13157894736842105,0.868421052631579,Yes,0.868421052631579
84026,84026,100,0,7,7,0.0,1.0,Yes,1.0
84027,84027,100,13,42,55,0.23636363636363636,0.7636363636363637,Yes,0.7636363636363637
84028,84028,100,15,49,64,0.234375,0.765625,Yes,0.765625
84029,84029,100,7,64,71,0.09859154929577464,0.9014084507042254,Yes,0.9014084507042254
84030,84030,100,9,38,47,0.19148936170212766,0.8085106382978723,Yes,0.8085106382978723
84031,84031,100,6,41,47,0.1276595744680851,0.8723404255319149,Yes,0.8723404255319149
84032,84032,100,4,27,31,0.12903225806451613,0.8709677419354839,Yes,0.8709677419354839
84033,84033,100,3,57,60,0.05,0.95,Yes,0.95
84034,84034,100,13,54,67,0.19402985074626866,0.8059701492537313,Yes,0.8059701492537313
84035,84035,100,8,26,34,0.23529411764705882,0.7647058823529411,Yes,0.7647058823529411
84036,84036,100,4,12,16,0.25,0.75,Yes,0.75
84037,84037,100,5,29,34,0.14705882352941177,0.8529411764705882,Yes,0.8529411764705882
84038,84038,100,8,42,50,0.16,0.84,Yes,0.84
84039,84039,100,5,28,33,0.15151515151515152,0.8484848484848485,Yes,0.8484848484848485
84040,84040,100,16,74,90,0.17777777777777778,0.8222222222222222,Yes,0.8222222222222222
84041,84041,100,15,53,68,0.22058823529411764,0.7794117647058824,Yes,0.7794117647058824
84042,84042,100,13,59,72,0.18055555555555555,0.8194444444444444,Yes,0.8194444444444444
84043,84043,100,6,33,39,0.15384615384615385,0.8461538461538461,Yes,0.8461538461538461
84044,84044,100,12,36,48,0.25,0.75,Yes,0.75
84045,84045,100,8,19,27,0.2962962962962963,0.7037037037037037,Yes,0.7037037037037037
84046,84046,100,6,14,20,0.3,0.7,Yes,0.7
84047,84047,100,4,13,17,0.23529411764705882,0.7647058823529411,Yes,0.7647058823529411
84048,84048,100,8,51,59,0.13559322033898305,0.864406779661017,Yes,0.864406779661017
84049,84049,100,3,17,20,0.15,0.85,Yes,0.85
84050,84050,100,3,22,25,0.12,0.88,Yes,0.88
84051,84051,100,19,91,110,0.17272727272727273,0.8272727272727273,Yes,0.8272727272727273
84052,84052,100,26,75,101,0.25742574257425743,0.7425742574257426,Yes,0.7425742574257426
84053,84053,100,0,0,0,0,0,n/a,0
84054,84054,100,8,34,42,0.19047619047619047,0.8095238095238095,Yes,0.8095238095238095
84055,84055,100,7,47,54,0.12962962962962962,0.8703703703703703,Yes,0.8703703703703703
84056,84056,100,15,60,75,0.2,0.8,Yes,0.8
84057,84057,100,3,33,36,0.08333333333333333,0.9166666666666666,Yes,0.9166666666666666
84058,84058,100,13,28,41,0.3170731707317073,0.6829268292682927,Yes,0.6829268292682927
84059,84059,100,9,49,58,0.15517241379310345,0.8448275862068966,Yes,0.8448275862068966
84060,84060,100,9,31,40,0.225,0.775,Yes,0.775
84061,84061,100,13,41,54,0.24074074074074073,0.7592592592592593,Yes,0.7592592592592593
84062,84062,100,9,46,55,0.16363636363636364,0.8363636363636363,Yes,0.8363636363636363
84063,84063,100,6,78,84,0.07142857142857142,0.9285714285714286,Yes,0.9285714285714286
84064,84064,100,7,43,50,0.14,0.86,Yes,0.86
84065,84065,100,6,14,20,0.3,0.7,Yes,0.7
84066,84066,100,10,25,35,0.2857142857142857,0.7142857142857143,Yes,0.7142857142857143
84067,84067,100,3,22,25,0.12,0.88,Yes,0.88
84068,84068,100,6,13,19,0.3157894736842105,0.6842105263157895,Yes,0.6842105263157895
84069,84069,100,8,12,20,0.4,0.6,Yes,0.6
84070,84070,100,9,22,31,0.2903225806451613,0.7096774193548387,Yes,0.7096774193548387
84071,84071,100,11,65,76,0.14473684210526316,0.8552631578947368,Yes,0.8552631578947368
84072,84072,100,12,25,37,0.32432432432432434,0.6756756756756757,Yes,0.6756756756756757
84073,84073,100,4,20,24,0.16666666666666666,0.8333333333333334,Yes,0.8333333333333334
84074,84074,100,19,83,102,0.18627450980392157,0.8137254901960784,Yes,0.8137254901960784
84075,84075,100,9,65,74,0.12162162162162163,0.8783783783783784,Yes,0.8783783783783784
84076,84076,100,0,3,3,0.0,1.0,Yes,1.0
84077,84077,100,9,34,43,0.20930232558139536,0.7906976744186046,Yes,0.7906976744186046
84078,84078,100,1,11,12,0.08333333333333333,0.9166666666666666,Yes,0.9166666666666666
84079,84079,100,0,2,2,0.0,1.0,Yes,1.0
84080,84080,100,28,113,141,0.19858156028368795,0.8014184397163121,Yes,0.8014184397163121
84081,84053,100,0,0,0,0,0,n/a,0
85001,85001,100,16,86,102,0.1568627450980392,0.8431372549019608,Yes,0.8431372549019608
85002,85002,100,11,77,88,0.125,0.875,Yes,0.875
85003,85003,100,25,105,130,0.19230769230769232,0.8076923076923077,Yes,0.8076923076923077
85004,85004,100,13,79,92,0.14130434782608695,0.8586956521739131,Yes,0.8586956521739131
85005,85005,100,27,118,145,0.18620689655172415,0.8137931034482758,Yes,0.8137931034482758
85006,85006,100,11,56,67,0.16417910447761194,0.835820895522388,Yes,0.835820895522388
85007,85007,100,8,48,56,0.14285714285714285,0.8571428571428571,Yes,0.8571428571428571
85008,85008,100,24,109,133,0.18045112781954886,0.8195488721804511,Yes,0.8195488721804511
85009,85009,100,14,73,87,0.16091954022988506,0.8390804597701149,Yes,0.8390804597701149
85010,85010,100,17,69,86,0.19767441860465115,0.8023255813953488,Yes,0.8023255813953488
85011,85011,100,16,50,66,0.24242424242424243,0.7575757575757576,Yes,0.7575757575757576
85012,85012,100,15,64,79,0.189873417721519,0.810126582278481,Yes,0.810126582278481
85013,85013,100,42,104,146,0.2876712328767123,0.7123287671232876,Yes,0.7123287671232876
85014,85014,100,8,23,31,0.25806451612903225,0.7419354838709677,Yes,0.7419354838709677
85015,85015,100,4,28,32,0.125,0.875,Yes,0.875
85016,85016,100,4,12,16,0.25,0.75,Yes,0.75
85017,85017,100,10,33,43,0.23255813953488372,0.7674418604651163,Yes,0.7674418604651163
85018,85018,100,6,7,13,0.46153846153846156,0.5384615384615384,Yes,0.5384615384615384
85019,85019,100,40,144,184,0.21739130434782608,0.782608695652174,Yes,0.782608695652174
85020,85020,100,19,81,100,0.19,0.81,Yes,0.81
85021,85021,100,16,60,76,0.21052631578947367,0.7894736842105263,Yes,0.7894736842105263
85022,85022,100,11,55,66,0.16666666666666666,0.8333333333333334,Yes,0.8333333333333334
85023,85023,100,15,25,40,0.375,0.625,Yes,0.625
85024,85024,100,29,126,155,0.1870967741935484,0.8129032258064516,Yes,0.8129032258064516
85025,85025,100,32,105,137,0.23357664233576642,0.7664233576642335,Yes,0.7664233576642335
85026,85026,100,16,80,96,0.16666666666666666,0.8333333333333334,Yes,0.8333333333333334
85027,85027,100,7,21,28,0.25,0.75,Yes,0.75
85028,85028,100,3,5,8,0.375,0.625,Yes,0.625
85029,85029,100,16,53,69,0.2318840579710145,0.7681159420289855,Yes,0.7681159420289855
85030,85030,100,28,88,116,0.2413793103448276,0.7586206896551724,Yes,0.7586206896551724
85031,85031,100,28,83,111,0.25225225225225223,0.7477477477477478,Yes,0.7477477477477478
85032,85032,100,24,65,89,0.2696629213483146,0.7303370786516854,Yes,0.7303370786516854
85033,85033,100,27,101,128,0.2109375,0.7890625,Yes,0.7890625
85034,85034,100,12,48,60,0.2,0.8,Yes,0.8
85035,85035,100,0,0,0,0,0,n/a,0
85036,85036,100,1,15,16,0.0625,0.9375,Yes,0.9375
85037,85037,100,28,67,95,0.29473684210526313,0.7052631578947368,Yes,0.7052631578947368
85038,85038,100,8,42,50,0.16,0.84,Yes,0.84
85039,85039,100,31,68,99,0.31313131313131315,0.6868686868686869,Yes,0.6868686868686869
85040,85040,100,2,47,49,0.04081632653061224,0.9591836734693877,Yes,0.9591836734693877
85041,85041,100,15,96,111,0.13513513513513514,0.8648648648648649,Yes,0.8648648648648649
85042,85042,100,6,45,51,0.11764705882352941,0.8823529411764706,Yes,0.8823529411764706
85043,85043,100,5,45,50,0.1,0.9,Yes,0.9
85044,85044,100,8,56,64,0.125,0.875,Yes,0.875
85045,85045,100,8,103,111,0.07207207207207207,0.9279279279279279,Yes,0.9279279279279279
85046,85046,100,17,61,78,0.21794871794871795,0.782051282051282,Yes,0.782051282051282
85047,85047,100,11,60,71,0.15492957746478872,0.8450704225352113,Yes,0.8450704225352113
85048,85048,100,13,56,69,0.18840579710144928,0.8115942028985508,Yes,0.8115942028985508
85049,85049,100,12,42,54,0.2222222222222222,0.7777777777777778,Yes,0.7777777777777778
85050,85050,100,8,56,64,0.125,0.875,Yes,0.875
85051,85051,100,13,25,38,0.34210526315789475,0.6578947368421053,Yes,0.6578947368421053
85052,85052,100,3,25,28,0.10714285714285714,0.8928571428571429,Yes,0.8928571428571429
85053,85053,100,15,37,52,0.28846153846153844,0.7115384615384616,Yes,0.7115384615384616
85054,85054,100,6,36,42,0.14285714285714285,0.8571428571428571,Yes,0.8571428571428571
85055,85055,100,10,58,68,0.14705882352941177,0.8529411764705882,Yes,0.8529411764705882
85056,85056,100,13,35,48,0.2708333333333333,0.7291666666666666,Yes,0.7291666666666666
85057,85057,100,6,53,59,0.1016949152542373,0.8983050847457628,Yes,0.8983050847457628
85058,85058,100,11,32,43,0.2558139534883721,0.7441860465116279,Yes,0.7441860465116279
85059,85059,100,18,63,81,0.2222222222222222,0.7777777777777778,Yes,0.7777777777777778
85060,85060,100,24,72,96,0.25,0.75,Yes,0.75
85061,85061,100,10,25,35,0.2857142857142857,0.7142857142857143,Yes,0.7142857142857143
85062,85062,100,6,32,38,0.15789473684210525,0.8421052631578947,Yes,0.8421052631578947
85063,85063,100,7,51,58,0.1206896551724138,0.8793103448275862,Yes,0.8793103448275862
85064,85064,100,10,32,42,0.23809523809523808,0.7619047619047619,Yes,0.7619047619047619
85065,85065,100,16,57,73,0.2191780821917808,0.7808219178082192,Yes,0.7808219178082192
85066,85066,100,5,48,53,0.09433962264150944,0.9056603773584906,Yes,0.9056603773584906
85067,85067,100,6,60,66,0.09090909090909091,0.9090909090909091,Yes,0.9090909090909091
85068,85068,100,28,134,162,0.1728395061728395,0.8271604938271605,Yes,0.8271604938271605
85069,85069,100,9,87,96,0.09375,0.90625,Yes,0.90625
85070,85070,100,12,48,60,0.2,0.8,Yes,0.8
85071,85071,100,0,0,0,0,0,n/a,0
85072,85072,100,0,0,0,0,0,n/a,0
85073,85072,100,0,0,0,0,0,n/a,0
85074,85072,100,0,0,0,0,0,n/a,0
85075,85072,100,0,0,0,0,0,n/a,0
85076,85076,100,0,0,0,0,0,n/a,0
85077,85072,100,0,0,0,0,0,n/a,0
85078,85072,100,0,0,0,0,0,n/a,0
85079,85072,100,0,0,0,0,0,n/a,0
86001,86001,100,21,89,110,0.19090909090909092,0.8090909090909091,Yes,0.8090909090909091
86002,86002,100,14,47,61,0.22950819672131148,0.7704918032786885,Yes,0.7704918032786885
86003,86003,100,9,58,67,0.13432835820895522,0.8656716417910447,Yes,0.8656716417910447
86004,86004,100,10,31,41,0.24390243902439024,0.7560975609756098,Yes,0.7560975609756098
86005,86005,100,8,26,34,0.23529411764705882,0.7647058823529411,Yes,0.7647058823529411
86006,86006,100,16,51,67,0.23880597014925373,0.7611940298507462,Yes,0.7611940298507462
86007,86007,100,3,29,32,0.09375,0.90625,Yes,0.90625
86008,86008,100,13,48,61,0.21311475409836064,0.7868852459016393,Yes,0.7868852459016393
86009,86009,100,11,46,57,0.19298245614035087,0.8070175438596491,Yes,0.8070175438596491
86010,86010,100,8,38,46,0.17391304347826086,0.8260869565217391,Yes,0.8260869565217391
86011,86011,100,11,68,79,0.13924050632911392,0.8607594936708861,Yes,0.8607594936708861
86012,86012,100,7,79,86,0.08139534883720931,0.9186046511627907,Yes,0.9186046511627907
86013,86013,100,11,42,53,0.20754716981132076,0.7924528301886793,Yes,0.7924528301886793
86014,86014,100,18,62,80,0.225,0.775,Yes,0.775
86015,86015,100,7,49,56,0.125,0.875,Yes,0.875
86016,86016,100,4,53,57,0.07017543859649122,0.9298245614035088,Yes,0.9298245614035088
86017,86017,100,12,54,66,0.18181818181818182,0.8181818181818182,Yes,0.8181818181818182
86018,86018,100,17,70,87,0.19540229885057472,0.8045977011494253,Yes,0.8045977011494253
86019,86019,100,21,102,123,0.17073170731707318,0.8292682926829268,Yes,0.8292682926829268
86020,86020,100,8,40,48,0.16666666666666666,0.8333333333333334,Yes,0.8333333333333334
86021,86021,100,2,6,8,0.25,0.75,Yes,0.75
86022,86022,100,17,69,86,0.19767441860465115,0.8023255813953488,Yes,0.8023255813953488
86023,86023,100,11,67,78,0.14102564102564102,0.8589743589743589,Yes,0.8589743589743589
86024,86024,100,3,55,58,0.05172413793103448,0.9482758620689655,Yes,0.9482758620689655
86025,86025,100,10,38,48,0.20833333333333334,0.7916666666666666,Yes,0.7916666666666666
86026,86026,100,4,47,51,0.0784313725490196,0.9215686274509803,Yes,0.9215686274509803
86027,86027,100,6,46,52,0.11538461538461539,0.8846153846153846,Yes,0.8846153846153846
86028,86028,100,29,56,85,0.3411764705882353,0.6588235294117647,Yes,0.6588235294117647
86029,86029,100,2,38,40,0.05,0.95,Yes,0.95
86030,86030,100,8,34,42,0.19047619047619047,0.8095238095238095,Yes,0.8095238095238095
86031,86031,100,24,58,82,0.2926829268292683,0.7073170731707317,Yes,0.7073170731707317
86032,86032,100,3,34,37,0.08108108108108109,0.918918918918919,Yes,0.918918918918919
86033,86033,100,24,93,117,0.20512820512820512,0.7948717948717948,Yes,0.7948717948717948
86034,86034,100,25,71,96,0.2604166666666667,0.7395833333333334,Yes,0.7395833333333334
86035,86035,100,10,49,59,0.1694915254237288,0.8305084745762712,Yes,0.8305084745762712
86036,86036,100,5,49,54,0.09259259259259259,0.9074074074074074,Yes,0.9074074074074074
86037,86037,100,18,82,100,0.18,0.82,Yes,0.82
86038,86038,100,7,37,44,0.1590909090909091,0.8409090909090909,Yes,0.8409090909090909
86039,86039,100,3,47,50,0.06,0.94,Yes,0.94
86040,86040,100,20,88,108,0.18518518518518517,0.8148148148148148,Yes,0.8148148148148148
86041,86041,100,14,39,53,0.2641509433962264,0.7358490566037735,Yes,0.7358490566037735
86042,86042,100,0,0,0,0,0,n/a,0
86043,86043,100,0,10,10,0.0,1.0,Yes,1.0
86044,86044,100,6,14,20,0.3,0.7,Yes,0.7
86045,86045,100,17,52,69,0.2463768115942029,0.7536231884057971,Yes,0.7536231884057971
86046,86046,100,11,51,62,0.1774193548387097,0.8225806451612904,Yes,0.8225806451612904
86047,86047,100,21,102,123,0.17073170731707318,0.8292682926829268,Yes,0.8292682926829268
86048,86048,100,3,62,65,0.046153846153846156,0.9538461538461539,Yes,0.9538461538461539
86049,86049,100,17,48,65,0.26153846153846155,0.7384615384615385,Yes,0.7384615384615385
86050,86050,100,9,57,66,0.13636363636363635,0.8636363636363636,Yes,0.8636363636363636
86051,86051,100,6,33,39,0.15384615384615385,0.8461538461538461,Yes,0.8461538461538461
86052,86052,100,3,40,43,0.06976744186046512,0.9302325581395349,Yes,0.9302325581395349
86053,86053,100,16,32,48,0.3333333333333333,0.6666666666666666,Yes,0.6666666666666666
86054,86054,100,13,56,69,0.18840579710144928,0.8115942028985508,Yes,0.8115942028985508
86055,86055,100,9,36,45,0.2,0.8,Yes,0.8
86056,86056,100,5,29,34,0.14705882352941177,0.8529411764705882,Yes,0.8529411764705882
86057,86057,100,6,51,57,0.10526315789473684,0.8947368421052632,Yes,0.8947368421052632
86058,86058,100,5,13,18,0.2777777777777778,0.7222222222222222,Yes,0.7222222222222222
86059,86059,100,0,13,13,0.0,1.0,Yes,1.0
86060,86060,100,0,7,7,0.0,1.0,Yes,1.0
87001,87001,100,6,2,8,0.75,0.25,No,0.75
87002,87002,100,6,43,49,0.12244897959183673,0.8775510204081632,Yes,0.8775510204081632
87003,87003,100,2,20,22,0.09090909090909091,0.9090909090909091,Yes,0.9090909090909091
87004,87004,100,8,31,39,0.20512820512820512,0.7948717948717948,Yes,0.7948717948717948
87005,87005,100,4,32,36,0.1111111111111111,0.8888888888888888,Yes,0.8888888888888888
87006,87006,100,6,30,36,0.16666666666666666,0.8333333333333334,Yes,0.8333333333333334
87007,87007,100,1,26,27,0.037037037037037035,0.9629629629629629,Yes,0.9629629629629629
87008,87008,100,2,31,33,0.06060606060606061,0.9393939393939394,Yes,0.9393939393939394
87009,87009,100,10,66,76,0.13157894736842105,0.868421052631579,Yes,0.868421052631579
87010,87010,100,19,61,80,0.2375,0.7625,Yes,0.7625
87011,87011,100,8,47,55,0.14545454545454545,0.8545454545454545,Yes,0.8545454545454545
87013,87013,100,6,23,29,0.20689655172413793,0.7931034482758621,Yes,0.7931034482758621
87012,87013,100,0,0,0,0,0,n/a,0
87014,87014,100,4,15,19,0.21052631578947367,0.7894736842105263,Yes,0.7894736842105263
87015,87015,100,2,13,15,0.13333333333333333,0.8666666666666667,Yes,0.8666666666666667
87016,87016,100,1,23,24,0.041666666666666664,0.9583333333333334,Yes,0.9583333333333334
87017,87017,100,4,19,23,0.17391304347826086,0.8260869565217391,Yes,0.8260869565217391
87018,87018,100,6,58,64,0.09375,0.90625,Yes,0.90625
87019,87019,100,10,43,53,0.18867924528301888,0.8113207547169812,Yes,0.8113207547169812
87020,87020,100,9,45,54,0.16666666666666666,0.8333333333333334,Yes,0.8333333333333334
87021,87021,100,6,13,19,0.3157894736842105,0.6842105263157895,Yes,0.6842105263157895
87022,87022,100,23,55,78,0.2948717948717949,0.7051282051282052,Yes,0.7051282051282052
87023,87023,100,19,91,110,0.17272727272727273,0.8272727272727273,Yes,0.8272727272727273
87024,87024,100,4,32,36,0.1111111111111111,0.8888888888888888,Yes,0.8888888888888888
87025,87025,100,7,30,37,0.1891891891891892,0.8108108108108109,Yes,0.8108108108108109
87026,87026,100,12,90,102,0.11764705882352941,0.8823529411764706,Yes,0.8823529411764706
87027,87027,100,12,53,65,0.18461538461538463,0.8153846153846154,Yes,0.8153846153846154
87028,87028,100,26,87,113,0.23008849557522124,0.7699115044247787,Yes,0.7699115044247787
87029,87029,100,16,80,96,0.16666666666666666,0.8333333333333334,Yes,0.8333333333333334
87030,87030,100,6,29,35,0.17142857142857143,0.8285714285714286,Yes,0.8285714285714286
87031,87031,100,8,67,75,0.10666666666666667,0.8933333333333333,Yes,0.8933333333333333
87032,87032,100,24,117,141,0.1702127659574468,0.8297872340425532,Yes,0.8297872340425532
87033,87033,100,16,91,107,0.14953271028037382,0.8504672897196262,Yes,0.8504672897196262
87034,87034,100,24,116,140,0.17142857142857143,0.8285714285714286,Yes,0.8285714285714286
87035,87035,100,15,61,76,0.19736842105263158,0.8026315789473685,Yes,0.8026315789473685
87036,87036,100,14,63,77,0.18181818181818182,0.8181818181818182,Yes,0.8181818181818182
87037,87037,100,9,55,64,0.140625,0.859375,Yes,0.859375
87038,87038,100,19,98,117,0.1623931623931624,0.8376068376068376,Yes,0.8376068376068376
87039,87039,100,18,67,85,0.21176470588235294,0.788235294117647,Yes,0.788235294117647
87040,87040,100,24,101,125,0.192,0.808,Yes,0.808
87041,87041,100,8,30,38,0.21052631578947367,0.7894736842105263,Yes,0.7894736842105263
87042,87042,100,22,95,117,0.18803418803418803,0.811965811965812,Yes,0.811965811965812
87043,87043,100,0,0,0,0,0,n/a,0
87044,87044,100,3,16,19,0.15789473684210525,0.8421052631578947,Yes,0.8421052631578947
87045,87045,100,1,9,10,0.1,0.9,Yes,0.9
87046,87046,100,11,48,59,0.1864406779661017,0.8135593220338984,Yes,0.8135593220338984
87047,87047,100,21,103,124,0.1693548387096774,0.8306451612903226,Yes,0.8306451612903226
87048,87048,100,28,114,142,0.19718309859154928,0.8028169014084507,Yes,0.8028169014084507
87049,87049,100,18,95,113,0.1592920353982301,0.8407079646017699,Yes,0.8407079646017699
87050,87050,100,29,89,118,0.2457627118644068,0.7542372881355932,Yes,0.7542372881355932
87051,87051,100,43,145,188,0.22872340425531915,0.7712765957446809,Yes,0.7712765957446809
87052,87052,100,43,162,205,0.2097560975609756,0.7902439024390244,Yes,0.7902439024390244
87053,87053,100,30,178,208,0.14423076923076922,0.8557692307692307,Yes,0.8557692307692307
87054,87054,100,26,159,185,0.14054054054054055,0.8594594594594595,Yes,0.8594594594594595
87055,87055,100,20,67,87,0.22988505747126436,0.7701149425287356,Yes,0.7701149425287356
87056,87056,100,21,116,137,0.15328467153284672,0.8467153284671532,Yes,0.8467153284671532
87057,87057,100,24,102,126,0.19047619047619047,0.8095238095238095,Yes,0.8095238095238095
87058,87058,100,12,41,53,0.22641509433962265,0.7735849056603774,Yes,0.7735849056603774
87059,87059,100,34,153,187,0.18181818181818182,0.8181818181818182,Yes,0.8181818181818182
87060,87060,100,26,78,104,0.25,0.75,Yes,0.75
87061,87061,100,25,127,152,0.16447368421052633,0.8355263157894737,Yes,0.8355263157894737
87062,87062,100,26,173,199,0.1306532663316583,0.8693467336683417,Yes,0.8693467336683417
87063,87063,100,1,3,4,0.25,0.75,Yes,0.75
87064,87064,100,0,1,1,0.0,1.0,Yes,1.0
87065,87065,100,6,37,43,0.13953488372093023,0.8604651162790697,Yes,0.8604651162790697
87066,87066,100,15,38,53,0.2830188679245283,0.7169811320754716,Yes,0.7169811320754716
87067,87067,100,9,26,35,0.2571428571428571,0.7428571428571429,Yes,0.7428571428571429
87068,87068,100,22,60,82,0.2682926829268293,0.7317073170731707,Yes,0.7317073170731707
87069,87069,100,19,50,69,0.2753623188405797,0.7246376811594203,Yes,0.7246376811594203
87070,87070,100,11,58,69,0.15942028985507245,0.8405797101449275,Yes,0.8405797101449275
87071,87071,100,11,39,50,0.22,0.78,Yes,0.78
87072,87072,100,8,41,49,0.16326530612244897,0.8367346938775511,Yes,0.8367346938775511
87073,87073,100,4,23,27,0.14814814814814814,0.8518518518518519,Yes,0.8518518518518519
87074,87074,100,17,76,93,0.1827956989247312,0.8172043010752689,Yes,0.8172043010752689
87075,87075,100,17,95,112,0.15178571428571427,0.8482142857142857,Yes,0.8482142857142857
87076,87076,100,27,79,106,0.25471698113207547,0.7452830188679245,Yes,0.7452830188679245
87077,87077,100,16,90,106,0.1509433962264151,0.8490566037735849,Yes,0.8490566037735849
87078,87078,100,21,135,156,0.1346153846153846,0.8653846153846154,Yes,0.8653846153846154
87079,87079,100,5,13,18,0.2777777777777778,0.7222222222222222,Yes,0.7222222222222222
87080,87080,100,26,65,91,0.2857142857142857,0.7142857142857143,Yes,0.7142857142857143
87081,87081,100,23,68,91,0.25274725274725274,0.7472527472527473,Yes,0.7472527472527473
87082,87082,100,12,70,82,0.14634146341463414,0.8536585365853658,Yes,0.8536585365853658
87083,87083,100,0,0,0,0,0,n/a,0
87084,87084,100,12,113,125,0.096,0.904,Yes,0.904
87085,87085,100,24,77,101,0.2376237623762376,0.7623762376237624,Yes,0.7623762376237624
87086,87086,100,7,28,35,0.2,0.8,Yes,0.8
87087,87087,100,35,136,171,0.2046783625730994,0.7953216374269005,Yes,0.7953216374269005
87088,87088,100,22,74,96,0.22916666666666666,0.7708333333333334,Yes,0.7708333333333334
87089,87089,100,11,83,94,0.11702127659574468,0.8829787234042553,Yes,0.8829787234042553
87090,87090,100,0,0,0,0,0,n/a,0
87091,87091,100,0,0,0,0,0,n/a,0
87092,87092,100,0,0,0,0,0,n/a,0
87093,87093,100,0,0,0,0,0,n/a,0
87094,87094,100,0,0,0,0,0,n/a,0
87095,87095,100,0,0,0,0,0,n/a,0
41001,41001,100,38,104,142,0.2676056338028169,0.7323943661971831,Yes,0.7323943661971831
41002,41002,100,33,151,184,0.1793478260869565,0.8206521739130435,Yes,0.8206521739130435
41003,41003,100,5,38,43,0.11627906976744186,0.8837209302325582,Yes,0.8837209302325582
41004,41004,100,30,62,92,0.32608695652173914,0.6739130434782609,Yes,0.6739130434782609
41005,41005,100,40,138,178,0.2247191011235955,0.7752808988764045,Yes,0.7752808988764045
41006,41006,100,35,78,113,0.30973451327433627,0.6902654867256637,Yes,0.6902654867256637
41007,41007,100,21,102,123,0.17073170731707318,0.8292682926829268,Yes,0.8292682926829268
41008,41008,100,19,85,104,0.18269230769230768,0.8173076923076923,Yes,0.8173076923076923
41009,41009,100,17,83,100,0.17,0.83,Yes,0.83
41010,41010,100,12,51,63,0.19047619047619047,0.8095238095238095,Yes,0.8095238095238095
41011,41011,100,10,30,40,0.25,0.75,Yes,0.75
41012,41012,100,25,46,71,0.352112676056338,0.647887323943662,Yes,0.647887323943662
41015,41015,100,12,36,48,0.25,0.75,Yes,0.75
41013,41015,100,0,0,0,0,0,n/a,0
41014,41014,100,6,13,19,0.3157894736842105,0.6842105263157895,Yes,0.6842105263157895
41016,41016,100,35,158,193,0.18134715025906736,0.8186528497409327,Yes,0.8186528497409327
41017,41017,100,42,127,169,0.2485207100591716,0.7514792899408284,Yes,0.7514792899408284
41018,41018,100,36,93,129,0.27906976744186046,0.7209302325581395,Yes,0.7209302325581395
41019,41019,100,4,20,24,0.16666666666666666,0.8333333333333334,Yes,0.8333333333333334
41020,41020,100,21,79,100,0.21,0.79,Yes,0.79
41021,41021,100,32,108,140,0.22857142857142856,0.7714285714285715,Yes,0.7714285714285715
41022,41022,100,11,35,46,0.2391304347826087,0.7608695652173914,Yes,0.7608695652173914
41023,41023,100,6,8,14,0.42857142857142855,0.5714285714285714,Yes,0.5714285714285714
41024,41024,100,6,11,17,0.35294117647058826,0.6470588235294118,Yes,0.6470588235294118
41025,41025,100,5,13,18,0.2777777777777778,0.7222222222222222,Yes,0.7222222222222222
41026,41026,100,3,19,22,0.13636363636363635,0.8636363636363636,Yes,0.8636363636363636
41027,41027,100,14,67,81,0.1728395061728395,0.8271604938271605,Yes,0.8271604938271605
41028,41028,100,38,133,171,0.2222222222222222,0.7777777777777778,Yes,0.7777777777777778
41029,41029,100,0,3,3,0.0,1.0,Yes,1.0
41030,41030,100,10,43,53,0.18867924528301888,0.8113207547169812,Yes,0.8113207547169812
41031,41031,100,20,71,91,0.21978021978021978,0.7802197802197802,Yes,0.7802197802197802
41032,41032,100,16,58,74,0.21621621621621623,0.7837837837837838,Yes,0.7837837837837838
41033,41033,100,16,88,104,0.15384615384615385,0.8461538461538461,Yes,0.8461538461538461
41034,41034,100,33,132,165,0.2,0.8,Yes,0.8
41035,41035,100,31,85,116,0.2672413793103448,0.7327586206896551,Yes,0.7327586206896551
41036,41036,100,43,98,141,0.3049645390070922,0.6950354609929078,Yes,0.6950354609929078
41037,41037,100,19,75,94,0.20212765957446807,0.7978723404255319,Yes,0.7978723404255319
41038,41038,100,48,170,218,0.22018348623853212,0.7798165137614679,Yes,0.7798165137614679
41039,41039,100,34,93,127,0.2677165354330709,0.7322834645669292,Yes,0.7322834645669292
41040,41040,100,8,69,77,0.1038961038961039,0.8961038961038961,Yes,0.8961038961038961
41041,41041,100,30,102,132,0.22727272727272727,0.7727272727272727,Yes,0.7727272727272727
41042,41042,100,30,29,59,0.5084745762711864,0.4915254237288136,No,0.5084745762711864
41043,41043,100,11,41,52,0.21153846153846154,0.7884615384615384,Yes,0.7884615384615384
41044,41044,100,13,45,58,0.22413793103448276,0.7758620689655172,Yes,0.7758620689655172
41045,41045,100,19,105,124,0.1532258064516129,0.8467741935483871,Yes,0.8467741935483871
41046,41046,100,51,116,167,0.30538922155688625,0.6946107784431138,Yes,0.6946107784431138
41047,41047,100,41,139,180,0.22777777777777777,0.7722222222222223,Yes,0.7722222222222223
41048,41048,100,11,74,85,0.12941176470588237,0.8705882352941177,Yes,0.8705882352941177
41049,41049,100,17,136,153,0.1111111111111111,0.8888888888888888,Yes,0.8888888888888888
41050,41050,100,40,147,187,0.21390374331550802,0.786096256684492,Yes,0.786096256684492
41051,41051,100,8,36,44,0.18181818181818182,0.8181818181818182,Yes,0.8181818181818182
41052,41052,100,15,42,57,0.2631578947368421,0.7368421052631579,Yes,0.7368421052631579
41053,41053,100,47,106,153,0.30718954248366015,0.6928104575163399,Yes,0.6928104575163399
41054,41054,100,22,92,114,0.19298245614035087,0.8070175438596491,Yes,0.8070175438596491
41055,41055,100,41,129,170,0.2411764705882353,0.7588235294117647,Yes,0.7588235294117647
41056,41056,100,32,82,114,0.2807017543859649,0.7192982456140351,Yes,0.7192982456140351
41057,41057,100,20,57,77,0.2597402597402597,0.7402597402597403,Yes,0.7402597402597403
41058,41058,100,44,119,163,0.26993865030674846,0.7300613496932515,Yes,0.7300613496932515
41059,41059,100,31,102,133,0.23308270676691728,0.7669172932330827,Yes,0.7669172932330827
41060,41060,100,26,69,95,0.2736842105263158,0.7263157894736842,Yes,0.7263157894736842
41061,41061,100,12,51,63,0.19047619047619047,0.8095238095238095,Yes,0.8095238095238095
41062,41062,100,20,81,101,0.19801980198019803,0.801980198019802,Yes,0.801980198019802
41063,41063,100,22,80,102,0.21568627450980393,0.7843137254901961,Yes,0.7843137254901961
41064,41064,100,56,150,206,0.27184466019417475,0.7281553398058253,Yes,0.7281553398058253
41065,41065,100,1,16,17,0.058823529411764705,0.9411764705882353,Yes,0.9411764705882353
41066,41066,100,7,33,40,0.175,0.825,Yes,0.825
41067,41067,100,13,32,45,0.28888888888888886,0.7111111111111111,Yes,0.7111111111111111
41068,41068,100,18,31,49,0.3673469387755102,0.6326530612244898,Yes,0.6326530612244898
41069,41069,100,9,41,50,0.18,0.82,Yes,0.82
41070,41070,100,38,117,155,0.24516129032258063,0.7548387096774194,Yes,0.7548387096774194
41071,41071,100,36,97,133,0.2706766917293233,0.7293233082706767,Yes,0.7293233082706767
41072,41072,100,29,105,134,0.21641791044776118,0.7835820895522388,Yes,0.7835820895522388
41073,41073,100,24,93,117,0.20512820512820512,0.7948717948717948,Yes,0.7948717948717948
41074,41074,100,21,89,110,0.19090909090909092,0.8090909090909091,Yes,0.8090909090909091
41075,41075,100,14,66,80,0.175,0.825,Yes,0.825
41076,41076,100,11,53,64,0.171875,0.828125,Yes,0.828125
41077,41077,100,11,49,60,0.18333333333333332,0.8166666666666667,Yes,0.8166666666666667
41078,41078,100,13,41,54,0.24074074074074073,0.7592592592592593,Yes,0.7592592592592593
41079,41079,100,22,58,80,0.275,0.725,Yes,0.725
41080,41080,100,4,6,10,0.4,0.6,Yes,0.6
41081,41081,100,28,78,106,0.2641509433962264,0.7358490566037735,Yes,0.7358490566037735
41082,41082,100,30,99,129,0.23255813953488372,0.7674418604651163,Yes,0.7674418604651163
41083,41083,100,21,84,105,0.2,0.8,Yes,0.8
41084,41084,100,46,138,184,0.25,0.75,Yes,0.75
41085,41085,100,33,67,100,0.33,0.67,Yes,0.67
41086,41086,100,4,8,12,0.3333333333333333,0.6666666666666666,Yes,0.6666666666666666
41087,41087,100,28,87,115,0.24347826086956523,0.7565217391304347,Yes,0.7565217391304347
41088,41088,100,15,66,81,0.18518518518518517,0.8148148148148148,Yes,0.8148148148148148
41089,41089,100,16,55,71,0.22535211267605634,0.7746478873239436,Yes,0.7746478873239436
41090,41090,100,4,12,16,0.25,0.75,Yes,0.75
41091,41091,100,15,38,53,0.2830188679245283,0.7169811320754716,Yes,0.7169811320754716
41092,41092,100,0,0,0,0,0,n/a,0
41093,41090,100,0,0,0,0,0,n/a,0
42001,42001,100,3,8,11,0.2727272727272727,0.7272727272727273,Yes,0.7272727272727273
42002,42002,100,27,115,142,0.19014084507042253,0.8098591549295775,Yes,0.8098591549295775
42003,42003,100,19,165,184,0.10326086956521739,0.8967391304347826,Yes,0.8967391304347826
42004,42004,100,11,82,93,0.11827956989247312,0.8817204301075269,Yes,0.8817204301075269
42005,42005,100,36,187,223,0.16143497757847533,0.8385650224215246,Yes,0.8385650224215246
42006,42006,100,14,92,106,0.1320754716981132,0.8679245283018868,Yes,0.8679245283018868
42007,42007,100,19,119,138,0.13768115942028986,0.8623188405797102,Yes,0.8623188405797102
42008,42008,100,14,111,125,0.112,0.888,Yes,0.888
42009,42009,100,9,65,74,0.12162162162162163,0.8783783783783784,Yes,0.8783783783783784
42010,42010,100,13,128,141,0.09219858156028368,0.9078014184397163,Yes,0.9078014184397163
42011,42011,100,15,68,83,0.18072289156626506,0.8192771084337349,Yes,0.8192771084337349
42012,42012,100,19,62,81,0.2345679012345679,0.7654320987654321,Yes,0.7654320987654321
42013,42013,100,11,38,49,0.22448979591836735,0.7755102040816326,Yes,0.7755102040816326
42014,42014,100,3,24,27,0.1111111111111111,0.8888888888888888,Yes,0.8888888888888888
42015,42015,100,23,89,112,0.20535714285714285,0.7946428571428571,Yes,0.7946428571428571
42016,42016,100,11,62,73,0.1506849315068493,0.8493150684931506,Yes,0.8493150684931506
42017,42017,100,10,89,99,0.10101010101010101,0.898989898989899,Yes,0.898989898989899
42018,42018,100,20,109,129,0.15503875968992248,0.8449612403100775,Yes,0.8449612403100775
42019,42019,100,14,60,74,0.1891891891891892,0.8108108108108109,Yes,0.8108108108108109
42020,42020,100,13,104,117,0.1111111111111111,0.8888888888888888,Yes,0.8888888888888888
42021,42021,100,19,136,155,0.12258064516129032,0.8774193548387097,Yes,0.8774193548387097
42022,42022,100,8,84,92,0.08695652173913043,0.9130434782608695,Yes,0.9130434782608695
42023,42023,100,27,176,203,0.1330049261083744,0.8669950738916257,Yes,0.8669950738916257
42024,42024,100,17,151,168,0.10119047619047619,0.8988095238095238,Yes,0.8988095238095238
42025,42025,100,20,195,215,0.09302325581395349,0.9069767441860465,Yes,0.9069767441860465
42026,42026,100,24,94,118,0.2033898305084746,0.7966101694915254,Yes,0.7966101694915254
42027,42027,100,27,113,140,0.19285714285714287,0.8071428571428572,Yes,0.8071428571428572
42028,42028,100,13,122,135,0.0962962962962963,0.9037037037037037,Yes,0.9037037037037037
42029,42029,100,14,55,69,0.2028985507246377,0.7971014492753623,Yes,0.7971014492753623
42030,42030,100,12,135,147,0.08163265306122448,0.9183673469387755,Yes,0.9183673469387755
42031,42031,100,11,61,72,0.1527777777777778,0.8472222222222222,Yes,0.8472222222222222
42032,42032,100,5,19,24,0.20833333333333334,0.7916666666666666,Yes,0.7916666666666666
42033,42033,100,1,8,9,0.1111111111111111,0.8888888888888888,Yes,0.8888888888888888
42034,42034,100,24,137,161,0.14906832298136646,0.8509316770186336,Yes,0.8509316770186336
42035,42035,100,10,116,126,0.07936507936507936,0.9206349206349206,Yes,0.9206349206349206
42036,42036,100,51,170,221,0.23076923076923078,0.7692307692307693,Yes,0.7692307692307693
42037,42037,100,13,85,98,0.1326530612244898,0.8673469387755102,Yes,0.8673469387755102
42038,42038,100,37,138,175,0.21142857142857144,0.7885714285714286,Yes,0.7885714285714286
42039,42039,100,25,79,104,0.2403846153846154,0.7596153846153846,Yes,0.7596153846153846
42040,42040,100,14,121,135,0.1037037037037037,0.8962962962962963,Yes,0.8962962962962963
42041,42041,100,38,156,194,0.1958762886597938,0.8041237113402062,Yes,0.8041237113402062
42042,42042,100,25,103,128,0.1953125,0.8046875,Yes,0.8046875
42043,42043,100,30,141,171,0.17543859649122806,0.8245614035087719,Yes,0.8245614035087719
42044,42044,100,14,86,100,0.14,0.86,Yes,0.86
42045,42045,100,16,58,74,0.21621621621621623,0.7837837837837838,Yes,0.7837837837837838
42046,42046,100,12,70,82,0.14634146341463414,0.8536585365853658,Yes,0.8536585365853658
42047,42047,100,21,81,102,0.20588235294117646,0.7941176470588235,Yes,0.7941176470588235
42048,42048,100,16,66,82,0.1951219512195122,0.8048780487804879,Yes,0.8048780487804879
42049,42049,100,32,180,212,0.1509433962264151,0.8490566037735849,Yes,0.8490566037735849
42050,42050,100,15,95,110,0.13636363636363635,0.8636363636363636,Yes,0.8636363636363636
42051,42051,100,25,131,156,0.16025641025641027,0.8397435897435898,Yes,0.8397435897435898
42052,42052,100,37,95,132,0.2803030303030303,0.7196969696969697,Yes,0.7196969696969697
42053,42053,100,15,44,59,0.2542372881355932,0.7457627118644068,Yes,0.7457627118644068
42054,42054,100,39,155,194,0.20103092783505155,0.7989690721649485,Yes,0.7989690721649485
42055,42055,100,45,173,218,0.20642201834862386,0.7935779816513762,Yes,0.7935779816513762
42056,42056,100,24,106,130,0.18461538461538463,0.8153846153846154,Yes,0.8153846153846154
42057,42057,100,30,115,145,0.20689655172413793,0.7931034482758621,Yes,0.7931034482758621
42058,42058,100,24,97,121,0.19834710743801653,0.8016528925619835,Yes,0.8016528925619835
42059,42059,100,11,56,67,0.16417910447761194,0.835820895522388,Yes,0.835820895522388
42060,42060,100,8,18,26,0.3076923076923077,0.6923076923076923,Yes,0.6923076923076923
42061,42061,100,16,83,99,0.16161616161616163,0.8383838383838383,Yes,0.8383838383838383
42062,42062,100,29,68,97,0.29896907216494845,0.7010309278350515,Yes,0.7010309278350515
42063,42063,100,32,127,159,0.20125786163522014,0.7987421383647799,Yes,0.7987421383647799
42064,42064,100,47,123,170,0.27647058823529413,0.7235294117647059,Yes,0.7235294117647059
42065,42065,100,33,105,138,0.2391304347826087,0.7608695652173914,Yes,0.7608695652173914
42066,42066,100,18,78,96,0.1875,0.8125,Yes,0.8125
42067,42067,100,16,60,76,0.21052631578947367,0.7894736842105263,Yes,0.7894736842105263
42068,42068,100,4,42,46,0.08695652173913043,0.9130434782608695,Yes,0.9130434782608695
42069,42069,100,11,31,42,0.2619047619047619,0.7380952380952381,Yes,0.7380952380952381
42070,42070,100,14,88,102,0.13725490196078433,0.8627450980392157,Yes,0.8627450980392157
42071,42071,100,13,72,85,0.15294117647058825,0.8470588235294118,Yes,0.8470588235294118
42072,42072,100,22,106,128,0.171875,0.828125,Yes,0.828125
42073,42073,100,26,138,164,0.15853658536585366,0.8414634146341463,Yes,0.8414634146341463
43001,43001,100,23,104,127,0.18110236220472442,0.8188976377952756,Yes,0.8188976377952756
43002,43002,100,21,160,181,0.11602209944751381,0.8839779005524862,Yes,0.8839779005524862
43003,43003,100,15,95,110,0.13636363636363635,0.8636363636363636,Yes,0.8636363636363636
43004,43004,100,14,92,106,0.1320754716981132,0.8679245283018868,Yes,0.8679245283018868
43005,43005,100,14,94,108,0.12962962962962962,0.8703703703703703,Yes,0.8703703703703703
43006,43006,100,20,97,117,0.17094017094017094,0.8290598290598291,Yes,0.8290598290598291
43007,43007,100,19,79,98,0.19387755102040816,0.8061224489795918,Yes,0.8061224489795918
43008,43008,100,26,90,116,0.22413793103448276,0.7758620689655172,Yes,0.7758620689655172
43009,43009,100,20,122,142,0.14084507042253522,0.8591549295774648,Yes,0.8591549295774648
43010,43010,100,10,41,51,0.19607843137254902,0.803921568627451,Yes,0.803921568627451
43011,43011,100,25,50,75,0.3333333333333333,0.6666666666666666,Yes,0.6666666666666666
43012,43012,100,29,124,153,0.1895424836601307,0.8104575163398693,Yes,0.8104575163398693
43013,43013,100,35,93,128,0.2734375,0.7265625,Yes,0.7265625
43014,43014,100,40,154,194,0.20618556701030927,0.7938144329896907,Yes,0.7938144329896907
43015,43015,100,28,134,162,0.1728395061728395,0.8271604938271605,Yes,0.8271604938271605
43016,43016,100,18,95,113,0.1592920353982301,0.8407079646017699,Yes,0.8407079646017699
43017,43017,100,11,44,55,0.2,0.8,Yes,0.8
43018,43018,100,21,111,132,0.1590909090909091,0.8409090909090909,Yes,0.8409090909090909
43019,43019,100,23,130,153,0.1503267973856209,0.8496732026143791,Yes,0.8496732026143791
43020,43020,100,63,192,255,0.24705882352941178,0.7529411764705882,Yes,0.7529411764705882
43021,43021,100,42,99,141,0.2978723404255319,0.7021276595744681,Yes,0.7021276595744681
43022,43022,100,24,113,137,0.17518248175182483,0.8248175182481752,Yes,0.8248175182481752
43023,43023,100,40,125,165,0.24242424242424243,0.7575757575757576,Yes,0.7575757575757576
43024,43024,100,21,92,113,0.18584070796460178,0.8141592920353983,Yes,0.8141592920353983
43025,43025,100,47,220,267,0.1760299625468165,0.8239700374531835,Yes,0.8239700374531835
43026,43026,100,17,125,142,0.11971830985915492,0.8802816901408451,Yes,0.8802816901408451
43027,43027,100,27,143,170,0.1588235294117647,0.8411764705882353,Yes,0.8411764705882353
43028,43028,100,13,83,96,0.13541666666666666,0.8645833333333334,Yes,0.8645833333333334
43029,43029,100,7,74,81,0.08641975308641975,0.9135802469135802,Yes,0.9135802469135802
43030,43030,100,18,94,112,0.16071428571428573,0.8392857142857143,Yes,0.8392857142857143
43031,43031,100,19,98,117,0.1623931623931624,0.8376068376068376,Yes,0.8376068376068376
43032,43032,100,17,57,74,0.22972972972972974,0.7702702702702703,Yes,0.7702702702702703
43033,43033,100,16,48,64,0.25,0.75,Yes,0.75
43034,43034,100,23,83,106,0.2169811320754717,0.7830188679245284,Yes,0.7830188679245284
43035,43035,100,45,136,181,0.24861878453038674,0.7513812154696132,Yes,0.7513812154696132
43036,43036,100,21,128,149,0.14093959731543623,0.8590604026845637,Yes,0.8590604026845637
43037,43037,100,36,141,177,0.2033898305084746,0.7966101694915254,Yes,0.7966101694915254
43038,43038,100,45,125,170,0.2647058823529412,0.7352941176470589,Yes,0.7352941176470589
43039,43039,100,14,138,152,0.09210526315789473,0.9078947368421053,Yes,0.9078947368421053
43040,43040,100,24,82,106,0.22641509433962265,0.7735849056603774,Yes,0.7735849056603774
43041,43041,100,44,174,218,0.2018348623853211,0.7981651376146789,Yes,0.7981651376146789
43042,43042,100,34,148,182,0.18681318681318682,0.8131868131868132,Yes,0.8131868131868132
43043,43043,100,15,99,114,0.13157894736842105,0.868421052631579,Yes,0.868421052631579
43044,43044,100,33,173,206,0.16019417475728157,0.8398058252427184,Yes,0.8398058252427184
43045,43045,100,27,155,182,0.14835164835164835,0.8516483516483516,Yes,0.8516483516483516
43046,43046,100,18,47,65,0.27692307692307694,0.7230769230769231,Yes,0.7230769230769231
43047,43047,100,20,105,125,0.16,0.84,Yes,0.84
43048,43048,100,26,167,193,0.13471502590673576,0.8652849740932642,Yes,0.8652849740932642
43049,43049,100,29,197,226,0.12831858407079647,0.8716814159292036,Yes,0.8716814159292036
43050,43050,100,22,122,144,0.1527777777777778,0.8472222222222222,Yes,0.8472222222222222
43051,43051,100,30,98,128,0.234375,0.765625,Yes,0.765625
43052,43052,100,19,87,106,0.1792452830188679,0.8207547169811321,Yes,0.8207547169811321
43053,43053,100,29,83,112,0.25892857142857145,0.7410714285714286,Yes,0.7410714285714286
43054,43054,100,25,94,119,0.21008403361344538,0.7899159663865546,Yes,0.7899159663865546
43055,43055,100,18,90,108,0.16666666666666666,0.8333333333333334,Yes,0.8333333333333334
43056,43056,100,14,84,98,0.14285714285714285,0.8571428571428571,Yes,0.8571428571428571
43057,43057,100,26,70,96,0.2708333333333333,0.7291666666666666,Yes,0.7291666666666666
43058,43058,100,17,53,70,0.24285714285714285,0.7571428571428571,Yes,0.7571428571428571
43059,43059,100,16,37,53,0.3018867924528302,0.6981132075471698,Yes,0.6981132075471698
43060,43060,100,32,84,116,0.27586206896551724,0.7241379310344828,Yes,0.7241379310344828
43061,43061,100,20,168,188,0.10638297872340426,0.8936170212765957,Yes,0.8936170212765957
43062,43062,100,12,53,65,0.18461538461538463,0.8153846153846154,Yes,0.8153846153846154
43063,43063,100,22,32,54,0.4074074074074074,0.5925925925925926,Yes,0.5925925925925926
43064,43064,100,14,71,85,0.16470588235294117,0.8352941176470589,Yes,0.8352941176470589
43065,43065,100,13,79,92,0.14130434782608695,0.8586956521739131,Yes,0.8586956521739131
43066,43066,100,23,150,173,0.1329479768786127,0.8670520231213873,Yes,0.8670520231213873
43067,43067,100,25,100,125,0.2,0.8,Yes,0.8
43068,43068,100,54,55,109,0.4954128440366973,0.5045871559633027,Yes,0.5045871559633027
43069,43069,100,25,125,150,0.16666666666666666,0.8333333333333334,Yes,0.8333333333333334
43070,43070,100,10,41,51,0.19607843137254902,0.803921568627451,Yes,0.803921568627451
43071,43071,100,25,79,104,0.2403846153846154,0.7596153846153846,Yes,0.7596153846153846
43072,43072,100,35,174,209,0.1674641148325359,0.8325358851674641,Yes,0.8325358851674641
43073,43073,100,69,175,244,0.2827868852459016,0.7172131147540983,Yes,0.7172131147540983
43074,43074,100,43,90,133,0.3233082706766917,0.6766917293233082,Yes,0.6766917293233082
44001,44001,100,22,89,111,0.1981981981981982,0.8018018018018018,Yes,0.8018018018018018
44002,44002,100,55,134,189,0.291005291005291,0.708994708994709,Yes,0.708994708994709
44003,44003,100,45,110,155,0.2903225806451613,0.7096774193548387,Yes,0.7096774193548387
44004,44004,100,12,45,57,0.21052631578947367,0.7894736842105263,Yes,0.7894736842105263
44005,44005,100,18,82,100,0.18,0.82,Yes,0.82
44006,44006,100,26,100,126,0.20634920634920634,0.7936507936507936,Yes,0.7936507936507936
44007,44007,100,21,101,122,0.1721311475409836,0.8278688524590164,Yes,0.8278688524590164
44008,44008,100,32,161,193,0.16580310880829016,0.8341968911917098,Yes,0.8341968911917098
44009,44009,100,24,110,134,0.1791044776119403,0.8208955223880597,Yes,0.8208955223880597
44010,44010,100,15,70,85,0.17647058823529413,0.8235294117647058,Yes,0.8235294117647058
44011,44011,100,4,23,27,0.14814814814814814,0.8518518518518519,Yes,0.8518518518518519
44012,44012,100,3,32,35,0.08571428571428572,0.9142857142857143,Yes,0.9142857142857143
44013,44013,100,4,15,19,0.21052631578947367,0.7894736842105263,Yes,0.7894736842105263
44014,44014,100,23,86,109,0.21100917431192662,0.7889908256880734,Yes,0.7889908256880734
44015,44015,100,28,185,213,0.13145539906103287,0.8685446009389671,Yes,0.8685446009389671
44016,44016,100,21,92,113,0.18584070796460178,0.8141592920353983,Yes,0.8141592920353983
44017,44017,100,32,201,233,0.13733905579399142,0.8626609442060086,Yes,0.8626609442060086
44018,44018,100,38,165,203,0.18719211822660098,0.812807881773399,Yes,0.812807881773399
44019,44019,100,31,132,163,0.1901840490797546,0.8098159509202454,Yes,0.8098159509202454
44020,44020,100,20,63,83,0.24096385542168675,0.7590361445783133,Yes,0.7590361445783133
44021,44021,100,5,3,8,0.625,0.375,No,0.625
44022,44022,100,0,6,6,0.0,1.0,Yes,1.0
44023,44023,100,13,50,63,0.20634920634920634,0.7936507936507936,Yes,0.7936507936507936
44024,44024,100,20,69,89,0.2247191011235955,0.7752808988764045,Yes,0.7752808988764045
44025,44025,100,42,127,169,0.2485207100591716,0.7514792899408284,Yes,0.7514792899408284
44026,44026,100,34,102,136,0.25,0.75,Yes,0.75
44027,44027,100,43,117,160,0.26875,0.73125,Yes,0.73125
44028,44028,100,12,80,92,0.13043478260869565,0.8695652173913043,Yes,0.8695652173913043
44029,44029,100,28,87,115,0.24347826086956523,0.7565217391304347,Yes,0.7565217391304347
44030,44030,100,20,118,138,0.14492753623188406,0.855072463768116,Yes,0.855072463768116
44031,44031,100,20,174,194,0.10309278350515463,0.8969072164948454,Yes,0.8969072164948454
44032,44032,100,9,34,43,0.20930232558139536,0.7906976744186046,Yes,0.7906976744186046
44033,44033,100,22,163,185,0.11891891891891893,0.8810810810810811,Yes,0.8810810810810811
44034,44034,100,9,50,59,0.15254237288135594,0.847457627118644,Yes,0.847457627118644
44035,44035,100,23,163,186,0.12365591397849462,0.8763440860215054,Yes,0.8763440860215054
44036,44036,100,25,209,234,0.10683760683760683,0.8931623931623932,Yes,0.8931623931623932
44037,44037,100,8,85,93,0.08602150537634409,0.9139784946236559,Yes,0.9139784946236559
44038,44038,100,19,180,199,0.09547738693467336,0.9045226130653267,Yes,0.9045226130653267
44039,44039,100,11,115,126,0.0873015873015873,0.9126984126984127,Yes,0.9126984126984127
44040,44040,100,2,20,22,0.09090909090909091,0.9090909090909091,Yes,0.9090909090909091
44041,44041,100,12,51,63,0.19047619047619047,0.8095238095238095,Yes,0.8095238095238095
44042,44042,100,33,125,158,0.2088607594936709,0.7911392405063291,Yes,0.7911392405063291
44043,44043,100,45,183,228,0.19736842105263158,0.8026315789473685,Yes,0.8026315789473685
44044,44044,100,16,75,91,0.17582417582417584,0.8241758241758241,Yes,0.8241758241758241
44045,44045,100,9,88,97,0.09278350515463918,0.9072164948453608,Yes,0.9072164948453608
44046,44046,100,6,65,71,0.08450704225352113,0.9154929577464789,Yes,0.9154929577464789
44047,44047,100,7,19,26,0.2692307692307692,0.7307692307692307,Yes,0.7307692307692307
44048,44048,100,22,122,144,0.1527777777777778,0.8472222222222222,Yes,0.8472222222222222
44049,44049,100,40,225,265,0.1509433962264151,0.8490566037735849,Yes,0.8490566037735849
44050,44050,100,23,214,237,0.0970464135021097,0.9029535864978903,Yes,0.9029535864978903
44051,44051,100,33,208,241,0.13692946058091288,0.8630705394190872,Yes,0.8630705394190872
44052,44052,100,45,287,332,0.1355421686746988,0.8644578313253012,Yes,0.8644578313253012
44053,44053,100,34,238,272,0.125,0.875,Yes,0.875
44054,44054,100,44,298,342,0.1286549707602339,0.8713450292397661,Yes,0.8713450292397661
44055,44055,100,49,291,340,0.14411764705882352,0.8558823529411764,Yes,0.8558823529411764
44056,44056,100,28,177,205,0.13658536585365855,0.8634146341463415,Yes,0.8634146341463415
44057,44057,100,58,344,402,0.14427860696517414,0.8557213930348259,Yes,0.8557213930348259
44058,44058,100,50,257,307,0.16286644951140064,0.8371335504885994,Yes,0.8371335504885994
44059,44059,100,32,238,270,0.11851851851851852,0.8814814814814815,Yes,0.8814814814814815
44060,44060,100,20,147,167,0.11976047904191617,0.8802395209580839,Yes,0.8802395209580839
44061,44061,100,16,122,138,0.11594202898550725,0.8840579710144928,Yes,0.8840579710144928
44062,44062,100,10,133,143,0.06993006993006994,0.9300699300699301,Yes,0.9300699300699301
44063,44063,100,13,145,158,0.08227848101265822,0.9177215189873418,Yes,0.9177215189873418
44064,44064,100,6,66,72,0.08333333333333333,0.9166666666666666,Yes,0.9166666666666666
44065,44065,100,16,215,231,0.06926406926406926,0.9307359307359307,Yes,0.9307359307359307
44066,44066,100,14,141,155,0.09032258064516129,0.9096774193548387,Yes,0.9096774193548387
44067,44067,100,29,90,119,0.24369747899159663,0.7563025210084033,Yes,0.7563025210084033
44068,44068,100,14,146,160,0.0875,0.9125,Yes,0.9125
44069,44069,100,35,244,279,0.12544802867383512,0.8745519713261649,Yes,0.8745519713261649
44070,44070,100,20,175,195,0.10256410256410256,0.8974358974358975,Yes,0.8974358974358975
44071,44071,100,30,299,329,0.0911854103343465,0.9088145896656535,Yes,0.9088145896656535
44072,44072,100,22,231,253,0.08695652173913043,0.9130434782608695,Yes,0.9130434782608695
44073,44073,100,28,246,274,0.10218978102189781,0.8978102189781022,Yes,0.8978102189781022
44074,44074,100,27,278,305,0.08852459016393442,0.9114754098360656,Yes,0.9114754098360656
44075,44075,100,25,267,292,0.08561643835616438,0.9143835616438356,Yes,0.9143835616438356
44076,44076,100,22,221,243,0.09053497942386832,0.9094650205761317,Yes,0.9094650205761317
44077,44077,100,16,218,234,0.06837606837606838,0.9316239316239316,Yes,0.9316239316239316
44078,44078,100,33,326,359,0.09192200557103064,0.9080779944289693,Yes,0.9080779944289693
44079,44079,100,23,278,301,0.07641196013289037,0.9235880398671097,Yes,0.9235880398671097
44080,44080,100,22,233,255,0.08627450980392157,0.9137254901960784,Yes,0.9137254901960784
44081,44081,100,15,49,64,0.234375,0.765625,Yes,0.765625
44082,44082,100,0,0,0,0,0,n/a,0
44083,44083,100,0,0,0,0,0,n/a,0
44084,44084,100,0,0,0,0,0,n/a,0
45001,45001,100,42,104,146,0.2876712328767123,0.7123287671232876,Yes,0.7123287671232876
45002,45002,100,58,156,214,0.27102803738317754,0.7289719626168224,Yes,0.7289719626168224
45003,45003,100,49,109,158,0.310126582278481,0.689873417721519,Yes,0.689873417721519
45004,45004,100,34,106,140,0.24285714285714285,0.7571428571428571,Yes,0.7571428571428571
45005,45005,100,50,102,152,0.32894736842105265,0.6710526315789473,Yes,0.6710526315789473
45006,45006,100,32,148,180,0.17777777777777778,0.8222222222222222,Yes,0.8222222222222222
45007,45007,100,1,6,7,0.14285714285714285,0.8571428571428571,Yes,0.8571428571428571
45008,45008,100,13,82,95,0.1368421052631579,0.8631578947368421,Yes,0.8631578947368421
45009,45009,100,34,103,137,0.24817518248175183,0.7518248175182481,Yes,0.7518248175182481
45010,45010,100,14,60,74,0.1891891891891892,0.8108108108108109,Yes,0.8108108108108109
45011,45011,100,23,64,87,0.26436781609195403,0.735632183908046,Yes,0.735632183908046
45012,45012,100,17,73,90,0.18888888888888888,0.8111111111111111,Yes,0.8111111111111111
45013,45013,100,24,94,118,0.2033898305084746,0.7966101694915254,Yes,0.7966101694915254
45014,45014,100,27,115,142,0.19014084507042253,0.8098591549295775,Yes,0.8098591549295775
45015,45015,100,5,36,41,0.12195121951219512,0.8780487804878049,Yes,0.8780487804878049
45016,45016,100,38,139,177,0.21468926553672316,0.7853107344632768,Yes,0.7853107344632768
45017,45017,100,15,86,101,0.1485148514851485,0.8514851485148515,Yes,0.8514851485148515
45018,45018,100,8,3,11,0.7272727272727273,0.2727272727272727,No,0.7272727272727273
45019,45019,100,17,86,103,0.1650485436893204,0.8349514563106796,Yes,0.8349514563106796
45020,45020,100,8,121,129,0.06201550387596899,0.937984496124031,Yes,0.937984496124031
45021,45021,100,12,90,102,0.11764705882352941,0.8823529411764706,Yes,0.8823529411764706
45022,45022,100,13,84,97,0.13402061855670103,0.865979381443299,Yes,0.865979381443299
45023,45023,100,25,116,141,0.1773049645390071,0.8226950354609929,Yes,0.8226950354609929
45024,45024,100,23,92,115,0.2,0.8,Yes,0.8
45025,45025,100,4,17,21,0.19047619047619047,0.8095238095238095,Yes,0.8095238095238095
45026,45026,100,8,31,39,0.20512820512820512,0.7948717948717948,Yes,0.7948717948717948
45027,45027,100,22,60,82,0.2682926829268293,0.7317073170731707,Yes,0.7317073170731707
45028,45028,100,17,36,53,0.32075471698113206,0.6792452830188679,Yes,0.6792452830188679
45029,45029,100,16,37,53,0.3018867924528302,0.6981132075471698,Yes,0.6981132075471698
45030,45030,100,33,96,129,0.2558139534883721,0.7441860465116279,Yes,0.7441860465116279
45031,45031,100,12,54,66,0.18181818181818182,0.8181818181818182,Yes,0.8181818181818182
45032,45032,100,17,87,104,0.16346153846153846,0.8365384615384616,Yes,0.8365384615384616
45033,45033,100,21,73,94,0.22340425531914893,0.776595744680851,Yes,0.776595744680851
45034,45034,100,23,74,97,0.23711340206185566,0.7628865979381443,Yes,0.7628865979381443
45035,45035,100,21,49,70,0.3,0.7,Yes,0.7
45036,45036,100,12,63,75,0.16,0.84,Yes,0.84
45037,45037,100,21,61,82,0.25609756097560976,0.7439024390243902,Yes,0.7439024390243902
45038,45038,100,12,32,44,0.2727272727272727,0.7272727272727273,Yes,0.7272727272727273
45039,45039,100,0,5,5,0.0,1.0,Yes,1.0
45040,45040,100,28,73,101,0.27722772277227725,0.7227722772277227,Yes,0.7227722772277227
45041,45041,100,5,23,28,0.17857142857142858,0.8214285714285714,Yes,0.8214285714285714
45042,45042,100,8,43,51,0.1568627450980392,0.8431372549019608,Yes,0.8431372549019608
45043,45043,100,35,87,122,0.28688524590163933,0.7131147540983607,Yes,0.7131147540983607
45044,45044,100,3,13,16,0.1875,0.8125,Yes,0.8125
45045,45045,100,14,40,54,0.25925925925925924,0.7407407407407407,Yes,0.7407407407407407
45046,45046,100,10,38,48,0.20833333333333334,0.7916666666666666,Yes,0.7916666666666666
45047,45047,100,6,4,10,0.6,0.4,No,0.6
45048,45048,100,36,112,148,0.24324324324324326,0.7567567567567568,Yes,0.7567567567567568
45049,45049,100,3,12,15,0.2,0.8,Yes,0.8
45050,45050,100,16,75,91,0.17582417582417584,0.8241758241758241,Yes,0.8241758241758241
45051,45051,100,13,34,47,0.2765957446808511,0.723404255319149,Yes,0.723404255319149
45052,45052,100,2,18,20,0.1,0.9,Yes,0.9
45053,45053,100,13,55,68,0.19117647058823528,0.8088235294117647,Yes,0.8088235294117647
45054,45054,100,6,35,41,0.14634146341463414,0.8536585365853658,Yes,0.8536585365853658
45055,45055,100,0,4,4,0.0,1.0,Yes,1.0
45056,45056,100,7,41,48,0.14583333333333334,0.8541666666666666,Yes,0.8541666666666666
45057,45057,100,23,69,92,0.25,0.75,Yes,0.75
45058,45058,100,16,43,59,0.2711864406779661,0.7288135593220338,Yes,0.7288135593220338
45059,45059,100,11,32,43,0.2558139534883721,0.7441860465116279,Yes,0.7441860465116279
45060,45060,100,4,14,18,0.2222222222222222,0.7777777777777778,Yes,0.7777777777777778
45061,45061,100,1,10,11,0.09090909090909091,0.9090909090909091,Yes,0.9090909090909091
45062,45062,100,9,20,29,0.3103448275862069,0.6896551724137931,Yes,0.6896551724137931
45063,45063,100,2,27,29,0.06896551724137931,0.9310344827586207,Yes,0.9310344827586207
45064,45064,100,13,51,64,0.203125,0.796875,Yes,0.796875
45065,45065,100,3,29,32,0.09375,0.90625,Yes,0.90625
45066,45066,100,8,52,60,0.13333333333333333,0.8666666666666667,Yes,0.8666666666666667
45067,45067,100,6,15,21,0.2857142857142857,0.7142857142857143,Yes,0.7142857142857143
45068,45068,100,25,88,113,0.22123893805309736,0.7787610619469026,Yes,0.7787610619469026
45069,45069,100,19,73,92,0.20652173913043478,0.7934782608695652,Yes,0.7934782608695652
45070,45070,100,15,60,75,0.2,0.8,Yes,0.8
45071,45071,100,14,30,44,0.3181818181818182,0.6818181818181818,Yes,0.6818181818181818
45072,45072,100,14,36,50,0.28,0.72,Yes,0.72
45073,45073,100,10,17,27,0.37037037037037035,0.6296296296296297,Yes,0.6296296296296297
45074,45074,100,6,61,67,0.08955223880597014,0.9104477611940298,Yes,0.9104477611940298
45075,45075,100,25,83,108,0.23148148148148148,0.7685185185185185,Yes,0.7685185185185185
45076,45076,100,0,0,0,0,0,n/a,0
45077,45077,100,0,0,0,0,0,n/a,0
46001,46001,100,19,66,85,0.2235294117647059,0.7764705882352941,Yes,0.7764705882352941
46002,46002,100,16,66,82,0.1951219512195122,0.8048780487804879,Yes,0.8048780487804879
46003,46003,100,16,27,43,0.37209302325581395,0.627906976744186,Yes,0.627906976744186
46004,46004,100,18,94,112,0.16071428571428573,0.8392857142857143,Yes,0.8392857142857143
46005,46005,100,14,37,51,0.27450980392156865,0.7254901960784313,Yes,0.7254901960784313
46006,46006,100,6,16,22,0.2727272727272727,0.7272727272727273,Yes,0.7272727272727273
46007,46007,100,18,39,57,0.3157894736842105,0.6842105263157895,Yes,0.6842105263157895
46008,46008,100,14,36,50,0.28,0.72,Yes,0.72
46009,46009,100,14,59,73,0.1917808219178082,0.8082191780821918,Yes,0.8082191780821918
46010,46010,100,30,69,99,0.30303030303030304,0.696969696969697,Yes,0.696969696969697
46011,46011,100,10,30,40,0.25,0.75,Yes,0.75
46012,46012,100,14,78,92,0.15217391304347827,0.8478260869565217,Yes,0.8478260869565217
46013,46013,100,10,49,59,0.1694915254237288,0.8305084745762712,Yes,0.8305084745762712
46014,46014,100,9,43,52,0.17307692307692307,0.8269230769230769,Yes,0.8269230769230769
46015,46015,100,7,37,44,0.1590909090909091,0.8409090909090909,Yes,0.8409090909090909
46016,46016,100,15,46,61,0.2459016393442623,0.7540983606557377,Yes,0.7540983606557377
46017,46017,100,11,47,58,0.1896551724137931,0.8103448275862069,Yes,0.8103448275862069
46018,46018,100,19,32,51,0.37254901960784315,0.6274509803921569,Yes,0.6274509803921569
46019,46019,100,25,65,90,0.2777777777777778,0.7222222222222222,Yes,0.7222222222222222
46020,46020,100,12,46,58,0.20689655172413793,0.7931034482758621,Yes,0.7931034482758621
46021,46021,100,23,66,89,0.25842696629213485,0.7415730337078652,Yes,0.7415730337078652
46022,46022,100,15,45,60,0.25,0.75,Yes,0.75
46023,46023,100,17,37,54,0.3148148148148148,0.6851851851851852,Yes,0.6851851851851852
46024,46024,100,29,63,92,0.31521739130434784,0.6847826086956522,Yes,0.6847826086956522
46025,46025,100,33,56,89,0.3707865168539326,0.6292134831460674,Yes,0.6292134831460674
46026,46026,100,43,93,136,0.3161764705882353,0.6838235294117647,Yes,0.6838235294117647
46027,46027,100,26,61,87,0.2988505747126437,0.7011494252873564,Yes,0.7011494252873564
46028,46028,100,22,68,90,0.24444444444444444,0.7555555555555555,Yes,0.7555555555555555
46029,46029,100,29,74,103,0.2815533980582524,0.7184466019417476,Yes,0.7184466019417476
46030,46030,100,21,52,73,0.2876712328767123,0.7123287671232876,Yes,0.7123287671232876
46031,46031,100,36,132,168,0.21428571428571427,0.7857142857142857,Yes,0.7857142857142857
46032,46032,100,15,38,53,0.2830188679245283,0.7169811320754716,Yes,0.7169811320754716
46033,46033,100,11,58,69,0.15942028985507245,0.8405797101449275,Yes,0.8405797101449275
46034,46034,100,18,76,94,0.19148936170212766,0.8085106382978723,Yes,0.8085106382978723
46035,46035,100,17,38,55,0.3090909090909091,0.6909090909090909,Yes,0.6909090909090909
46036,46036,100,45,140,185,0.24324324324324326,0.7567567567567568,Yes,0.7567567567567568
46037,46037,100,0,0,0,0,0,n/a,0
46038,46038,100,30,83,113,0.26548672566371684,0.7345132743362832,Yes,0.7345132743362832
46039,46039,100,22,40,62,0.3548387096774194,0.6451612903225806,Yes,0.6451612903225806
46040,46040,100,10,20,30,0.3333333333333333,0.6666666666666666,Yes,0.6666666666666666
46041,46041,100,58,225,283,0.2049469964664311,0.7950530035335689,Yes,0.7950530035335689
46042,46042,100,9,46,55,0.16363636363636364,0.8363636363636363,Yes,0.8363636363636363
46043,46043,100,25,73,98,0.25510204081632654,0.7448979591836735,Yes,0.7448979591836735
46044,46044,100,16,44,60,0.26666666666666666,0.7333333333333333,Yes,0.7333333333333333
46045,46045,100,6,31,37,0.16216216216216217,0.8378378378378378,Yes,0.8378378378378378
46046,46046,100,8,17,25,0.32,0.68,Yes,0.68
46047,46047,100,37,120,157,0.2356687898089172,0.7643312101910829,Yes,0.7643312101910829
46048,46048,100,40,135,175,0.22857142857142856,0.7714285714285715,Yes,0.7714285714285715
46049,46049,100,57,209,266,0.21428571428571427,0.7857142857142857,Yes,0.7857142857142857
46050,46050,100,48,183,231,0.2077922077922078,0.7922077922077922,Yes,0.7922077922077922
46051,46051,100,45,145,190,0.23684210526315788,0.7631578947368421,Yes,0.7631578947368421
46052,46052,100,50,169,219,0.228310502283105,0.771689497716895,Yes,0.771689497716895
46053,46053,100,44,175,219,0.2009132420091324,0.7990867579908676,Yes,0.7990867579908676
46054,46054,100,26,104,130,0.2,0.8,Yes,0.8
46055,46055,100,30,145,175,0.17142857142857143,0.8285714285714286,Yes,0.8285714285714286
46056,46056,100,39,147,186,0.20967741935483872,0.7903225806451613,Yes,0.7903225806451613
46057,46057,100,46,198,244,0.1885245901639344,0.8114754098360656,Yes,0.8114754098360656
46058,46058,100,31,153,184,0.16847826086956522,0.8315217391304348,Yes,0.8315217391304348
46059,46059,100,49,153,202,0.24257425742574257,0.7574257425742574,Yes,0.7574257425742574
46060,46060,100,49,222,271,0.18081180811808117,0.8191881918819188,Yes,0.8191881918819188
46061,46061,100,55,163,218,0.25229357798165136,0.7477064220183486,Yes,0.7477064220183486
46062,46062,100,54,234,288,0.1875,0.8125,Yes,0.8125
46063,46063,100,27,131,158,0.17088607594936708,0.8291139240506329,Yes,0.8291139240506329
46064,46064,100,47,177,224,0.20982142857142858,0.7901785714285714,Yes,0.7901785714285714
46065,46065,100,53,179,232,0.22844827586206898,0.771551724137931,Yes,0.771551724137931
46066,46066,100,22,76,98,0.22448979591836735,0.7755102040816326,Yes,0.7755102040816326
46067,46067,100,64,188,252,0.25396825396825395,0.746031746031746,Yes,0.746031746031746
46068,46068,100,61,170,231,0.26406926406926406,0.7359307359307359,Yes,0.7359307359307359
46069,46069,100,54,145,199,0.271356783919598,0.7286432160804021,Yes,0.7286432160804021
46070,46070,100,35,98,133,0.2631578947368421,0.7368421052631579,Yes,0.7368421052631579
46071,46071,100,41,150,191,0.21465968586387435,0.7853403141361257,Yes,0.7853403141361257
46072,46072,100,40,154,194,0.20618556701030927,0.7938144329896907,Yes,0.7938144329896907
46073,46073,100,27,52,79,0.34177215189873417,0.6582278481012658,Yes,0.6582278481012658
46074,46074,100,3,10,13,0.23076923076923078,0.7692307692307693,Yes,0.7692307692307693
46075,46075,100,0,0,0,0,0,n/a,0
46076,46075,100,0,0,0,0,0,n/a,0
46077,46077,100,0,0,0,0,0,n/a,0
47001,47001,100,22,109,131,0.16793893129770993,0.8320610687022901,Yes,0.8320610687022901
47002,47002,100,18,73,91,0.1978021978021978,0.8021978021978022,Yes,0.8021978021978022
47003,47003,100,29,62,91,0.31868131868131866,0.6813186813186813,Yes,0.6813186813186813
47004,47004,100,0,2,2,0.0,1.0,Yes,1.0
47005,47005,100,27,69,96,0.28125,0.71875,Yes,0.71875
47006,47006,100,24,38,62,0.3870967741935484,0.6129032258064516,Yes,0.6129032258064516
47007,47007,100,24,68,92,0.2608695652173913,0.7391304347826086,Yes,0.7391304347826086
47008,47008,100,25,71,96,0.2604166666666667,0.7395833333333334,Yes,0.7395833333333334
47009,47009,100,25,57,82,0.3048780487804878,0.6951219512195121,Yes,0.6951219512195121
47010,47010,100,2,12,14,0.14285714285714285,0.8571428571428571,Yes,0.8571428571428571
47011,47011,100,15,41,56,0.26785714285714285,0.7321428571428571,Yes,0.7321428571428571
47012,47012,100,9,37,46,0.1956521739130435,0.8043478260869565,Yes,0.8043478260869565
47013,47013,100,31,83,114,0.2719298245614035,0.7280701754385965,Yes,0.7280701754385965
47014,47014,100,27,89,116,0.23275862068965517,0.7672413793103449,Yes,0.7672413793103449
47015,47015,100,14,60,74,0.1891891891891892,0.8108108108108109,Yes,0.8108108108108109
47016,47016,100,18,43,61,0.29508196721311475,0.7049180327868853,Yes,0.7049180327868853
47017,47017,100,17,51,68,0.25,0.75,Yes,0.75
47018,47018,100,26,68,94,0.2765957446808511,0.723404255319149,Yes,0.723404255319149
47019,47019,100,0,14,14,0.0,1.0,Yes,1.0
47020,47020,100,21,36,57,0.3684210526315789,0.631578947368421,Yes,0.631578947368421
47021,47021,100,18,49,67,0.26865671641791045,0.7313432835820896,Yes,0.7313432835820896
47022,47022,100,14,35,49,0.2857142857142857,0.7142857142857143,Yes,0.7142857142857143
47023,47023,100,15,51,66,0.22727272727272727,0.7727272727272727,Yes,0.7727272727272727
47024,47024,100,18,30,48,0.375,0.625,Yes,0.625
47025,47025,100,5,60,65,0.07692307692307693,0.9230769230769231,Yes,0.9230769230769231
47026,47026,100,24,68,92,0.2608695652173913,0.7391304347826086,Yes,0.7391304347826086
47027,47027,100,25,60,85,0.29411764705882354,0.7058823529411765,Yes,0.7058823529411765
47028,47028,100,12,34,46,0.2608695652173913,0.7391304347826086,Yes,0.7391304347826086
47029,47029,100,14,75,89,0.15730337078651685,0.8426966292134831,Yes,0.8426966292134831
47030,47030,100,13,41,54,0.24074074074074073,0.7592592592592593,Yes,0.7592592592592593
47031,47031,100,17,59,76,0.2236842105263158,0.7763157894736842,Yes,0.7763157894736842
47032,47032,100,9,21,30,0.3,0.7,Yes,0.7
47033,47033,100,13,38,51,0.2549019607843137,0.7450980392156863,Yes,0.7450980392156863
47034,47034,100,14,23,37,0.3783783783783784,0.6216216216216216,Yes,0.6216216216216216
47035,47035,100,1,0,1,1.0,0.0,No,1.0
47036,47036,100,17,58,75,0.22666666666666666,0.7733333333333333,Yes,0.7733333333333333
47037,47037,100,7,14,21,0.3333333333333333,0.6666666666666666,Yes,0.6666666666666666
47038,47038,100,1,20,21,0.047619047619047616,0.9523809523809523,Yes,0.9523809523809523
47039,47039,100,7,32,39,0.1794871794871795,0.8205128205128205,Yes,0.8205128205128205
47040,47040,100,9,33,42,0.21428571428571427,0.7857142857142857,Yes,0.7857142857142857
47041,47041,100,10,65,75,0.13333333333333333,0.8666666666666667,Yes,0.8666666666666667
47042,47042,100,7,14,21,0.3333333333333333,0.6666666666666666,Yes,0.6666666666666666
47043,47043,100,22,37,59,0.3728813559322034,0.6271186440677966,Yes,0.6271186440677966
47044,47044,100,23,54,77,0.2987012987012987,0.7012987012987013,Yes,0.7012987012987013
47045,47045,100,9,38,47,0.19148936170212766,0.8085106382978723,Yes,0.8085106382978723
47046,47046,100,21,43,64,0.328125,0.671875,Yes,0.671875
47047,47047,100,28,69,97,0.28865979381443296,0.711340206185567,Yes,0.711340206185567
47048,47048,100,19,30,49,0.3877551020408163,0.6122448979591837,Yes,0.6122448979591837
47049,47049,100,41,99,140,0.29285714285714287,0.7071428571428572,Yes,0.7071428571428572
47050,47050,100,24,62,86,0.27906976744186046,0.7209302325581395,Yes,0.7209302325581395
47051,47051,100,12,36,48,0.25,0.75,Yes,0.75
47052,47052,100,8,19,27,0.2962962962962963,0.7037037037037037,Yes,0.7037037037037037
47053,47053,100,12,30,42,0.2857142857142857,0.7142857142857143,Yes,0.7142857142857143
47054,47054,100,17,29,46,0.3695652173913043,0.6304347826086957,Yes,0.6304347826086957
47055,47055,100,19,60,79,0.24050632911392406,0.759493670886076,Yes,0.759493670886076
47056,47056,100,19,46,65,0.2923076923076923,0.7076923076923077,Yes,0.7076923076923077
47057,47057,100,33,127,160,0.20625,0.79375,Yes,0.79375
47058,47058,100,26,58,84,0.30952380952380953,0.6904761904761905,Yes,0.6904761904761905
47059,47059,100,27,75,102,0.2647058823529412,0.7352941176470589,Yes,0.7352941176470589
47060,47060,100,2,13,15,0.13333333333333333,0.8666666666666667,Yes,0.8666666666666667
47061,47061,100,9,45,54,0.16666666666666666,0.8333333333333334,Yes,0.8333333333333334
47062,47062,100,10,55,65,0.15384615384615385,0.8461538461538461,Yes,0.8461538461538461
47063,47063,100,19,71,90,0.2111111111111111,0.7888888888888889,Yes,0.7888888888888889
47064,47064,100,18,53,71,0.2535211267605634,0.7464788732394366,Yes,0.7464788732394366
47065,47065,100,16,40,56,0.2857142857142857,0.7142857142857143,Yes,0.7142857142857143
47066,47066,100,6,37,43,0.13953488372093023,0.8604651162790697,Yes,0.8604651162790697
47067,47067,100,11,19,30,0.36666666666666664,0.6333333333333333,Yes,0.6333333333333333
47068,47068,100,5,25,30,0.16666666666666666,0.8333333333333334,Yes,0.8333333333333334
47069,47069,100,0,0,0,0,0,n/a,0
47070,47070,100,0,0,0,0,0,n/a,0
48001,48001,100,0,14,14,0.0,1.0,Yes,1.0
48002,48002,100,10,21,31,0.3225806451612903,0.6774193548387096,Yes,0.6774193548387096
48003,48003,100,26,73,99,0.26262626262626265,0.7373737373737373,Yes,0.7373737373737373
48004,48004,100,23,56,79,0.2911392405063291,0.7088607594936709,Yes,0.7088607594936709
48005,48005,100,29,58,87,0.3333333333333333,0.6666666666666666,Yes,0.6666666666666666
48006,48006,100,43,73,116,0.3706896551724138,0.6293103448275862,Yes,0.6293103448275862
48007,48007,100,37,79,116,0.31896551724137934,0.6810344827586207,Yes,0.6810344827586207
48008,48008,100,10,26,36,0.2777777777777778,0.7222222222222222,Yes,0.7222222222222222
48009,48009,100,30,75,105,0.2857142857142857,0.7142857142857143,Yes,0.7142857142857143
48010,48010,100,32,75,107,0.29906542056074764,0.7009345794392523,Yes,0.7009345794392523
48011,48011,100,16,52,68,0.23529411764705882,0.7647058823529411,Yes,0.7647058823529411
48012,48012,100,32,78,110,0.2909090909090909,0.7090909090909091,Yes,0.7090909090909091
48013,48013,100,21,82,103,0.20388349514563106,0.7961165048543689,Yes,0.7961165048543689
48014,48014,100,39,115,154,0.2532467532467532,0.7467532467532467,Yes,0.7467532467532467
48015,48015,100,18,68,86,0.20930232558139536,0.7906976744186046,Yes,0.7906976744186046
48016,48016,100,30,54,84,0.35714285714285715,0.6428571428571429,Yes,0.6428571428571429
48017,48017,100,55,115,170,0.3235294117647059,0.6764705882352942,Yes,0.6764705882352942
48018,48018,100,34,87,121,0.2809917355371901,0.71900826446281,Yes,0.71900826446281
48019,48019,100,26,103,129,0.20155038759689922,0.7984496124031008,Yes,0.7984496124031008
48020,48020,100,33,86,119,0.2773109243697479,0.7226890756302521,Yes,0.7226890756302521
48021,48021,100,31,70,101,0.3069306930693069,0.693069306930693,Yes,0.693069306930693
48022,48022,100,35,79,114,0.30701754385964913,0.6929824561403509,Yes,0.6929824561403509
48023,48023,100,22,81,103,0.21359223300970873,0.7864077669902912,Yes,0.7864077669902912
48024,48024,100,16,50,66,0.24242424242424243,0.7575757575757576,Yes,0.7575757575757576
48025,48025,100,30,78,108,0.2777777777777778,0.7222222222222222,Yes,0.7222222222222222
48026,48026,100,43,83,126,0.3412698412698413,0.6587301587301587,Yes,0.6587301587301587
48027,48027,100,25,102,127,0.1968503937007874,0.8031496062992126,Yes,0.8031496062992126
48028,48028,100,50,100,150,0.3333333333333333,0.6666666666666666,Yes,0.6666666666666666
48029,48029,100,60,125,185,0.32432432432432434,0.6756756756756757,Yes,0.6756756756756757
48030,48030,100,39,81,120,0.325,0.675,Yes,0.675
48031,48031,100,23,50,73,0.3150684931506849,0.684931506849315,Yes,0.684931506849315
48032,48032,100,36,94,130,0.27692307692307694,0.7230769230769231,Yes,0.7230769230769231
48033,48033,100,15,71,86,0.1744186046511628,0.8255813953488372,Yes,0.8255813953488372
48034,48034,100,9,25,34,0.2647058823529412,0.7352941176470589,Yes,0.7352941176470589
48035,48035,100,2,12,14,0.14285714285714285,0.8571428571428571,Yes,0.8571428571428571
48036,48036,100,13,42,55,0.23636363636363636,0.7636363636363637,Yes,0.7636363636363637
48037,48037,100,1,41,42,0.023809523809523808,0.9761904761904762,Yes,0.9761904761904762
48038,48038,100,9,22,31,0.2903225806451613,0.7096774193548387,Yes,0.7096774193548387
48039,48039,100,10,44,54,0.18518518518518517,0.8148148148148148,Yes,0.8148148148148148
48040,48040,100,29,90,119,0.24369747899159663,0.7563025210084033,Yes,0.7563025210084033
48041,48041,100,10,41,51,0.19607843137254902,0.803921568627451,Yes,0.803921568627451
48042,48042,100,25,119,144,0.1736111111111111,0.8263888888888888,Yes,0.8263888888888888
48043,48043,100,11,65,76,0.14473684210526316,0.8552631578947368,Yes,0.8552631578947368
48044,48044,100,5,43,48,0.10416666666666667,0.8958333333333334,Yes,0.8958333333333334
48045,48045,100,10,41,51,0.19607843137254902,0.803921568627451,Yes,0.803921568627451
48046,48046,100,35,100,135,0.25925925925925924,0.7407407407407407,Yes,0.7407407407407407
48047,48047,100,29,110,139,0.20863309352517986,0.7913669064748201,Yes,0.7913669064748201
48048,48048,100,34,133,167,0.20359281437125748,0.7964071856287425,Yes,0.7964071856287425
48049,48049,100,9,28,37,0.24324324324324326,0.7567567567567568,Yes,0.7567567567567568
48050,48050,100,27,75,102,0.2647058823529412,0.7352941176470589,Yes,0.7352941176470589
48051,48051,100,15,81,96,0.15625,0.84375,Yes,0.84375
48052,48052,100,20,103,123,0.16260162601626016,0.8373983739837398,Yes,0.8373983739837398
48053,48049,100,0,0,0,0,0,n/a,0
48054,48054,100,23,57,80,0.2875,0.7125,Yes,0.7125
48055,48055,100,51,132,183,0.2786885245901639,0.7213114754098361,Yes,0.7213114754098361
48056,48056,100,32,136,168,0.19047619047619047,0.8095238095238095,Yes,0.8095238095238095
48057,48057,100,18,35,53,0.33962264150943394,0.660377358490566,Yes,0.660377358490566
48058,48058,100,46,103,149,0.3087248322147651,0.6912751677852349,Yes,0.6912751677852349
48059,48059,100,48,137,185,0.2594594594594595,0.7405405405405405,Yes,0.7405405405405405
48060,48060,100,51,168,219,0.2328767123287671,0.7671232876712328,Yes,0.7671232876712328
48061,48061,100,27,96,123,0.21951219512195122,0.7804878048780488,Yes,0.7804878048780488
48062,48062,100,38,128,166,0.2289156626506024,0.7710843373493976,Yes,0.7710843373493976
48063,48063,100,11,56,67,0.16417910447761194,0.835820895522388,Yes,0.835820895522388
48064,48064,100,33,69,102,0.3235294117647059,0.6764705882352942,Yes,0.6764705882352942
48065,48065,100,16,47,63,0.25396825396825395,0.746031746031746,Yes,0.746031746031746
48066,48066,100,13,81,94,0.13829787234042554,0.8617021276595744,Yes,0.8617021276595744
48067,48067,100,19,36,55,0.34545454545454546,0.6545454545454545,Yes,0.6545454545454545
48068,48068,100,8,13,21,0.38095238095238093,0.6190476190476191,Yes,0.6190476190476191
48069,48069,100,2,5,7,0.2857142857142857,0.7142857142857143,Yes,0.7142857142857143
48070,48070,100,32,101,133,0.24060150375939848,0.7593984962406015,Yes,0.7593984962406015
49001,49001,100,17,49,66,0.25757575757575757,0.7424242424242424,Yes,0.7424242424242424
49002,49002,100,14,49,63,0.2222222222222222,0.7777777777777778,Yes,0.7777777777777778
49003,49003,100,13,30,43,0.3023255813953488,0.6976744186046512,Yes,0.6976744186046512
49004,49004,100,11,44,55,0.2,0.8,Yes,0.8
49005,49005,100,2,12,14,0.14285714285714285,0.8571428571428571,Yes,0.8571428571428571
49006,49006,100,3,14,17,0.17647058823529413,0.8235294117647058,Yes,0.8235294117647058
49007,49007,100,1,11,12,0.08333333333333333,0.9166666666666666,Yes,0.9166666666666666
49008,49008,100,22,77,99,0.2222222222222222,0.7777777777777778,Yes,0.7777777777777778
49009,49009,100,20,54,74,0.2702702702702703,0.7297297297297297,Yes,0.7297297297297297
49010,49010,100,6,24,30,0.2,0.8,Yes,0.8
49011,49011,100,1,10,11,0.09090909090909091,0.9090909090909091,Yes,0.9090909090909091
49012,49012,100,5,7,12,0.4166666666666667,0.5833333333333334,Yes,0.5833333333333334
49013,49013,100,1,11,12,0.08333333333333333,0.9166666666666666,Yes,0.9166666666666666
49014,49014,100,0,1,1,0.0,1.0,Yes,1.0
49015,49015,100,0,0,0,0,0,n/a,0
49016,49016,100,18,34,52,0.34615384615384615,0.6538461538461539,Yes,0.6538461538461539
49017,49017,100,10,38,48,0.20833333333333334,0.7916666666666666,Yes,0.7916666666666666
49018,49018,100,5,22,27,0.18518518518518517,0.8148148148148148,Yes,0.8148148148148148
49019,49019,100,17,49,66,0.25757575757575757,0.7424242424242424,Yes,0.7424242424242424
49020,49020,100,25,62,87,0.28735632183908044,0.7126436781609196,Yes,0.7126436781609196
49021,49021,100,15,50,65,0.23076923076923078,0.7692307692307693,Yes,0.7692307692307693
49022,49022,100,24,76,100,0.24,0.76,Yes,0.76
49023,49023,100,17,57,74,0.22972972972972974,0.7702702702702703,Yes,0.7702702702702703
49024,49024,100,12,40,52,0.23076923076923078,0.7692307692307693,Yes,0.7692307692307693
49025,49025,100,27,98,125,0.216,0.784,Yes,0.784
49026,49026,100,20,47,67,0.29850746268656714,0.7014925373134329,Yes,0.7014925373134329
49027,49027,100,13,28,41,0.3170731707317073,0.6829268292682927,Yes,0.6829268292682927
49028,49028,100,10,57,67,0.14925373134328357,0.8507462686567164,Yes,0.8507462686567164
49029,49029,100,12,14,26,0.46153846153846156,0.5384615384615384,Yes,0.5384615384615384
49030,49030,100,5,36,41,0.12195121951219512,0.8780487804878049,Yes,0.8780487804878049
49031,49031,100,6,10,16,0.375,0.625,Yes,0.625
49032,49032,100,4,11,15,0.26666666666666666,0.7333333333333333,Yes,0.7333333333333333
49033,49033,100,1,15,16,0.0625,0.9375,Yes,0.9375
49034,49034,100,8,13,21,0.38095238095238093,0.6190476190476191,Yes,0.6190476190476191
49035,49035,100,12,40,52,0.23076923076923078,0.7692307692307693,Yes,0.7692307692307693
49036,49036,100,10,15,25,0.4,0.6,Yes,0.6
49037,49037,100,21,73,94,0.22340425531914893,0.776595744680851,Yes,0.776595744680851
49038,49038,100,18,78,96,0.1875,0.8125,Yes,0.8125
49039,49039,100,31,52,83,0.37349397590361444,0.6265060240963856,Yes,0.6265060240963856
49040,49040,100,14,63,77,0.18181818181818182,0.8181818181818182,Yes,0.8181818181818182
49041,49041,100,14,47,61,0.22950819672131148,0.7704918032786885,Yes,0.7704918032786885
49042,49042,100,8,26,34,0.23529411764705882,0.7647058823529411,Yes,0.7647058823529411
49043,49043,100,8,22,30,0.26666666666666666,0.7333333333333333,Yes,0.7333333333333333
49044,49044,100,4,13,17,0.23529411764705882,0.7647058823529411,Yes,0.7647058823529411
49045,49045,100,20,33,53,0.37735849056603776,0.6226415094339622,Yes,0.6226415094339622
49046,49046,100,1,13,14,0.07142857142857142,0.9285714285714286,Yes,0.9285714285714286
49047,49047,100,12,86,98,0.12244897959183673,0.8775510204081632,Yes,0.8775510204081632
49048,49048,100,37,104,141,0.2624113475177305,0.7375886524822695,Yes,0.7375886524822695
49049,49049,100,32,92,124,0.25806451612903225,0.7419354838709677,Yes,0.7419354838709677
49050,49050,100,24,74,98,0.24489795918367346,0.7551020408163265,Yes,0.7551020408163265
49051,49051,100,21,89,110,0.19090909090909092,0.8090909090909091,Yes,0.8090909090909091
49052,49052,100,26,72,98,0.2653061224489796,0.7346938775510204,Yes,0.7346938775510204
49053,49053,100,34,120,154,0.22077922077922077,0.7792207792207793,Yes,0.7792207792207793
49054,49054,100,26,75,101,0.25742574257425743,0.7425742574257426,Yes,0.7425742574257426
49055,49055,100,0,27,27,0.0,1.0,Yes,1.0
49056,49056,100,2,2,4,0.5,0.5,Tie,0.5
49057,49057,100,13,41,54,0.24074074074074073,0.7592592592592593,Yes,0.7592592592592593
49058,49058,100,18,35,53,0.33962264150943394,0.660377358490566,Yes,0.660377358490566
49059,49059,100,9,53,62,0.14516129032258066,0.8548387096774194,Yes,0.8548387096774194
49060,49033,100,0,0,0,0,0,n/a,0
49061,49061,100,11,27,38,0.2894736842105263,0.7105263157894737,Yes,0.7105263157894737
49062,49062,100,16,21,37,0.43243243243243246,0.5675675675675675,Yes,0.5675675675675675
49063,49063,100,20,69,89,0.2247191011235955,0.7752808988764045,Yes,0.7752808988764045
49064,49064,100,4,30,34,0.11764705882352941,0.8823529411764706,Yes,0.8823529411764706
49065,49065,100,0,0,0,0,0,n/a,0
50001,50001,100,4,15,19,0.21052631578947367,0.7894736842105263,Yes,0.7894736842105263
50002,50002,100,10,179,189,0.05291005291005291,0.9470899470899471,Yes,0.9470899470899471
50003,50003,100,12,74,86,0.13953488372093023,0.8604651162790697,Yes,0.8604651162790697
50004,50004,100,1,28,29,0.034482758620689655,0.9655172413793104,Yes,0.9655172413793104
50005,50005,100,34,151,185,0.1837837837837838,0.8162162162162162,Yes,0.8162162162162162
50006,50006,100,10,115,125,0.08,0.92,Yes,0.92
50007,50007,100,13,177,190,0.06842105263157895,0.9315789473684211,Yes,0.9315789473684211
50008,50008,100,22,165,187,0.11764705882352941,0.8823529411764706,Yes,0.8823529411764706
50009,50009,100,21,130,151,0.1390728476821192,0.8609271523178808,Yes,0.8609271523178808
50010,50010,100,4,19,23,0.17391304347826086,0.8260869565217391,Yes,0.8260869565217391
50011,50011,100,3,22,25,0.12,0.88,Yes,0.88
50012,50012,100,20,135,155,0.12903225806451613,0.8709677419354839,Yes,0.8709677419354839
50013,50013,100,2,3,5,0.4,0.6,Yes,0.6
50014,50014,100,9,55,64,0.140625,0.859375,Yes,0.859375
50015,50015,100,12,51,63,0.19047619047619047,0.8095238095238095,Yes,0.8095238095238095
50016,50016,100,15,34,49,0.30612244897959184,0.6938775510204082,Yes,0.6938775510204082
50017,50017,100,11,59,70,0.15714285714285714,0.8428571428571429,Yes,0.8428571428571429
50018,50018,100,13,125,138,0.09420289855072464,0.9057971014492754,Yes,0.9057971014492754
50019,50019,100,11,155,166,0.06626506024096386,0.9337349397590361,Yes,0.9337349397590361
50020,50020,100,16,122,138,0.11594202898550725,0.8840579710144928,Yes,0.8840579710144928
50021,50021,100,18,151,169,0.10650887573964497,0.893491124260355,Yes,0.893491124260355
50022,50022,100,5,77,82,0.06097560975609756,0.9390243902439024,Yes,0.9390243902439024
50056,50056,100,1,12,13,0.07692307692307693,0.9230769230769231,Yes,0.9230769230769231
50023,50056,100,0,0,0,0,0,n/a,0
50024,50024,100,2,2,4,0.5,0.5,Tie,0.5
50025,50025,100,2,22,24,0.08333333333333333,0.9166666666666666,Yes,0.9166666666666666
50026,50026,100,21,155,176,0.11931818181818182,0.8806818181818182,Yes,0.8806818181818182
50027,50027,100,35,214,249,0.14056224899598393,0.8594377510040161,Yes,0.8594377510040161
50028,50028,100,16,170,186,0.08602150537634409,0.9139784946236559,Yes,0.9139784946236559
50029,50029,100,10,157,167,0.059880239520958084,0.9401197604790419,Yes,0.9401197604790419
50030,50030,100,22,130,152,0.14473684210526316,0.8552631578947368,Yes,0.8552631578947368
50031,50031,100,18,144,162,0.1111111111111111,0.8888888888888888,Yes,0.8888888888888888
50032,50032,100,32,202,234,0.13675213675213677,0.8632478632478633,Yes,0.8632478632478633
50033,50033,100,24,173,197,0.1218274111675127,0.8781725888324873,Yes,0.8781725888324873
50034,50034,100,25,168,193,0.12953367875647667,0.8704663212435233,Yes,0.8704663212435233
50035,50035,100,24,197,221,0.1085972850678733,0.8914027149321267,Yes,0.8914027149321267
50036,50036,100,0,14,14,0.0,1.0,Yes,1.0
50037,50037,100,14,162,176,0.07954545454545454,0.9204545454545454,Yes,0.9204545454545454
50038,50038,100,14,134,148,0.0945945945945946,0.9054054054054054,Yes,0.9054054054054054
50039,50039,100,9,105,114,0.07894736842105263,0.9210526315789473,Yes,0.9210526315789473
50040,50040,100,11,187,198,0.05555555555555555,0.9444444444444444,Yes,0.9444444444444444
50041,50041,100,26,177,203,0.12807881773399016,0.8719211822660099,Yes,0.8719211822660099
50042,50042,100,13,164,177,0.07344632768361582,0.9265536723163842,Yes,0.9265536723163842
50043,50043,100,4,84,88,0.045454545454545456,0.9545454545454546,Yes,0.9545454545454546
50044,50044,100,15,154,169,0.08875739644970414,0.9112426035502958,Yes,0.9112426035502958
50045,50045,100,6,18,24,0.25,0.75,Yes,0.75
50046,50046,100,13,97,110,0.11818181818181818,0.8818181818181818,Yes,0.8818181818181818
50047,50047,100,8,77,85,0.09411764705882353,0.9058823529411765,Yes,0.9058823529411765
50048,50048,100,10,82,92,0.10869565217391304,0.8913043478260869,Yes,0.8913043478260869
50049,50049,100,13,127,140,0.09285714285714286,0.9071428571428571,Yes,0.9071428571428571
50050,50050,100,11,82,93,0.11827956989247312,0.8817204301075269,Yes,0.8817204301075269
50051,50051,100,14,56,70,0.2,0.8,Yes,0.8
50052,50052,100,8,83,91,0.08791208791208792,0.9120879120879121,Yes,0.9120879120879121
50053,50053,100,1,46,47,0.02127659574468085,0.9787234042553191,Yes,0.9787234042553191
50054,50054,100,3,34,37,0.08108108108108109,0.918918918918919,Yes,0.918918918918919
50055,50055,100,5,21,26,0.19230769230769232,0.8076923076923077,Yes,0.8076923076923077
50057,50057,100,8,36,44,0.18181818181818182,0.8181818181818182,Yes,0.8181818181818182
50058,50058,100,5,26,31,0.16129032258064516,0.8387096774193549,Yes,0.8387096774193549
50059,50059,100,8,71,79,0.10126582278481013,0.8987341772151899,Yes,0.8987341772151899
50060,50060,100,6,70,76,0.07894736842105263,0.9210526315789473,Yes,0.9210526315789473
50061,50061,100,11,17,28,0.39285714285714285,0.6071428571428571,Yes,0.6071428571428571
50062,50062,100,9,15,24,0.375,0.625,Yes,0.625
50063,50063,100,6,10,16,0.375,0.625,Yes,0.625
50064,50064,100,2,13,15,0.13333333333333333,0.8666666666666667,Yes,0.8666666666666667
50065,50065,100,4,15,19,0.21052631578947367,0.7894736842105263,Yes,0.7894736842105263
50066,50066,100,5,5,10,0.5,0.5,Tie,0.5
50067,50067,100,3,8,11,0.2727272727272727,0.7272727272727273,Yes,0.7272727272727273
50068,50068,100,4,15,19,0.21052631578947367,0.7894736842105263,Yes,0.7894736842105263
50069,50069,100,4,9,13,0.3076923076923077,0.6923076923076923,Yes,0.6923076923076923
50070,50070,100,2,15,17,0.11764705882352941,0.8823529411764706,Yes,0.8823529411764706
50071,50071,100,2,4,6,0.3333333333333333,0.6666666666666666,Yes,0.6666666666666666
50072,50072,100,1,18,19,0.05263157894736842,0.9473684210526315,Yes,0.9473684210526315
50073,50073,100,2,11,13,0.15384615384615385,0.8461538461538461,Yes,0.8461538461538461
50074,50074,100,7,12,19,0.3684210526315789,0.631578947368421,Yes,0.631578947368421
50075,50075,100,3,15,18,0.16666666666666666,0.8333333333333334,Yes,0.8333333333333334
50076,50076,100,12,22,34,0.35294117647058826,0.6470588235294118,Yes,0.6470588235294118
50077,50077,100,11,5,16,0.6875,0.3125,No,0.6875
50078,50078,100,4,10,14,0.2857142857142857,0.7142857142857143,Yes,0.7142857142857143
50079,50079,100,6,10,16,0.375,0.625,Yes,0.625
50080,50080,100,2,11,13,0.15384615384615385,0.8461538461538461,Yes,0.8461538461538461
50081,50081,100,3,8,11,0.2727272727272727,0.7272727272727273,Yes,0.7272727272727273
50082,50082,100,1,5,6,0.16666666666666666,0.8333333333333334,Yes,0.8333333333333334
50083,50083,100,7,33,40,0.175,0.825,Yes,0.825
50084,50084,100,1,7,8,0.125,0.875,Yes,0.875
50085,50085,100,6,34,40,0.15,0.85,Yes,0.85
50086,50084,100,0,0,0,0,0,n/a,0
50087,50087,100,4,22,26,0.15384615384615385,0.8461538461538461,Yes,0.8461538461538461
50088,50088,100,2,13,15,0.13333333333333333,0.8666666666666667,Yes,0.8666666666666667
50089,50089,100,13,139,152,0.08552631578947369,0.9144736842105263,Yes,0.9144736842105263
50090,50090,100,13,81,94,0.13829787234042554,0.8617021276595744,Yes,0.8617021276595744
50091,50091,100,19,165,184,0.10326086956521739,0.8967391304347826,Yes,0.8967391304347826
50092,50092,100,19,118,137,0.1386861313868613,0.8613138686131386,Yes,0.8613138686131386
50093,50093,100,4,22,26,0.15384615384615385,0.8461538461538461,Yes,0.8461538461538461
50094,50094,100,4,6,10,0.4,0.6,Yes,0.6
50095,50095,100,0,0,0,0,0,n/a,0
50096,50096,100,0,0,0,0,0,n/a,0
50097,50097,100,0,0,0,0,0,n/a,0
50098,50088,100,0,0,0,0,0,n/a,0
50099,50013,100,0,0,0,0,0,n/a,0
51001,51001,100,20,162,182,0.10989010989010989,0.8901098901098901,Yes,0.8901098901098901
51002,51002,100,16,66,82,0.1951219512195122,0.8048780487804879,Yes,0.8048780487804879
51003,51003,100,16,96,112,0.14285714285714285,0.8571428571428571,Yes,0.8571428571428571
51004,51004,100,2,38,40,0.05,0.95,Yes,0.95
51005,51005,100,14,59,73,0.1917808219178082,0.8082191780821918,Yes,0.8082191780821918
51006,51006,100,9,67,76,0.11842105263157894,0.881578947368421,Yes,0.881578947368421
51007,51007,100,18,178,196,0.09183673469387756,0.9081632653061225,Yes,0.9081632653061225
51008,51008,100,3,46,49,0.061224489795918366,0.9387755102040817,Yes,0.9387755102040817
51009,51009,100,5,13,18,0.2777777777777778,0.7222222222222222,Yes,0.7222222222222222
51010,51010,100,1,6,7,0.14285714285714285,0.8571428571428571,Yes,0.8571428571428571
51011,51011,100,19,222,241,0.07883817427385892,0.921161825726141,Yes,0.921161825726141
51012,51012,100,17,188,205,0.08292682926829269,0.9170731707317074,Yes,0.9170731707317074
51013,51013,100,6,116,122,0.04918032786885246,0.9508196721311475,Yes,0.9508196721311475
51014,51014,100,9,46,55,0.16363636363636364,0.8363636363636363,Yes,0.8363636363636363
51015,51015,100,13,40,53,0.24528301886792453,0.7547169811320755,Yes,0.7547169811320755
51016,51016,100,33,73,106,0.3113207547169811,0.6886792452830188,Yes,0.6886792452830188
51017,51017,100,8,44,52,0.15384615384615385,0.8461538461538461,Yes,0.8461538461538461
51018,51018,100,0,0,0,0,0,n/a,0
51019,51019,100,0,3,3,0.0,1.0,Yes,1.0
51020,51020,100,10,104,114,0.08771929824561403,0.9122807017543859,Yes,0.9122807017543859
51021,51021,100,5,23,28,0.17857142857142858,0.8214285714285714,Yes,0.8214285714285714
51022,51022,100,4,27,31,0.12903225806451613,0.8709677419354839,Yes,0.8709677419354839
51023,51023,100,3,23,26,0.11538461538461539,0.8846153846153846,Yes,0.8846153846153846
51024,51024,100,34,96,130,0.26153846153846155,0.7384615384615385,Yes,0.7384615384615385
51025,51025,100,0,0,0,0,0,n/a,0
51026,51026,100,22,110,132,0.16666666666666666,0.8333333333333334,Yes,0.8333333333333334
51027,51027,100,6,43,49,0.12244897959183673,0.8775510204081632,Yes,0.8775510204081632
51028,51028,100,4,15,19,0.21052631578947367,0.7894736842105263,Yes,0.7894736842105263
51029,51029,100,12,38,50,0.24,0.76,Yes,0.76
51030,51030,100,11,53,64,0.171875,0.828125,Yes,0.828125
51031,51031,100,6,51,57,0.10526315789473684,0.8947368421052632,Yes,0.8947368421052632
51032,51032,100,15,53,68,0.22058823529411764,0.7794117647058824,Yes,0.7794117647058824
51033,51033,100,7,43,50,0.14,0.86,Yes,0.86
51034,51034,100,5,32,37,0.13513513513513514,0.8648648648648649,Yes,0.8648648648648649
51035,51035,100,3,43,46,0.06521739130434782,0.9347826086956522,Yes,0.9347826086956522
51036,51036,100,15,82,97,0.15463917525773196,0.845360824742268,Yes,0.845360824742268
51037,51037,100,10,57,67,0.14925373134328357,0.8507462686567164,Yes,0.8507462686567164
51038,51038,100,35,119,154,0.22727272727272727,0.7727272727272727,Yes,0.7727272727272727
51039,51039,100,17,113,130,0.13076923076923078,0.8692307692307693,Yes,0.8692307692307693
51040,51040,100,26,154,180,0.14444444444444443,0.8555555555555555,Yes,0.8555555555555555
51041,51041,100,12,122,134,0.08955223880597014,0.9104477611940298,Yes,0.9104477611940298
51042,51042,100,18,162,180,0.1,0.9,Yes,0.9
51043,51043,100,7,71,78,0.08974358974358974,0.9102564102564102,Yes,0.9102564102564102
51044,51044,100,4,22,26,0.15384615384615385,0.8461538461538461,Yes,0.8461538461538461
51045,51045,100,0,1,1,0.0,1.0,Yes,1.0
51046,51046,100,1,7,8,0.125,0.875,Yes,0.875
51047,51047,100,6,33,39,0.15384615384615385,0.8461538461538461,Yes,0.8461538461538461
51048,51048,100,0,0,0,0,0,n/a,0
51049,51049,100,22,131,153,0.1437908496732026,0.8562091503267973,Yes,0.8562091503267973
51050,51050,100,3,15,18,0.16666666666666666,0.8333333333333334,Yes,0.8333333333333334
51051,51051,100,10,54,64,0.15625,0.84375,Yes,0.84375
51052,51052,100,25,60,85,0.29411764705882354,0.7058823529411765,Yes,0.7058823529411765
51053,51053,100,11,82,93,0.11827956989247312,0.8817204301075269,Yes,0.8817204301075269
51054,51054,100,6,40,46,0.13043478260869565,0.8695652173913043,Yes,0.8695652173913043
51055,51055,100,17,112,129,0.13178294573643412,0.8682170542635659,Yes,0.8682170542635659
51056,51056,100,1,4,5,0.2,0.8,Yes,0.8
51057,51057,100,6,6,12,0.5,0.5,Tie,0.5
51058,51058,100,4,17,21,0.19047619047619047,0.8095238095238095,Yes,0.8095238095238095
51059,51059,100,36,170,206,0.17475728155339806,0.8252427184466019,Yes,0.8252427184466019
51060,51060,100,11,50,61,0.18032786885245902,0.819672131147541,Yes,0.819672131147541
51061,51061,100,28,125,153,0.1830065359477124,0.8169934640522876,Yes,0.8169934640522876
51062,51062,100,37,194,231,0.16017316017316016,0.8398268398268398,Yes,0.8398268398268398
51063,51063,100,25,96,121,0.2066115702479339,0.7933884297520661,Yes,0.7933884297520661
51064,51064,100,7,32,39,0.1794871794871795,0.8205128205128205,Yes,0.8205128205128205
51065,51065,100,4,32,36,0.1111111111111111,0.8888888888888888,Yes,0.8888888888888888
51066,51066,100,8,57,65,0.12307692307692308,0.8769230769230769,Yes,0.8769230769230769
51067,51067,100,6,25,31,0.1935483870967742,0.8064516129032258,Yes,0.8064516129032258
51068,51068,100,4,37,41,0.0975609756097561,0.9024390243902439,Yes,0.9024390243902439
51069,51069,100,12,53,65,0.18461538461538463,0.8153846153846154,Yes,0.8153846153846154
51070,51070,100,19,59,78,0.24358974358974358,0.7564102564102564,Yes,0.7564102564102564
51071,51071,100,6,49,55,0.10909090909090909,0.8909090909090909,Yes,0.8909090909090909
51072,51072,100,6,53,59,0.1016949152542373,0.8983050847457628,Yes,0.8983050847457628
51073,51073,100,17,87,104,0.16346153846153846,0.8365384615384616,Yes,0.8365384615384616
51074,51074,100,30,34,64,0.46875,0.53125,Yes,0.53125
51075,51072,100,0,0,0,0,0,n/a,0
51076,51076,100,0,0,0,0,0,n/a,0
51077,51048,100,0,0,0,0,0,n/a,0
51078,51044,100,0,0,0,0,0,n/a,0
52001,52001,100,11,93,104,0.10576923076923077,0.8942307692307693,Yes,0.8942307692307693
52002,52002,100,4,85,89,0.0449438202247191,0.9550561797752809,Yes,0.9550561797752809
52003,52003,100,3,59,62,0.04838709677419355,0.9516129032258065,Yes,0.9516129032258065
52004,52004,100,9,104,113,0.07964601769911504,0.9203539823008849,Yes,0.9203539823008849
52005,52005,100,5,107,112,0.044642857142857144,0.9553571428571429,Yes,0.9553571428571429
52006,52006,100,5,55,60,0.08333333333333333,0.9166666666666666,Yes,0.9166666666666666
52007,52007,100,27,311,338,0.07988165680473373,0.9201183431952663,Yes,0.9201183431952663
52008,52008,100,46,309,355,0.1295774647887324,0.8704225352112676,Yes,0.8704225352112676
52009,52009,100,28,236,264,0.10606060606060606,0.8939393939393939,Yes,0.8939393939393939
52010,52010,100,49,332,381,0.12860892388451445,0.8713910761154856,Yes,0.8713910761154856
52011,52011,100,14,248,262,0.05343511450381679,0.9465648854961832,Yes,0.9465648854961832
52012,52012,100,35,227,262,0.13358778625954199,0.8664122137404581,Yes,0.8664122137404581
52013,52013,100,29,258,287,0.10104529616724739,0.8989547038327527,Yes,0.8989547038327527
52014,52014,100,29,270,299,0.09698996655518395,0.903010033444816,Yes,0.903010033444816
52015,52015,100,30,290,320,0.09375,0.90625,Yes,0.90625
52016,52016,100,44,287,331,0.13293051359516617,0.8670694864048338,Yes,0.8670694864048338
52017,52017,100,24,264,288,0.08333333333333333,0.9166666666666666,Yes,0.9166666666666666
52018,52018,100,25,257,282,0.08865248226950355,0.9113475177304965,Yes,0.9113475177304965
52019,52019,100,20,236,256,0.078125,0.921875,Yes,0.921875
52020,52020,100,20,232,252,0.07936507936507936,0.9206349206349206,Yes,0.9206349206349206
52021,52021,100,4,39,43,0.09302325581395349,0.9069767441860465,Yes,0.9069767441860465
52022,52022,100,32,96,128,0.25,0.75,Yes,0.75
52023,52023,100,66,428,494,0.13360323886639677,0.8663967611336032,Yes,0.8663967611336032
52024,52024,100,5,38,43,0.11627906976744186,0.8837209302325582,Yes,0.8837209302325582
52025,52025,100,6,116,122,0.04918032786885246,0.9508196721311475,Yes,0.9508196721311475
52026,52026,100,18,166,184,0.09782608695652174,0.9021739130434783,Yes,0.9021739130434783
52027,52027,100,5,81,86,0.05813953488372093,0.9418604651162791,Yes,0.9418604651162791
52028,52028,100,16,207,223,0.07174887892376682,0.9282511210762332,Yes,0.9282511210762332
52029,52029,100,27,210,237,0.11392405063291139,0.8860759493670886,Yes,0.8860759493670886
52030,52030,100,21,230,251,0.08366533864541832,0.9163346613545816,Yes,0.9163346613545816
52031,52031,100,38,269,307,0.1237785016286645,0.8762214983713354,Yes,0.8762214983713354
52032,52032,100,23,214,237,0.0970464135021097,0.9029535864978903,Yes,0.9029535864978903
52033,52033,100,29,242,271,0.1070110701107011,0.8929889298892989,Yes,0.8929889298892989
52034,52034,100,17,226,243,0.06995884773662552,0.9300411522633745,Yes,0.9300411522633745
52035,52035,100,23,241,264,0.08712121212121213,0.9128787878787878,Yes,0.9128787878787878
52036,52036,100,32,232,264,0.12121212121212122,0.8787878787878788,Yes,0.8787878787878788
52037,52037,100,27,243,270,0.1,0.9,Yes,0.9
52038,52038,100,24,268,292,0.0821917808219178,0.9178082191780822,Yes,0.9178082191780822
52039,52039,100,16,200,216,0.07407407407407407,0.9259259259259259,Yes,0.9259259259259259
52040,52040,100,22,264,286,0.07692307692307693,0.9230769230769231,Yes,0.9230769230769231
52041,52041,100,14,90,104,0.1346153846153846,0.8653846153846154,Yes,0.8653846153846154
52042,52042,100,16,197,213,0.07511737089201878,0.9248826291079812,Yes,0.9248826291079812
52043,52043,100,18,215,233,0.07725321888412018,0.9227467811158798,Yes,0.9227467811158798
52044,52044,100,28,266,294,0.09523809523809523,0.9047619047619048,Yes,0.9047619047619048
52045,52045,100,27,207,234,0.11538461538461539,0.8846153846153846,Yes,0.8846153846153846
52046,52046,100,18,253,271,0.06642066420664207,0.933579335793358,Yes,0.933579335793358
52047,52047,100,22,148,170,0.12941176470588237,0.8705882352941177,Yes,0.8705882352941177
52048,52048,100,34,234,268,0.12686567164179105,0.8731343283582089,Yes,0.8731343283582089
52049,52049,100,18,207,225,0.08,0.92,Yes,0.92
52050,52050,100,7,83,90,0.07777777777777778,0.9222222222222223,Yes,0.9222222222222223
52051,52051,100,25,63,88,0.2840909090909091,0.7159090909090909,Yes,0.7159090909090909
52052,52052,100,10,34,44,0.22727272727272727,0.7727272727272727,Yes,0.7727272727272727
52053,52053,100,46,209,255,0.1803921568627451,0.8196078431372549,Yes,0.8196078431372549
52054,52054,100,7,28,35,0.2,0.8,Yes,0.8
52055,52055,100,16,157,173,0.09248554913294797,0.9075144508670521,Yes,0.9075144508670521
52056,52056,100,11,74,85,0.12941176470588237,0.8705882352941177,Yes,0.8705882352941177
52057,52057,100,21,155,176,0.11931818181818182,0.8806818181818182,Yes,0.8806818181818182
52058,52058,100,11,171,182,0.06043956043956044,0.9395604395604396,Yes,0.9395604395604396
52059,52059,100,28,270,298,0.09395973154362416,0.9060402684563759,Yes,0.9060402684563759
52060,52060,100,20,211,231,0.08658008658008658,0.9134199134199135,Yes,0.9134199134199135
52061,52061,100,17,209,226,0.0752212389380531,0.9247787610619469,Yes,0.9247787610619469
52062,52062,100,38,220,258,0.14728682170542637,0.8527131782945736,Yes,0.8527131782945736
52063,52063,100,0,1,1,0.0,1.0,Yes,1.0
52064,52064,100,14,216,230,0.06086956521739131,0.9391304347826087,Yes,0.9391304347826087
52065,52065,100,18,191,209,0.0861244019138756,0.9138755980861244,Yes,0.9138755980861244
52066,52066,100,36,275,311,0.1157556270096463,0.8842443729903537,Yes,0.8842443729903537
52067,52067,100,16,165,181,0.08839779005524862,0.9116022099447514,Yes,0.9116022099447514
52068,52068,100,48,335,383,0.12532637075718014,0.8746736292428199,Yes,0.8746736292428199
52069,52069,100,34,286,320,0.10625,0.89375,Yes,0.89375
52070,52070,100,46,321,367,0.12534059945504086,0.8746594005449592,Yes,0.8746594005449592
52071,52071,100,25,331,356,0.0702247191011236,0.9297752808988764,Yes,0.9297752808988764
52072,52072,100,15,122,137,0.10948905109489052,0.8905109489051095,Yes,0.8905109489051095
52073,52073,100,35,356,391,0.08951406649616368,0.9104859335038363,Yes,0.9104859335038363
52074,52074,100,30,250,280,0.10714285714285714,0.8928571428571429,Yes,0.8928571428571429
52075,52075,100,26,229,255,0.10196078431372549,0.8980392156862745,Yes,0.8980392156862745
52076,52076,100,5,77,82,0.06097560975609756,0.9390243902439024,Yes,0.9390243902439024
52077,52077,100,0,2,2,0.0,1.0,Yes,1.0
52078,52078,100,10,132,142,0.07042253521126761,0.9295774647887324,Yes,0.9295774647887324
52079,52079,100,0,52,52,0.0,1.0,Yes,1.0
52080,52080,100,1,45,46,0.021739130434782608,0.9782608695652174,Yes,0.9782608695652174
52081,52081,100,30,264,294,0.10204081632653061,0.8979591836734694,Yes,0.8979591836734694
52082,52082,100,21,213,234,0.08974358974358974,0.9102564102564102,Yes,0.9102564102564102
52083,52083,100,34,208,242,0.14049586776859505,0.859504132231405,Yes,0.859504132231405
52084,52084,100,18,187,205,0.08780487804878048,0.9121951219512195,Yes,0.9121951219512195
52085,52085,100,23,188,211,0.10900473933649289,0.8909952606635071,Yes,0.8909952606635071
52086,52086,100,37,352,389,0.09511568123393316,0.9048843187660668,Yes,0.9048843187660668
52087,52087,100,21,267,288,0.07291666666666667,0.9270833333333334,Yes,0.9270833333333334
52088,52088,100,23,258,281,0.08185053380782918,0.9181494661921709,Yes,0.9181494661921709
52089,52089,100,22,269,291,0.07560137457044673,0.9243986254295533,Yes,0.9243986254295533
52090,52090,100,17,208,225,0.07555555555555556,0.9244444444444444,Yes,0.9244444444444444
52091,52091,100,9,99,108,0.08333333333333333,0.9166666666666666,Yes,0.9166666666666666
52092,52092,100,22,244,266,0.08270676691729323,0.9172932330827067,Yes,0.9172932330827067
52093,52093,100,12,160,172,0.06976744186046512,0.9302325581395349,Yes,0.9302325581395349
52094,52094,100,5,108,113,0.04424778761061947,0.9557522123893806,Yes,0.9557522123893806
52095,52095,100,7,11,18,0.3888888888888889,0.6111111111111112,Yes,0.6111111111111112
52096,52096,100,22,200,222,0.0990990990990991,0.9009009009009009,Yes,0.9009009009009009
52097,52097,100,15,150,165,0.09090909090909091,0.9090909090909091,Yes,0.9090909090909091
52098,52098,100,30,210,240,0.125,0.875,Yes,0.875
52099,52099,100,21,248,269,0.07806691449814127,0.9219330855018587,Yes,0.9219330855018587
52100,52100,100,9,120,129,0.06976744186046512,0.9302325581395349,Yes,0.9302325581395349
52101,52101,100,25,213,238,0.10504201680672269,0.8949579831932774,Yes,0.8949579831932774
52102,52102,100,0,1,1,0.0,1.0,Yes,1.0
52103,52103,100,26,174,200,0.13,0.87,Yes,0.87
52104,52104,100,39,183,222,0.17567567567567569,0.8243243243243243,Yes,0.8243243243243243
52105,52105,100,11,165,176,0.0625,0.9375,Yes,0.9375
52106,52106,100,0,2,2,0.0,1.0,Yes,1.0
52107,52006,100,0,0,0,0,0,n/a,0
52108,52102,100,0,0,0,0,0,n/a,0
52109,52109,100,0,0,0,0,0,n/a,0
52110,52109,100,0,0,0,0,0,n/a,0
52111,52111,100,0,0,0,0,0,n/a,0
52112,52112,100,0,0,0,0,0,n/a,0
52113,52112,100,0,0,0,0,0,n/a,0
52114,52114,100,0,0,0,0,0,n/a,0
53001,53001,100,9,90,99,0.09090909090909091,0.9090909090909091,Yes,0.9090909090909091
53002,53002,100,7,61,68,0.10294117647058823,0.8970588235294118,Yes,0.8970588235294118
53003,53003,100,8,45,53,0.1509433962264151,0.8490566037735849,Yes,0.8490566037735849
53004,53004,100,3,65,68,0.04411764705882353,0.9558823529411765,Yes,0.9558823529411765
53005,53005,100,7,36,43,0.16279069767441862,0.8372093023255814,Yes,0.8372093023255814
53006,53006,100,0,13,13,0.0,1.0,Yes,1.0
53007,53007,100,6,69,75,0.08,0.92,Yes,0.92
53008,53008,100,5,57,62,0.08064516129032258,0.9193548387096774,Yes,0.9193548387096774
53009,53009,100,3,47,50,0.06,0.94,Yes,0.94
53010,53010,100,4,27,31,0.12903225806451613,0.8709677419354839,Yes,0.8709677419354839
53011,53011,100,10,50,60,0.16666666666666666,0.8333333333333334,Yes,0.8333333333333334
53012,53012,100,12,52,64,0.1875,0.8125,Yes,0.8125
53013,53013,100,3,55,58,0.05172413793103448,0.9482758620689655,Yes,0.9482758620689655
53014,53014,100,0,2,2,0.0,1.0,Yes,1.0
53015,53015,100,34,68,102,0.3333333333333333,0.6666666666666666,Yes,0.6666666666666666
53016,53016,100,6,102,108,0.05555555555555555,0.9444444444444444,Yes,0.9444444444444444
53017,53017,100,11,102,113,0.09734513274336283,0.9026548672566371,Yes,0.9026548672566371
53018,53018,100,5,73,78,0.0641025641025641,0.9358974358974359,Yes,0.9358974358974359
53019,53019,100,17,161,178,0.09550561797752809,0.9044943820224719,Yes,0.9044943820224719
53020,53020,100,9,149,158,0.056962025316455694,0.9430379746835443,Yes,0.9430379746835443
53021,53021,100,11,53,64,0.171875,0.828125,Yes,0.828125
53022,53022,100,16,99,115,0.1391304347826087,0.8608695652173913,Yes,0.8608695652173913
53023,53023,100,4,68,72,0.05555555555555555,0.9444444444444444,Yes,0.9444444444444444
53024,53024,100,51,69,120,0.425,0.575,Yes,0.575
53025,53025,100,42,108,150,0.28,0.72,Yes,0.72
53026,53026,100,12,33,45,0.26666666666666666,0.7333333333333333,Yes,0.7333333333333333
53027,53027,100,9,63,72,0.125,0.875,Yes,0.875
53028,53028,100,7,62,69,0.10144927536231885,0.8985507246376812,Yes,0.8985507246376812
53029,53029,100,5,27,32,0.15625,0.84375,Yes,0.84375
53030,53030,100,16,156,172,0.09302325581395349,0.9069767441860465,Yes,0.9069767441860465
53031,53031,100,10,35,45,0.2222222222222222,0.7777777777777778,Yes,0.7777777777777778
53032,53032,100,7,61,68,0.10294117647058823,0.8970588235294118,Yes,0.8970588235294118
53033,53033,100,15,116,131,0.11450381679389313,0.8854961832061069,Yes,0.8854961832061069
53034,53034,100,8,83,91,0.08791208791208792,0.9120879120879121,Yes,0.9120879120879121
53035,53035,100,9,141,150,0.06,0.94,Yes,0.94
53036,53036,100,24,144,168,0.14285714285714285,0.8571428571428571,Yes,0.8571428571428571
53037,53037,100,2,69,71,0.028169014084507043,0.971830985915493,Yes,0.971830985915493
53038,53038,100,1,21,22,0.045454545454545456,0.9545454545454546,Yes,0.9545454545454546
53039,53039,100,3,45,48,0.0625,0.9375,Yes,0.9375
53040,53040,100,2,11,13,0.15384615384615385,0.8461538461538461,Yes,0.8461538461538461
53041,53041,100,7,46,53,0.1320754716981132,0.8679245283018868,Yes,0.8679245283018868
53042,53042,100,4,42,46,0.08695652173913043,0.9130434782608695,Yes,0.9130434782608695
53043,53043,100,8,26,34,0.23529411764705882,0.7647058823529411,Yes,0.7647058823529411
53044,53044,100,11,44,55,0.2,0.8,Yes,0.8
53045,53045,100,15,74,89,0.16853932584269662,0.8314606741573034,Yes,0.8314606741573034
53046,53046,100,15,63,78,0.19230769230769232,0.8076923076923077,Yes,0.8076923076923077
53047,53047,100,7,94,101,0.06930693069306931,0.9306930693069307,Yes,0.9306930693069307
53048,53048,100,8,53,61,0.13114754098360656,0.8688524590163934,Yes,0.8688524590163934
53049,53049,100,1,8,9,0.1111111111111111,0.8888888888888888,Yes,0.8888888888888888
53050,53050,100,8,47,55,0.14545454545454545,0.8545454545454545,Yes,0.8545454545454545
53051,53051,100,3,18,21,0.14285714285714285,0.8571428571428571,Yes,0.8571428571428571
53052,53052,100,0,7,7,0.0,1.0,Yes,1.0
53053,53053,100,11,72,83,0.13253012048192772,0.8674698795180723,Yes,0.8674698795180723
53054,53054,100,7,49,56,0.125,0.875,Yes,0.875
53055,53055,100,9,68,77,0.11688311688311688,0.8831168831168831,Yes,0.8831168831168831
53056,53056,100,8,70,78,0.10256410256410256,0.8974358974358975,Yes,0.8974358974358975
53057,53057,100,7,69,76,0.09210526315789473,0.9078947368421053,Yes,0.9078947368421053
53058,53058,100,8,49,57,0.14035087719298245,0.8596491228070176,Yes,0.8596491228070176
53059,53059,100,9,79,88,0.10227272727272728,0.8977272727272727,Yes,0.8977272727272727
53060,53060,100,16,148,164,0.0975609756097561,0.9024390243902439,Yes,0.9024390243902439
53061,53061,100,8,53,61,0.13114754098360656,0.8688524590163934,Yes,0.8688524590163934
53062,53062,100,3,9,12,0.25,0.75,Yes,0.75
53063,53063,100,15,68,83,0.18072289156626506,0.8192771084337349,Yes,0.8192771084337349
53064,53064,100,5,38,43,0.11627906976744186,0.8837209302325582,Yes,0.8837209302325582
53065,53065,100,3,60,63,0.047619047619047616,0.9523809523809523,Yes,0.9523809523809523
53066,53066,100,11,110,121,0.09090909090909091,0.9090909090909091,Yes,0.9090909090909091
53067,53067,100,12,52,64,0.1875,0.8125,Yes,0.8125
53068,53068,100,15,106,121,0.12396694214876033,0.8760330578512396,Yes,0.8760330578512396
53069,53069,100,3,29,32,0.09375,0.90625,Yes,0.90625
53070,53070,100,11,53,64,0.171875,0.828125,Yes,0.828125
53071,53071,100,4,6,10,0.4,0.6,Yes,0.6
53072,53072,100,10,81,91,0.10989010989010989,0.8901098901098901,Yes,0.8901098901098901
53073,53073,100,11,29,40,0.275,0.725,Yes,0.725
53074,53074,100,19,96,115,0.16521739130434782,0.8347826086956521,Yes,0.8347826086956521
53075,53075,100,11,44,55,0.2,0.8,Yes,0.8
53076,53076,100,3,50,53,0.05660377358490566,0.9433962264150944,Yes,0.9433962264150944
53077,53077,100,18,60,78,0.23076923076923078,0.7692307692307693,Yes,0.7692307692307693
53078,53078,100,6,26,32,0.1875,0.8125,Yes,0.8125
53079,53079,100,1,20,21,0.047619047619047616,0.9523809523809523,Yes,0.9523809523809523
53080,53080,100,15,49,64,0.234375,0.765625,Yes,0.765625
53081,53081,100,2,14,16,0.125,0.875,Yes,0.875
53082,53082,100,0,0,0,0,0,n/a,0
54001,54001,100,5,12,17,0.29411764705882354,0.7058823529411765,Yes,0.7058823529411765
54002,54002,100,7,27,34,0.20588235294117646,0.7941176470588235,Yes,0.7941176470588235
54003,54003,100,17,42,59,0.288135593220339,0.711864406779661,Yes,0.711864406779661
54004,54004,100,12,32,44,0.2727272727272727,0.7272727272727273,Yes,0.7272727272727273
54005,54005,100,2,2,4,0.5,0.5,Tie,0.5
54006,54006,100,3,7,10,0.3,0.7,Yes,0.7
54007,54007,100,14,104,118,0.11864406779661017,0.8813559322033898,Yes,0.8813559322033898
54008,54008,100,15,64,79,0.189873417721519,0.810126582278481,Yes,0.810126582278481
54009,54009,100,14,55,69,0.2028985507246377,0.7971014492753623,Yes,0.7971014492753623
54010,54010,100,13,45,58,0.22413793103448276,0.7758620689655172,Yes,0.7758620689655172
54011,54011,100,18,55,73,0.2465753424657534,0.7534246575342466,Yes,0.7534246575342466
54012,54012,100,8,46,54,0.14814814814814814,0.8518518518518519,Yes,0.8518518518518519
54013,54013,100,12,56,68,0.17647058823529413,0.8235294117647058,Yes,0.8235294117647058
54014,54014,100,1,7,8,0.125,0.875,Yes,0.875
54015,54015,100,13,60,73,0.1780821917808219,0.821917808219178,Yes,0.821917808219178
54016,54016,100,0,6,6,0.0,1.0,Yes,1.0
54017,54017,100,4,15,19,0.21052631578947367,0.7894736842105263,Yes,0.7894736842105263
54018,54018,100,0,0,0,0,0,n/a,0
54019,54019,100,7,48,55,0.12727272727272726,0.8727272727272727,Yes,0.8727272727272727
54020,54020,100,25,85,110,0.22727272727272727,0.7727272727272727,Yes,0.7727272727272727
54021,54021,100,21,55,76,0.27631578947368424,0.7236842105263158,Yes,0.7236842105263158
54022,54022,100,12,35,47,0.2553191489361702,0.7446808510638298,Yes,0.7446808510638298
54023,54023,100,28,82,110,0.2545454545454545,0.7454545454545455,Yes,0.7454545454545455
54024,54024,100,4,38,42,0.09523809523809523,0.9047619047619048,Yes,0.9047619047619048
54025,54025,100,7,31,38,0.18421052631578946,0.8157894736842105,Yes,0.8157894736842105
54026,54026,100,6,2,8,0.75,0.25,No,0.75
54027,54027,100,11,49,60,0.18333333333333332,0.8166666666666667,Yes,0.8166666666666667
54028,54028,100,30,72,102,0.29411764705882354,0.7058823529411765,Yes,0.7058823529411765
54029,54029,100,14,47,61,0.22950819672131148,0.7704918032786885,Yes,0.7704918032786885
54030,54030,100,8,40,48,0.16666666666666666,0.8333333333333334,Yes,0.8333333333333334
54031,54031,100,2,10,12,0.16666666666666666,0.8333333333333334,Yes,0.8333333333333334
54032,54032,100,6,30,36,0.16666666666666666,0.8333333333333334,Yes,0.8333333333333334
54033,54033,100,5,42,47,0.10638297872340426,0.8936170212765957,Yes,0.8936170212765957
54034,54034,100,6,65,71,0.08450704225352113,0.9154929577464789,Yes,0.9154929577464789
54035,54035,100,7,47,54,0.12962962962962962,0.8703703703703703,Yes,0.8703703703703703
54036,54036,100,12,86,98,0.12244897959183673,0.8775510204081632,Yes,0.8775510204081632
54037,54037,100,21,90,111,0.1891891891891892,0.8108108108108109,Yes,0.8108108108108109
54038,54038,100,11,44,55,0.2,0.8,Yes,0.8
54039,54039,100,30,75,105,0.2857142857142857,0.7142857142857143,Yes,0.7142857142857143
54040,54040,100,4,25,29,0.13793103448275862,0.8620689655172413,Yes,0.8620689655172413
54041,54041,100,13,107,120,0.10833333333333334,0.8916666666666667,Yes,0.8916666666666667
54042,54042,100,13,102,115,0.11304347826086956,0.8869565217391304,Yes,0.8869565217391304
54043,54043,100,14,78,92,0.15217391304347827,0.8478260869565217,Yes,0.8478260869565217
54044,54044,100,2,13,15,0.13333333333333333,0.8666666666666667,Yes,0.8666666666666667
54045,54045,100,17,98,115,0.14782608695652175,0.8521739130434782,Yes,0.8521739130434782
54046,54046,100,9,37,46,0.1956521739130435,0.8043478260869565,Yes,0.8043478260869565
54047,54047,100,6,36,42,0.14285714285714285,0.8571428571428571,Yes,0.8571428571428571
54048,54048,100,9,40,49,0.1836734693877551,0.8163265306122449,Yes,0.8163265306122449
54049,54049,100,10,75,85,0.11764705882352941,0.8823529411764706,Yes,0.8823529411764706
54050,54050,100,12,68,80,0.15,0.85,Yes,0.85
54051,54051,100,26,74,100,0.26,0.74,Yes,0.74
54052,54052,100,12,18,30,0.4,0.6,Yes,0.6
54053,54053,100,5,21,26,0.19230769230769232,0.8076923076923077,Yes,0.8076923076923077
54054,54054,100,13,97,110,0.11818181818181818,0.8818181818181818,Yes,0.8818181818181818
54055,54055,100,4,21,25,0.16,0.84,Yes,0.84
54056,54056,100,4,19,23,0.17391304347826086,0.8260869565217391,Yes,0.8260869565217391
54057,54057,100,14,23,37,0.3783783783783784,0.6216216216216216,Yes,0.6216216216216216
54058,54058,100,5,27,32,0.15625,0.84375,Yes,0.84375
54059,54059,100,6,27,33,0.18181818181818182,0.8181818181818182,Yes,0.8181818181818182
54060,54060,100,27,200,227,0.11894273127753303,0.8810572687224669,Yes,0.8810572687224669
54061,54061,100,16,70,86,0.18604651162790697,0.813953488372093,Yes,0.813953488372093
54062,54062,100,8,46,54,0.14814814814814814,0.8518518518518519,Yes,0.8518518518518519
54063,54063,100,13,49,62,0.20967741935483872,0.7903225806451613,Yes,0.7903225806451613
54064,54064,100,18,77,95,0.18947368421052632,0.8105263157894737,Yes,0.8105263157894737
54065,54065,100,17,51,68,0.25,0.75,Yes,0.75
54066,54066,100,2,17,19,0.10526315789473684,0.8947368421052632,Yes,0.8947368421052632
54067,54067,100,12,43,55,0.21818181818181817,0.7818181818181819,Yes,0.7818181818181819
54068,54068,100,10,41,51,0.19607843137254902,0.803921568627451,Yes,0.803921568627451
54069,54069,100,11,53,64,0.171875,0.828125,Yes,0.828125
54070,54070,100,4,23,27,0.14814814814814814,0.8518518518518519,Yes,0.8518518518518519
54071,54071,100,3,19,22,0.13636363636363635,0.8636363636363636,Yes,0.8636363636363636
54072,54072,100,1,5,6,0.16666666666666666,0.8333333333333334,Yes,0.8333333333333334
54073,54073,100,21,84,105,0.2,0.8,Yes,0.8
54074,54074,100,13,72,85,0.15294117647058825,0.8470588235294118,Yes,0.8470588235294118
54075,54075,100,4,11,15,0.26666666666666666,0.7333333333333333,Yes,0.7333333333333333
54076,54076,100,24,63,87,0.27586206896551724,0.7241379310344828,Yes,0.7241379310344828
54077,54077,100,13,45,58,0.22413793103448276,0.7758620689655172,Yes,0.7758620689655172
54078,54078,100,0,0,0,0,0,n/a,0
54079,54079,100,8,24,32,0.25,0.75,Yes,0.75
55003,55003,100,6,21,27,0.2222222222222222,0.7777777777777778,Yes,0.7777777777777778
55001,55003,100,0,0,0,0,0,n/a,0
55002,55002,100,12,30,42,0.2857142857142857,0.7142857142857143,Yes,0.7142857142857143
55004,55004,100,36,111,147,0.24489795918367346,0.7551020408163265,Yes,0.7551020408163265
55005,55005,100,6,5,11,0.5454545454545454,0.45454545454545453,No,0.5454545454545454
55006,55006,100,9,26,35,0.2571428571428571,0.7428571428571429,Yes,0.7428571428571429
55007,55007,100,17,44,61,0.2786885245901639,0.7213114754098361,Yes,0.7213114754098361
55008,55008,100,4,13,17,0.23529411764705882,0.7647058823529411,Yes,0.7647058823529411
55009,55009,100,27,71,98,0.2755102040816326,0.7244897959183674,Yes,0.7244897959183674
55010,55010,100,27,109,136,0.19852941176470587,0.8014705882352942,Yes,0.8014705882352942
55011,55011,100,27,62,89,0.30337078651685395,0.6966292134831461,Yes,0.6966292134831461
55012,55012,100,30,93,123,0.24390243902439024,0.7560975609756098,Yes,0.7560975609756098
55013,55013,100,0,6,6,0.0,1.0,Yes,1.0
55014,55014,100,33,71,104,0.3173076923076923,0.6826923076923077,Yes,0.6826923076923077
55015,55015,100,0,2,2,0.0,1.0,Yes,1.0
55016,55016,100,26,79,105,0.24761904761904763,0.7523809523809524,Yes,0.7523809523809524
55017,55017,100,11,42,53,0.20754716981132076,0.7924528301886793,Yes,0.7924528301886793
55018,55018,100,54,117,171,0.3157894736842105,0.6842105263157895,Yes,0.6842105263157895
55019,55019,100,41,110,151,0.271523178807947,0.7284768211920529,Yes,0.7284768211920529
55020,55020,100,26,55,81,0.32098765432098764,0.6790123456790124,Yes,0.6790123456790124
55021,55021,100,35,64,99,0.35353535353535354,0.6464646464646465,Yes,0.6464646464646465
55022,55022,100,30,46,76,0.39473684210526316,0.6052631578947368,Yes,0.6052631578947368
55023,55023,100,25,111,136,0.18382352941176472,0.8161764705882353,Yes,0.8161764705882353
55024,55024,100,26,48,74,0.35135135135135137,0.6486486486486487,Yes,0.6486486486486487
55025,55025,100,30,72,102,0.29411764705882354,0.7058823529411765,Yes,0.7058823529411765
55026,55026,100,1,17,18,0.05555555555555555,0.9444444444444444,Yes,0.9444444444444444
55027,55027,100,13,31,44,0.29545454545454547,0.7045454545454546,Yes,0.7045454545454546
55028,55028,100,3,11,14,0.21428571428571427,0.7857142857142857,Yes,0.7857142857142857
55029,55029,100,4,35,39,0.10256410256410256,0.8974358974358975,Yes,0.8974358974358975
55030,55030,100,10,29,39,0.2564102564102564,0.7435897435897436,Yes,0.7435897435897436
55031,55031,100,67,151,218,0.3073394495412844,0.6926605504587156,Yes,0.6926605504587156
55032,55032,100,7,37,44,0.1590909090909091,0.8409090909090909,Yes,0.8409090909090909
55033,55033,100,12,47,59,0.2033898305084746,0.7966101694915254,Yes,0.7966101694915254
55034,55034,100,26,148,174,0.14942528735632185,0.8505747126436781,Yes,0.8505747126436781
55035,55035,100,9,23,32,0.28125,0.71875,Yes,0.71875
55036,55036,100,2,10,12,0.16666666666666666,0.8333333333333334,Yes,0.8333333333333334
55037,55037,100,5,24,29,0.1724137931034483,0.8275862068965517,Yes,0.8275862068965517
55038,55038,100,3,6,9,0.3333333333333333,0.6666666666666666,Yes,0.6666666666666666
55039,55039,100,0,0,0,0,0,n/a,0
55040,55040,100,2,6,8,0.25,0.75,Yes,0.75
55041,55041,100,9,21,30,0.3,0.7,Yes,0.7
55042,55040,100,0,0,0,0,0,n/a,0
55043,55041,100,0,0,0,0,0,n/a,0
55044,55044,100,0,2,2,0.0,1.0,Yes,1.0
55045,55045,100,12,60,72,0.16666666666666666,0.8333333333333334,Yes,0.8333333333333334
55046,55046,100,20,69,89,0.2247191011235955,0.7752808988764045,Yes,0.7752808988764045
55047,55047,100,7,30,37,0.1891891891891892,0.8108108108108109,Yes,0.8108108108108109
55048,55048,100,19,82,101,0.18811881188118812,0.8118811881188119,Yes,0.8118811881188119
55049,55049,100,14,17,31,0.45161290322580644,0.5483870967741935,Yes,0.5483870967741935
55050,55050,100,3,11,14,0.21428571428571427,0.7857142857142857,Yes,0.7857142857142857
55051,55051,100,1,3,4,0.25,0.75,Yes,0.75
55052,55052,100,7,11,18,0.3888888888888889,0.6111111111111112,Yes,0.6111111111111112
55053,55053,100,1,15,16,0.0625,0.9375,Yes,0.9375
55054,55052,100,0,0,0,0,0,n/a,0
55055,55055,100,24,61,85,0.2823529411764706,0.7176470588235294,Yes,0.7176470588235294
55056,55056,100,0,8,8,0.0,1.0,Yes,1.0
55057,55057,100,14,49,63,0.2222222222222222,0.7777777777777778,Yes,0.7777777777777778
55058,55058,100,13,51,64,0.203125,0.796875,Yes,0.796875
55059,55059,100,17,48,65,0.26153846153846155,0.7384615384615385,Yes,0.7384615384615385
55060,55060,100,3,9,12,0.25,0.75,Yes,0.75
55061,55061,100,0,0,0,0,0,n/a,0
55062,55062,100,6,77,83,0.07228915662650602,0.927710843373494,Yes,0.927710843373494
55063,55063,100,8,18,26,0.3076923076923077,0.6923076923076923,Yes,0.6923076923076923
55064,55064,100,11,39,50,0.22,0.78,Yes,0.78
55065,55065,100,10,24,34,0.29411764705882354,0.7058823529411765,Yes,0.7058823529411765
55066,55066,100,18,64,82,0.21951219512195122,0.7804878048780488,Yes,0.7804878048780488
55067,55067,100,5,41,46,0.10869565217391304,0.8913043478260869,Yes,0.8913043478260869
55068,55068,100,16,36,52,0.3076923076923077,0.6923076923076923,Yes,0.6923076923076923
55069,55069,100,12,63,75,0.16,0.84,Yes,0.84
55070,55070,100,7,19,26,0.2692307692307692,0.7307692307692307,Yes,0.7307692307692307
55071,55071,100,5,23,28,0.17857142857142858,0.8214285714285714,Yes,0.8214285714285714
55072,55072,100,18,35,53,0.33962264150943394,0.660377358490566,Yes,0.660377358490566
55073,55073,100,0,3,3,0.0,1.0,Yes,1.0
55074,55074,100,8,33,41,0.1951219512195122,0.8048780487804879,Yes,0.8048780487804879
55075,55075,100,9,36,45,0.2,0.8,Yes,0.8
55076,55076,100,12,41,53,0.22641509433962265,0.7735849056603774,Yes,0.7735849056603774
55077,55077,100,3,10,13,0.23076923076923078,0.7692307692307693,Yes,0.7692307692307693
55078,55078,100,33,81,114,0.2894736842105263,0.7105263157894737,Yes,0.7105263157894737
55079,55079,100,19,43,62,0.3064516129032258,0.6935483870967742,Yes,0.6935483870967742
55080,55080,100,5,47,52,0.09615384615384616,0.9038461538461539,Yes,0.9038461538461539
55081,55081,100,20,82,102,0.19607843137254902,0.803921568627451,Yes,0.803921568627451
55082,55082,100,13,38,51,0.2549019607843137,0.7450980392156863,Yes,0.7450980392156863
55083,55083,100,9,59,68,0.1323529411764706,0.8676470588235294,Yes,0.8676470588235294
55084,55084,100,15,82,97,0.15463917525773196,0.845360824742268,Yes,0.845360824742268
55085,55085,100,21,92,113,0.18584070796460178,0.8141592920353983,Yes,0.8141592920353983
55086,55086,100,2,38,40,0.05,0.95,Yes,0.95
55087,55087,100,93,62,155,0.6,0.4,No,0.6
55088,55088,100,15,64,79,0.189873417721519,0.810126582278481,Yes,0.810126582278481
55089,55089,100,27,137,164,0.16463414634146342,0.8353658536585366,Yes,0.8353658536585366
55090,55090,100,17,56,73,0.2328767123287671,0.7671232876712328,Yes,0.7671232876712328
55091,55091,100,20,65,85,0.23529411764705882,0.7647058823529411,Yes,0.7647058823529411
55092,55092,100,25,60,85,0.29411764705882354,0.7058823529411765,Yes,0.7058823529411765
55093,55093,100,21,53,74,0.28378378378378377,0.7162162162162162,Yes,0.7162162162162162
55094,55094,100,15,118,133,0.11278195488721804,0.8872180451127819,Yes,0.8872180451127819
55095,55095,100,3,33,36,0.08333333333333333,0.9166666666666666,Yes,0.9166666666666666
55096,55096,100,12,25,37,0.32432432432432434,0.6756756756756757,Yes,0.6756756756756757
55097,55097,100,19,80,99,0.1919191919191919,0.8080808080808081,Yes,0.8080808080808081
55098,55098,100,4,4,8,0.5,0.5,Tie,0.5
55099,55099,100,21,74,95,0.22105263157894736,0.7789473684210526,Yes,0.7789473684210526
55100,55100,100,20,53,73,0.273972602739726,0.726027397260274,Yes,0.726027397260274
55101,55101,100,54,52,106,0.5094339622641509,0.49056603773584906,No,0.5094339622641509
55102,55102,100,12,32,44,0.2727272727272727,0.7272727272727273,Yes,0.7272727272727273
55103,55103,100,15,58,73,0.2054794520547945,0.7945205479452054,Yes,0.7945205479452054
55104,55104,100,19,85,104,0.18269230769230768,0.8173076923076923,Yes,0.8173076923076923
55105,55105,100,3,10,13,0.23076923076923078,0.7692307692307693,Yes,0.7692307692307693
55106,55106,100,0,0,0,0,0,n/a,0
55107,55107,100,0,0,0,0,0,n/a,0
55108,55108,100,0,0,0,0,0,n/a,0
56001,56001,100,16,48,64,0.25,0.75,Yes,0.75
56002,56002,100,7,23,30,0.23333333333333334,0.7666666666666667,Yes,0.7666666666666667
56003,56003,100,10,33,43,0.23255813953488372,0.7674418604651163,Yes,0.7674418604651163
56004,56004,100,7,27,34,0.20588235294117646,0.7941176470588235,Yes,0.7941176470588235
56005,56005,100,12,82,94,0.1276595744680851,0.8723404255319149,Yes,0.8723404255319149
56006,56006,100,34,48,82,0.4146341463414634,0.5853658536585366,Yes,0.5853658536585366
56007,56007,100,12,36,48,0.25,0.75,Yes,0.75
56008,56008,100,13,45,58,0.22413793103448276,0.7758620689655172,Yes,0.7758620689655172
56009,56009,100,11,20,31,0.3548387096774194,0.6451612903225806,Yes,0.6451612903225806
56010,56010,100,31,56,87,0.3563218390804598,0.6436781609195402,Yes,0.6436781609195402
56011,56011,100,13,78,91,0.14285714285714285,0.8571428571428571,Yes,0.8571428571428571
56012,56012,100,18,112,130,0.13846153846153847,0.8615384615384616,Yes,0.8615384615384616
56013,56013,100,20,83,103,0.1941747572815534,0.8058252427184466,Yes,0.8058252427184466
56014,56014,100,26,119,145,0.1793103448275862,0.8206896551724138,Yes,0.8206896551724138
56015,56015,100,24,102,126,0.19047619047619047,0.8095238095238095,Yes,0.8095238095238095
56016,56016,100,28,160,188,0.14893617021276595,0.851063829787234,Yes,0.851063829787234
56017,56017,100,12,66,78,0.15384615384615385,0.8461538461538461,Yes,0.8461538461538461
56018,56018,100,34,119,153,0.2222222222222222,0.7777777777777778,Yes,0.7777777777777778
56019,56019,100,29,110,139,0.20863309352517986,0.7913669064748201,Yes,0.7913669064748201
56020,56020,100,10,57,67,0.14925373134328357,0.8507462686567164,Yes,0.8507462686567164
56021,56021,100,29,112,141,0.20567375886524822,0.7943262411347518,Yes,0.7943262411347518
56022,56022,100,48,125,173,0.2774566473988439,0.7225433526011561,Yes,0.7225433526011561
56023,56023,100,35,119,154,0.22727272727272727,0.7727272727272727,Yes,0.7727272727272727
56024,56024,100,22,91,113,0.19469026548672566,0.8053097345132744,Yes,0.8053097345132744
56025,56025,100,33,75,108,0.3055555555555556,0.6944444444444444,Yes,0.6944444444444444
56026,56026,100,27,99,126,0.21428571428571427,0.7857142857142857,Yes,0.7857142857142857
56027,56027,100,34,120,154,0.22077922077922077,0.7792207792207793,Yes,0.7792207792207793
56028,56028,100,62,98,160,0.3875,0.6125,Yes,0.6125
56029,56029,100,19,53,72,0.2638888888888889,0.7361111111111112,Yes,0.7361111111111112
56030,56030,100,20,75,95,0.21052631578947367,0.7894736842105263,Yes,0.7894736842105263
56031,56031,100,42,43,85,0.49411764705882355,0.5058823529411764,Yes,0.5058823529411764
56032,56032,100,23,101,124,0.18548387096774194,0.8145161290322581,Yes,0.8145161290322581
56033,56033,100,35,127,162,0.21604938271604937,0.7839506172839507,Yes,0.7839506172839507
56034,56034,100,31,102,133,0.23308270676691728,0.7669172932330827,Yes,0.7669172932330827
56035,56035,100,45,159,204,0.22058823529411764,0.7794117647058824,Yes,0.7794117647058824
56036,56036,100,34,122,156,0.21794871794871795,0.782051282051282,Yes,0.782051282051282
56037,56037,100,46,166,212,0.2169811320754717,0.7830188679245284,Yes,0.7830188679245284
56038,56038,100,52,160,212,0.24528301886792453,0.7547169811320755,Yes,0.7547169811320755
56039,56039,100,94,96,190,0.49473684210526314,0.5052631578947369,Yes,0.5052631578947369
56040,56040,100,70,159,229,0.3056768558951965,0.6943231441048034,Yes,0.6943231441048034
56041,56041,100,35,105,140,0.25,0.75,Yes,0.75
56042,56042,100,66,141,207,0.3188405797101449,0.6811594202898551,Yes,0.6811594202898551
56043,56043,100,82,143,225,0.36444444444444446,0.6355555555555555,Yes,0.6355555555555555
56044,56044,100,37,117,154,0.24025974025974026,0.7597402597402597,Yes,0.7597402597402597
56045,56045,100,41,122,163,0.25153374233128833,0.7484662576687117,Yes,0.7484662576687117
56046,56046,100,54,118,172,0.313953488372093,0.686046511627907,Yes,0.686046511627907
56047,56047,100,62,119,181,0.3425414364640884,0.6574585635359116,Yes,0.6574585635359116
56048,56048,100,39,122,161,0.2422360248447205,0.7577639751552795,Yes,0.7577639751552795
56049,56049,100,99,143,242,0.4090909090909091,0.5909090909090909,Yes,0.5909090909090909
56050,56050,100,58,199,257,0.22568093385214008,0.77431906614786,Yes,0.77431906614786
56051,56051,100,36,106,142,0.2535211267605634,0.7464788732394366,Yes,0.7464788732394366
56052,56052,100,71,148,219,0.3242009132420091,0.6757990867579908,Yes,0.6757990867579908
56053,56053,100,48,137,185,0.2594594594594595,0.7405405405405405,Yes,0.7405405405405405
56054,56054,100,32,96,128,0.25,0.75,Yes,0.75
56055,56055,100,105,139,244,0.430327868852459,0.569672131147541,Yes,0.569672131147541
56056,56056,100,41,68,109,0.3761467889908257,0.6238532110091743,Yes,0.6238532110091743
56057,56057,100,36,67,103,0.34951456310679613,0.6504854368932039,Yes,0.6504854368932039
56058,56058,100,28,165,193,0.14507772020725387,0.8549222797927462,Yes,0.8549222797927462
56059,56059,100,30,60,90,0.3333333333333333,0.6666666666666666,Yes,0.6666666666666666
56060,56060,100,4,20,24,0.16666666666666666,0.8333333333333334,Yes,0.8333333333333334
56061,56061,100,30,48,78,0.38461538461538464,0.6153846153846154,Yes,0.6153846153846154
56062,56062,100,62,81,143,0.43356643356643354,0.5664335664335665,Yes,0.5664335664335665
56063,56063,100,13,42,55,0.23636363636363636,0.7636363636363637,Yes,0.7636363636363637
56064,56064,100,13,154,167,0.07784431137724551,0.9221556886227545,Yes,0.9221556886227545
56065,56065,100,14,48,62,0.22580645161290322,0.7741935483870968,Yes,0.7741935483870968
56066,56066,100,10,10,20,0.5,0.5,Tie,0.5
56067,56067,100,14,37,51,0.27450980392156865,0.7254901960784313,Yes,0.7254901960784313
56068,56068,100,14,58,72,0.19444444444444445,0.8055555555555556,Yes,0.8055555555555556
56069,56069,100,36,104,140,0.2571428571428571,0.7428571428571429,Yes,0.7428571428571429
56070,56070,100,36,43,79,0.45569620253164556,0.5443037974683544,Yes,0.5443037974683544
56071,56071,100,13,88,101,0.12871287128712872,0.8712871287128713,Yes,0.8712871287128713
56072,56072,100,107,161,268,0.39925373134328357,0.6007462686567164,Yes,0.6007462686567164
56073,56073,100,23,55,78,0.2948717948717949,0.7051282051282052,Yes,0.7051282051282052
56074,56074,100,15,67,82,0.18292682926829268,0.8170731707317073,Yes,0.8170731707317073
56075,56075,100,11,57,68,0.16176470588235295,0.8382352941176471,Yes,0.8382352941176471
56076,56076,100,17,51,68,0.25,0.75,Yes,0.75
56077,56077,100,19,110,129,0.14728682170542637,0.8527131782945736,Yes,0.8527131782945736
56078,56078,100,33,55,88,0.375,0.625,Yes,0.625
56079,56079,100,16,97,113,0.1415929203539823,0.8584070796460177,Yes,0.8584070796460177
56080,56080,100,31,72,103,0.30097087378640774,0.6990291262135923,Yes,0.6990291262135923
56081,56081,100,0,0,0,0,0,n/a,0
56082,56082,100,39,78,117,0.3333333333333333,0.6666666666666666,Yes,0.6666666666666666
57001,57001,100,15,26,41,0.36585365853658536,0.6341463414634146,Yes,0.6341463414634146
57002,57002,100,19,46,65,0.2923076923076923,0.7076923076923077,Yes,0.7076923076923077
57003,57003,100,27,85,112,0.24107142857142858,0.7589285714285714,Yes,0.7589285714285714
57004,57004,100,5,65,70,0.07142857142857142,0.9285714285714286,Yes,0.9285714285714286
57005,57005,100,2,18,20,0.1,0.9,Yes,0.9
57006,57006,100,17,34,51,0.3333333333333333,0.6666666666666666,Yes,0.6666666666666666
57007,57007,100,10,46,56,0.17857142857142858,0.8214285714285714,Yes,0.8214285714285714
57008,57008,100,25,52,77,0.3246753246753247,0.6753246753246753,Yes,0.6753246753246753
57009,57009,100,5,134,139,0.03597122302158273,0.9640287769784173,Yes,0.9640287769784173
57010,57010,100,41,154,195,0.21025641025641026,0.7897435897435897,Yes,0.7897435897435897
57011,57011,100,55,133,188,0.2925531914893617,0.7074468085106383,Yes,0.7074468085106383
57012,57012,100,18,64,82,0.21951219512195122,0.7804878048780488,Yes,0.7804878048780488
57013,57013,100,6,23,29,0.20689655172413793,0.7931034482758621,Yes,0.7931034482758621
57014,57014,100,10,107,117,0.08547008547008547,0.9145299145299145,Yes,0.9145299145299145
57015,57015,100,18,195,213,0.08450704225352113,0.9154929577464789,Yes,0.9154929577464789
57016,57016,100,33,221,254,0.12992125984251968,0.8700787401574803,Yes,0.8700787401574803
57017,57017,100,37,279,316,0.11708860759493671,0.8829113924050633,Yes,0.8829113924050633
57018,57018,100,70,289,359,0.19498607242339833,0.8050139275766016,Yes,0.8050139275766016
57019,57019,100,5,23,28,0.17857142857142858,0.8214285714285714,Yes,0.8214285714285714
57020,57019,100,0,0,0,0,0,n/a,0
57021,57021,100,19,136,155,0.12258064516129032,0.8774193548387097,Yes,0.8774193548387097
57022,57022,100,25,138,163,0.15337423312883436,0.8466257668711656,Yes,0.8466257668711656
57023,57023,100,3,42,45,0.06666666666666667,0.9333333333333333,Yes,0.9333333333333333
57024,57024,100,27,207,234,0.11538461538461539,0.8846153846153846,Yes,0.8846153846153846
57025,57025,100,37,186,223,0.16591928251121077,0.8340807174887892,Yes,0.8340807174887892
57026,57026,100,36,247,283,0.127208480565371,0.872791519434629,Yes,0.872791519434629
57027,57027,100,18,169,187,0.0962566844919786,0.9037433155080213,Yes,0.9037433155080213
57028,57028,100,18,164,182,0.0989010989010989,0.9010989010989011,Yes,0.9010989010989011
57029,57029,100,43,179,222,0.19369369369369369,0.8063063063063063,Yes,0.8063063063063063
57030,57030,100,61,168,229,0.2663755458515284,0.7336244541484717,Yes,0.7336244541484717
57031,57031,100,66,264,330,0.2,0.8,Yes,0.8
57032,57032,100,15,69,84,0.17857142857142858,0.8214285714285714,Yes,0.8214285714285714
57033,57033,100,32,131,163,0.19631901840490798,0.803680981595092,Yes,0.803680981595092
57034,57034,100,49,273,322,0.15217391304347827,0.8478260869565217,Yes,0.8478260869565217
57035,57035,100,35,208,243,0.1440329218106996,0.8559670781893004,Yes,0.8559670781893004
57036,57036,100,30,173,203,0.1477832512315271,0.8522167487684729,Yes,0.8522167487684729
57037,57037,100,27,146,173,0.15606936416184972,0.8439306358381503,Yes,0.8439306358381503
57038,57038,100,30,225,255,0.11764705882352941,0.8823529411764706,Yes,0.8823529411764706
57039,57039,100,39,240,279,0.13978494623655913,0.8602150537634409,Yes,0.8602150537634409
57040,57040,100,42,214,256,0.1640625,0.8359375,Yes,0.8359375
57041,57041,100,23,183,206,0.11165048543689321,0.8883495145631068,Yes,0.8883495145631068
57042,57042,100,39,189,228,0.17105263157894737,0.8289473684210527,Yes,0.8289473684210527
57043,57043,100,28,244,272,0.10294117647058823,0.8970588235294118,Yes,0.8970588235294118
57044,57044,100,42,198,240,0.175,0.825,Yes,0.825
57045,57045,100,46,158,204,0.22549019607843138,0.7745098039215687,Yes,0.7745098039215687
57046,57046,100,14,44,58,0.2413793103448276,0.7586206896551724,Yes,0.7586206896551724
57047,57047,100,16,212,228,0.07017543859649122,0.9298245614035088,Yes,0.9298245614035088
57048,57048,100,29,196,225,0.1288888888888889,0.8711111111111111,Yes,0.8711111111111111
57049,57049,100,14,103,117,0.11965811965811966,0.8803418803418803,Yes,0.8803418803418803
57050,57050,100,33,216,249,0.13253012048192772,0.8674698795180723,Yes,0.8674698795180723
57051,57051,100,23,176,199,0.11557788944723618,0.8844221105527639,Yes,0.8844221105527639
57052,57052,100,20,123,143,0.13986013986013987,0.8601398601398601,Yes,0.8601398601398601
57053,57053,100,36,212,248,0.14516129032258066,0.8548387096774194,Yes,0.8548387096774194
57054,57054,100,42,99,141,0.2978723404255319,0.7021276595744681,Yes,0.7021276595744681
57055,57055,100,43,185,228,0.18859649122807018,0.8114035087719298,Yes,0.8114035087719298
57056,57056,100,40,185,225,0.17777777777777778,0.8222222222222222,Yes,0.8222222222222222
57057,57057,100,30,170,200,0.15,0.85,Yes,0.85
57058,57058,100,11,90,101,0.10891089108910891,0.8910891089108911,Yes,0.8910891089108911
57059,57059,100,7,66,73,0.0958904109589041,0.9041095890410958,Yes,0.9041095890410958
57060,57060,100,12,156,168,0.07142857142857142,0.9285714285714286,Yes,0.9285714285714286
57061,57061,100,6,99,105,0.05714285714285714,0.9428571428571428,Yes,0.9428571428571428
57062,57062,100,0,11,11,0.0,1.0,Yes,1.0
57063,57063,100,20,205,225,0.08888888888888889,0.9111111111111111,Yes,0.9111111111111111
57064,57064,100,20,192,212,0.09433962264150944,0.9056603773584906,Yes,0.9056603773584906
57065,57065,100,29,309,338,0.08579881656804733,0.9142011834319527,Yes,0.9142011834319527
57066,57066,100,21,136,157,0.1337579617834395,0.8662420382165605,Yes,0.8662420382165605
57067,57067,100,9,136,145,0.06206896551724138,0.9379310344827586,Yes,0.9379310344827586
57068,57068,100,32,181,213,0.15023474178403756,0.8497652582159625,Yes,0.8497652582159625
57069,57069,100,18,150,168,0.10714285714285714,0.8928571428571429,Yes,0.8928571428571429
57070,57070,100,24,198,222,0.10810810810810811,0.8918918918918919,Yes,0.8918918918918919
57071,57071,100,10,148,158,0.06329113924050633,0.9367088607594937,Yes,0.9367088607594937
57072,57072,100,33,215,248,0.13306451612903225,0.8669354838709677,Yes,0.8669354838709677
57073,57073,100,8,122,130,0.06153846153846154,0.9384615384615385,Yes,0.9384615384615385
57074,57074,100,29,174,203,0.14285714285714285,0.8571428571428571,Yes,0.8571428571428571
57075,57075,100,26,162,188,0.13829787234042554,0.8617021276595744,Yes,0.8617021276595744
57076,57076,100,28,239,267,0.10486891385767791,0.8951310861423221,Yes,0.8951310861423221
57077,57077,100,6,93,99,0.06060606060606061,0.9393939393939394,Yes,0.9393939393939394
57078,57078,100,22,239,261,0.0842911877394636,0.9157088122605364,Yes,0.9157088122605364
57079,57079,100,23,151,174,0.13218390804597702,0.867816091954023,Yes,0.867816091954023
57080,57080,100,24,234,258,0.09302325581395349,0.9069767441860465,Yes,0.9069767441860465
57081,57081,100,35,154,189,0.18518518518518517,0.8148148148148148,Yes,0.8148148148148148
57082,57082,100,7,50,57,0.12280701754385964,0.8771929824561403,Yes,0.8771929824561403
57083,57083,100,19,68,87,0.21839080459770116,0.7816091954022989,Yes,0.7816091954022989
57084,57084,100,5,59,64,0.078125,0.921875,Yes,0.921875
57085,57085,100,32,170,202,0.15841584158415842,0.8415841584158416,Yes,0.8415841584158416
57086,57086,100,38,186,224,0.16964285714285715,0.8303571428571429,Yes,0.8303571428571429
57087,57087,100,9,49,58,0.15517241379310345,0.8448275862068966,Yes,0.8448275862068966
57088,57088,100,10,108,118,0.0847457627118644,0.9152542372881356,Yes,0.9152542372881356
57089,57089,100,43,147,190,0.22631578947368422,0.7736842105263158,Yes,0.7736842105263158
57090,57090,100,41,126,167,0.24550898203592814,0.7544910179640718,Yes,0.7544910179640718
57091,57091,100,28,87,115,0.24347826086956523,0.7565217391304347,Yes,0.7565217391304347
57092,57092,100,19,88,107,0.17757009345794392,0.822429906542056,Yes,0.822429906542056
57093,57093,100,18,87,105,0.17142857142857143,0.8285714285714286,Yes,0.8285714285714286
57094,57094,100,22,176,198,0.1111111111111111,0.8888888888888888,Yes,0.8888888888888888
57095,57095,100,18,125,143,0.1258741258741259,0.8741258741258742,Yes,0.8741258741258742
57096,57096,100,0,0,0,0,0,n/a,0
58001,58001,100,13,82,95,0.1368421052631579,0.8631578947368421,Yes,0.8631578947368421
58002,58002,100,42,93,135,0.3111111111111111,0.6888888888888889,Yes,0.6888888888888889
58003,58003,100,14,98,112,0.125,0.875,Yes,0.875
58004,58004,100,20,84,104,0.19230769230769232,0.8076923076923077,Yes,0.8076923076923077
58005,58005,100,16,38,54,0.2962962962962963,0.7037037037037037,Yes,0.7037037037037037
58006,58006,100,15,89,104,0.14423076923076922,0.8557692307692307,Yes,0.8557692307692307
58007,58007,100,4,27,31,0.12903225806451613,0.8709677419354839,Yes,0.8709677419354839
58008,58008,100,50,104,154,0.3246753246753247,0.6753246753246753,Yes,0.6753246753246753
58009,58009,100,17,136,153,0.1111111111111111,0.8888888888888888,Yes,0.8888888888888888
58010,58010,100,14,122,136,0.10294117647058823,0.8970588235294118,Yes,0.8970588235294118
58011,58011,100,12,99,111,0.10810810810810811,0.8918918918918919,Yes,0.8918918918918919
58012,58012,100,14,70,84,0.16666666666666666,0.8333333333333334,Yes,0.8333333333333334
58013,58013,100,15,36,51,0.29411764705882354,0.7058823529411765,Yes,0.7058823529411765
58014,58014,100,6,53,59,0.1016949152542373,0.8983050847457628,Yes,0.8983050847457628
58015,58015,100,15,65,80,0.1875,0.8125,Yes,0.8125
58016,58016,100,9,49,58,0.15517241379310345,0.8448275862068966,Yes,0.8448275862068966
58017,58017,100,17,95,112,0.15178571428571427,0.8482142857142857,Yes,0.8482142857142857
58018,58018,100,29,110,139,0.20863309352517986,0.7913669064748201,Yes,0.7913669064748201
58019,58019,100,29,176,205,0.14146341463414633,0.8585365853658536,Yes,0.8585365853658536
58020,58020,100,25,135,160,0.15625,0.84375,Yes,0.84375
58021,58021,100,33,85,118,0.2796610169491525,0.7203389830508474,Yes,0.7203389830508474
58022,58022,100,12,65,77,0.15584415584415584,0.8441558441558441,Yes,0.8441558441558441
58023,58023,100,14,116,130,0.1076923076923077,0.8923076923076924,Yes,0.8923076923076924
58024,58024,100,18,140,158,0.11392405063291139,0.8860759493670886,Yes,0.8860759493670886
58025,58025,100,35,109,144,0.24305555555555555,0.7569444444444444,Yes,0.7569444444444444
58026,58026,100,28,146,174,0.16091954022988506,0.8390804597701149,Yes,0.8390804597701149
58027,58027,100,26,69,95,0.2736842105263158,0.7263157894736842,Yes,0.7263157894736842
58028,58028,100,11,76,87,0.12643678160919541,0.8735632183908046,Yes,0.8735632183908046
58029,58029,100,12,63,75,0.16,0.84,Yes,0.84
58030,58030,100,72,141,213,0.3380281690140845,0.6619718309859155,Yes,0.6619718309859155
58031,58031,100,30,98,128,0.234375,0.765625,Yes,0.765625
58032,58032,100,15,72,87,0.1724137931034483,0.8275862068965517,Yes,0.8275862068965517
58033,58033,100,19,167,186,0.10215053763440861,0.8978494623655914,Yes,0.8978494623655914
58034,58034,100,40,119,159,0.25157232704402516,0.7484276729559748,Yes,0.7484276729559748
58035,58035,100,10,86,96,0.10416666666666667,0.8958333333333334,Yes,0.8958333333333334
58036,58036,100,11,65,76,0.14473684210526316,0.8552631578947368,Yes,0.8552631578947368
58037,58037,100,31,140,171,0.18128654970760233,0.8187134502923976,Yes,0.8187134502923976
58038,58038,100,29,131,160,0.18125,0.81875,Yes,0.81875
58039,58039,100,27,146,173,0.15606936416184972,0.8439306358381503,Yes,0.8439306358381503
58040,58040,100,17,67,84,0.20238095238095238,0.7976190476190477,Yes,0.7976190476190477
58041,58041,100,20,122,142,0.14084507042253522,0.8591549295774648,Yes,0.8591549295774648
58042,58042,100,7,35,42,0.16666666666666666,0.8333333333333334,Yes,0.8333333333333334
58043,58043,100,12,106,118,0.1016949152542373,0.8983050847457628,Yes,0.8983050847457628
58044,58044,100,10,33,43,0.23255813953488372,0.7674418604651163,Yes,0.7674418604651163
58045,58045,100,19,88,107,0.17757009345794392,0.822429906542056,Yes,0.822429906542056
58046,58046,100,15,55,70,0.21428571428571427,0.7857142857142857,Yes,0.7857142857142857
58047,58047,100,7,80,87,0.08045977011494253,0.9195402298850575,Yes,0.9195402298850575
58048,58048,100,12,57,69,0.17391304347826086,0.8260869565217391,Yes,0.8260869565217391
58049,58049,100,27,108,135,0.2,0.8,Yes,0.8
58050,58050,100,20,132,152,0.13157894736842105,0.868421052631579,Yes,0.868421052631579
58051,58051,100,22,71,93,0.23655913978494625,0.7634408602150538,Yes,0.7634408602150538
58052,58052,100,19,108,127,0.14960629921259844,0.8503937007874016,Yes,0.8503937007874016
58053,58053,100,2,23,25,0.08,0.92,Yes,0.92
58054,58054,100,8,69,77,0.1038961038961039,0.8961038961038961,Yes,0.8961038961038961
58055,58055,100,22,76,98,0.22448979591836735,0.7755102040816326,Yes,0.7755102040816326
58056,58056,100,10,42,52,0.19230769230769232,0.8076923076923077,Yes,0.8076923076923077
58057,58057,100,18,71,89,0.20224719101123595,0.797752808988764,Yes,0.797752808988764
58058,58058,100,10,20,30,0.3333333333333333,0.6666666666666666,Yes,0.6666666666666666
58059,58059,100,35,112,147,0.23809523809523808,0.7619047619047619,Yes,0.7619047619047619
58060,58060,100,23,96,119,0.19327731092436976,0.8067226890756303,Yes,0.8067226890756303
58061,58061,100,16,126,142,0.11267605633802817,0.8873239436619719,Yes,0.8873239436619719
58062,58062,100,25,88,113,0.22123893805309736,0.7787610619469026,Yes,0.7787610619469026
58063,58063,100,5,48,53,0.09433962264150944,0.9056603773584906,Yes,0.9056603773584906
58064,58064,100,15,105,120,0.125,0.875,Yes,0.875
58065,58065,100,19,52,71,0.2676056338028169,0.7323943661971831,Yes,0.7323943661971831
58066,58066,100,17,51,68,0.25,0.75,Yes,0.75
58067,58067,100,69,138,207,0.3333333333333333,0.6666666666666666,Yes,0.6666666666666666
58068,58068,100,47,126,173,0.27167630057803466,0.7283236994219653,Yes,0.7283236994219653
58069,58069,100,8,29,37,0.21621621621621623,0.7837837837837838,Yes,0.7837837837837838
58070,58070,100,40,127,167,0.23952095808383234,0.7604790419161677,Yes,0.7604790419161677
58071,58071,100,21,66,87,0.2413793103448276,0.7586206896551724,Yes,0.7586206896551724
58072,58072,100,12,50,62,0.1935483870967742,0.8064516129032258,Yes,0.8064516129032258
58073,58073,100,12,31,43,0.27906976744186046,0.7209302325581395,Yes,0.7209302325581395
58074,58074,100,30,113,143,0.2097902097902098,0.7902097902097902,Yes,0.7902097902097902
58075,58075,100,39,122,161,0.2422360248447205,0.7577639751552795,Yes,0.7577639751552795
58076,58076,100,18,41,59,0.3050847457627119,0.6949152542372882,Yes,0.6949152542372882
58077,58077,100,28,120,148,0.1891891891891892,0.8108108108108109,Yes,0.8108108108108109
58078,58078,100,34,128,162,0.20987654320987653,0.7901234567901234,Yes,0.7901234567901234
58079,58079,100,18,62,80,0.225,0.775,Yes,0.775
59001,59001,100,12,65,77,0.15584415584415584,0.8441558441558441,Yes,0.8441558441558441
59002,59002,100,16,27,43,0.37209302325581395,0.627906976744186,Yes,0.627906976744186
59003,59003,100,13,48,61,0.21311475409836064,0.7868852459016393,Yes,0.7868852459016393
59004,59004,100,17,37,54,0.3148148148148148,0.6851851851851852,Yes,0.6851851851851852
59005,59005,100,18,76,94,0.19148936170212766,0.8085106382978723,Yes,0.8085106382978723
59006,59006,100,19,69,88,0.2159090909090909,0.7840909090909091,Yes,0.7840909090909091
59007,59007,100,29,97,126,0.23015873015873015,0.7698412698412699,Yes,0.7698412698412699
59008,59008,100,17,126,143,0.11888111888111888,0.8811188811188811,Yes,0.8811188811188811
59009,59009,100,0,0,0,0,0,n/a,0
59010,59010,100,4,47,51,0.0784313725490196,0.9215686274509803,Yes,0.9215686274509803
59011,59011,100,18,81,99,0.18181818181818182,0.8181818181818182,Yes,0.8181818181818182
59012,59012,100,38,109,147,0.2585034013605442,0.7414965986394558,Yes,0.7414965986394558
59013,59013,100,14,62,76,0.18421052631578946,0.8157894736842105,Yes,0.8157894736842105
59014,59014,100,26,51,77,0.33766233766233766,0.6623376623376623,Yes,0.6623376623376623
59015,59015,100,15,87,102,0.14705882352941177,0.8529411764705882,Yes,0.8529411764705882
59016,59016,100,15,68,83,0.18072289156626506,0.8192771084337349,Yes,0.8192771084337349
59017,59017,100,70,136,206,0.33980582524271846,0.6601941747572816,Yes,0.6601941747572816
59018,59018,100,34,77,111,0.3063063063063063,0.6936936936936937,Yes,0.6936936936936937
59019,59019,100,4,48,52,0.07692307692307693,0.9230769230769231,Yes,0.9230769230769231
59020,59020,100,16,99,115,0.1391304347826087,0.8608695652173913,Yes,0.8608695652173913
59021,59021,100,15,59,74,0.20270270270270271,0.7972972972972973,Yes,0.7972972972972973
59022,59022,100,18,101,119,0.15126050420168066,0.8487394957983193,Yes,0.8487394957983193
59023,59023,100,17,62,79,0.21518987341772153,0.7848101265822784,Yes,0.7848101265822784
59024,59024,100,29,123,152,0.19078947368421054,0.8092105263157895,Yes,0.8092105263157895
59025,59025,100,29,136,165,0.17575757575757575,0.8242424242424242,Yes,0.8242424242424242
59026,59026,100,45,192,237,0.189873417721519,0.810126582278481,Yes,0.810126582278481
59027,59027,100,33,101,134,0.2462686567164179,0.753731343283582,Yes,0.753731343283582
59028,59028,100,30,86,116,0.25862068965517243,0.7413793103448276,Yes,0.7413793103448276
59029,59029,100,21,79,100,0.21,0.79,Yes,0.79
59030,59030,100,27,95,122,0.22131147540983606,0.7786885245901639,Yes,0.7786885245901639
59031,59031,100,37,127,164,0.22560975609756098,0.774390243902439,Yes,0.774390243902439
59032,59032,100,34,93,127,0.2677165354330709,0.7322834645669292,Yes,0.7322834645669292
59033,59033,100,50,128,178,0.2808988764044944,0.7191011235955056,Yes,0.7191011235955056
59034,59034,100,60,113,173,0.3468208092485549,0.653179190751445,Yes,0.653179190751445
59035,59035,100,66,170,236,0.2796610169491525,0.7203389830508474,Yes,0.7203389830508474
59036,59036,100,57,111,168,0.3392857142857143,0.6607142857142857,Yes,0.6607142857142857
59037,59037,100,64,137,201,0.31840796019900497,0.681592039800995,Yes,0.681592039800995
59038,59038,100,88,150,238,0.3697478991596639,0.6302521008403361,Yes,0.6302521008403361
59039,59039,100,45,99,144,0.3125,0.6875,Yes,0.6875
59040,59040,100,85,199,284,0.2992957746478873,0.7007042253521126,Yes,0.7007042253521126
59041,59041,100,13,30,43,0.3023255813953488,0.6976744186046512,Yes,0.6976744186046512
59042,59042,100,53,127,180,0.29444444444444445,0.7055555555555556,Yes,0.7055555555555556
59043,59043,100,25,58,83,0.30120481927710846,0.6987951807228916,Yes,0.6987951807228916
59044,59044,100,68,149,217,0.31336405529953915,0.6866359447004609,Yes,0.6866359447004609
59045,59045,100,34,89,123,0.2764227642276423,0.7235772357723578,Yes,0.7235772357723578
59046,59046,100,1,2,3,0.3333333333333333,0.6666666666666666,Yes,0.6666666666666666
59047,59047,100,23,37,60,0.38333333333333336,0.6166666666666667,Yes,0.6166666666666667
59048,59048,100,6,5,11,0.5454545454545454,0.45454545454545453,No,0.5454545454545454
59049,59049,100,42,105,147,0.2857142857142857,0.7142857142857143,Yes,0.7142857142857143
59050,59050,100,38,90,128,0.296875,0.703125,Yes,0.703125
59051,59051,100,55,139,194,0.28350515463917525,0.7164948453608248,Yes,0.7164948453608248
59052,59052,100,64,139,203,0.31527093596059114,0.6847290640394089,Yes,0.6847290640394089
59053,59053,100,38,106,144,0.2638888888888889,0.7361111111111112,Yes,0.7361111111111112
59054,59054,100,25,78,103,0.24271844660194175,0.7572815533980582,Yes,0.7572815533980582
59055,59055,100,25,99,124,0.20161290322580644,0.7983870967741935,Yes,0.7983870967741935
59056,59056,100,29,106,135,0.21481481481481482,0.7851851851851852,Yes,0.7851851851851852
59057,59057,100,30,139,169,0.17751479289940827,0.8224852071005917,Yes,0.8224852071005917
59058,59058,100,31,115,146,0.21232876712328766,0.7876712328767124,Yes,0.7876712328767124
59059,59059,100,53,87,140,0.37857142857142856,0.6214285714285714,Yes,0.6214285714285714
59060,59060,100,41,80,121,0.33884297520661155,0.6611570247933884,Yes,0.6611570247933884
59061,59061,100,45,88,133,0.3383458646616541,0.6616541353383458,Yes,0.6616541353383458
59062,59062,100,39,57,96,0.40625,0.59375,Yes,0.59375
59063,59063,100,11,25,36,0.3055555555555556,0.6944444444444444,Yes,0.6944444444444444
59064,59064,100,34,144,178,0.19101123595505617,0.8089887640449438,Yes,0.8089887640449438
59065,59065,100,27,161,188,0.14361702127659576,0.8563829787234043,Yes,0.8563829787234043
59066,59066,100,10,52,62,0.16129032258064516,0.8387096774193549,Yes,0.8387096774193549
59067,59067,100,19,74,93,0.20430107526881722,0.7956989247311828,Yes,0.7956989247311828
59068,59068,100,28,91,119,0.23529411764705882,0.7647058823529411,Yes,0.7647058823529411
59069,59069,100,35,114,149,0.2348993288590604,0.7651006711409396,Yes,0.7651006711409396
59070,59070,100,26,95,121,0.21487603305785125,0.7851239669421488,Yes,0.7851239669421488
59071,59071,100,39,168,207,0.18840579710144928,0.8115942028985508,Yes,0.8115942028985508
59072,59072,100,30,98,128,0.234375,0.765625,Yes,0.765625
59073,59073,100,33,185,218,0.15137614678899083,0.8486238532110092,Yes,0.8486238532110092
59074,59074,100,28,106,134,0.208955223880597,0.7910447761194029,Yes,0.7910447761194029
59075,59075,100,18,80,98,0.1836734693877551,0.8163265306122449,Yes,0.8163265306122449
59076,59076,100,27,82,109,0.24770642201834864,0.7522935779816514,Yes,0.7522935779816514
59077,59077,100,0,0,0,0,0,n/a,0
59078,59078,100,0,0,0,0,0,n/a,0
59079,59079,100,0,0,0,0,0,n/a,0
59080,59080,100,0,0,0,0,0,n/a,0
59081,59081,100,0,0,0,0,0,n/a,0
60001,60001,100,10,46,56,0.17857142857142858,0.8214285714285714,Yes,0.8214285714285714
60002,60002,100,11,93,104,0.10576923076923077,0.8942307692307693,Yes,0.8942307692307693
60003,60003,100,17,118,135,0.1259259259259259,0.8740740740740741,Yes,0.8740740740740741
60004,60004,100,24,77,101,0.2376237623762376,0.7623762376237624,Yes,0.7623762376237624
60005,60005,100,32,89,121,0.2644628099173554,0.7355371900826446,Yes,0.7355371900826446
60006,60006,100,5,22,27,0.18518518518518517,0.8148148148148148,Yes,0.8148148148148148
60007,60007,100,34,115,149,0.22818791946308725,0.7718120805369127,Yes,0.7718120805369127
60008,60008,100,32,118,150,0.21333333333333335,0.7866666666666666,Yes,0.7866666666666666
60009,60009,100,14,57,71,0.19718309859154928,0.8028169014084507,Yes,0.8028169014084507
60010,60010,100,5,11,16,0.3125,0.6875,Yes,0.6875
60011,60011,100,0,8,8,0.0,1.0,Yes,1.0
60012,60012,100,11,25,36,0.3055555555555556,0.6944444444444444,Yes,0.6944444444444444
60013,60013,100,21,83,104,0.20192307692307693,0.7980769230769231,Yes,0.7980769230769231
60014,60014,100,14,48,62,0.22580645161290322,0.7741935483870968,Yes,0.7741935483870968
60015,60015,100,11,42,53,0.20754716981132076,0.7924528301886793,Yes,0.7924528301886793
60016,60016,100,3,28,31,0.0967741935483871,0.9032258064516129,Yes,0.9032258064516129
60017,60017,100,44,125,169,0.2603550295857988,0.7396449704142012,Yes,0.7396449704142012
60018,60018,100,17,53,70,0.24285714285714285,0.7571428571428571,Yes,0.7571428571428571
60019,60019,100,0,11,11,0.0,1.0,Yes,1.0
60020,60020,100,2,7,9,0.2222222222222222,0.7777777777777778,Yes,0.7777777777777778
60021,60021,100,23,25,48,0.4791666666666667,0.5208333333333334,Yes,0.5208333333333334
60022,60022,100,19,87,106,0.1792452830188679,0.8207547169811321,Yes,0.8207547169811321
60023,60023,100,1,7,8,0.125,0.875,Yes,0.875
60024,60024,100,18,37,55,0.32727272727272727,0.6727272727272727,Yes,0.6727272727272727
60025,60025,100,13,55,68,0.19117647058823528,0.8088235294117647,Yes,0.8088235294117647
60026,60026,100,46,49,95,0.4842105263157895,0.5157894736842106,Yes,0.5157894736842106
60027,60027,100,46,35,81,0.5679012345679012,0.43209876543209874,No,0.5679012345679012
60028,60028,100,176,69,245,0.7183673469387755,0.2816326530612245,No,0.7183673469387755
60029,60029,100,42,75,117,0.358974358974359,0.6410256410256411,Yes,0.6410256410256411
60030,60030,100,19,65,84,0.2261904761904762,0.7738095238095238,Yes,0.7738095238095238
60031,60031,100,9,44,53,0.16981132075471697,0.8301886792452831,Yes,0.8301886792452831
60032,60032,100,15,66,81,0.18518518518518517,0.8148148148148148,Yes,0.8148148148148148
60033,60033,100,40,54,94,0.425531914893617,0.574468085106383,Yes,0.574468085106383
60034,60034,100,14,51,65,0.2153846153846154,0.7846153846153846,Yes,0.7846153846153846
60035,60035,100,12,52,64,0.1875,0.8125,Yes,0.8125
60036,60036,100,18,112,130,0.13846153846153847,0.8615384615384616,Yes,0.8615384615384616
60037,60037,100,24,112,136,0.17647058823529413,0.8235294117647058,Yes,0.8235294117647058
60038,60038,100,16,65,81,0.19753086419753085,0.8024691358024691,Yes,0.8024691358024691
60039,60039,100,17,59,76,0.2236842105263158,0.7763157894736842,Yes,0.7763157894736842
60040,60040,100,18,51,69,0.2608695652173913,0.7391304347826086,Yes,0.7391304347826086
60041,60041,100,20,65,85,0.23529411764705882,0.7647058823529411,Yes,0.7647058823529411
60042,60042,100,33,122,155,0.2129032258064516,0.7870967741935484,Yes,0.7870967741935484
60043,60043,100,42,109,151,0.2781456953642384,0.7218543046357616,Yes,0.7218543046357616
60044,60044,100,8,45,53,0.1509433962264151,0.8490566037735849,Yes,0.8490566037735849
60045,60045,100,46,168,214,0.21495327102803738,0.7850467289719626,Yes,0.7850467289719626
60046,60046,100,19,143,162,0.11728395061728394,0.8827160493827161,Yes,0.8827160493827161
60047,60047,100,62,72,134,0.4626865671641791,0.5373134328358209,Yes,0.5373134328358209
60048,60048,100,11,37,48,0.22916666666666666,0.7708333333333334,Yes,0.7708333333333334
60049,60049,100,21,78,99,0.21212121212121213,0.7878787878787878,Yes,0.7878787878787878
60050,60050,100,8,40,48,0.16666666666666666,0.8333333333333334,Yes,0.8333333333333334
60051,60051,100,32,138,170,0.18823529411764706,0.8117647058823529,Yes,0.8117647058823529
60052,60052,100,11,58,69,0.15942028985507245,0.8405797101449275,Yes,0.8405797101449275
60053,60053,100,24,56,80,0.3,0.7,Yes,0.7
60054,60054,100,32,69,101,0.31683168316831684,0.6831683168316832,Yes,0.6831683168316832
60055,60055,100,12,75,87,0.13793103448275862,0.8620689655172413,Yes,0.8620689655172413
60056,60056,100,14,33,47,0.2978723404255319,0.7021276595744681,Yes,0.7021276595744681
60057,60057,100,32,119,151,0.2119205298013245,0.7880794701986755,Yes,0.7880794701986755
60058,60058,100,4,35,39,0.10256410256410256,0.8974358974358975,Yes,0.8974358974358975
60059,60059,100,13,46,59,0.22033898305084745,0.7796610169491526,Yes,0.7796610169491526
60060,60060,100,9,29,38,0.23684210526315788,0.7631578947368421,Yes,0.7631578947368421
60061,60061,100,7,36,43,0.16279069767441862,0.8372093023255814,Yes,0.8372093023255814
60062,60062,100,27,54,81,0.3333333333333333,0.6666666666666666,Yes,0.6666666666666666
60063,60063,100,49,107,156,0.3141025641025641,0.6858974358974359,Yes,0.6858974358974359
60064,60064,100,32,116,148,0.21621621621621623,0.7837837837837838,Yes,0.7837837837837838
60065,60065,100,40,83,123,0.3252032520325203,0.6747967479674797,Yes,0.6747967479674797
60066,60066,100,28,36,64,0.4375,0.5625,Yes,0.5625
60067,60067,100,26,65,91,0.2857142857142857,0.7142857142857143,Yes,0.7142857142857143
60068,60068,100,37,55,92,0.40217391304347827,0.5978260869565217,Yes,0.5978260869565217
60069,60069,100,3,24,27,0.1111111111111111,0.8888888888888888,Yes,0.8888888888888888
60070,60070,100,13,37,50,0.26,0.74,Yes,0.74
60071,60071,100,24,53,77,0.3116883116883117,0.6883116883116883,Yes,0.6883116883116883
60072,60072,100,30,66,96,0.3125,0.6875,Yes,0.6875
60073,60073,100,17,61,78,0.21794871794871795,0.782051282051282,Yes,0.782051282051282
60074,60074,100,44,99,143,0.3076923076923077,0.6923076923076923,Yes,0.6923076923076923
60075,60075,100,42,114,156,0.2692307692307692,0.7307692307692307,Yes,0.7307692307692307
60076,60076,100,28,80,108,0.25925925925925924,0.7407407407407407,Yes,0.7407407407407407
60077,60077,100,27,110,137,0.19708029197080293,0.8029197080291971,Yes,0.8029197080291971
60078,60078,100,32,130,162,0.19753086419753085,0.8024691358024691,Yes,0.8024691358024691
60079,60079,100,27,91,118,0.2288135593220339,0.7711864406779662,Yes,0.7711864406779662
60080,60080,100,76,84,160,0.475,0.525,Yes,0.525
60081,60081,100,46,104,150,0.30666666666666664,0.6933333333333334,Yes,0.6933333333333334
60082,60082,100,120,194,314,0.3821656050955414,0.6178343949044586,Yes,0.6178343949044586
60083,60083,100,57,206,263,0.21673003802281368,0.7832699619771863,Yes,0.7832699619771863
60084,60084,100,17,51,68,0.25,0.75,Yes,0.75
60085,60085,100,21,42,63,0.3333333333333333,0.6666666666666666,Yes,0.6666666666666666
60086,60086,100,11,49,60,0.18333333333333332,0.8166666666666667,Yes,0.8166666666666667
64075,64075,100,44,193,237,0.18565400843881857,0.8143459915611815,Yes,0.8143459915611815
64076,64076,100,57,168,225,0.25333333333333335,0.7466666666666667,Yes,0.7466666666666667
64077,64077,100,57,191,248,0.22983870967741934,0.7701612903225806,Yes,0.7701612903225806
64078,64078,100,51,203,254,0.20078740157480315,0.7992125984251969,Yes,0.7992125984251969
64079,64079,100,28,122,150,0.18666666666666668,0.8133333333333334,Yes,0.8133333333333334
64080,64080,100,36,160,196,0.1836734693877551,0.8163265306122449,Yes,0.8163265306122449
64081,64081,100,13,73,86,0.1511627906976744,0.8488372093023255,Yes,0.8488372093023255
64082,64082,100,3,18,21,0.14285714285714285,0.8571428571428571,Yes,0.8571428571428571
64083,64083,100,24,181,205,0.11707317073170732,0.8829268292682927,Yes,0.8829268292682927
64084,64084,100,35,166,201,0.17412935323383086,0.8258706467661692,Yes,0.8258706467661692
64085,64085,100,41,206,247,0.1659919028340081,0.8340080971659919,Yes,0.8340080971659919
64086,64086,100,40,141,181,0.22099447513812154,0.7790055248618785,Yes,0.7790055248618785
64087,64087,100,42,135,177,0.23728813559322035,0.7627118644067796,Yes,0.7627118644067796
64088,64088,100,40,157,197,0.20304568527918782,0.7969543147208121,Yes,0.7969543147208121
64089,64089,100,44,187,231,0.19047619047619047,0.8095238095238095,Yes,0.8095238095238095
64090,64090,100,53,234,287,0.18466898954703834,0.8153310104529616,Yes,0.8153310104529616
64091,64091,100,27,92,119,0.226890756302521,0.773109243697479,Yes,0.773109243697479
64092,64092,100,0,0,0,0,0,n/a,0
64093,64092,100,0,0,0,0,0,n/a,0
64094,64094,100,0,0,0,0,0,n/a,0
64095,64095,100,0,0,0,0,0,n/a,0
64096,64092,100,0,0,0,0,0,n/a,0
64097,64097,100,0,0,0,0,0,n/a,0
23001,23001,100,87,226,313,0.2779552715654952,0.7220447284345048,Yes,0.7220447284345048
23002,23002,100,89,207,296,0.30067567567567566,0.6993243243243243,Yes,0.6993243243243243
23003,23003,100,101,195,296,0.34121621621621623,0.6587837837837838,Yes,0.6587837837837838
23004,23004,100,20,32,52,0.38461538461538464,0.6153846153846154,Yes,0.6153846153846154
23005,23005,100,73,204,277,0.26353790613718414,0.7364620938628159,Yes,0.7364620938628159
23006,23006,100,85,234,319,0.2664576802507837,0.7335423197492164,Yes,0.7335423197492164
23007,23007,100,102,257,359,0.2841225626740947,0.7158774373259053,Yes,0.7158774373259053
23008,23008,100,75,199,274,0.2737226277372263,0.7262773722627737,Yes,0.7262773722627737
23009,23009,100,86,217,303,0.2838283828382838,0.7161716171617162,Yes,0.7161716171617162
23010,23010,100,92,203,295,0.31186440677966104,0.688135593220339,Yes,0.688135593220339
23011,23011,100,53,121,174,0.3045977011494253,0.6954022988505747,Yes,0.6954022988505747
23012,23012,100,32,101,133,0.24060150375939848,0.7593984962406015,Yes,0.7593984962406015
23013,23013,100,47,108,155,0.3032258064516129,0.6967741935483871,Yes,0.6967741935483871
23014,23014,100,64,177,241,0.26556016597510373,0.7344398340248963,Yes,0.7344398340248963
23015,23015,100,43,210,253,0.16996047430830039,0.8300395256916996,Yes,0.8300395256916996
23016,23016,100,38,177,215,0.17674418604651163,0.8232558139534883,Yes,0.8232558139534883
23017,23017,100,25,64,89,0.2808988764044944,0.7191011235955056,Yes,0.7191011235955056
23018,23018,100,21,85,106,0.19811320754716982,0.8018867924528302,Yes,0.8018867924528302
23019,23019,100,30,121,151,0.1986754966887417,0.8013245033112583,Yes,0.8013245033112583
23020,23020,100,0,0,0,0,0,n/a,0
23021,23021,100,10,73,83,0.12048192771084337,0.8795180722891566,Yes,0.8795180722891566
23022,23022,100,0,1,1,0.0,1.0,Yes,1.0
23023,23023,100,9,39,48,0.1875,0.8125,Yes,0.8125
23024,23024,100,24,101,125,0.192,0.808,Yes,0.808
23025,23025,100,18,92,110,0.16363636363636364,0.8363636363636363,Yes,0.8363636363636363
23026,23026,100,83,145,228,0.36403508771929827,0.6359649122807017,Yes,0.6359649122807017
23027,23027,100,35,151,186,0.1881720430107527,0.8118279569892473,Yes,0.8118279569892473
23028,23028,100,26,151,177,0.14689265536723164,0.8531073446327684,Yes,0.8531073446327684
23029,23029,100,17,106,123,0.13821138211382114,0.8617886178861789,Yes,0.8617886178861789
23030,23030,100,24,66,90,0.26666666666666666,0.7333333333333333,Yes,0.7333333333333333
23031,23031,100,31,81,112,0.2767857142857143,0.7232142857142857,Yes,0.7232142857142857
23032,23032,100,11,59,70,0.15714285714285714,0.8428571428571429,Yes,0.8428571428571429
23033,23033,100,18,56,74,0.24324324324324326,0.7567567567567568,Yes,0.7567567567567568
23034,23034,100,13,79,92,0.14130434782608695,0.8586956521739131,Yes,0.8586956521739131
23035,23035,100,26,142,168,0.15476190476190477,0.8452380952380952,Yes,0.8452380952380952
23036,23036,100,37,140,177,0.20903954802259886,0.7909604519774012,Yes,0.7909604519774012
23037,23037,100,22,110,132,0.16666666666666666,0.8333333333333334,Yes,0.8333333333333334
23038,23038,100,5,7,12,0.4166666666666667,0.5833333333333334,Yes,0.5833333333333334
23039,23039,100,35,155,190,0.18421052631578946,0.8157894736842105,Yes,0.8157894736842105
23040,23040,100,58,155,213,0.27230046948356806,0.7276995305164319,Yes,0.7276995305164319
23041,23041,100,43,124,167,0.25748502994011974,0.7425149700598802,Yes,0.7425149700598802
23042,23042,100,15,95,110,0.13636363636363635,0.8636363636363636,Yes,0.8636363636363636
23043,23043,100,7,27,34,0.20588235294117646,0.7941176470588235,Yes,0.7941176470588235
23044,23044,100,59,177,236,0.25,0.75,Yes,0.75
23045,23045,100,73,153,226,0.3230088495575221,0.6769911504424779,Yes,0.6769911504424779
23046,23046,100,56,162,218,0.25688073394495414,0.7431192660550459,Yes,0.7431192660550459
23047,23047,100,29,91,120,0.24166666666666667,0.7583333333333333,Yes,0.7583333333333333
23048,23048,100,22,86,108,0.2037037037037037,0.7962962962962963,Yes,0.7962962962962963
23049,23049,100,58,161,219,0.2648401826484018,0.7351598173515982,Yes,0.7351598173515982
23050,23050,100,68,132,200,0.34,0.66,Yes,0.66
23051,23051,100,49,149,198,0.2474747474747475,0.7525252525252525,Yes,0.7525252525252525
23052,23052,100,25,98,123,0.2032520325203252,0.7967479674796748,Yes,0.7967479674796748
23053,23053,100,29,104,133,0.21804511278195488,0.7819548872180451,Yes,0.7819548872180451
23054,23054,100,53,141,194,0.27319587628865977,0.7268041237113402,Yes,0.7268041237113402
23055,23055,100,10,22,32,0.3125,0.6875,Yes,0.6875
23056,23056,100,17,90,107,0.1588785046728972,0.8411214953271028,Yes,0.8411214953271028
23057,23057,100,45,137,182,0.24725274725274726,0.7527472527472527,Yes,0.7527472527472527
23058,23058,100,35,104,139,0.2517985611510791,0.7482014388489209,Yes,0.7482014388489209
23059,23059,100,18,94,112,0.16071428571428573,0.8392857142857143,Yes,0.8392857142857143
23060,23060,100,18,56,74,0.24324324324324326,0.7567567567567568,Yes,0.7567567567567568
23061,23061,100,42,117,159,0.2641509433962264,0.7358490566037735,Yes,0.7358490566037735
23062,23062,100,51,176,227,0.22466960352422907,0.775330396475771,Yes,0.775330396475771
23063,23063,100,37,184,221,0.167420814479638,0.832579185520362,Yes,0.832579185520362
23064,23064,100,84,172,256,0.328125,0.671875,Yes,0.671875
23065,23065,100,41,118,159,0.2578616352201258,0.7421383647798742,Yes,0.7421383647798742
23066,23066,100,13,28,41,0.3170731707317073,0.6829268292682927,Yes,0.6829268292682927
23067,23067,100,7,12,19,0.3684210526315789,0.631578947368421,Yes,0.631578947368421
23068,23068,100,10,24,34,0.29411764705882354,0.7058823529411765,Yes,0.7058823529411765
23069,23069,100,17,54,71,0.23943661971830985,0.7605633802816901,Yes,0.7605633802816901
23070,23070,100,11,54,65,0.16923076923076924,0.8307692307692308,Yes,0.8307692307692308
23071,23038,100,0,0,0,0,0,n/a,0
23072,23072,100,0,0,0,0,0,n/a,0
23073,23073,100,0,0,0,0,0,n/a,0
23074,23073,100,0,0,0,0,0,n/a,0
23075,23075,100,0,0,0,0,0,n/a,0
23076,23076,100,0,0,0,0,0,n/a,0
23077,23077,100,0,0,0,0,0,n/a,0
23078,23077,100,0,0,0,0,0,n/a,0
23079,23077,100,0,0,0,0,0,n/a,0
23080,23072,100,0,0,0,0,0,n/a,0
23081,23072,100,0,0,0,0,0,n/a,0
23082,23072,100,0,0,0,0,0,n/a,0
23083,23022,100,0,0,0,0,0,n/a,0
24001,24001,100,29,103,132,0.2196969696969697,0.7803030303030303,Yes,0.7803030303030303
24002,24002,100,35,134,169,0.20710059171597633,0.7928994082840237,Yes,0.7928994082840237
24003,24003,100,44,140,184,0.2391304347826087,0.7608695652173914,Yes,0.7608695652173914
24004,24004,100,29,80,109,0.26605504587155965,0.7339449541284404,Yes,0.7339449541284404
24005,24005,100,37,118,155,0.23870967741935484,0.7612903225806451,Yes,0.7612903225806451
24006,24006,100,22,88,110,0.2,0.8,Yes,0.8
24007,24007,100,20,75,95,0.21052631578947367,0.7894736842105263,Yes,0.7894736842105263
24008,24008,100,1,18,19,0.05263157894736842,0.9473684210526315,Yes,0.9473684210526315
24009,24009,100,1,0,1,1.0,0.0,No,1.0
24010,24010,100,17,46,63,0.2698412698412698,0.7301587301587301,Yes,0.7301587301587301
24011,24011,100,20,40,60,0.3333333333333333,0.6666666666666666,Yes,0.6666666666666666
24012,24012,100,4,11,15,0.26666666666666666,0.7333333333333333,Yes,0.7333333333333333
24013,24013,100,29,82,111,0.26126126126126126,0.7387387387387387,Yes,0.7387387387387387
24014,24014,100,25,87,112,0.22321428571428573,0.7767857142857143,Yes,0.7767857142857143
24015,24015,100,24,79,103,0.23300970873786409,0.7669902912621359,Yes,0.7669902912621359
24016,24016,100,14,64,78,0.1794871794871795,0.8205128205128205,Yes,0.8205128205128205
24017,24017,100,36,119,155,0.23225806451612904,0.7677419354838709,Yes,0.7677419354838709
24018,24018,100,66,192,258,0.2558139534883721,0.7441860465116279,Yes,0.7441860465116279
24019,24019,100,60,187,247,0.242914979757085,0.757085020242915,Yes,0.757085020242915
24020,24020,100,39,191,230,0.16956521739130434,0.8304347826086956,Yes,0.8304347826086956
24021,24021,100,50,215,265,0.18867924528301888,0.8113207547169812,Yes,0.8113207547169812
24022,24022,100,25,112,137,0.18248175182481752,0.8175182481751825,Yes,0.8175182481751825
24023,24023,100,1,11,12,0.08333333333333333,0.9166666666666666,Yes,0.9166666666666666
24024,24024,100,60,185,245,0.24489795918367346,0.7551020408163265,Yes,0.7551020408163265
24025,24025,100,64,229,293,0.21843003412969283,0.7815699658703071,Yes,0.7815699658703071
24026,24026,100,7,25,32,0.21875,0.78125,Yes,0.78125
24027,24027,100,50,158,208,0.2403846153846154,0.7596153846153846,Yes,0.7596153846153846
24028,24028,100,29,143,172,0.1686046511627907,0.8313953488372093,Yes,0.8313953488372093
24029,24029,100,36,172,208,0.17307692307692307,0.8269230769230769,Yes,0.8269230769230769
24030,24030,100,37,193,230,0.1608695652173913,0.8391304347826087,Yes,0.8391304347826087
24031,24031,100,14,85,99,0.1414141414141414,0.8585858585858586,Yes,0.8585858585858586
24032,24032,100,21,89,110,0.19090909090909092,0.8090909090909091,Yes,0.8090909090909091
24033,24033,100,38,117,155,0.24516129032258063,0.7548387096774194,Yes,0.7548387096774194
24034,24034,100,24,82,106,0.22641509433962265,0.7735849056603774,Yes,0.7735849056603774
24035,24035,100,31,122,153,0.20261437908496732,0.7973856209150327,Yes,0.7973856209150327
24036,24036,100,9,66,75,0.12,0.88,Yes,0.88
24037,24037,100,31,124,155,0.2,0.8,Yes,0.8
24038,24038,100,0,2,2,0.0,1.0,Yes,1.0
24039,24039,100,4,12,16,0.25,0.75,Yes,0.75
24040,24040,100,23,192,215,0.10697674418604651,0.8930232558139535,Yes,0.8930232558139535
24041,24041,100,6,20,26,0.23076923076923078,0.7692307692307693,Yes,0.7692307692307693
24042,24042,100,10,42,52,0.19230769230769232,0.8076923076923077,Yes,0.8076923076923077
24043,24043,100,31,115,146,0.21232876712328766,0.7876712328767124,Yes,0.7876712328767124
24044,24044,100,8,48,56,0.14285714285714285,0.8571428571428571,Yes,0.8571428571428571
24045,24045,100,14,60,74,0.1891891891891892,0.8108108108108109,Yes,0.8108108108108109
24046,24046,100,25,49,74,0.33783783783783783,0.6621621621621622,Yes,0.6621621621621622
24047,24047,100,11,35,46,0.2391304347826087,0.7608695652173914,Yes,0.7608695652173914
24048,24048,100,2,14,16,0.125,0.875,Yes,0.875
24049,24049,100,38,191,229,0.16593886462882096,0.834061135371179,Yes,0.834061135371179
24050,24050,100,19,58,77,0.24675324675324675,0.7532467532467533,Yes,0.7532467532467533
24051,24051,100,10,60,70,0.14285714285714285,0.8571428571428571,Yes,0.8571428571428571
24052,24052,100,18,71,89,0.20224719101123595,0.797752808988764,Yes,0.797752808988764
24053,24053,100,32,142,174,0.1839080459770115,0.8160919540229885,Yes,0.8160919540229885
24054,24054,100,11,64,75,0.14666666666666667,0.8533333333333334,Yes,0.8533333333333334
24055,24055,100,4,38,42,0.09523809523809523,0.9047619047619048,Yes,0.9047619047619048
24056,24056,100,3,10,13,0.23076923076923078,0.7692307692307693,Yes,0.7692307692307693
24057,24057,100,4,44,48,0.08333333333333333,0.9166666666666666,Yes,0.9166666666666666
24058,24058,100,0,0,0,0,0,n/a,0
24059,24059,100,16,75,91,0.17582417582417584,0.8241758241758241,Yes,0.8241758241758241
24060,24060,100,3,8,11,0.2727272727272727,0.7272727272727273,Yes,0.7272727272727273
24061,24061,100,25,102,127,0.1968503937007874,0.8031496062992126,Yes,0.8031496062992126
24062,24062,100,20,61,81,0.24691358024691357,0.7530864197530864,Yes,0.7530864197530864
24063,24063,100,14,24,38,0.3684210526315789,0.631578947368421,Yes,0.631578947368421
24064,24064,100,5,18,23,0.21739130434782608,0.782608695652174,Yes,0.782608695652174
24065,24065,100,10,64,74,0.13513513513513514,0.8648648648648649,Yes,0.8648648648648649
24066,24066,100,15,112,127,0.11811023622047244,0.8818897637795275,Yes,0.8818897637795275
24067,24067,100,13,41,54,0.24074074074074073,0.7592592592592593,Yes,0.7592592592592593
24068,24068,100,6,46,52,0.11538461538461539,0.8846153846153846,Yes,0.8846153846153846
24069,24069,100,9,35,44,0.20454545454545456,0.7954545454545454,Yes,0.7954545454545454
24070,24070,100,12,36,48,0.25,0.75,Yes,0.75
24071,24071,100,12,34,46,0.2608695652173913,0.7391304347826086,Yes,0.7391304347826086
24072,24072,100,6,27,33,0.18181818181818182,0.8181818181818182,Yes,0.8181818181818182
24073,24073,100,9,24,33,0.2727272727272727,0.7272727272727273,Yes,0.7272727272727273
24074,24074,100,8,25,33,0.24242424242424243,0.7575757575757576,Yes,0.7575757575757576
24075,24075,100,1,30,31,0.03225806451612903,0.967741935483871,Yes,0.967741935483871
24076,24076,100,9,25,34,0.2647058823529412,0.7352941176470589,Yes,0.7352941176470589
24077,24077,100,7,23,30,0.23333333333333334,0.7666666666666667,Yes,0.7666666666666667
24078,24078,100,15,63,78,0.19230769230769232,0.8076923076923077,Yes,0.8076923076923077
24079,24079,100,10,42,52,0.19230769230769232,0.8076923076923077,Yes,0.8076923076923077
24080,24080,100,0,0,0,0,0,n/a,0
24081,24060,100,0,0,0,0,0,n/a,0
24082,24082,100,0,0,0,0,0,n/a,0
24083,24080,100,0,0,0,0,0,n/a,0
25001,25001,100,33,131,164,0.20121951219512196,0.7987804878048781,Yes,0.7987804878048781
25002,25002,100,1,5,6,0.16666666666666666,0.8333333333333334,Yes,0.8333333333333334
25003,25003,100,42,104,146,0.2876712328767123,0.7123287671232876,Yes,0.7123287671232876
25004,25004,100,24,89,113,0.21238938053097345,0.7876106194690266,Yes,0.7876106194690266
25005,25005,100,8,16,24,0.3333333333333333,0.6666666666666666,Yes,0.6666666666666666
25006,25006,100,20,64,84,0.23809523809523808,0.7619047619047619,Yes,0.7619047619047619
25007,25007,100,27,92,119,0.226890756302521,0.773109243697479,Yes,0.773109243697479
25008,25008,100,25,93,118,0.211864406779661,0.788135593220339,Yes,0.788135593220339
25009,25009,100,15,24,39,0.38461538461538464,0.6153846153846154,Yes,0.6153846153846154
25010,25010,100,40,155,195,0.20512820512820512,0.7948717948717948,Yes,0.7948717948717948
25011,25011,100,28,131,159,0.1761006289308176,0.8238993710691824,Yes,0.8238993710691824
25012,25012,100,55,169,224,0.24553571428571427,0.7544642857142857,Yes,0.7544642857142857
25013,25013,100,30,103,133,0.22556390977443608,0.7744360902255639,Yes,0.7744360902255639
25014,25014,100,34,95,129,0.26356589147286824,0.7364341085271318,Yes,0.7364341085271318
25015,25015,100,25,102,127,0.1968503937007874,0.8031496062992126,Yes,0.8031496062992126
25016,25016,100,37,154,191,0.193717277486911,0.806282722513089,Yes,0.806282722513089
25017,25017,100,47,156,203,0.2315270935960591,0.7684729064039408,Yes,0.7684729064039408
25018,25018,100,50,201,251,0.199203187250996,0.8007968127490039,Yes,0.8007968127490039
25019,25019,100,39,203,242,0.16115702479338842,0.8388429752066116,Yes,0.8388429752066116
25020,25020,100,44,149,193,0.22797927461139897,0.772020725388601,Yes,0.772020725388601
25021,25021,100,27,121,148,0.18243243243243243,0.8175675675675675,Yes,0.8175675675675675
25022,25022,100,29,87,116,0.25,0.75,Yes,0.75
25023,25023,100,10,53,63,0.15873015873015872,0.8412698412698413,Yes,0.8412698412698413
25024,25024,100,31,112,143,0.21678321678321677,0.7832167832167832,Yes,0.7832167832167832
25025,25025,100,32,125,157,0.20382165605095542,0.7961783439490446,Yes,0.7961783439490446
25026,25026,100,4,13,17,0.23529411764705882,0.7647058823529411,Yes,0.7647058823529411
25027,25027,100,29,112,141,0.20567375886524822,0.7943262411347518,Yes,0.7943262411347518
25028,25028,100,32,93,125,0.256,0.744,Yes,0.744
25029,25029,100,50,165,215,0.23255813953488372,0.7674418604651163,Yes,0.7674418604651163
25030,25030,100,44,138,182,0.24175824175824176,0.7582417582417582,Yes,0.7582417582417582
25031,25031,100,9,56,65,0.13846153846153847,0.8615384615384616,Yes,0.8615384615384616
25032,25032,100,23,91,114,0.20175438596491227,0.7982456140350878,Yes,0.7982456140350878
25033,25033,100,30,88,118,0.2542372881355932,0.7457627118644068,Yes,0.7457627118644068
25034,25034,100,1,11,12,0.08333333333333333,0.9166666666666666,Yes,0.9166666666666666
25035,25035,100,37,100,137,0.27007299270072993,0.7299270072992701,Yes,0.7299270072992701
25036,25036,100,32,138,170,0.18823529411764706,0.8117647058823529,Yes,0.8117647058823529
25037,25037,100,40,101,141,0.28368794326241137,0.7163120567375887,Yes,0.7163120567375887
25038,25038,100,25,79,104,0.2403846153846154,0.7596153846153846,Yes,0.7596153846153846
25039,25039,100,36,132,168,0.21428571428571427,0.7857142857142857,Yes,0.7857142857142857
25040,25040,100,69,170,239,0.28870292887029286,0.7112970711297071,Yes,0.7112970711297071
25041,25041,100,4,31,35,0.11428571428571428,0.8857142857142857,Yes,0.8857142857142857
25042,25042,100,12,65,77,0.15584415584415584,0.8441558441558441,Yes,0.8441558441558441
25043,25043,100,35,75,110,0.3181818181818182,0.6818181818181818,Yes,0.6818181818181818
25044,25044,100,32,99,131,0.24427480916030533,0.7557251908396947,Yes,0.7557251908396947
25045,25045,100,17,90,107,0.1588785046728972,0.8411214953271028,Yes,0.8411214953271028
25046,25046,100,15,67,82,0.18292682926829268,0.8170731707317073,Yes,0.8170731707317073
25047,25047,100,23,51,74,0.3108108108108108,0.6891891891891891,Yes,0.6891891891891891
25048,25048,100,27,68,95,0.28421052631578947,0.7157894736842105,Yes,0.7157894736842105
25049,25049,100,36,72,108,0.3333333333333333,0.6666666666666666,Yes,0.6666666666666666
25050,25050,100,17,40,57,0.2982456140350877,0.7017543859649122,Yes,0.7017543859649122
25051,25051,100,10,45,55,0.18181818181818182,0.8181818181818182,Yes,0.8181818181818182
25052,25052,100,19,55,74,0.25675675675675674,0.7432432432432432,Yes,0.7432432432432432
25053,25053,100,21,54,75,0.28,0.72,Yes,0.72
25054,25054,100,12,59,71,0.16901408450704225,0.8309859154929577,Yes,0.8309859154929577
25055,25055,100,18,35,53,0.33962264150943394,0.660377358490566,Yes,0.660377358490566
25056,25056,100,20,62,82,0.24390243902439024,0.7560975609756098,Yes,0.7560975609756098
25057,25057,100,14,82,96,0.14583333333333334,0.8541666666666666,Yes,0.8541666666666666
25058,25058,100,26,135,161,0.16149068322981366,0.8385093167701864,Yes,0.8385093167701864
25059,25059,100,35,112,147,0.23809523809523808,0.7619047619047619,Yes,0.7619047619047619
25060,25060,100,24,55,79,0.3037974683544304,0.6962025316455697,Yes,0.6962025316455697
25061,25061,100,35,76,111,0.3153153153153153,0.6846846846846847,Yes,0.6846846846846847
25062,25062,100,23,73,96,0.23958333333333334,0.7604166666666666,Yes,0.7604166666666666
25063,25063,100,33,98,131,0.25190839694656486,0.7480916030534351,Yes,0.7480916030534351
25064,25064,100,7,23,30,0.23333333333333334,0.7666666666666667,Yes,0.7666666666666667
25065,25065,100,22,58,80,0.275,0.725,Yes,0.725
25066,25066,100,8,10,18,0.4444444444444444,0.5555555555555556,Yes,0.5555555555555556
25067,25067,100,0,0,0,0,0,n/a,0
26001,26001,100,22,42,64,0.34375,0.65625,Yes,0.65625
26002,26002,100,8,29,37,0.21621621621621623,0.7837837837837838,Yes,0.7837837837837838
26003,26003,100,66,187,253,0.2608695652173913,0.7391304347826086,Yes,0.7391304347826086
26004,26004,100,46,101,147,0.3129251700680272,0.6870748299319728,Yes,0.6870748299319728
26005,26005,100,63,147,210,0.3,0.7,Yes,0.7
26006,26006,100,25,95,120,0.20833333333333334,0.7916666666666666,Yes,0.7916666666666666
26007,26007,100,22,75,97,0.2268041237113402,0.7731958762886598,Yes,0.7731958762886598
26008,26008,100,63,180,243,0.25925925925925924,0.7407407407407407,Yes,0.7407407407407407
26009,26009,100,47,172,219,0.2146118721461187,0.7853881278538812,Yes,0.7853881278538812
26010,26010,100,45,123,168,0.26785714285714285,0.7321428571428571,Yes,0.7321428571428571
26011,26011,100,35,114,149,0.2348993288590604,0.7651006711409396,Yes,0.7651006711409396
26012,26012,100,39,145,184,0.21195652173913043,0.7880434782608695,Yes,0.7880434782608695
26013,26013,100,45,143,188,0.2393617021276596,0.7606382978723404,Yes,0.7606382978723404
26014,26014,100,37,125,162,0.22839506172839505,0.7716049382716049,Yes,0.7716049382716049
26015,26015,100,43,177,220,0.19545454545454546,0.8045454545454546,Yes,0.8045454545454546
26016,26016,100,64,249,313,0.20447284345047922,0.7955271565495208,Yes,0.7955271565495208
26017,26017,100,61,173,234,0.2606837606837607,0.7393162393162394,Yes,0.7393162393162394
26018,26018,100,38,102,140,0.2714285714285714,0.7285714285714285,Yes,0.7285714285714285
26019,26019,100,62,207,269,0.23048327137546468,0.7695167286245354,Yes,0.7695167286245354
26020,26020,100,55,221,276,0.19927536231884058,0.8007246376811594,Yes,0.8007246376811594
26021,26021,100,37,146,183,0.20218579234972678,0.7978142076502732,Yes,0.7978142076502732
26022,26022,100,73,214,287,0.25435540069686413,0.7456445993031359,Yes,0.7456445993031359
26023,26023,100,28,177,205,0.13658536585365855,0.8634146341463415,Yes,0.8634146341463415
26024,26024,100,59,195,254,0.23228346456692914,0.7677165354330708,Yes,0.7677165354330708
26025,26025,100,38,174,212,0.1792452830188679,0.8207547169811321,Yes,0.8207547169811321
26026,26026,100,23,120,143,0.16083916083916083,0.8391608391608392,Yes,0.8391608391608392
26027,26027,100,68,216,284,0.23943661971830985,0.7605633802816901,Yes,0.7605633802816901
26028,26028,100,61,176,237,0.25738396624472576,0.7426160337552743,Yes,0.7426160337552743
26029,26029,100,74,224,298,0.2483221476510067,0.7516778523489933,Yes,0.7516778523489933
26030,26030,100,65,220,285,0.22807017543859648,0.7719298245614035,Yes,0.7719298245614035
26031,26031,100,75,243,318,0.2358490566037736,0.7641509433962265,Yes,0.7641509433962265
26032,26032,100,47,166,213,0.22065727699530516,0.7793427230046949,Yes,0.7793427230046949
26033,26033,100,57,210,267,0.21348314606741572,0.7865168539325843,Yes,0.7865168539325843
26034,26034,100,30,116,146,0.2054794520547945,0.7945205479452054,Yes,0.7945205479452054
26035,26035,100,53,171,224,0.23660714285714285,0.7633928571428571,Yes,0.7633928571428571
26036,26036,100,18,50,68,0.2647058823529412,0.7352941176470589,Yes,0.7352941176470589
26037,26037,100,40,171,211,0.1895734597156398,0.8104265402843602,Yes,0.8104265402843602
26038,26038,100,2,10,12,0.16666666666666666,0.8333333333333334,Yes,0.8333333333333334
26039,26039,100,20,85,105,0.19047619047619047,0.8095238095238095,Yes,0.8095238095238095
26040,26040,100,19,85,104,0.18269230769230768,0.8173076923076923,Yes,0.8173076923076923
26041,26041,100,1,5,6,0.16666666666666666,0.8333333333333334,Yes,0.8333333333333334
26042,26042,100,28,82,110,0.2545454545454545,0.7454545454545455,Yes,0.7454545454545455
26043,26043,100,19,63,82,0.23170731707317074,0.7682926829268293,Yes,0.7682926829268293
26044,26044,100,11,54,65,0.16923076923076924,0.8307692307692308,Yes,0.8307692307692308
26045,26045,100,61,208,269,0.22676579925650558,0.7732342007434945,Yes,0.7732342007434945
26046,26046,100,40,180,220,0.18181818181818182,0.8181818181818182,Yes,0.8181818181818182
26047,26047,100,66,208,274,0.24087591240875914,0.7591240875912408,Yes,0.7591240875912408
26048,26048,100,21,105,126,0.16666666666666666,0.8333333333333334,Yes,0.8333333333333334
26049,26049,100,25,97,122,0.20491803278688525,0.7950819672131147,Yes,0.7950819672131147
26050,26050,100,30,108,138,0.21739130434782608,0.782608695652174,Yes,0.782608695652174
26051,26051,100,15,79,94,0.1595744680851064,0.8404255319148937,Yes,0.8404255319148937
26052,26052,100,25,93,118,0.211864406779661,0.788135593220339,Yes,0.788135593220339
26053,26053,100,40,129,169,0.23668639053254437,0.7633136094674556,Yes,0.7633136094674556
26054,26054,100,41,149,190,0.21578947368421053,0.7842105263157895,Yes,0.7842105263157895
26055,26055,100,20,95,115,0.17391304347826086,0.8260869565217391,Yes,0.8260869565217391
26056,26056,100,45,165,210,0.21428571428571427,0.7857142857142857,Yes,0.7857142857142857
26057,26057,100,61,194,255,0.23921568627450981,0.7607843137254902,Yes,0.7607843137254902
26058,26058,100,31,124,155,0.2,0.8,Yes,0.8
26059,26059,100,75,184,259,0.28957528957528955,0.7104247104247104,Yes,0.7104247104247104
26060,26060,100,64,181,245,0.2612244897959184,0.7387755102040816,Yes,0.7387755102040816
26061,26061,100,47,112,159,0.29559748427672955,0.7044025157232704,Yes,0.7044025157232704
26062,26062,100,53,143,196,0.27040816326530615,0.7295918367346939,Yes,0.7295918367346939
26063,26063,100,53,186,239,0.2217573221757322,0.7782426778242678,Yes,0.7782426778242678
26064,26064,100,52,145,197,0.2639593908629442,0.7360406091370558,Yes,0.7360406091370558
26065,26065,100,31,140,171,0.18128654970760233,0.8187134502923976,Yes,0.8187134502923976
26066,26066,100,59,213,272,0.21691176470588236,0.7830882352941176,Yes,0.7830882352941176
26067,26067,100,42,112,154,0.2727272727272727,0.7272727272727273,Yes,0.7272727272727273
26068,26068,100,46,157,203,0.22660098522167488,0.7733990147783252,Yes,0.7733990147783252
26069,26069,100,69,189,258,0.26744186046511625,0.7325581395348837,Yes,0.7325581395348837
26070,26070,100,44,179,223,0.19730941704035873,0.8026905829596412,Yes,0.8026905829596412
26071,26071,100,48,183,231,0.2077922077922078,0.7922077922077922,Yes,0.7922077922077922
26072,26072,100,43,151,194,0.22164948453608246,0.7783505154639175,Yes,0.7783505154639175
26073,26073,100,85,364,449,0.18930957683741648,0.8106904231625836,Yes,0.8106904231625836
26074,26074,100,20,86,106,0.18867924528301888,0.8113207547169812,Yes,0.8113207547169812
26075,26075,100,31,115,146,0.21232876712328766,0.7876712328767124,Yes,0.7876712328767124
26076,26076,100,40,71,111,0.36036036036036034,0.6396396396396397,Yes,0.6396396396396397
26077,26077,100,0,0,0,0,0,n/a,0
26078,26078,100,0,0,0,0,0,n/a,0
27001,27001,100,40,164,204,0.19607843137254902,0.803921568627451,Yes,0.803921568627451
27002,27002,100,24,83,107,0.22429906542056074,0.7757009345794392,Yes,0.7757009345794392
27003,27003,100,38,124,162,0.2345679012345679,0.7654320987654321,Yes,0.7654320987654321
27004,27004,100,40,154,194,0.20618556701030927,0.7938144329896907,Yes,0.7938144329896907
27005,27005,100,38,163,201,0.1890547263681592,0.8109452736318408,Yes,0.8109452736318408
27006,27006,100,25,157,182,0.13736263736263737,0.8626373626373627,Yes,0.8626373626373627
27007,27007,100,54,220,274,0.19708029197080293,0.8029197080291971,Yes,0.8029197080291971
27008,27008,100,29,96,125,0.232,0.768,Yes,0.768
27009,27009,100,15,110,125,0.12,0.88,Yes,0.88
27010,27010,100,0,2,2,0.0,1.0,Yes,1.0
27011,27011,100,10,82,92,0.10869565217391304,0.8913043478260869,Yes,0.8913043478260869
27012,27012,100,22,148,170,0.12941176470588237,0.8705882352941177,Yes,0.8705882352941177
27013,27013,100,40,211,251,0.1593625498007968,0.8406374501992032,Yes,0.8406374501992032
27014,27014,100,39,187,226,0.17256637168141592,0.827433628318584,Yes,0.827433628318584
27015,27015,100,27,125,152,0.17763157894736842,0.8223684210526315,Yes,0.8223684210526315
27016,27016,100,13,38,51,0.2549019607843137,0.7450980392156863,Yes,0.7450980392156863
27017,27017,100,31,91,122,0.2540983606557377,0.7459016393442623,Yes,0.7459016393442623
27018,27018,100,3,10,13,0.23076923076923078,0.7692307692307693,Yes,0.7692307692307693
27019,27019,100,49,167,216,0.22685185185185186,0.7731481481481481,Yes,0.7731481481481481
27020,27020,100,23,156,179,0.12849162011173185,0.8715083798882681,Yes,0.8715083798882681
27021,27021,100,35,203,238,0.14705882352941177,0.8529411764705882,Yes,0.8529411764705882
27022,27022,100,31,96,127,0.2440944881889764,0.7559055118110236,Yes,0.7559055118110236
27023,27023,100,44,142,186,0.23655913978494625,0.7634408602150538,Yes,0.7634408602150538
27024,27024,100,37,145,182,0.2032967032967033,0.7967032967032966,Yes,0.7967032967032966
27025,27025,100,39,193,232,0.16810344827586207,0.8318965517241379,Yes,0.8318965517241379
27026,27026,100,29,151,180,0.16111111111111112,0.8388888888888889,Yes,0.8388888888888889
27027,27027,100,41,154,195,0.21025641025641026,0.7897435897435897,Yes,0.7897435897435897
27028,27028,100,23,95,118,0.19491525423728814,0.8050847457627118,Yes,0.8050847457627118
27029,27029,100,14,68,82,0.17073170731707318,0.8292682926829268,Yes,0.8292682926829268
27030,27030,100,27,79,106,0.25471698113207547,0.7452830188679245,Yes,0.7452830188679245
27031,27031,100,0,7,7,0.0,1.0,Yes,1.0
27032,27032,100,7,14,21,0.3333333333333333,0.6666666666666666,Yes,0.6666666666666666
27033,27033,100,3,9,12,0.25,0.75,Yes,0.75
27034,27034,100,21,85,106,0.19811320754716982,0.8018867924528302,Yes,0.8018867924528302
27035,27035,100,39,127,166,0.23493975903614459,0.7650602409638554,Yes,0.7650602409638554
27036,27036,100,39,178,217,0.17972350230414746,0.8202764976958525,Yes,0.8202764976958525
27037,27037,100,44,156,200,0.22,0.78,Yes,0.78
27038,27038,100,49,125,174,0.28160919540229884,0.7183908045977011,Yes,0.7183908045977011
27039,27039,100,22,164,186,0.11827956989247312,0.8817204301075269,Yes,0.8817204301075269
27040,27040,100,18,89,107,0.16822429906542055,0.8317757009345794,Yes,0.8317757009345794
27041,27041,100,21,39,60,0.35,0.65,Yes,0.65
27042,27042,100,28,105,133,0.21052631578947367,0.7894736842105263,Yes,0.7894736842105263
27043,27043,100,26,89,115,0.22608695652173913,0.7739130434782608,Yes,0.7739130434782608
27044,27044,100,35,84,119,0.29411764705882354,0.7058823529411765,Yes,0.7058823529411765
27045,27045,100,42,113,155,0.2709677419354839,0.7290322580645161,Yes,0.7290322580645161
27046,27046,100,5,30,35,0.14285714285714285,0.8571428571428571,Yes,0.8571428571428571
27047,27047,100,13,82,95,0.1368421052631579,0.8631578947368421,Yes,0.8631578947368421
27048,27048,100,9,55,64,0.140625,0.859375,Yes,0.859375
27049,27049,100,30,115,145,0.20689655172413793,0.7931034482758621,Yes,0.7931034482758621
27050,27050,100,23,103,126,0.18253968253968253,0.8174603174603174,Yes,0.8174603174603174
27051,27051,100,52,128,180,0.28888888888888886,0.7111111111111111,Yes,0.7111111111111111
27052,27052,100,15,81,96,0.15625,0.84375,Yes,0.84375
27053,27053,100,11,42,53,0.20754716981132076,0.7924528301886793,Yes,0.7924528301886793
27054,27054,100,12,48,60,0.2,0.8,Yes,0.8
27055,27055,100,25,76,101,0.24752475247524752,0.7524752475247525,Yes,0.7524752475247525
27056,27056,100,15,49,64,0.234375,0.765625,Yes,0.765625
27057,27057,100,19,37,56,0.3392857142857143,0.6607142857142857,Yes,0.6607142857142857
27058,27058,100,0,1,1,0.0,1.0,Yes,1.0
27059,27059,100,34,58,92,0.3695652173913043,0.6304347826086957,Yes,0.6304347826086957
27060,27060,100,30,87,117,0.2564102564102564,0.7435897435897436,Yes,0.7435897435897436
27061,27061,100,49,136,185,0.2648648648648649,0.7351351351351352,Yes,0.7351351351351352
27062,27062,100,38,95,133,0.2857142857142857,0.7142857142857143,Yes,0.7142857142857143
27063,27063,100,39,89,128,0.3046875,0.6953125,Yes,0.6953125
27064,27064,100,45,110,155,0.2903225806451613,0.7096774193548387,Yes,0.7096774193548387
27065,27065,100,29,139,168,0.17261904761904762,0.8273809523809523,Yes,0.8273809523809523
27066,27066,100,19,87,106,0.1792452830188679,0.8207547169811321,Yes,0.8207547169811321
27067,27067,100,34,97,131,0.2595419847328244,0.7404580152671756,Yes,0.7404580152671756
27068,27068,100,36,105,141,0.2553191489361702,0.7446808510638298,Yes,0.7446808510638298
27069,27069,100,0,0,0,0,0,n/a,0
27070,27070,100,0,0,0,0,0,n/a,0
27071,27071,100,0,0,0,0,0,n/a,0
27072,27072,100,0,0,0,0,0,n/a,0
27073,27073,100,0,0,0,0,0,n/a,0
27074,27074,100,0,0,0,0,0,n/a,0
27075,27074,100,0,0,0,0,0,n/a,0
27076,27076,100,0,0,0,0,0,n/a,0
27077,27077,100,0,0,0,0,0,n/a,0
27078,27077,100,0,0,0,0,0,n/a,0
28001,28001,100,12,45,57,0.21052631578947367,0.7894736842105263,Yes,0.7894736842105263
28002,28002,100,10,34,44,0.22727272727272727,0.7727272727272727,Yes,0.7727272727272727
28003,28003,100,38,102,140,0.2714285714285714,0.7285714285714285,Yes,0.7285714285714285
28004,28004,100,9,37,46,0.1956521739130435,0.8043478260869565,Yes,0.8043478260869565
28005,28005,100,15,24,39,0.38461538461538464,0.6153846153846154,Yes,0.6153846153846154
28006,28006,100,20,67,87,0.22988505747126436,0.7701149425287356,Yes,0.7701149425287356
28007,28007,100,20,56,76,0.2631578947368421,0.7368421052631579,Yes,0.7368421052631579
28008,28008,100,15,19,34,0.4411764705882353,0.5588235294117647,Yes,0.5588235294117647
28009,28009,100,25,86,111,0.22522522522522523,0.7747747747747747,Yes,0.7747747747747747
28010,28010,100,40,129,169,0.23668639053254437,0.7633136094674556,Yes,0.7633136094674556
28011,28011,100,10,57,67,0.14925373134328357,0.8507462686567164,Yes,0.8507462686567164
28012,28012,100,24,121,145,0.16551724137931034,0.8344827586206897,Yes,0.8344827586206897
28013,28013,100,1,11,12,0.08333333333333333,0.9166666666666666,Yes,0.9166666666666666
28014,28014,100,19,53,72,0.2638888888888889,0.7361111111111112,Yes,0.7361111111111112
28015,28015,100,44,147,191,0.23036649214659685,0.7696335078534031,Yes,0.7696335078534031
28016,28016,100,60,164,224,0.26785714285714285,0.7321428571428571,Yes,0.7321428571428571
28017,28017,100,52,138,190,0.2736842105263158,0.7263157894736842,Yes,0.7263157894736842
28018,28018,100,52,184,236,0.22033898305084745,0.7796610169491526,Yes,0.7796610169491526
28019,28019,100,50,223,273,0.18315018315018314,0.8168498168498168,Yes,0.8168498168498168
28020,28020,100,36,183,219,0.1643835616438356,0.8356164383561644,Yes,0.8356164383561644
28021,28021,100,48,225,273,0.17582417582417584,0.8241758241758241,Yes,0.8241758241758241
28022,28022,100,38,209,247,0.15384615384615385,0.8461538461538461,Yes,0.8461538461538461
28023,28023,100,33,148,181,0.18232044198895028,0.8176795580110497,Yes,0.8176795580110497
28024,28024,100,31,113,144,0.2152777777777778,0.7847222222222222,Yes,0.7847222222222222
28025,28025,100,35,156,191,0.18324607329842932,0.8167539267015707,Yes,0.8167539267015707
28026,28026,100,9,64,73,0.1232876712328767,0.8767123287671232,Yes,0.8767123287671232
28027,28027,100,12,63,75,0.16,0.84,Yes,0.84
28028,28028,100,42,208,250,0.168,0.832,Yes,0.832
28029,28029,100,37,170,207,0.178743961352657,0.821256038647343,Yes,0.821256038647343
28030,28030,100,26,128,154,0.16883116883116883,0.8311688311688312,Yes,0.8311688311688312
28031,28031,100,39,195,234,0.16666666666666666,0.8333333333333334,Yes,0.8333333333333334
28032,28032,100,23,121,144,0.1597222222222222,0.8402777777777778,Yes,0.8402777777777778
28033,28033,100,2,4,6,0.3333333333333333,0.6666666666666666,Yes,0.6666666666666666
28034,28034,100,1,25,26,0.038461538461538464,0.9615384615384616,Yes,0.9615384615384616
28035,28035,100,34,184,218,0.1559633027522936,0.8440366972477065,Yes,0.8440366972477065
28036,28036,100,30,174,204,0.14705882352941177,0.8529411764705882,Yes,0.8529411764705882
28037,28037,100,18,137,155,0.11612903225806452,0.8838709677419355,Yes,0.8838709677419355
28038,28038,100,24,138,162,0.14814814814814814,0.8518518518518519,Yes,0.8518518518518519
28039,28039,100,49,174,223,0.21973094170403587,0.7802690582959642,Yes,0.7802690582959642
28040,28040,100,30,161,191,0.15706806282722513,0.8429319371727748,Yes,0.8429319371727748
28041,28041,100,30,155,185,0.16216216216216217,0.8378378378378378,Yes,0.8378378378378378
28042,28042,100,33,105,138,0.2391304347826087,0.7608695652173914,Yes,0.7608695652173914
28043,28043,100,39,131,170,0.22941176470588234,0.7705882352941177,Yes,0.7705882352941177
28044,28044,100,32,153,185,0.17297297297297298,0.827027027027027,Yes,0.827027027027027
28045,28045,100,36,108,144,0.25,0.75,Yes,0.75
28046,28046,100,29,125,154,0.18831168831168832,0.8116883116883117,Yes,0.8116883116883117
28047,28047,100,45,230,275,0.16363636363636364,0.8363636363636363,Yes,0.8363636363636363
28048,28048,100,22,210,232,0.09482758620689655,0.9051724137931034,Yes,0.9051724137931034
28049,28049,100,17,104,121,0.14049586776859505,0.859504132231405,Yes,0.859504132231405
28050,28050,100,25,100,125,0.2,0.8,Yes,0.8
28051,28051,100,18,92,110,0.16363636363636364,0.8363636363636363,Yes,0.8363636363636363
28052,28052,100,7,38,45,0.15555555555555556,0.8444444444444444,Yes,0.8444444444444444
28053,28053,100,21,68,89,0.23595505617977527,0.7640449438202247,Yes,0.7640449438202247
28054,28054,100,11,30,41,0.2682926829268293,0.7317073170731707,Yes,0.7317073170731707
28055,28055,100,11,26,37,0.2972972972972973,0.7027027027027027,Yes,0.7027027027027027
28056,28056,100,17,68,85,0.2,0.8,Yes,0.8
28057,28057,100,12,48,60,0.2,0.8,Yes,0.8
28058,28058,100,16,48,64,0.25,0.75,Yes,0.75
28059,28059,100,2,9,11,0.18181818181818182,0.8181818181818182,Yes,0.8181818181818182
28060,28060,100,26,91,117,0.2222222222222222,0.7777777777777778,Yes,0.7777777777777778
28061,28061,100,27,107,134,0.20149253731343283,0.7985074626865671,Yes,0.7985074626865671
28062,28062,100,43,150,193,0.22279792746113988,0.7772020725388601,Yes,0.7772020725388601
28063,28063,100,32,174,206,0.1553398058252427,0.8446601941747572,Yes,0.8446601941747572
28064,28064,100,35,133,168,0.20833333333333334,0.7916666666666666,Yes,0.7916666666666666
28065,28065,100,42,148,190,0.22105263157894736,0.7789473684210526,Yes,0.7789473684210526
28066,28066,100,26,202,228,0.11403508771929824,0.8859649122807017,Yes,0.8859649122807017
28067,28067,100,54,169,223,0.242152466367713,0.757847533632287,Yes,0.757847533632287
28068,28068,100,48,133,181,0.26519337016574585,0.7348066298342542,Yes,0.7348066298342542
28069,28069,100,40,100,140,0.2857142857142857,0.7142857142857143,Yes,0.7142857142857143
28070,28070,100,66,151,217,0.30414746543778803,0.695852534562212,Yes,0.695852534562212
28071,28071,100,76,179,255,0.2980392156862745,0.7019607843137254,Yes,0.7019607843137254
28072,28072,100,23,90,113,0.20353982300884957,0.7964601769911505,Yes,0.7964601769911505
28073,28073,100,35,94,129,0.2713178294573643,0.7286821705426356,Yes,0.7286821705426356
28074,28074,100,41,131,172,0.23837209302325582,0.7616279069767442,Yes,0.7616279069767442
28075,28075,100,58,121,179,0.3240223463687151,0.6759776536312849,Yes,0.6759776536312849
28076,28076,100,60,140,200,0.3,0.7,Yes,0.7
28077,28077,100,43,151,194,0.22164948453608246,0.7783505154639175,Yes,0.7783505154639175
28078,28078,100,29,72,101,0.2871287128712871,0.7128712871287128,Yes,0.7128712871287128
28079,28079,100,0,0,0,0,0,n/a,0
29001,29001,100,7,35,42,0.16666666666666666,0.8333333333333334,Yes,0.8333333333333334
29002,29002,100,11,61,72,0.1527777777777778,0.8472222222222222,Yes,0.8472222222222222
29003,29003,100,5,74,79,0.06329113924050633,0.9367088607594937,Yes,0.9367088607594937
29004,29004,100,14,104,118,0.11864406779661017,0.8813559322033898,Yes,0.8813559322033898
29005,29005,100,5,19,24,0.20833333333333334,0.7916666666666666,Yes,0.7916666666666666
29006,29006,100,17,86,103,0.1650485436893204,0.8349514563106796,Yes,0.8349514563106796
29007,29007,100,3,16,19,0.15789473684210525,0.8421052631578947,Yes,0.8421052631578947
29008,29008,100,12,42,54,0.2222222222222222,0.7777777777777778,Yes,0.7777777777777778
29009,29009,100,20,73,93,0.21505376344086022,0.7849462365591398,Yes,0.7849462365591398
29010,29010,100,12,52,64,0.1875,0.8125,Yes,0.8125
29011,29011,100,14,57,71,0.19718309859154928,0.8028169014084507,Yes,0.8028169014084507
29012,29012,100,25,89,114,0.21929824561403508,0.7807017543859649,Yes,0.7807017543859649
29013,29013,100,18,84,102,0.17647058823529413,0.8235294117647058,Yes,0.8235294117647058
29014,29014,100,9,43,52,0.17307692307692307,0.8269230769230769,Yes,0.8269230769230769
29015,29015,100,12,65,77,0.15584415584415584,0.8441558441558441,Yes,0.8441558441558441
29016,29016,100,6,26,32,0.1875,0.8125,Yes,0.8125
29017,29017,100,10,76,86,0.11627906976744186,0.8837209302325582,Yes,0.8837209302325582
29018,29018,100,20,114,134,0.14925373134328357,0.8507462686567164,Yes,0.8507462686567164
29019,29019,100,13,62,75,0.17333333333333334,0.8266666666666667,Yes,0.8266666666666667
29020,29020,100,36,132,168,0.21428571428571427,0.7857142857142857,Yes,0.7857142857142857
29021,29021,100,48,151,199,0.24120603015075376,0.7587939698492462,Yes,0.7587939698492462
29022,29022,100,54,183,237,0.22784810126582278,0.7721518987341772,Yes,0.7721518987341772
29023,29023,100,38,162,200,0.19,0.81,Yes,0.81
29024,29024,100,60,214,274,0.21897810218978103,0.781021897810219,Yes,0.781021897810219
29025,29025,100,42,141,183,0.22950819672131148,0.7704918032786885,Yes,0.7704918032786885
29026,29026,100,56,149,205,0.2731707317073171,0.7268292682926829,Yes,0.7268292682926829
29027,29027,100,67,147,214,0.3130841121495327,0.6869158878504673,Yes,0.6869158878504673
29028,29028,100,53,147,200,0.265,0.735,Yes,0.735
29029,29029,100,49,169,218,0.22477064220183487,0.7752293577981652,Yes,0.7752293577981652
29030,29030,100,23,139,162,0.1419753086419753,0.8580246913580247,Yes,0.8580246913580247
29031,29031,100,45,228,273,0.16483516483516483,0.8351648351648352,Yes,0.8351648351648352
29032,29032,100,61,197,258,0.2364341085271318,0.7635658914728682,Yes,0.7635658914728682
29033,29033,100,45,167,212,0.21226415094339623,0.7877358490566038,Yes,0.7877358490566038
29034,29034,100,44,132,176,0.25,0.75,Yes,0.75
29035,29035,100,43,124,167,0.25748502994011974,0.7425149700598802,Yes,0.7425149700598802
29036,29036,100,21,94,115,0.1826086956521739,0.8173913043478261,Yes,0.8173913043478261
29037,29037,100,31,116,147,0.2108843537414966,0.7891156462585034,Yes,0.7891156462585034
29038,29038,100,23,112,135,0.17037037037037037,0.8296296296296296,Yes,0.8296296296296296
29039,29039,100,19,55,74,0.25675675675675674,0.7432432432432432,Yes,0.7432432432432432
29040,29040,100,28,68,96,0.2916666666666667,0.7083333333333334,Yes,0.7083333333333334
29041,29041,100,14,109,123,0.11382113821138211,0.8861788617886179,Yes,0.8861788617886179
29042,29042,100,6,72,78,0.07692307692307693,0.9230769230769231,Yes,0.9230769230769231
29043,29043,100,11,62,73,0.1506849315068493,0.8493150684931506,Yes,0.8493150684931506
29044,29044,100,17,56,73,0.2328767123287671,0.7671232876712328,Yes,0.7671232876712328
29045,29045,100,29,139,168,0.17261904761904762,0.8273809523809523,Yes,0.8273809523809523
29046,29046,100,31,143,174,0.1781609195402299,0.8218390804597702,Yes,0.8218390804597702
29047,29047,100,25,140,165,0.15151515151515152,0.8484848484848485,Yes,0.8484848484848485
29048,29048,100,21,91,112,0.1875,0.8125,Yes,0.8125
29049,29049,100,10,50,60,0.16666666666666666,0.8333333333333334,Yes,0.8333333333333334
29050,29050,100,19,119,138,0.13768115942028986,0.8623188405797102,Yes,0.8623188405797102
29051,29051,100,53,193,246,0.21544715447154472,0.7845528455284553,Yes,0.7845528455284553
29052,29052,100,51,147,198,0.25757575757575757,0.7424242424242424,Yes,0.7424242424242424
29053,29053,100,40,125,165,0.24242424242424243,0.7575757575757576,Yes,0.7575757575757576
29054,29054,100,33,118,151,0.2185430463576159,0.7814569536423841,Yes,0.7814569536423841
29055,29055,100,66,194,260,0.25384615384615383,0.7461538461538462,Yes,0.7461538461538462
29056,29056,100,44,162,206,0.21359223300970873,0.7864077669902912,Yes,0.7864077669902912
29057,29057,100,37,128,165,0.22424242424242424,0.7757575757575758,Yes,0.7757575757575758
29058,29058,100,47,184,231,0.20346320346320346,0.7965367965367965,Yes,0.7965367965367965
29059,29059,100,72,222,294,0.24489795918367346,0.7551020408163265,Yes,0.7551020408163265
29060,29060,100,41,184,225,0.18222222222222223,0.8177777777777778,Yes,0.8177777777777778
29061,29061,100,47,220,267,0.1760299625468165,0.8239700374531835,Yes,0.8239700374531835
29062,29062,100,51,216,267,0.19101123595505617,0.8089887640449438,Yes,0.8089887640449438
29063,29063,100,51,150,201,0.2537313432835821,0.746268656716418,Yes,0.746268656716418
29064,29064,100,26,102,128,0.203125,0.796875,Yes,0.796875
29065,29065,100,28,89,117,0.23931623931623933,0.7606837606837606,Yes,0.7606837606837606
29066,29066,100,40,127,167,0.23952095808383234,0.7604790419161677,Yes,0.7604790419161677
29067,29067,100,22,114,136,0.16176470588235295,0.8382352941176471,Yes,0.8382352941176471
29068,29068,100,36,144,180,0.2,0.8,Yes,0.8
29069,29069,100,5,26,31,0.16129032258064516,0.8387096774193549,Yes,0.8387096774193549
29070,29070,100,34,88,122,0.2786885245901639,0.7213114754098361,Yes,0.7213114754098361
29071,29071,100,24,72,96,0.25,0.75,Yes,0.75
30001,30001,100,15,39,54,0.2777777777777778,0.7222222222222222,Yes,0.7222222222222222
30002,30002,100,17,46,63,0.2698412698412698,0.7301587301587301,Yes,0.7301587301587301
30003,30003,100,2,1,3,0.6666666666666666,0.3333333333333333,No,0.6666666666666666
30004,30004,100,51,119,170,0.3,0.7,Yes,0.7
30005,30005,100,69,173,242,0.28512396694214875,0.7148760330578512,Yes,0.7148760330578512
30006,30006,100,70,154,224,0.3125,0.6875,Yes,0.6875
30007,30007,100,48,122,170,0.2823529411764706,0.7176470588235294,Yes,0.7176470588235294
30008,30008,100,55,187,242,0.22727272727272727,0.7727272727272727,Yes,0.7727272727272727
30009,30009,100,54,143,197,0.27411167512690354,0.7258883248730964,Yes,0.7258883248730964
30010,30010,100,80,137,217,0.3686635944700461,0.631336405529954,Yes,0.631336405529954
30011,30011,100,47,104,151,0.31125827814569534,0.6887417218543046,Yes,0.6887417218543046
30012,30012,100,55,165,220,0.25,0.75,Yes,0.75
30013,30013,100,36,122,158,0.22784810126582278,0.7721518987341772,Yes,0.7721518987341772
30014,30014,100,61,110,171,0.3567251461988304,0.6432748538011696,Yes,0.6432748538011696
30015,30015,100,32,80,112,0.2857142857142857,0.7142857142857143,Yes,0.7142857142857143
30016,30016,100,33,124,157,0.21019108280254778,0.7898089171974523,Yes,0.7898089171974523
30017,30017,100,34,108,142,0.23943661971830985,0.7605633802816901,Yes,0.7605633802816901
30018,30018,100,45,112,157,0.28662420382165604,0.7133757961783439,Yes,0.7133757961783439
30019,30019,100,1,0,1,1.0,0.0,No,1.0
30020,30020,100,26,69,95,0.2736842105263158,0.7263157894736842,Yes,0.7263157894736842
30021,30021,100,39,137,176,0.2215909090909091,0.7784090909090909,Yes,0.7784090909090909
30022,30022,100,31,112,143,0.21678321678321677,0.7832167832167832,Yes,0.7832167832167832
30023,30023,100,30,91,121,0.24793388429752067,0.7520661157024794,Yes,0.7520661157024794
30024,30024,100,14,40,54,0.25925925925925924,0.7407407407407407,Yes,0.7407407407407407
30025,30025,100,38,133,171,0.2222222222222222,0.7777777777777778,Yes,0.7777777777777778
30026,30026,100,32,101,133,0.24060150375939848,0.7593984962406015,Yes,0.7593984962406015
30027,30027,100,42,111,153,0.27450980392156865,0.7254901960784313,Yes,0.7254901960784313
30028,30028,100,1,0,1,1.0,0.0,No,1.0
30029,30029,100,7,4,11,0.6363636363636364,0.36363636363636365,No,0.6363636363636364
30030,30030,100,36,79,115,0.3130434782608696,0.6869565217391305,Yes,0.6869565217391305
30031,30031,100,6,49,55,0.10909090909090909,0.8909090909090909,Yes,0.8909090909090909
30032,30032,100,2,14,16,0.125,0.875,Yes,0.875
30033,30033,100,5,18,23,0.21739130434782608,0.782608695652174,Yes,0.782608695652174
30034,30034,100,0,1,1,0.0,1.0,Yes,1.0
30063,30063,100,8,42,50,0.16,0.84,Yes,0.84
30035,30063,100,0,0,0,0,0,n/a,0
30036,30036,100,38,76,114,0.3333333333333333,0.6666666666666666,Yes,0.6666666666666666
30037,30037,100,34,99,133,0.2556390977443609,0.7443609022556391,Yes,0.7443609022556391
30038,30038,100,11,79,90,0.12222222222222222,0.8777777777777778,Yes,0.8777777777777778
30039,30039,100,59,131,190,0.3105263157894737,0.6894736842105263,Yes,0.6894736842105263
30040,30040,100,38,149,187,0.20320855614973263,0.7967914438502673,Yes,0.7967914438502673
30041,30041,100,10,32,42,0.23809523809523808,0.7619047619047619,Yes,0.7619047619047619
30042,30042,100,19,100,119,0.15966386554621848,0.8403361344537815,Yes,0.8403361344537815
30043,30043,100,21,101,122,0.1721311475409836,0.8278688524590164,Yes,0.8278688524590164
30044,30044,100,22,110,132,0.16666666666666666,0.8333333333333334,Yes,0.8333333333333334
30045,30045,100,26,107,133,0.19548872180451127,0.8045112781954887,Yes,0.8045112781954887
30046,30046,100,27,158,185,0.14594594594594595,0.8540540540540541,Yes,0.8540540540540541
30047,30047,100,10,76,86,0.11627906976744186,0.8837209302325582,Yes,0.8837209302325582
30048,30048,100,50,214,264,0.1893939393939394,0.8106060606060606,Yes,0.8106060606060606
30049,30049,100,31,172,203,0.15270935960591134,0.8472906403940886,Yes,0.8472906403940886
30050,30050,100,27,167,194,0.13917525773195877,0.8608247422680413,Yes,0.8608247422680413
30051,30051,100,23,137,160,0.14375,0.85625,Yes,0.85625
30052,30052,100,15,51,66,0.22727272727272727,0.7727272727272727,Yes,0.7727272727272727
30053,30053,100,14,57,71,0.19718309859154928,0.8028169014084507,Yes,0.8028169014084507
30054,30054,100,1,8,9,0.1111111111111111,0.8888888888888888,Yes,0.8888888888888888
30055,30055,100,19,100,119,0.15966386554621848,0.8403361344537815,Yes,0.8403361344537815
30056,30056,100,14,108,122,0.11475409836065574,0.8852459016393442,Yes,0.8852459016393442
30057,30057,100,14,55,69,0.2028985507246377,0.7971014492753623,Yes,0.7971014492753623
30058,30058,100,13,54,67,0.19402985074626866,0.8059701492537313,Yes,0.8059701492537313
30059,30059,100,8,33,41,0.1951219512195122,0.8048780487804879,Yes,0.8048780487804879
30060,30060,100,20,97,117,0.17094017094017094,0.8290598290598291,Yes,0.8290598290598291
30061,30061,100,33,156,189,0.1746031746031746,0.8253968253968254,Yes,0.8253968253968254
30062,30062,100,9,48,57,0.15789473684210525,0.8421052631578947,Yes,0.8421052631578947
30064,30064,100,28,109,137,0.20437956204379562,0.7956204379562044,Yes,0.7956204379562044
30065,30065,100,36,194,230,0.1565217391304348,0.8434782608695652,Yes,0.8434782608695652
30066,30066,100,14,141,155,0.09032258064516129,0.9096774193548387,Yes,0.9096774193548387
30067,30067,100,18,95,113,0.1592920353982301,0.8407079646017699,Yes,0.8407079646017699
30068,30068,100,8,95,103,0.07766990291262135,0.9223300970873787,Yes,0.9223300970873787
30069,30069,100,22,131,153,0.1437908496732026,0.8562091503267973,Yes,0.8562091503267973
30070,30070,100,0,0,0,0,0,n/a,0
30071,30071,100,0,0,0,0,0,n/a,0
30072,30024,100,0,0,0,0,0,n/a,0
31001,31001,100,22,64,86,0.2558139534883721,0.7441860465116279,Yes,0.7441860465116279
31002,31002,100,24,114,138,0.17391304347826086,0.8260869565217391,Yes,0.8260869565217391
31003,31003,100,19,73,92,0.20652173913043478,0.7934782608695652,Yes,0.7934782608695652
31004,31004,100,16,43,59,0.2711864406779661,0.7288135593220338,Yes,0.7288135593220338
31005,31005,100,19,85,104,0.18269230769230768,0.8173076923076923,Yes,0.8173076923076923
31006,31006,100,0,6,6,0.0,1.0,Yes,1.0
31007,31007,100,6,30,36,0.16666666666666666,0.8333333333333334,Yes,0.8333333333333334
31008,31008,100,24,55,79,0.3037974683544304,0.6962025316455697,Yes,0.6962025316455697
31009,31009,100,10,56,66,0.15151515151515152,0.8484848484848485,Yes,0.8484848484848485
31010,31010,100,23,101,124,0.18548387096774194,0.8145161290322581,Yes,0.8145161290322581
31011,31011,100,27,103,130,0.2076923076923077,0.7923076923076923,Yes,0.7923076923076923
31012,31012,100,8,69,77,0.1038961038961039,0.8961038961038961,Yes,0.8961038961038961
31013,31013,100,17,92,109,0.1559633027522936,0.8440366972477065,Yes,0.8440366972477065
31014,31014,100,30,125,155,0.1935483870967742,0.8064516129032258,Yes,0.8064516129032258
31015,31015,100,18,105,123,0.14634146341463414,0.8536585365853658,Yes,0.8536585365853658
31016,31016,100,6,33,39,0.15384615384615385,0.8461538461538461,Yes,0.8461538461538461
31017,31017,100,19,71,90,0.2111111111111111,0.7888888888888889,Yes,0.7888888888888889
31018,31018,100,50,88,138,0.36231884057971014,0.6376811594202898,Yes,0.6376811594202898
31019,31019,100,42,147,189,0.2222222222222222,0.7777777777777778,Yes,0.7777777777777778
31020,31020,100,6,29,35,0.17142857142857143,0.8285714285714286,Yes,0.8285714285714286
31021,31021,100,0,3,3,0.0,1.0,Yes,1.0
31022,31022,100,32,73,105,0.3047619047619048,0.6952380952380952,Yes,0.6952380952380952
31023,31023,100,16,47,63,0.25396825396825395,0.746031746031746,Yes,0.746031746031746
31024,31024,100,70,96,166,0.42168674698795183,0.5783132530120482,Yes,0.5783132530120482
31025,31025,100,34,57,91,0.37362637362637363,0.6263736263736264,Yes,0.6263736263736264
31026,31026,100,17,80,97,0.17525773195876287,0.8247422680412371,Yes,0.8247422680412371
31027,31027,100,25,67,92,0.2717391304347826,0.7282608695652174,Yes,0.7282608695652174
31028,31028,100,20,56,76,0.2631578947368421,0.7368421052631579,Yes,0.7368421052631579
31029,31029,100,24,143,167,0.1437125748502994,0.8562874251497006,Yes,0.8562874251497006
31030,31030,100,2,2,4,0.5,0.5,Tie,0.5
31031,31030,100,0,0,0,0,0,n/a,0
31032,31032,100,36,154,190,0.18947368421052632,0.8105263157894737,Yes,0.8105263157894737
31033,31033,100,17,39,56,0.30357142857142855,0.6964285714285714,Yes,0.6964285714285714
31034,31034,100,31,142,173,0.1791907514450867,0.8208092485549133,Yes,0.8208092485549133
31035,31035,100,34,136,170,0.2,0.8,Yes,0.8
31036,31036,100,36,131,167,0.2155688622754491,0.7844311377245509,Yes,0.7844311377245509
31037,31037,100,30,161,191,0.15706806282722513,0.8429319371727748,Yes,0.8429319371727748
31038,31038,100,30,160,190,0.15789473684210525,0.8421052631578947,Yes,0.8421052631578947
31039,31039,100,15,77,92,0.16304347826086957,0.8369565217391305,Yes,0.8369565217391305
31040,31040,100,37,129,166,0.22289156626506024,0.7771084337349398,Yes,0.7771084337349398
31041,31041,100,13,108,121,0.10743801652892562,0.8925619834710744,Yes,0.8925619834710744
31042,31042,100,25,125,150,0.16666666666666666,0.8333333333333334,Yes,0.8333333333333334
31043,31043,100,30,143,173,0.17341040462427745,0.8265895953757225,Yes,0.8265895953757225
31044,31044,100,35,89,124,0.28225806451612906,0.717741935483871,Yes,0.717741935483871
31045,31045,100,13,79,92,0.14130434782608695,0.8586956521739131,Yes,0.8586956521739131
31046,31046,100,25,80,105,0.23809523809523808,0.7619047619047619,Yes,0.7619047619047619
31047,31047,100,20,108,128,0.15625,0.84375,Yes,0.84375
31048,31048,100,11,78,89,0.12359550561797752,0.8764044943820225,Yes,0.8764044943820225
31049,31049,100,27,125,152,0.17763157894736842,0.8223684210526315,Yes,0.8223684210526315
31050,31050,100,18,57,75,0.24,0.76,Yes,0.76
31051,31051,100,51,153,204,0.25,0.75,Yes,0.75
31052,31052,100,35,146,181,0.19337016574585636,0.8066298342541437,Yes,0.8066298342541437
31053,31053,100,37,199,236,0.15677966101694915,0.8432203389830508,Yes,0.8432203389830508
31054,31054,100,31,152,183,0.16939890710382513,0.8306010928961749,Yes,0.8306010928961749
31055,31055,100,14,53,67,0.208955223880597,0.7910447761194029,Yes,0.7910447761194029
31056,31056,100,8,34,42,0.19047619047619047,0.8095238095238095,Yes,0.8095238095238095
31057,31057,100,16,68,84,0.19047619047619047,0.8095238095238095,Yes,0.8095238095238095
31058,31058,100,24,86,110,0.21818181818181817,0.7818181818181819,Yes,0.7818181818181819
31059,31059,100,26,115,141,0.18439716312056736,0.8156028368794326,Yes,0.8156028368794326
31060,31060,100,0,0,0,0,0,n/a,0
31061,31061,100,14,104,118,0.11864406779661017,0.8813559322033898,Yes,0.8813559322033898
31062,31062,100,12,76,88,0.13636363636363635,0.8636363636363636,Yes,0.8636363636363636
31063,31063,100,28,107,135,0.2074074074074074,0.7925925925925926,Yes,0.7925925925925926
31064,31064,100,26,141,167,0.15568862275449102,0.844311377245509,Yes,0.844311377245509
31065,31020,100,0,0,0,0,0,n/a,0
31066,31020,100,0,0,0,0,0,n/a,0
31067,31020,100,0,0,0,0,0,n/a,0
31068,31020,100,0,0,0,0,0,n/a,0
31069,31020,100,0,0,0,0,0,n/a,0
31070,31020,100,0,0,0,0,0,n/a,0
31071,31071,100,0,0,0,0,0,n/a,0
31072,31072,100,0,0,0,0,0,n/a,0
31073,31073,100,0,0,0,0,0,n/a,0
31074,31074,100,0,0,0,0,0,n/a,0
31075,31020,100,0,0,0,0,0,n/a,0
31076,31020,100,0,0,0,0,0,n/a,0
31077,31077,100,0,0,0,0,0,n/a,0
32001,32001,100,17,95,112,0.15178571428571427,0.8482142857142857,Yes,0.8482142857142857
32002,32002,100,0,1,1,0.0,1.0,Yes,1.0
32003,32003,100,17,78,95,0.17894736842105263,0.8210526315789474,Yes,0.8210526315789474
32004,32004,100,25,135,160,0.15625,0.84375,Yes,0.84375
32005,32005,100,8,39,47,0.1702127659574468,0.8297872340425532,Yes,0.8297872340425532
32006,32006,100,14,79,93,0.15053763440860216,0.8494623655913979,Yes,0.8494623655913979
32007,32007,100,3,2,5,0.6,0.4,No,0.6
32008,32008,100,0,10,10,0.0,1.0,Yes,1.0
32009,32009,100,1,15,16,0.0625,0.9375,Yes,0.9375
32010,32010,100,0,6,6,0.0,1.0,Yes,1.0
32011,32011,100,10,42,52,0.19230769230769232,0.8076923076923077,Yes,0.8076923076923077
32013,32013,100,0,12,12,0.0,1.0,Yes,1.0
32012,32013,100,0,0,0,0,0,n/a,0
32014,32014,100,1,1,2,0.5,0.5,Tie,0.5
32015,32015,100,22,103,125,0.176,0.824,Yes,0.824
32016,32016,100,17,80,97,0.17525773195876287,0.8247422680412371,Yes,0.8247422680412371
32017,32017,100,16,71,87,0.1839080459770115,0.8160919540229885,Yes,0.8160919540229885
32018,32018,100,13,61,74,0.17567567567567569,0.8243243243243243,Yes,0.8243243243243243
32019,32019,100,17,63,80,0.2125,0.7875,Yes,0.7875
32020,32020,100,6,24,30,0.2,0.8,Yes,0.8
32021,32021,100,8,79,87,0.09195402298850575,0.9080459770114943,Yes,0.9080459770114943
32022,32022,100,14,76,90,0.15555555555555556,0.8444444444444444,Yes,0.8444444444444444
32023,32023,100,19,76,95,0.2,0.8,Yes,0.8
32024,32024,100,14,72,86,0.16279069767441862,0.8372093023255814,Yes,0.8372093023255814
32025,32025,100,17,66,83,0.20481927710843373,0.7951807228915663,Yes,0.7951807228915663
32026,32026,100,10,70,80,0.125,0.875,Yes,0.875
32027,32027,100,22,93,115,0.19130434782608696,0.808695652173913,Yes,0.808695652173913
32028,32028,100,17,83,100,0.17,0.83,Yes,0.83
32029,32029,100,37,83,120,0.30833333333333335,0.6916666666666667,Yes,0.6916666666666667
32030,32030,100,27,55,82,0.32926829268292684,0.6707317073170732,Yes,0.6707317073170732
32031,32031,100,15,106,121,0.12396694214876033,0.8760330578512396,Yes,0.8760330578512396
32032,32032,100,22,67,89,0.24719101123595505,0.7528089887640449,Yes,0.7528089887640449
32033,32033,100,22,103,125,0.176,0.824,Yes,0.824
32034,32034,100,42,98,140,0.3,0.7,Yes,0.7
32035,32035,100,21,82,103,0.20388349514563106,0.7961165048543689,Yes,0.7961165048543689
32036,32036,100,15,57,72,0.20833333333333334,0.7916666666666666,Yes,0.7916666666666666
32037,32037,100,4,31,35,0.11428571428571428,0.8857142857142857,Yes,0.8857142857142857
32038,32038,100,30,98,128,0.234375,0.765625,Yes,0.765625
32039,32039,100,29,138,167,0.17365269461077845,0.8263473053892215,Yes,0.8263473053892215
32040,32040,100,23,113,136,0.16911764705882354,0.8308823529411765,Yes,0.8308823529411765
32041,32041,100,39,131,170,0.22941176470588234,0.7705882352941177,Yes,0.7705882352941177
32042,32042,100,21,141,162,0.12962962962962962,0.8703703703703703,Yes,0.8703703703703703
32043,32043,100,22,61,83,0.26506024096385544,0.7349397590361446,Yes,0.7349397590361446
32044,32044,100,8,37,45,0.17777777777777778,0.8222222222222222,Yes,0.8222222222222222
32045,32045,100,34,133,167,0.20359281437125748,0.7964071856287425,Yes,0.7964071856287425
32046,32046,100,22,118,140,0.15714285714285714,0.8428571428571429,Yes,0.8428571428571429
32047,32047,100,24,91,115,0.20869565217391303,0.7913043478260869,Yes,0.7913043478260869
32048,32048,100,23,64,87,0.26436781609195403,0.735632183908046,Yes,0.735632183908046
32049,32049,100,24,125,149,0.1610738255033557,0.8389261744966443,Yes,0.8389261744966443
32050,32050,100,33,95,128,0.2578125,0.7421875,Yes,0.7421875
32051,32051,100,7,95,102,0.06862745098039216,0.9313725490196079,Yes,0.9313725490196079
32052,32052,100,25,64,89,0.2808988764044944,0.7191011235955056,Yes,0.7191011235955056
32053,32053,100,27,141,168,0.16071428571428573,0.8392857142857143,Yes,0.8392857142857143
32054,32054,100,13,98,111,0.11711711711711711,0.8828828828828829,Yes,0.8828828828828829
32055,32055,100,30,113,143,0.2097902097902098,0.7902097902097902,Yes,0.7902097902097902
32056,32056,100,7,52,59,0.11864406779661017,0.8813559322033898,Yes,0.8813559322033898
32057,32057,100,39,185,224,0.17410714285714285,0.8258928571428571,Yes,0.8258928571428571
32058,32058,100,27,88,115,0.23478260869565218,0.7652173913043478,Yes,0.7652173913043478
32059,32059,100,40,133,173,0.23121387283236994,0.7687861271676301,Yes,0.7687861271676301
32060,32060,100,56,185,241,0.23236514522821577,0.7676348547717843,Yes,0.7676348547717843
32061,32061,100,42,175,217,0.1935483870967742,0.8064516129032258,Yes,0.8064516129032258
32062,32062,100,58,219,277,0.20938628158844766,0.7906137184115524,Yes,0.7906137184115524
32063,32063,100,62,178,240,0.25833333333333336,0.7416666666666667,Yes,0.7416666666666667
32064,32064,100,56,112,168,0.3333333333333333,0.6666666666666666,Yes,0.6666666666666666
32065,32065,100,45,112,157,0.28662420382165604,0.7133757961783439,Yes,0.7133757961783439
32066,32066,100,43,96,139,0.30935251798561153,0.6906474820143885,Yes,0.6906474820143885
32067,32067,100,69,143,212,0.32547169811320753,0.6745283018867925,Yes,0.6745283018867925
32068,32068,100,41,126,167,0.24550898203592814,0.7544910179640718,Yes,0.7544910179640718
32069,32069,100,38,141,179,0.2122905027932961,0.7877094972067039,Yes,0.7877094972067039
32070,32070,100,45,162,207,0.21739130434782608,0.782608695652174,Yes,0.782608695652174
32071,32071,100,76,95,171,0.4444444444444444,0.5555555555555556,Yes,0.5555555555555556
32072,32072,100,26,75,101,0.25742574257425743,0.7425742574257426,Yes,0.7425742574257426
32073,32073,100,72,111,183,0.39344262295081966,0.6065573770491803,Yes,0.6065573770491803
32074,32074,100,29,111,140,0.20714285714285716,0.7928571428571428,Yes,0.7928571428571428
32075,32075,100,27,92,119,0.226890756302521,0.773109243697479,Yes,0.773109243697479
32076,32056,100,0,0,0,0,0,n/a,0
32077,32077,100,16,99,115,0.1391304347826087,0.8608695652173913,Yes,0.8608695652173913
32078,32078,100,33,113,146,0.22602739726027396,0.773972602739726,Yes,0.773972602739726
33001,33001,100,50,118,168,0.2976190476190476,0.7023809523809523,Yes,0.7023809523809523
33002,33002,100,46,165,211,0.21800947867298578,0.7819905213270142,Yes,0.7819905213270142
33003,33003,100,46,116,162,0.2839506172839506,0.7160493827160493,Yes,0.7160493827160493
33004,33004,100,37,86,123,0.3008130081300813,0.6991869918699187,Yes,0.6991869918699187
33005,33005,100,42,94,136,0.3088235294117647,0.6911764705882353,Yes,0.6911764705882353
33006,33006,100,50,147,197,0.25380710659898476,0.7461928934010152,Yes,0.7461928934010152
33007,33007,100,42,142,184,0.22826086956521738,0.7717391304347826,Yes,0.7717391304347826
33008,33008,100,33,105,138,0.2391304347826087,0.7608695652173914,Yes,0.7608695652173914
33009,33009,100,43,142,185,0.23243243243243245,0.7675675675675676,Yes,0.7675675675675676
33010,33010,100,31,93,124,0.25,0.75,Yes,0.75
33011,33011,100,25,110,135,0.18518518518518517,0.8148148148148148,Yes,0.8148148148148148
33012,33012,100,48,138,186,0.25806451612903225,0.7419354838709677,Yes,0.7419354838709677
33013,33013,100,37,147,184,0.20108695652173914,0.7989130434782609,Yes,0.7989130434782609
33014,33014,100,19,78,97,0.1958762886597938,0.8041237113402062,Yes,0.8041237113402062
33015,33015,100,23,65,88,0.26136363636363635,0.7386363636363636,Yes,0.7386363636363636
33016,33016,100,4,11,15,0.26666666666666666,0.7333333333333333,Yes,0.7333333333333333
33017,33017,100,32,64,96,0.3333333333333333,0.6666666666666666,Yes,0.6666666666666666
33018,33018,100,39,140,179,0.21787709497206703,0.7821229050279329,Yes,0.7821229050279329
33019,33019,100,23,83,106,0.2169811320754717,0.7830188679245284,Yes,0.7830188679245284
33020,33020,100,29,98,127,0.2283464566929134,0.7716535433070866,Yes,0.7716535433070866
33021,33021,100,31,83,114,0.2719298245614035,0.7280701754385965,Yes,0.7280701754385965
33022,33022,100,19,64,83,0.2289156626506024,0.7710843373493976,Yes,0.7710843373493976
33023,33023,100,13,50,63,0.20634920634920634,0.7936507936507936,Yes,0.7936507936507936
33024,33024,100,15,80,95,0.15789473684210525,0.8421052631578947,Yes,0.8421052631578947
33025,33025,100,26,98,124,0.20967741935483872,0.7903225806451613,Yes,0.7903225806451613
33026,33026,100,22,65,87,0.25287356321839083,0.7471264367816092,Yes,0.7471264367816092
33027,33027,100,28,128,156,0.1794871794871795,0.8205128205128205,Yes,0.8205128205128205
33028,33028,100,29,103,132,0.2196969696969697,0.7803030303030303,Yes,0.7803030303030303
33029,33029,100,20,89,109,0.1834862385321101,0.8165137614678899,Yes,0.8165137614678899
33030,33030,100,38,149,187,0.20320855614973263,0.7967914438502673,Yes,0.7967914438502673
33031,33031,100,32,94,126,0.25396825396825395,0.746031746031746,Yes,0.746031746031746
33032,33032,100,74,151,225,0.3288888888888889,0.6711111111111111,Yes,0.6711111111111111
33033,33033,100,29,125,154,0.18831168831168832,0.8116883116883117,Yes,0.8116883116883117
33034,33034,100,30,110,140,0.21428571428571427,0.7857142857142857,Yes,0.7857142857142857
33035,33035,100,23,125,148,0.1554054054054054,0.8445945945945946,Yes,0.8445945945945946
33036,33036,100,27,113,140,0.19285714285714287,0.8071428571428572,Yes,0.8071428571428572
33037,33037,100,45,149,194,0.23195876288659795,0.7680412371134021,Yes,0.7680412371134021
33038,33038,100,40,145,185,0.21621621621621623,0.7837837837837838,Yes,0.7837837837837838
33039,33039,100,20,97,117,0.17094017094017094,0.8290598290598291,Yes,0.8290598290598291
33040,33040,100,22,129,151,0.1456953642384106,0.8543046357615894,Yes,0.8543046357615894
33041,33041,100,33,133,166,0.19879518072289157,0.8012048192771084,Yes,0.8012048192771084
33042,33042,100,29,117,146,0.19863013698630136,0.8013698630136986,Yes,0.8013698630136986
33043,33043,100,10,68,78,0.1282051282051282,0.8717948717948718,Yes,0.8717948717948718
33044,33044,100,29,98,127,0.2283464566929134,0.7716535433070866,Yes,0.7716535433070866
33045,33045,100,21,76,97,0.21649484536082475,0.7835051546391752,Yes,0.7835051546391752
33046,33046,100,23,90,113,0.20353982300884957,0.7964601769911505,Yes,0.7964601769911505
33047,33047,100,24,102,126,0.19047619047619047,0.8095238095238095,Yes,0.8095238095238095
33048,33048,100,18,119,137,0.13138686131386862,0.8686131386861314,Yes,0.8686131386861314
33049,33049,100,36,93,129,0.27906976744186046,0.7209302325581395,Yes,0.7209302325581395
33050,33050,100,77,64,141,0.5460992907801419,0.45390070921985815,No,0.5460992907801419
33051,33051,100,38,132,170,0.2235294117647059,0.7764705882352941,Yes,0.7764705882352941
33052,33052,100,30,138,168,0.17857142857142858,0.8214285714285714,Yes,0.8214285714285714
33053,33053,100,29,162,191,0.1518324607329843,0.8481675392670157,Yes,0.8481675392670157
33054,33054,100,28,115,143,0.1958041958041958,0.8041958041958042,Yes,0.8041958041958042
33055,33055,100,38,187,225,0.1688888888888889,0.8311111111111111,Yes,0.8311111111111111
33056,33056,100,41,194,235,0.17446808510638298,0.825531914893617,Yes,0.825531914893617
33057,33057,100,54,161,215,0.25116279069767444,0.7488372093023256,Yes,0.7488372093023256
33058,33058,100,46,95,141,0.3262411347517731,0.6737588652482269,Yes,0.6737588652482269
33059,33059,100,32,101,133,0.24060150375939848,0.7593984962406015,Yes,0.7593984962406015
33060,33060,100,22,112,134,0.16417910447761194,0.835820895522388,Yes,0.835820895522388
33061,33061,100,28,128,156,0.1794871794871795,0.8205128205128205,Yes,0.8205128205128205
33062,33062,100,24,114,138,0.17391304347826086,0.8260869565217391,Yes,0.8260869565217391
33063,33063,100,41,177,218,0.18807339449541285,0.8119266055045872,Yes,0.8119266055045872
33064,33064,100,28,89,117,0.23931623931623933,0.7606837606837606,Yes,0.7606837606837606
33065,33065,100,35,225,260,0.1346153846153846,0.8653846153846154,Yes,0.8653846153846154
33066,33066,100,27,177,204,0.1323529411764706,0.8676470588235294,Yes,0.8676470588235294
33067,33067,100,55,192,247,0.22267206477732793,0.7773279352226721,Yes,0.7773279352226721
33068,33068,100,61,253,314,0.1942675159235669,0.8057324840764332,Yes,0.8057324840764332
33069,33069,100,20,126,146,0.136986301369863,0.863013698630137,Yes,0.863013698630137
33070,33070,100,32,150,182,0.17582417582417584,0.8241758241758241,Yes,0.8241758241758241
33071,33071,100,29,112,141,0.20567375886524822,0.7943262411347518,Yes,0.7943262411347518
33072,33072,100,38,128,166,0.2289156626506024,0.7710843373493976,Yes,0.7710843373493976
33073,33073,100,24,70,94,0.2553191489361702,0.7446808510638298,Yes,0.7446808510638298
34001,34001,100,9,75,84,0.10714285714285714,0.8928571428571429,Yes,0.8928571428571429
34002,34002,100,8,59,67,0.11940298507462686,0.8805970149253731,Yes,0.8805970149253731
34003,34003,100,13,55,68,0.19117647058823528,0.8088235294117647,Yes,0.8088235294117647
34004,34004,100,7,59,66,0.10606060606060606,0.8939393939393939,Yes,0.8939393939393939
34005,34005,100,10,68,78,0.1282051282051282,0.8717948717948718,Yes,0.8717948717948718
34006,34006,100,4,48,52,0.07692307692307693,0.9230769230769231,Yes,0.9230769230769231
34007,34007,100,9,89,98,0.09183673469387756,0.9081632653061225,Yes,0.9081632653061225
34008,34008,100,8,71,79,0.10126582278481013,0.8987341772151899,Yes,0.8987341772151899
34009,34009,100,6,57,63,0.09523809523809523,0.9047619047619048,Yes,0.9047619047619048
34010,34010,100,26,62,88,0.29545454545454547,0.7045454545454546,Yes,0.7045454545454546
34011,34011,100,12,71,83,0.14457831325301204,0.8554216867469879,Yes,0.8554216867469879
34012,34012,100,1,37,38,0.02631578947368421,0.9736842105263158,Yes,0.9736842105263158
34013,34013,100,27,157,184,0.14673913043478262,0.8532608695652174,Yes,0.8532608695652174
34014,34014,100,5,40,45,0.1111111111111111,0.8888888888888888,Yes,0.8888888888888888
34015,34015,100,21,92,113,0.18584070796460178,0.8141592920353983,Yes,0.8141592920353983
34016,34016,100,31,174,205,0.15121951219512195,0.848780487804878,Yes,0.848780487804878
34017,34017,100,52,165,217,0.23963133640552994,0.7603686635944701,Yes,0.7603686635944701
34018,34018,100,33,157,190,0.1736842105263158,0.8263157894736842,Yes,0.8263157894736842
34019,34019,100,29,136,165,0.17575757575757575,0.8242424242424242,Yes,0.8242424242424242
34020,34020,100,24,112,136,0.17647058823529413,0.8235294117647058,Yes,0.8235294117647058
34021,34021,100,18,74,92,0.1956521739130435,0.8043478260869565,Yes,0.8043478260869565
34022,34022,100,33,120,153,0.21568627450980393,0.7843137254901961,Yes,0.7843137254901961
34023,34023,100,27,127,154,0.17532467532467533,0.8246753246753247,Yes,0.8246753246753247
34024,34024,100,37,169,206,0.1796116504854369,0.8203883495145631,Yes,0.8203883495145631
34025,34025,100,47,304,351,0.1339031339031339,0.8660968660968661,Yes,0.8660968660968661
34026,34026,100,23,120,143,0.16083916083916083,0.8391608391608392,Yes,0.8391608391608392
34027,34027,100,15,114,129,0.11627906976744186,0.8837209302325582,Yes,0.8837209302325582
34028,34028,100,18,122,140,0.12857142857142856,0.8714285714285714,Yes,0.8714285714285714
34029,34029,100,8,91,99,0.08080808080808081,0.9191919191919192,Yes,0.9191919191919192
34030,34030,100,0,4,4,0.0,1.0,Yes,1.0
34031,34031,100,1,29,30,0.03333333333333333,0.9666666666666667,Yes,0.9666666666666667
34032,34032,100,4,16,20,0.2,0.8,Yes,0.8
34033,34033,100,2,13,15,0.13333333333333333,0.8666666666666667,Yes,0.8666666666666667
34034,34034,100,0,20,20,0.0,1.0,Yes,1.0
34035,34035,100,10,79,89,0.11235955056179775,0.8876404494382022,Yes,0.8876404494382022
34036,34036,100,24,95,119,0.20168067226890757,0.7983193277310925,Yes,0.7983193277310925
34037,34037,100,20,89,109,0.1834862385321101,0.8165137614678899,Yes,0.8165137614678899
34038,34038,100,6,46,52,0.11538461538461539,0.8846153846153846,Yes,0.8846153846153846
34039,34039,100,14,62,76,0.18421052631578946,0.8157894736842105,Yes,0.8157894736842105
34040,34040,100,30,109,139,0.2158273381294964,0.7841726618705036,Yes,0.7841726618705036
34041,34041,100,14,39,53,0.2641509433962264,0.7358490566037735,Yes,0.7358490566037735
34042,34042,100,10,44,54,0.18518518518518517,0.8148148148148148,Yes,0.8148148148148148
34043,34043,100,6,41,47,0.1276595744680851,0.8723404255319149,Yes,0.8723404255319149
34044,34044,100,3,33,36,0.08333333333333333,0.9166666666666666,Yes,0.9166666666666666
34045,34045,100,22,88,110,0.2,0.8,Yes,0.8
34046,34046,100,8,28,36,0.2222222222222222,0.7777777777777778,Yes,0.7777777777777778
34047,34047,100,3,6,9,0.3333333333333333,0.6666666666666666,Yes,0.6666666666666666
34048,34048,100,11,22,33,0.3333333333333333,0.6666666666666666,Yes,0.6666666666666666
34049,34049,100,14,96,110,0.12727272727272726,0.8727272727272727,Yes,0.8727272727272727
34050,34050,100,17,97,114,0.14912280701754385,0.8508771929824561,Yes,0.8508771929824561
34051,34051,100,19,129,148,0.12837837837837837,0.8716216216216216,Yes,0.8716216216216216
34052,34052,100,9,71,80,0.1125,0.8875,Yes,0.8875
34053,34053,100,3,9,12,0.25,0.75,Yes,0.75
34056,34056,100,3,7,10,0.3,0.7,Yes,0.7
34054,34056,100,0,0,0,0,0,n/a,0
34055,34053,100,0,0,0,0,0,n/a,0
34057,34057,100,2,16,18,0.1111111111111111,0.8888888888888888,Yes,0.8888888888888888
34058,34057,100,0,0,0,0,0,n/a,0
34059,34059,100,0,2,2,0.0,1.0,Yes,1.0
34060,34060,100,9,70,79,0.11392405063291139,0.8860759493670886,Yes,0.8860759493670886
34061,34061,100,0,1,1,0.0,1.0,Yes,1.0
34062,34062,100,4,24,28,0.14285714285714285,0.8571428571428571,Yes,0.8571428571428571
34063,34063,100,36,174,210,0.17142857142857143,0.8285714285714286,Yes,0.8285714285714286
34064,34030,100,0,0,0,0,0,n/a,0
35001,35001,100,5,18,23,0.21739130434782608,0.782608695652174,Yes,0.782608695652174
35002,35002,100,15,51,66,0.22727272727272727,0.7727272727272727,Yes,0.7727272727272727
35003,35003,100,15,78,93,0.16129032258064516,0.8387096774193549,Yes,0.8387096774193549
35004,35004,100,14,35,49,0.2857142857142857,0.7142857142857143,Yes,0.7142857142857143
35005,35005,100,23,72,95,0.24210526315789474,0.7578947368421053,Yes,0.7578947368421053
35006,35006,100,3,40,43,0.06976744186046512,0.9302325581395349,Yes,0.9302325581395349
35007,35007,100,33,108,141,0.23404255319148937,0.7659574468085106,Yes,0.7659574468085106
35008,35008,100,6,42,48,0.125,0.875,Yes,0.875
35009,35009,100,20,86,106,0.18867924528301888,0.8113207547169812,Yes,0.8113207547169812
35010,35010,100,18,93,111,0.16216216216216217,0.8378378378378378,Yes,0.8378378378378378
35011,35011,100,10,38,48,0.20833333333333334,0.7916666666666666,Yes,0.7916666666666666
35012,35012,100,14,72,86,0.16279069767441862,0.8372093023255814,Yes,0.8372093023255814
35013,35013,100,17,59,76,0.2236842105263158,0.7763157894736842,Yes,0.7763157894736842
35014,35014,100,10,33,43,0.23255813953488372,0.7674418604651163,Yes,0.7674418604651163
35015,35015,100,27,161,188,0.14361702127659576,0.8563829787234043,Yes,0.8563829787234043
35016,35016,100,26,96,122,0.21311475409836064,0.7868852459016393,Yes,0.7868852459016393
35017,35017,100,13,121,134,0.09701492537313433,0.9029850746268657,Yes,0.9029850746268657
35018,35018,100,24,122,146,0.1643835616438356,0.8356164383561644,Yes,0.8356164383561644
35019,35019,100,15,78,93,0.16129032258064516,0.8387096774193549,Yes,0.8387096774193549
35020,35020,100,39,175,214,0.1822429906542056,0.8177570093457944,Yes,0.8177570093457944
35021,35021,100,53,169,222,0.23873873873873874,0.7612612612612613,Yes,0.7612612612612613
35022,35022,100,10,74,84,0.11904761904761904,0.8809523809523809,Yes,0.8809523809523809
35023,35023,100,31,127,158,0.1962025316455696,0.8037974683544303,Yes,0.8037974683544303
35024,35024,100,18,95,113,0.1592920353982301,0.8407079646017699,Yes,0.8407079646017699
35025,35025,100,35,153,188,0.18617021276595744,0.8138297872340425,Yes,0.8138297872340425
35026,35026,100,16,116,132,0.12121212121212122,0.8787878787878788,Yes,0.8787878787878788
35027,35027,100,26,110,136,0.19117647058823528,0.8088235294117647,Yes,0.8088235294117647
35028,35028,100,6,22,28,0.21428571428571427,0.7857142857142857,Yes,0.7857142857142857
35029,35029,100,0,3,3,0.0,1.0,Yes,1.0
35030,35030,100,7,27,34,0.20588235294117646,0.7941176470588235,Yes,0.7941176470588235
35034,35034,100,11,17,28,0.39285714285714285,0.6071428571428571,Yes,0.6071428571428571
35031,35034,100,0,0,0,0,0,n/a,0
35032,35032,100,14,77,91,0.15384615384615385,0.8461538461538461,Yes,0.8461538461538461
35033,35033,100,16,87,103,0.1553398058252427,0.8446601941747572,Yes,0.8446601941747572
35035,35035,100,6,38,44,0.13636363636363635,0.8636363636363636,Yes,0.8636363636363636
35036,35036,100,1,4,5,0.2,0.8,Yes,0.8
35037,35037,100,11,43,54,0.2037037037037037,0.7962962962962963,Yes,0.7962962962962963
35038,35038,100,11,49,60,0.18333333333333332,0.8166666666666667,Yes,0.8166666666666667
35039,35039,100,34,103,137,0.24817518248175183,0.7518248175182481,Yes,0.7518248175182481
35040,35040,100,10,66,76,0.13157894736842105,0.868421052631579,Yes,0.868421052631579
35041,35041,100,17,115,132,0.12878787878787878,0.8712121212121212,Yes,0.8712121212121212
35042,35042,100,8,68,76,0.10526315789473684,0.8947368421052632,Yes,0.8947368421052632
35043,35043,100,19,99,118,0.16101694915254236,0.8389830508474576,Yes,0.8389830508474576
35044,35044,100,15,95,110,0.13636363636363635,0.8636363636363636,Yes,0.8636363636363636
35045,35045,100,18,74,92,0.1956521739130435,0.8043478260869565,Yes,0.8043478260869565
35046,35046,100,20,107,127,0.15748031496062992,0.84251968503937,Yes,0.84251968503937
35047,35047,100,22,63,85,0.25882352941176473,0.7411764705882353,Yes,0.7411764705882353
35048,35048,100,25,150,175,0.14285714285714285,0.8571428571428571,Yes,0.8571428571428571
35049,35049,100,7,34,41,0.17073170731707318,0.8292682926829268,Yes,0.8292682926829268
35050,35050,100,19,95,114,0.16666666666666666,0.8333333333333334,Yes,0.8333333333333334
35051,35051,100,31,153,184,0.16847826086956522,0.8315217391304348,Yes,0.8315217391304348
35052,35052,100,23,145,168,0.13690476190476192,0.8630952380952381,Yes,0.8630952380952381
35053,35053,100,38,144,182,0.2087912087912088,0.7912087912087912,Yes,0.7912087912087912
35054,35054,100,0,0,0,0,0,n/a,0
35055,35055,100,0,0,0,0,0,n/a,0
35056,35056,100,0,0,0,0,0,n/a,0
35057,35035,100,0,0,0,0,0,n/a,0
35058,35035,100,0,0,0,0,0,n/a,0
35059,35059,100,0,0,0,0,0,n/a,0
35060,35056,100,0,0,0,0,0,n/a,0
35061,35061,100,0,0,0,0,0,n/a,0
35062,35055,100,0,0,0,0,0,n/a,0
36001,36001,100,66,249,315,0.20952380952380953,0.7904761904761904,Yes,0.7904761904761904
36002,36002,100,48,209,257,0.1867704280155642,0.8132295719844358,Yes,0.8132295719844358
36003,36003,100,17,140,157,0.10828025477707007,0.89171974522293,Yes,0.89171974522293
36004,36004,100,25,124,149,0.16778523489932887,0.8322147651006712,Yes,0.8322147651006712
36005,36005,100,16,122,138,0.11594202898550725,0.8840579710144928,Yes,0.8840579710144928
36006,36006,100,11,123,134,0.08208955223880597,0.917910447761194,Yes,0.917910447761194
36007,36007,100,24,139,163,0.147239263803681,0.852760736196319,Yes,0.852760736196319
36008,36008,100,21,174,195,0.1076923076923077,0.8923076923076924,Yes,0.8923076923076924
36009,36009,100,16,147,163,0.09815950920245399,0.901840490797546,Yes,0.901840490797546
36010,36010,100,20,147,167,0.11976047904191617,0.8802395209580839,Yes,0.8802395209580839
36011,36011,100,11,103,114,0.09649122807017543,0.9035087719298246,Yes,0.9035087719298246
36012,36012,100,18,138,156,0.11538461538461539,0.8846153846153846,Yes,0.8846153846153846
36013,36013,100,25,149,174,0.14367816091954022,0.8563218390804598,Yes,0.8563218390804598
36014,36014,100,23,115,138,0.16666666666666666,0.8333333333333334,Yes,0.8333333333333334
36015,36015,100,22,107,129,0.17054263565891473,0.8294573643410853,Yes,0.8294573643410853
36016,36016,100,17,138,155,0.10967741935483871,0.8903225806451613,Yes,0.8903225806451613
36017,36017,100,26,131,157,0.16560509554140126,0.8343949044585988,Yes,0.8343949044585988
36018,36018,100,22,136,158,0.13924050632911392,0.8607594936708861,Yes,0.8607594936708861
36019,36019,100,18,116,134,0.13432835820895522,0.8656716417910447,Yes,0.8656716417910447
36020,36020,100,26,177,203,0.12807881773399016,0.8719211822660099,Yes,0.8719211822660099
36021,36021,100,13,116,129,0.10077519379844961,0.8992248062015504,Yes,0.8992248062015504
36022,36022,100,30,104,134,0.22388059701492538,0.7761194029850746,Yes,0.7761194029850746
36023,36023,100,20,81,101,0.19801980198019803,0.801980198019802,Yes,0.801980198019802
36024,36024,100,14,104,118,0.11864406779661017,0.8813559322033898,Yes,0.8813559322033898
36025,36025,100,13,95,108,0.12037037037037036,0.8796296296296297,Yes,0.8796296296296297
36026,36026,100,13,81,94,0.13829787234042554,0.8617021276595744,Yes,0.8617021276595744
36027,36027,100,11,104,115,0.09565217391304348,0.9043478260869565,Yes,0.9043478260869565
36028,36028,100,14,95,109,0.12844036697247707,0.8715596330275229,Yes,0.8715596330275229
36029,36029,100,28,81,109,0.25688073394495414,0.7431192660550459,Yes,0.7431192660550459
36030,36030,100,20,63,83,0.24096385542168675,0.7590361445783133,Yes,0.7590361445783133
36031,36031,100,23,138,161,0.14285714285714285,0.8571428571428571,Yes,0.8571428571428571
36032,36032,100,22,96,118,0.1864406779661017,0.8135593220338984,Yes,0.8135593220338984
36033,36033,100,24,130,154,0.15584415584415584,0.8441558441558441,Yes,0.8441558441558441
36034,36034,100,20,99,119,0.16806722689075632,0.8319327731092437,Yes,0.8319327731092437
36035,36035,100,30,142,172,0.1744186046511628,0.8255813953488372,Yes,0.8255813953488372
36036,36036,100,17,142,159,0.1069182389937107,0.8930817610062893,Yes,0.8930817610062893
36037,36037,100,23,152,175,0.13142857142857142,0.8685714285714285,Yes,0.8685714285714285
36038,36038,100,33,136,169,0.1952662721893491,0.8047337278106509,Yes,0.8047337278106509
36039,36039,100,15,148,163,0.09202453987730061,0.9079754601226994,Yes,0.9079754601226994
36040,36040,100,27,137,164,0.16463414634146342,0.8353658536585366,Yes,0.8353658536585366
36041,36041,100,27,142,169,0.15976331360946747,0.8402366863905325,Yes,0.8402366863905325
36042,36042,100,19,124,143,0.13286713286713286,0.8671328671328671,Yes,0.8671328671328671
36043,36043,100,5,28,33,0.15151515151515152,0.8484848484848485,Yes,0.8484848484848485
36044,36044,100,2,9,11,0.18181818181818182,0.8181818181818182,Yes,0.8181818181818182
36045,36045,100,11,71,82,0.13414634146341464,0.8658536585365854,Yes,0.8658536585365854
36046,36046,100,25,86,111,0.22522522522522523,0.7747747747747747,Yes,0.7747747747747747
36047,36047,100,30,103,133,0.22556390977443608,0.7744360902255639,Yes,0.7744360902255639
36048,36048,100,37,102,139,0.26618705035971224,0.7338129496402878,Yes,0.7338129496402878
36049,36049,100,18,122,140,0.12857142857142856,0.8714285714285714,Yes,0.8714285714285714
36050,36050,100,6,17,23,0.2608695652173913,0.7391304347826086,Yes,0.7391304347826086
36051,36051,100,3,9,12,0.25,0.75,Yes,0.75
36052,36052,100,17,124,141,0.12056737588652482,0.8794326241134752,Yes,0.8794326241134752
36053,36053,100,27,148,175,0.15428571428571428,0.8457142857142858,Yes,0.8457142857142858
36054,36054,100,26,77,103,0.2524271844660194,0.7475728155339806,Yes,0.7475728155339806
36055,36055,100,39,147,186,0.20967741935483872,0.7903225806451613,Yes,0.7903225806451613
36056,36056,100,28,95,123,0.22764227642276422,0.7723577235772358,Yes,0.7723577235772358
36057,36057,100,15,111,126,0.11904761904761904,0.8809523809523809,Yes,0.8809523809523809
36058,36058,100,17,96,113,0.1504424778761062,0.8495575221238938,Yes,0.8495575221238938
36059,36059,100,21,92,113,0.18584070796460178,0.8141592920353983,Yes,0.8141592920353983
36060,36060,100,16,97,113,0.1415929203539823,0.8584070796460177,Yes,0.8584070796460177
36061,36061,100,30,103,133,0.22556390977443608,0.7744360902255639,Yes,0.7744360902255639
36062,36062,100,21,100,121,0.17355371900826447,0.8264462809917356,Yes,0.8264462809917356
36063,36063,100,12,79,91,0.13186813186813187,0.8681318681318682,Yes,0.8681318681318682
36064,36064,100,19,144,163,0.1165644171779141,0.8834355828220859,Yes,0.8834355828220859
36065,36065,100,3,35,38,0.07894736842105263,0.9210526315789473,Yes,0.9210526315789473
36066,36066,100,9,73,82,0.10975609756097561,0.8902439024390244,Yes,0.8902439024390244
36067,36067,100,10,102,112,0.08928571428571429,0.9107142857142857,Yes,0.9107142857142857
36068,36068,100,0,0,0,0,0,n/a,0
36069,36050,100,0,0,0,0,0,n/a,0
36070,36044,100,0,0,0,0,0,n/a,0
36071,36071,100,0,0,0,0,0,n/a,0
37001,37001,100,34,152,186,0.1827956989247312,0.8172043010752689,Yes,0.8172043010752689
37002,37002,100,17,104,121,0.14049586776859505,0.859504132231405,Yes,0.859504132231405
37003,37003,100,16,92,108,0.14814814814814814,0.8518518518518519,Yes,0.8518518518518519
37004,37004,100,21,100,121,0.17355371900826447,0.8264462809917356,Yes,0.8264462809917356
37005,37005,100,14,95,109,0.12844036697247707,0.8715596330275229,Yes,0.8715596330275229
37006,37006,100,24,61,85,0.2823529411764706,0.7176470588235294,Yes,0.7176470588235294
37007,37007,100,13,35,48,0.2708333333333333,0.7291666666666666,Yes,0.7291666666666666
37008,37008,100,13,67,80,0.1625,0.8375,Yes,0.8375
37009,37009,100,12,44,56,0.21428571428571427,0.7857142857142857,Yes,0.7857142857142857
37010,37010,100,21,89,110,0.19090909090909092,0.8090909090909091,Yes,0.8090909090909091
37011,37011,100,24,176,200,0.12,0.88,Yes,0.88
37012,37012,100,13,49,62,0.20967741935483872,0.7903225806451613,Yes,0.7903225806451613
37013,37013,100,19,84,103,0.18446601941747573,0.8155339805825242,Yes,0.8155339805825242
37014,37014,100,36,63,99,0.36363636363636365,0.6363636363636364,Yes,0.6363636363636364
37015,37015,100,15,59,74,0.20270270270270271,0.7972972972972973,Yes,0.7972972972972973
37016,37016,100,18,83,101,0.1782178217821782,0.8217821782178217,Yes,0.8217821782178217
37017,37017,100,10,98,108,0.09259259259259259,0.9074074074074074,Yes,0.9074074074074074
37018,37018,100,11,168,179,0.061452513966480445,0.9385474860335196,Yes,0.9385474860335196
37019,37019,100,16,264,280,0.05714285714285714,0.9428571428571428,Yes,0.9428571428571428
37020,37020,100,13,145,158,0.08227848101265822,0.9177215189873418,Yes,0.9177215189873418
37021,37021,100,25,192,217,0.1152073732718894,0.8847926267281107,Yes,0.8847926267281107
37022,37022,100,18,210,228,0.07894736842105263,0.9210526315789473,Yes,0.9210526315789473
37023,37023,100,11,150,161,0.06832298136645963,0.9316770186335404,Yes,0.9316770186335404
37024,37024,100,18,175,193,0.09326424870466321,0.9067357512953368,Yes,0.9067357512953368
37025,37025,100,6,23,29,0.20689655172413793,0.7931034482758621,Yes,0.7931034482758621
37026,37025,100,0,0,0,0,0,n/a,0
37027,37027,100,40,278,318,0.12578616352201258,0.8742138364779874,Yes,0.8742138364779874
37028,37028,100,35,216,251,0.1394422310756972,0.8605577689243028,Yes,0.8605577689243028
37029,37029,100,43,186,229,0.18777292576419213,0.8122270742358079,Yes,0.8122270742358079
37030,37030,100,32,215,247,0.12955465587044535,0.8704453441295547,Yes,0.8704453441295547
37031,37031,100,39,147,186,0.20967741935483872,0.7903225806451613,Yes,0.7903225806451613
37032,37032,100,21,96,117,0.1794871794871795,0.8205128205128205,Yes,0.8205128205128205
37033,37033,100,13,89,102,0.12745098039215685,0.8725490196078431,Yes,0.8725490196078431
37034,37034,100,18,80,98,0.1836734693877551,0.8163265306122449,Yes,0.8163265306122449
37035,37035,100,10,107,117,0.08547008547008547,0.9145299145299145,Yes,0.9145299145299145
37036,37036,100,11,138,149,0.0738255033557047,0.9261744966442953,Yes,0.9261744966442953
37037,37037,100,42,200,242,0.17355371900826447,0.8264462809917356,Yes,0.8264462809917356
37038,37038,100,33,155,188,0.17553191489361702,0.824468085106383,Yes,0.824468085106383
37039,37039,100,21,123,144,0.14583333333333334,0.8541666666666666,Yes,0.8541666666666666
37040,37040,100,0,0,0,0,0,n/a,0
37041,37041,100,4,22,26,0.15384615384615385,0.8461538461538461,Yes,0.8461538461538461
37042,37042,100,12,35,47,0.2553191489361702,0.7446808510638298,Yes,0.7446808510638298
37043,37043,100,31,122,153,0.20261437908496732,0.7973856209150327,Yes,0.7973856209150327
37044,37044,100,30,113,143,0.2097902097902098,0.7902097902097902,Yes,0.7902097902097902
37045,37045,100,17,67,84,0.20238095238095238,0.7976190476190477,Yes,0.7976190476190477
37046,37046,100,33,108,141,0.23404255319148937,0.7659574468085106,Yes,0.7659574468085106
37047,37047,100,26,77,103,0.2524271844660194,0.7475728155339806,Yes,0.7475728155339806
37048,37048,100,21,84,105,0.2,0.8,Yes,0.8
37049,37049,100,15,56,71,0.2112676056338028,0.7887323943661971,Yes,0.7887323943661971
37050,37050,100,24,74,98,0.24489795918367346,0.7551020408163265,Yes,0.7551020408163265
37051,37051,100,0,6,6,0.0,1.0,Yes,1.0
37052,37052,100,5,24,29,0.1724137931034483,0.8275862068965517,Yes,0.8275862068965517
37053,37053,100,5,25,30,0.16666666666666666,0.8333333333333334,Yes,0.8333333333333334
37054,37054,100,16,77,93,0.17204301075268819,0.8279569892473119,Yes,0.8279569892473119
37055,37051,100,0,0,0,0,0,n/a,0
37056,37056,100,8,76,84,0.09523809523809523,0.9047619047619048,Yes,0.9047619047619048
37057,37057,100,30,118,148,0.20270270270270271,0.7972972972972973,Yes,0.7972972972972973
37058,37058,100,16,132,148,0.10810810810810811,0.8918918918918919,Yes,0.8918918918918919
37059,37059,100,21,86,107,0.19626168224299065,0.8037383177570093,Yes,0.8037383177570093
37060,37060,100,3,9,12,0.25,0.75,Yes,0.75
37061,37061,100,17,56,73,0.2328767123287671,0.7671232876712328,Yes,0.7671232876712328
37062,37062,100,17,89,106,0.16037735849056603,0.839622641509434,Yes,0.839622641509434
37063,37063,100,35,138,173,0.2023121387283237,0.7976878612716763,Yes,0.7976878612716763
37064,37064,100,47,236,283,0.16607773851590105,0.833922261484099,Yes,0.833922261484099
37065,37065,100,35,112,147,0.23809523809523808,0.7619047619047619,Yes,0.7619047619047619
37066,37066,100,0,0,0,0,0,n/a,0
37067,37067,100,27,85,112,0.24107142857142858,0.7589285714285714,Yes,0.7589285714285714
37068,37068,100,17,92,109,0.1559633027522936,0.8440366972477065,Yes,0.8440366972477065
37069,37069,100,0,0,0,0,0,n/a,0
37070,37070,100,0,0,0,0,0,n/a,0
37071,37071,100,0,0,0,0,0,n/a,0
37072,37071,100,0,0,0,0,0,n/a,0
37073,37073,100,0,0,0,0,0,n/a,0
37074,37070,100,0,0,0,0,0,n/a,0
38001,38001,100,24,93,117,0.20512820512820512,0.7948717948717948,Yes,0.7948717948717948
38002,38002,100,15,93,108,0.1388888888888889,0.8611111111111112,Yes,0.8611111111111112
38003,38003,100,8,63,71,0.11267605633802817,0.8873239436619719,Yes,0.8873239436619719
38004,38004,100,21,60,81,0.25925925925925924,0.7407407407407407,Yes,0.7407407407407407
38005,38005,100,9,50,59,0.15254237288135594,0.847457627118644,Yes,0.847457627118644
38006,38006,100,31,86,117,0.26495726495726496,0.7350427350427351,Yes,0.7350427350427351
38007,38007,100,16,81,97,0.16494845360824742,0.8350515463917526,Yes,0.8350515463917526
38008,38008,100,25,74,99,0.25252525252525254,0.7474747474747475,Yes,0.7474747474747475
38009,38009,100,46,104,150,0.30666666666666664,0.6933333333333334,Yes,0.6933333333333334
38010,38010,100,30,114,144,0.20833333333333334,0.7916666666666666,Yes,0.7916666666666666
38011,38011,100,0,0,0,0,0,n/a,0
38012,38012,100,14,61,75,0.18666666666666668,0.8133333333333334,Yes,0.8133333333333334
38013,38013,100,29,48,77,0.37662337662337664,0.6233766233766234,Yes,0.6233766233766234
38014,38014,100,40,117,157,0.25477707006369427,0.7452229299363057,Yes,0.7452229299363057
38015,38015,100,19,49,68,0.27941176470588236,0.7205882352941176,Yes,0.7205882352941176
38016,38016,100,35,132,167,0.20958083832335328,0.7904191616766467,Yes,0.7904191616766467
38017,38017,100,34,115,149,0.22818791946308725,0.7718120805369127,Yes,0.7718120805369127
38018,38018,100,38,118,156,0.24358974358974358,0.7564102564102564,Yes,0.7564102564102564
38019,38019,100,31,86,117,0.26495726495726496,0.7350427350427351,Yes,0.7350427350427351
38020,38020,100,7,18,25,0.28,0.72,Yes,0.72
38021,38021,100,7,35,42,0.16666666666666666,0.8333333333333334,Yes,0.8333333333333334
38022,38022,100,66,169,235,0.28085106382978725,0.7191489361702128,Yes,0.7191489361702128
38023,38023,100,16,63,79,0.20253164556962025,0.7974683544303798,Yes,0.7974683544303798
38024,38024,100,11,48,59,0.1864406779661017,0.8135593220338984,Yes,0.8135593220338984
38025,38025,100,18,48,66,0.2727272727272727,0.7272727272727273,Yes,0.7272727272727273
38026,38026,100,17,54,71,0.23943661971830985,0.7605633802816901,Yes,0.7605633802816901
38027,38027,100,10,26,36,0.2777777777777778,0.7222222222222222,Yes,0.7222222222222222
38028,38028,100,42,135,177,0.23728813559322035,0.7627118644067796,Yes,0.7627118644067796
38029,38029,100,9,23,32,0.28125,0.71875,Yes,0.71875
38030,38030,100,9,43,52,0.17307692307692307,0.8269230769230769,Yes,0.8269230769230769
38031,38031,100,7,36,43,0.16279069767441862,0.8372093023255814,Yes,0.8372093023255814
38032,38032,100,12,47,59,0.2033898305084746,0.7966101694915254,Yes,0.7966101694915254
38033,38033,100,6,27,33,0.18181818181818182,0.8181818181818182,Yes,0.8181818181818182
38034,38034,100,7,33,40,0.175,0.825,Yes,0.825
38035,38035,100,2,11,13,0.15384615384615385,0.8461538461538461,Yes,0.8461538461538461
38036,38036,100,0,7,7,0.0,1.0,Yes,1.0
38037,38037,100,5,10,15,0.3333333333333333,0.6666666666666666,Yes,0.6666666666666666
38038,38038,100,19,54,73,0.2602739726027397,0.7397260273972602,Yes,0.7397260273972602
38039,38039,100,20,82,102,0.19607843137254902,0.803921568627451,Yes,0.803921568627451
38040,38040,100,18,70,88,0.20454545454545456,0.7954545454545454,Yes,0.7954545454545454
38041,38041,100,6,56,62,0.0967741935483871,0.9032258064516129,Yes,0.9032258064516129
38042,38042,100,18,58,76,0.23684210526315788,0.7631578947368421,Yes,0.7631578947368421
38043,38043,100,14,52,66,0.21212121212121213,0.7878787878787878,Yes,0.7878787878787878
38044,38044,100,19,61,80,0.2375,0.7625,Yes,0.7625
38045,38045,100,1,13,14,0.07142857142857142,0.9285714285714286,Yes,0.9285714285714286
38046,38046,100,6,36,42,0.14285714285714285,0.8571428571428571,Yes,0.8571428571428571
38047,38047,100,11,79,90,0.12222222222222222,0.8777777777777778,Yes,0.8777777777777778
38048,38048,100,55,122,177,0.3107344632768362,0.6892655367231638,Yes,0.6892655367231638
38049,38049,100,29,91,120,0.24166666666666667,0.7583333333333333,Yes,0.7583333333333333
38050,38050,100,28,57,85,0.32941176470588235,0.6705882352941176,Yes,0.6705882352941176
38051,38051,100,36,116,152,0.23684210526315788,0.7631578947368421,Yes,0.7631578947368421
38052,38052,100,34,114,148,0.22972972972972974,0.7702702702702703,Yes,0.7702702702702703
38053,38053,100,5,25,30,0.16666666666666666,0.8333333333333334,Yes,0.8333333333333334
38054,38054,100,7,28,35,0.2,0.8,Yes,0.8
38055,38055,100,20,106,126,0.15873015873015872,0.8412698412698413,Yes,0.8412698412698413
38056,38056,100,31,119,150,0.20666666666666667,0.7933333333333333,Yes,0.7933333333333333
38057,38057,100,25,141,166,0.15060240963855423,0.8493975903614458,Yes,0.8493975903614458
38058,38058,100,37,149,186,0.1989247311827957,0.8010752688172043,Yes,0.8010752688172043
38059,38059,100,13,59,72,0.18055555555555555,0.8194444444444444,Yes,0.8194444444444444
38060,38060,100,0,0,0,0,0,n/a,0
38061,38061,100,0,0,0,0,0,n/a,0
39001,39001,100,17,54,71,0.23943661971830985,0.7605633802816901,Yes,0.7605633802816901
39002,39002,100,3,46,49,0.061224489795918366,0.9387755102040817,Yes,0.9387755102040817
39003,39003,100,21,63,84,0.25,0.75,Yes,0.75
39004,39004,100,15,44,59,0.2542372881355932,0.7457627118644068,Yes,0.7457627118644068
39005,39005,100,9,49,58,0.15517241379310345,0.8448275862068966,Yes,0.8448275862068966
39006,39006,100,3,26,29,0.10344827586206896,0.896551724137931,Yes,0.896551724137931
39007,39007,100,15,62,77,0.19480519480519481,0.8051948051948052,Yes,0.8051948051948052
39008,39008,100,2,26,28,0.07142857142857142,0.9285714285714286,Yes,0.9285714285714286
39009,39009,100,4,52,56,0.07142857142857142,0.9285714285714286,Yes,0.9285714285714286
39010,39010,100,13,63,76,0.17105263157894737,0.8289473684210527,Yes,0.8289473684210527
39011,39011,100,9,56,65,0.13846153846153847,0.8615384615384616,Yes,0.8615384615384616
39012,39012,100,8,77,85,0.09411764705882353,0.9058823529411765,Yes,0.9058823529411765
39013,39013,100,9,74,83,0.10843373493975904,0.891566265060241,Yes,0.891566265060241
39014,39014,100,8,58,66,0.12121212121212122,0.8787878787878788,Yes,0.8787878787878788
39015,39015,100,8,20,28,0.2857142857142857,0.7142857142857143,Yes,0.7142857142857143
39016,39016,100,6,33,39,0.15384615384615385,0.8461538461538461,Yes,0.8461538461538461
39017,39017,100,5,26,31,0.16129032258064516,0.8387096774193549,Yes,0.8387096774193549
39018,39018,100,14,101,115,0.12173913043478261,0.8782608695652174,Yes,0.8782608695652174
39019,39019,100,20,78,98,0.20408163265306123,0.7959183673469388,Yes,0.7959183673469388
39020,39020,100,1,4,5,0.2,0.8,Yes,0.8
39021,39021,100,2,10,12,0.16666666666666666,0.8333333333333334,Yes,0.8333333333333334
39022,39022,100,1,12,13,0.07692307692307693,0.9230769230769231,Yes,0.9230769230769231
39023,39023,100,8,51,59,0.13559322033898305,0.864406779661017,Yes,0.864406779661017
39024,39024,100,8,17,25,0.32,0.68,Yes,0.68
39025,39025,100,11,36,47,0.23404255319148937,0.7659574468085106,Yes,0.7659574468085106
39026,39026,100,7,27,34,0.20588235294117646,0.7941176470588235,Yes,0.7941176470588235
39027,39027,100,1,20,21,0.047619047619047616,0.9523809523809523,Yes,0.9523809523809523
39028,39028,100,0,3,3,0.0,1.0,Yes,1.0
39029,39029,100,12,29,41,0.2926829268292683,0.7073170731707317,Yes,0.7073170731707317
39030,39030,100,7,43,50,0.14,0.86,Yes,0.86
39031,39031,100,5,28,33,0.15151515151515152,0.8484848484848485,Yes,0.8484848484848485
39032,39032,100,7,20,27,0.25925925925925924,0.7407407407407407,Yes,0.7407407407407407
39033,39033,100,23,93,116,0.19827586206896552,0.8017241379310345,Yes,0.8017241379310345
39034,39034,100,15,72,87,0.1724137931034483,0.8275862068965517,Yes,0.8275862068965517
39035,39035,100,14,40,54,0.25925925925925924,0.7407407407407407,Yes,0.7407407407407407
39036,39036,100,4,8,12,0.3333333333333333,0.6666666666666666,Yes,0.6666666666666666
39037,39037,100,24,66,90,0.26666666666666666,0.7333333333333333,Yes,0.7333333333333333
39038,39038,100,6,43,49,0.12244897959183673,0.8775510204081632,Yes,0.8775510204081632
39039,39039,100,0,0,0,0,0,n/a,0
39040,39040,100,7,11,18,0.3888888888888889,0.6111111111111112,Yes,0.6111111111111112
39041,39041,100,6,47,53,0.11320754716981132,0.8867924528301887,Yes,0.8867924528301887
39042,39042,100,1,7,8,0.125,0.875,Yes,0.875
39043,39043,100,12,55,67,0.1791044776119403,0.8208955223880597,Yes,0.8208955223880597
39044,39044,100,31,165,196,0.15816326530612246,0.8418367346938775,Yes,0.8418367346938775
39045,39045,100,33,177,210,0.15714285714285714,0.8428571428571429,Yes,0.8428571428571429
39046,39046,100,41,252,293,0.13993174061433447,0.8600682593856656,Yes,0.8600682593856656
39047,39047,100,33,168,201,0.16417910447761194,0.835820895522388,Yes,0.835820895522388
39048,39048,100,3,53,56,0.05357142857142857,0.9464285714285714,Yes,0.9464285714285714
39049,39049,100,19,46,65,0.2923076923076923,0.7076923076923077,Yes,0.7076923076923077
39050,39050,100,8,26,34,0.23529411764705882,0.7647058823529411,Yes,0.7647058823529411
39051,39051,100,17,80,97,0.17525773195876287,0.8247422680412371,Yes,0.8247422680412371
40001,40001,100,38,113,151,0.25165562913907286,0.7483443708609272,Yes,0.7483443708609272
40002,40002,100,36,107,143,0.2517482517482518,0.7482517482517482,Yes,0.7482517482517482
40003,40003,100,19,88,107,0.17757009345794392,0.822429906542056,Yes,0.822429906542056
40004,40004,100,28,84,112,0.25,0.75,Yes,0.75
40005,40005,100,43,100,143,0.3006993006993007,0.6993006993006993,Yes,0.6993006993006993
40006,40006,100,51,140,191,0.2670157068062827,0.7329842931937173,Yes,0.7329842931937173
40007,40007,100,49,165,214,0.22897196261682243,0.7710280373831776,Yes,0.7710280373831776
40008,40008,100,15,53,68,0.22058823529411764,0.7794117647058824,Yes,0.7794117647058824
40009,40009,100,58,163,221,0.26244343891402716,0.7375565610859729,Yes,0.7375565610859729
40010,40010,100,0,0,0,0,0,n/a,0
40011,40011,100,3,17,20,0.15,0.85,Yes,0.85
40012,40012,100,5,20,25,0.2,0.8,Yes,0.8
40013,40013,100,23,65,88,0.26136363636363635,0.7386363636363636,Yes,0.7386363636363636
40014,40014,100,28,96,124,0.22580645161290322,0.7741935483870968,Yes,0.7741935483870968
40015,40015,100,23,84,107,0.21495327102803738,0.7850467289719626,Yes,0.7850467289719626
40016,40016,100,24,127,151,0.15894039735099338,0.8410596026490066,Yes,0.8410596026490066
40017,40017,100,20,51,71,0.28169014084507044,0.7183098591549296,Yes,0.7183098591549296
40018,40018,100,12,70,82,0.14634146341463414,0.8536585365853658,Yes,0.8536585365853658
40019,40019,100,23,90,113,0.20353982300884957,0.7964601769911505,Yes,0.7964601769911505
40020,40020,100,25,108,133,0.18796992481203006,0.8120300751879699,Yes,0.8120300751879699
40021,40021,100,12,34,46,0.2608695652173913,0.7391304347826086,Yes,0.7391304347826086
40022,40022,100,15,71,86,0.1744186046511628,0.8255813953488372,Yes,0.8255813953488372
40023,40023,100,16,53,69,0.2318840579710145,0.7681159420289855,Yes,0.7681159420289855
40024,40024,100,12,71,83,0.14457831325301204,0.8554216867469879,Yes,0.8554216867469879
40025,40025,100,8,44,52,0.15384615384615385,0.8461538461538461,Yes,0.8461538461538461
40026,40026,100,20,58,78,0.2564102564102564,0.7435897435897436,Yes,0.7435897435897436
40027,40027,100,23,98,121,0.19008264462809918,0.8099173553719008,Yes,0.8099173553719008
40028,40028,100,13,39,52,0.25,0.75,Yes,0.75
40029,40029,100,26,113,139,0.18705035971223022,0.8129496402877698,Yes,0.8129496402877698
40030,40030,100,44,145,189,0.2328042328042328,0.7671957671957672,Yes,0.7671957671957672
40031,40031,100,25,88,113,0.22123893805309736,0.7787610619469026,Yes,0.7787610619469026
40032,40032,100,28,74,102,0.27450980392156865,0.7254901960784313,Yes,0.7254901960784313
40033,40033,100,35,116,151,0.23178807947019867,0.7682119205298014,Yes,0.7682119205298014
40034,40034,100,21,78,99,0.21212121212121213,0.7878787878787878,Yes,0.7878787878787878
40035,40035,100,13,92,105,0.12380952380952381,0.8761904761904762,Yes,0.8761904761904762
40036,40036,100,17,63,80,0.2125,0.7875,Yes,0.7875
40037,40037,100,22,124,146,0.1506849315068493,0.8493150684931506,Yes,0.8493150684931506
40038,40038,100,16,75,91,0.17582417582417584,0.8241758241758241,Yes,0.8241758241758241
40039,40039,100,18,82,100,0.18,0.82,Yes,0.82
40040,40040,100,15,69,84,0.17857142857142858,0.8214285714285714,Yes,0.8214285714285714
40041,40041,100,24,93,117,0.20512820512820512,0.7948717948717948,Yes,0.7948717948717948
40042,40042,100,25,80,105,0.23809523809523808,0.7619047619047619,Yes,0.7619047619047619
40043,40043,100,13,60,73,0.1780821917808219,0.821917808219178,Yes,0.821917808219178
40044,40044,100,6,44,50,0.12,0.88,Yes,0.88
40045,40045,100,14,37,51,0.27450980392156865,0.7254901960784313,Yes,0.7254901960784313
40046,40046,100,6,21,27,0.2222222222222222,0.7777777777777778,Yes,0.7777777777777778
40047,40047,100,25,94,119,0.21008403361344538,0.7899159663865546,Yes,0.7899159663865546
40048,40048,100,62,165,227,0.27312775330396477,0.7268722466960352,Yes,0.7268722466960352
40049,40049,100,20,75,95,0.21052631578947367,0.7894736842105263,Yes,0.7894736842105263
40050,40050,100,20,28,48,0.4166666666666667,0.5833333333333334,Yes,0.5833333333333334
40051,40051,100,24,76,100,0.24,0.76,Yes,0.76
40052,40052,100,10,54,64,0.15625,0.84375,Yes,0.84375
40053,40053,100,31,73,104,0.2980769230769231,0.7019230769230769,Yes,0.7019230769230769
40054,40054,100,0,0,0,0,0,n/a,0
40055,40054,100,0,0,0,0,0,n/a,0
61001,61001,100,49,256,305,0.16065573770491803,0.839344262295082,Yes,0.839344262295082
61002,61002,100,27,92,119,0.226890756302521,0.773109243697479,Yes,0.773109243697479
61003,61003,100,55,280,335,0.16417910447761194,0.835820895522388,Yes,0.835820895522388
61004,61004,100,41,279,320,0.128125,0.871875,Yes,0.871875
61005,61005,100,20,155,175,0.11428571428571428,0.8857142857142857,Yes,0.8857142857142857
61006,61006,100,27,113,140,0.19285714285714287,0.8071428571428572,Yes,0.8071428571428572
61007,61007,100,23,113,136,0.16911764705882354,0.8308823529411765,Yes,0.8308823529411765
61008,61008,100,37,189,226,0.16371681415929204,0.8362831858407079,Yes,0.8362831858407079
61009,61009,100,53,227,280,0.18928571428571428,0.8107142857142857,Yes,0.8107142857142857
61010,61010,100,29,144,173,0.1676300578034682,0.8323699421965318,Yes,0.8323699421965318
61011,61011,100,34,117,151,0.2251655629139073,0.7748344370860927,Yes,0.7748344370860927
61012,61012,100,79,300,379,0.20844327176781002,0.7915567282321899,Yes,0.7915567282321899
61013,61013,100,65,232,297,0.21885521885521886,0.7811447811447811,Yes,0.7811447811447811
61014,61014,100,50,192,242,0.2066115702479339,0.7933884297520661,Yes,0.7933884297520661
61015,61015,100,55,177,232,0.23706896551724138,0.7629310344827587,Yes,0.7629310344827587
61016,61016,100,34,123,157,0.21656050955414013,0.7834394904458599,Yes,0.7834394904458599
61017,61017,100,50,146,196,0.25510204081632654,0.7448979591836735,Yes,0.7448979591836735
61018,61018,100,61,200,261,0.23371647509578544,0.7662835249042146,Yes,0.7662835249042146
61019,61019,100,38,164,202,0.18811881188118812,0.8118811881188119,Yes,0.8118811881188119
61020,61020,100,57,192,249,0.2289156626506024,0.7710843373493976,Yes,0.7710843373493976
61021,61021,100,49,193,242,0.2024793388429752,0.7975206611570248,Yes,0.7975206611570248
61022,61022,100,42,130,172,0.2441860465116279,0.7558139534883721,Yes,0.7558139534883721
61023,61023,100,62,169,231,0.2683982683982684,0.7316017316017316,Yes,0.7316017316017316
61024,61024,100,45,173,218,0.20642201834862386,0.7935779816513762,Yes,0.7935779816513762
61025,61025,100,53,169,222,0.23873873873873874,0.7612612612612613,Yes,0.7612612612612613
61026,61026,100,44,170,214,0.205607476635514,0.794392523364486,Yes,0.794392523364486
61027,61027,100,41,176,217,0.1889400921658986,0.8110599078341014,Yes,0.8110599078341014
61028,61028,100,39,143,182,0.21428571428571427,0.7857142857142857,Yes,0.7857142857142857
61029,61029,100,38,150,188,0.20212765957446807,0.7978723404255319,Yes,0.7978723404255319
61030,61030,100,56,176,232,0.2413793103448276,0.7586206896551724,Yes,0.7586206896551724
61031,61031,100,35,162,197,0.17766497461928935,0.8223350253807107,Yes,0.8223350253807107
61032,61032,100,34,129,163,0.2085889570552147,0.7914110429447853,Yes,0.7914110429447853
61033,61033,100,16,81,97,0.16494845360824742,0.8350515463917526,Yes,0.8350515463917526
61034,61034,100,64,180,244,0.26229508196721313,0.7377049180327869,Yes,0.7377049180327869
61035,61035,100,50,163,213,0.2347417840375587,0.7652582159624414,Yes,0.7652582159624414
61036,61036,100,42,96,138,0.30434782608695654,0.6956521739130435,Yes,0.6956521739130435
61037,61037,100,47,187,234,0.20085470085470086,0.7991452991452992,Yes,0.7991452991452992
61038,61038,100,65,289,354,0.18361581920903955,0.8163841807909604,Yes,0.8163841807909604
61039,61039,100,83,287,370,0.22432432432432434,0.7756756756756756,Yes,0.7756756756756756
61040,61040,100,82,340,422,0.1943127962085308,0.8056872037914692,Yes,0.8056872037914692
61041,61041,100,70,293,363,0.1928374655647383,0.8071625344352618,Yes,0.8071625344352618
61042,61042,100,83,308,391,0.21227621483375958,0.7877237851662404,Yes,0.7877237851662404
61043,61043,100,73,268,341,0.21407624633431085,0.7859237536656891,Yes,0.7859237536656891
61044,61044,100,40,167,207,0.1932367149758454,0.8067632850241546,Yes,0.8067632850241546
61045,61045,100,60,191,251,0.23904382470119523,0.7609561752988048,Yes,0.7609561752988048
61046,61046,100,61,248,309,0.19741100323624594,0.8025889967637541,Yes,0.8025889967637541
61047,61047,100,46,142,188,0.24468085106382978,0.7553191489361702,Yes,0.7553191489361702
61048,61048,100,36,191,227,0.15859030837004406,0.8414096916299559,Yes,0.8414096916299559
61049,61049,100,48,209,257,0.1867704280155642,0.8132295719844358,Yes,0.8132295719844358
61050,61050,100,45,161,206,0.21844660194174756,0.7815533980582524,Yes,0.7815533980582524
61051,61051,100,38,201,239,0.1589958158995816,0.8410041841004184,Yes,0.8410041841004184
61052,61052,100,39,118,157,0.2484076433121019,0.7515923566878981,Yes,0.7515923566878981
61053,61053,100,21,115,136,0.15441176470588236,0.8455882352941176,Yes,0.8455882352941176
61054,61054,100,26,105,131,0.1984732824427481,0.8015267175572519,Yes,0.8015267175572519
61055,61055,100,50,155,205,0.24390243902439024,0.7560975609756098,Yes,0.7560975609756098
61056,61056,100,42,167,209,0.20095693779904306,0.7990430622009569,Yes,0.7990430622009569
61057,61057,100,71,224,295,0.24067796610169492,0.7593220338983051,Yes,0.7593220338983051
61058,61058,100,23,124,147,0.1564625850340136,0.8435374149659864,Yes,0.8435374149659864
61059,61059,100,36,192,228,0.15789473684210525,0.8421052631578947,Yes,0.8421052631578947
61060,61060,100,28,97,125,0.224,0.776,Yes,0.776
61061,61061,100,21,146,167,0.12574850299401197,0.874251497005988,Yes,0.874251497005988
61062,61062,100,34,151,185,0.1837837837837838,0.8162162162162162,Yes,0.8162162162162162
61063,61063,100,17,52,69,0.2463768115942029,0.7536231884057971,Yes,0.7536231884057971
61064,61064,100,18,65,83,0.21686746987951808,0.7831325301204819,Yes,0.7831325301204819
61065,61065,100,37,103,140,0.2642857142857143,0.7357142857142858,Yes,0.7357142857142858
61066,61066,100,0,0,0,0,0,n/a,0
61067,61067,100,0,0,0,0,0,n/a,0
61068,61068,100,0,0,0,0,0,n/a,0
62001,62001,100,68,191,259,0.2625482625482625,0.7374517374517374,Yes,0.7374517374517374
62002,62002,100,88,213,301,0.292358803986711,0.707641196013289,Yes,0.707641196013289
62003,62003,100,47,163,210,0.22380952380952382,0.7761904761904762,Yes,0.7761904761904762
62004,62004,100,69,192,261,0.26436781609195403,0.735632183908046,Yes,0.735632183908046
62005,62005,100,44,188,232,0.1896551724137931,0.8103448275862069,Yes,0.8103448275862069
62006,62006,100,72,209,281,0.25622775800711745,0.7437722419928826,Yes,0.7437722419928826
62007,62007,100,63,244,307,0.20521172638436483,0.7947882736156352,Yes,0.7947882736156352
62008,62008,100,67,206,273,0.2454212454212454,0.7545787545787546,Yes,0.7545787545787546
62009,62009,100,33,110,143,0.23076923076923078,0.7692307692307693,Yes,0.7692307692307693
62010,62010,100,35,115,150,0.23333333333333334,0.7666666666666667,Yes,0.7666666666666667
62011,62011,100,58,157,215,0.26976744186046514,0.7302325581395349,Yes,0.7302325581395349
62012,62012,100,53,117,170,0.31176470588235294,0.6882352941176471,Yes,0.6882352941176471
62013,62013,100,42,192,234,0.1794871794871795,0.8205128205128205,Yes,0.8205128205128205
62014,62014,100,42,122,164,0.25609756097560976,0.7439024390243902,Yes,0.7439024390243902
62015,62015,100,48,140,188,0.2553191489361702,0.7446808510638298,Yes,0.7446808510638298
62016,62016,100,56,181,237,0.23628691983122363,0.7637130801687764,Yes,0.7637130801687764
62017,62017,100,48,152,200,0.24,0.76,Yes,0.76
62018,62018,100,63,198,261,0.2413793103448276,0.7586206896551724,Yes,0.7586206896551724
62019,62019,100,82,186,268,0.30597014925373134,0.6940298507462687,Yes,0.6940298507462687
62020,62020,100,47,151,198,0.23737373737373738,0.7626262626262627,Yes,0.7626262626262627
62021,62021,100,62,170,232,0.2672413793103448,0.7327586206896551,Yes,0.7327586206896551
62022,62022,100,45,157,202,0.22277227722772278,0.7772277227722773,Yes,0.7772277227722773
62023,62023,100,67,196,263,0.25475285171102663,0.7452471482889734,Yes,0.7452471482889734
62024,62024,100,33,172,205,0.16097560975609757,0.8390243902439024,Yes,0.8390243902439024
62025,62025,100,49,169,218,0.22477064220183487,0.7752293577981652,Yes,0.7752293577981652
62026,62026,100,73,201,274,0.2664233576642336,0.7335766423357665,Yes,0.7335766423357665
62027,62027,100,44,176,220,0.2,0.8,Yes,0.8
62028,62028,100,42,202,244,0.1721311475409836,0.8278688524590164,Yes,0.8278688524590164
62029,62029,100,35,142,177,0.1977401129943503,0.8022598870056498,Yes,0.8022598870056498
62030,62030,100,49,174,223,0.21973094170403587,0.7802690582959642,Yes,0.7802690582959642
62031,62031,100,82,175,257,0.31906614785992216,0.6809338521400778,Yes,0.6809338521400778
62032,62032,100,62,160,222,0.27927927927927926,0.7207207207207207,Yes,0.7207207207207207
62033,62033,100,59,211,270,0.21851851851851853,0.7814814814814814,Yes,0.7814814814814814
62034,62034,100,71,193,264,0.2689393939393939,0.7310606060606061,Yes,0.7310606060606061
62035,62035,100,64,203,267,0.2397003745318352,0.7602996254681648,Yes,0.7602996254681648
62036,62036,100,69,274,343,0.20116618075801748,0.7988338192419825,Yes,0.7988338192419825
62037,62037,100,84,241,325,0.25846153846153846,0.7415384615384616,Yes,0.7415384615384616
62038,62038,100,74,218,292,0.2534246575342466,0.7465753424657534,Yes,0.7465753424657534
62039,62039,100,82,229,311,0.26366559485530544,0.7363344051446945,Yes,0.7363344051446945
62040,62040,100,53,175,228,0.2324561403508772,0.7675438596491229,Yes,0.7675438596491229
62041,62041,100,57,166,223,0.2556053811659193,0.7443946188340808,Yes,0.7443946188340808
62042,62042,100,61,222,283,0.21554770318021202,0.784452296819788,Yes,0.784452296819788
62043,62043,100,65,177,242,0.26859504132231404,0.731404958677686,Yes,0.731404958677686
62044,62044,100,41,144,185,0.22162162162162163,0.7783783783783784,Yes,0.7783783783783784
62045,62045,100,49,138,187,0.2620320855614973,0.7379679144385026,Yes,0.7379679144385026
62046,62046,100,69,198,267,0.25842696629213485,0.7415730337078652,Yes,0.7415730337078652
62047,62047,100,65,162,227,0.28634361233480177,0.7136563876651982,Yes,0.7136563876651982
62048,62048,100,51,172,223,0.22869955156950672,0.7713004484304933,Yes,0.7713004484304933
62049,62049,100,62,254,316,0.1962025316455696,0.8037974683544303,Yes,0.8037974683544303
62050,62050,100,87,203,290,0.3,0.7,Yes,0.7
62051,62051,100,51,174,225,0.22666666666666666,0.7733333333333333,Yes,0.7733333333333333
62052,62052,100,85,202,287,0.2961672473867596,0.7038327526132404,Yes,0.7038327526132404
62053,62053,100,63,214,277,0.22743682310469315,0.7725631768953068,Yes,0.7725631768953068
62054,62054,100,70,181,251,0.2788844621513944,0.7211155378486056,Yes,0.7211155378486056
62055,62055,100,62,197,259,0.23938223938223938,0.7606177606177607,Yes,0.7606177606177607
62056,62056,100,45,129,174,0.25862068965517243,0.7413793103448276,Yes,0.7413793103448276
62057,62057,100,63,157,220,0.2863636363636364,0.7136363636363636,Yes,0.7136363636363636
62058,62058,100,74,171,245,0.3020408163265306,0.6979591836734694,Yes,0.6979591836734694
62059,62059,100,40,156,196,0.20408163265306123,0.7959183673469388,Yes,0.7959183673469388
62060,62060,100,18,92,110,0.16363636363636364,0.8363636363636363,Yes,0.8363636363636363
62061,62061,100,35,134,169,0.20710059171597633,0.7928994082840237,Yes,0.7928994082840237
62062,62062,100,34,117,151,0.2251655629139073,0.7748344370860927,Yes,0.7748344370860927
62063,62063,100,27,109,136,0.19852941176470587,0.8014705882352942,Yes,0.8014705882352942
62064,62064,100,23,113,136,0.16911764705882354,0.8308823529411765,Yes,0.8308823529411765
62065,62065,100,78,248,326,0.2392638036809816,0.7607361963190185,Yes,0.7607361963190185
62066,62066,100,70,254,324,0.21604938271604937,0.7839506172839507,Yes,0.7839506172839507
62067,62067,100,65,250,315,0.20634920634920634,0.7936507936507936,Yes,0.7936507936507936
62068,62068,100,48,184,232,0.20689655172413793,0.7931034482758621,Yes,0.7931034482758621
62069,62069,100,48,179,227,0.21145374449339208,0.788546255506608,Yes,0.788546255506608
62070,62070,100,33,98,131,0.25190839694656486,0.7480916030534351,Yes,0.7480916030534351
62071,62071,100,68,226,294,0.23129251700680273,0.7687074829931972,Yes,0.7687074829931972
62072,62072,100,39,154,193,0.20207253886010362,0.7979274611398963,Yes,0.7979274611398963
62073,62073,100,59,200,259,0.2277992277992278,0.7722007722007722,Yes,0.7722007722007722
62074,62074,100,0,0,0,0,0,n/a,0
62075,62075,100,0,0,0,0,0,n/a,0
63001,63001,100,63,178,241,0.26141078838174275,0.7385892116182573,Yes,0.7385892116182573
63002,63002,100,32,161,193,0.16580310880829016,0.8341968911917098,Yes,0.8341968911917098
63003,63003,100,34,128,162,0.20987654320987653,0.7901234567901234,Yes,0.7901234567901234
63004,63004,100,43,144,187,0.22994652406417113,0.7700534759358288,Yes,0.7700534759358288
63005,63005,100,43,128,171,0.25146198830409355,0.7485380116959064,Yes,0.7485380116959064
63006,63006,100,48,141,189,0.25396825396825395,0.746031746031746,Yes,0.746031746031746
63007,63007,100,26,112,138,0.18840579710144928,0.8115942028985508,Yes,0.8115942028985508
63008,63008,100,22,115,137,0.16058394160583941,0.8394160583941606,Yes,0.8394160583941606
63009,63009,100,5,14,19,0.2631578947368421,0.7368421052631579,Yes,0.7368421052631579
63010,63010,100,16,79,95,0.16842105263157894,0.8315789473684211,Yes,0.8315789473684211
63011,63011,100,56,193,249,0.2248995983935743,0.7751004016064257,Yes,0.7751004016064257
63012,63012,100,54,232,286,0.1888111888111888,0.8111888111888111,Yes,0.8111888111888111
63013,63013,100,36,134,170,0.21176470588235294,0.788235294117647,Yes,0.788235294117647
63014,63014,100,31,127,158,0.1962025316455696,0.8037974683544303,Yes,0.8037974683544303
63015,63015,100,31,150,181,0.1712707182320442,0.8287292817679558,Yes,0.8287292817679558
63016,63016,100,40,142,182,0.21978021978021978,0.7802197802197802,Yes,0.7802197802197802
63017,63017,100,10,64,74,0.13513513513513514,0.8648648648648649,Yes,0.8648648648648649
63018,63018,100,45,164,209,0.215311004784689,0.784688995215311,Yes,0.784688995215311
63019,63019,100,34,102,136,0.25,0.75,Yes,0.75
63020,63020,100,51,150,201,0.2537313432835821,0.746268656716418,Yes,0.746268656716418
63021,63021,100,41,133,174,0.23563218390804597,0.764367816091954,Yes,0.764367816091954
63022,63022,100,37,167,204,0.18137254901960784,0.8186274509803921,Yes,0.8186274509803921
63023,63023,100,54,237,291,0.18556701030927836,0.8144329896907216,Yes,0.8144329896907216
63024,63024,100,60,176,236,0.2542372881355932,0.7457627118644068,Yes,0.7457627118644068
63025,63025,100,43,171,214,0.20093457943925233,0.7990654205607477,Yes,0.7990654205607477
63026,63026,100,60,224,284,0.2112676056338028,0.7887323943661971,Yes,0.7887323943661971
63027,63027,100,29,154,183,0.15846994535519127,0.8415300546448088,Yes,0.8415300546448088
63028,63028,100,74,219,293,0.2525597269624573,0.7474402730375427,Yes,0.7474402730375427
63029,63029,100,70,225,295,0.23728813559322035,0.7627118644067796,Yes,0.7627118644067796
63030,63030,100,45,171,216,0.20833333333333334,0.7916666666666666,Yes,0.7916666666666666
63031,63031,100,49,211,260,0.18846153846153846,0.8115384615384615,Yes,0.8115384615384615
63032,63032,100,53,208,261,0.20306513409961685,0.7969348659003831,Yes,0.7969348659003831
63033,63033,100,66,184,250,0.264,0.736,Yes,0.736
63034,63034,100,26,114,140,0.18571428571428572,0.8142857142857143,Yes,0.8142857142857143
63035,63035,100,48,177,225,0.21333333333333335,0.7866666666666666,Yes,0.7866666666666666
63036,63036,100,78,228,306,0.2549019607843137,0.7450980392156863,Yes,0.7450980392156863
63037,63037,100,48,159,207,0.2318840579710145,0.7681159420289855,Yes,0.7681159420289855
63038,63038,100,43,213,256,0.16796875,0.83203125,Yes,0.83203125
63039,63039,100,44,159,203,0.21674876847290642,0.7832512315270936,Yes,0.7832512315270936
63040,63040,100,24,126,150,0.16,0.84,Yes,0.84
63041,63041,100,25,79,104,0.2403846153846154,0.7596153846153846,Yes,0.7596153846153846
63042,63042,100,42,130,172,0.2441860465116279,0.7558139534883721,Yes,0.7558139534883721
63043,63043,100,37,120,157,0.2356687898089172,0.7643312101910829,Yes,0.7643312101910829
63044,63044,100,43,103,146,0.2945205479452055,0.7054794520547946,Yes,0.7054794520547946
63045,63045,100,43,94,137,0.31386861313868614,0.6861313868613139,Yes,0.6861313868613139
63046,63046,100,34,94,128,0.265625,0.734375,Yes,0.734375
63047,63047,100,53,191,244,0.21721311475409835,0.7827868852459017,Yes,0.7827868852459017
63048,63048,100,47,182,229,0.2052401746724891,0.7947598253275109,Yes,0.7947598253275109
63049,63049,100,66,177,243,0.2716049382716049,0.7283950617283951,Yes,0.7283950617283951
63050,63050,100,47,215,262,0.17938931297709923,0.8206106870229007,Yes,0.8206106870229007
63051,63051,100,42,174,216,0.19444444444444445,0.8055555555555556,Yes,0.8055555555555556
63052,63052,100,35,158,193,0.18134715025906736,0.8186528497409327,Yes,0.8186528497409327
63053,63053,100,25,124,149,0.16778523489932887,0.8322147651006712,Yes,0.8322147651006712
63054,63054,100,50,215,265,0.18867924528301888,0.8113207547169812,Yes,0.8113207547169812
63055,63055,100,45,167,212,0.21226415094339623,0.7877358490566038,Yes,0.7877358490566038
63056,63056,100,37,155,192,0.19270833333333334,0.8072916666666666,Yes,0.8072916666666666
63057,63057,100,75,235,310,0.24193548387096775,0.7580645161290323,Yes,0.7580645161290323
63058,63058,100,71,220,291,0.24398625429553264,0.7560137457044673,Yes,0.7560137457044673
63059,63059,100,90,250,340,0.2647058823529412,0.7352941176470589,Yes,0.7352941176470589
63060,63060,100,56,184,240,0.23333333333333334,0.7666666666666667,Yes,0.7666666666666667
63061,63061,100,47,197,244,0.19262295081967212,0.8073770491803278,Yes,0.8073770491803278
63062,63062,100,48,172,220,0.21818181818181817,0.7818181818181819,Yes,0.7818181818181819
63063,63063,100,68,261,329,0.2066869300911854,0.7933130699088146,Yes,0.7933130699088146
63064,63064,100,75,279,354,0.211864406779661,0.788135593220339,Yes,0.788135593220339
63065,63065,100,68,221,289,0.23529411764705882,0.7647058823529411,Yes,0.7647058823529411
63066,63066,100,66,236,302,0.2185430463576159,0.7814569536423841,Yes,0.7814569536423841
63067,63067,100,57,178,235,0.2425531914893617,0.7574468085106383,Yes,0.7574468085106383
63068,63068,100,39,148,187,0.20855614973262032,0.7914438502673797,Yes,0.7914438502673797
63069,63069,100,23,85,108,0.21296296296296297,0.7870370370370371,Yes,0.7870370370370371
63070,63070,100,27,102,129,0.20930232558139536,0.7906976744186046,Yes,0.7906976744186046
63071,63071,100,27,97,124,0.21774193548387097,0.782258064516129,Yes,0.782258064516129
63072,63072,100,67,196,263,0.25475285171102663,0.7452471482889734,Yes,0.7452471482889734
63073,63073,100,36,141,177,0.2033898305084746,0.7966101694915254,Yes,0.7966101694915254
63074,63074,100,29,132,161,0.18012422360248448,0.8198757763975155,Yes,0.8198757763975155
63075,63075,100,26,83,109,0.23853211009174313,0.7614678899082569,Yes,0.7614678899082569
63076,63076,100,0,0,0,0,0,n/a,0
63077,63077,100,0,0,0,0,0,n/a,0
63078,63078,100,0,0,0,0,0,n/a,0
63079,63079,100,0,0,0,0,0,n/a,0
63080,62075,100,0,0,0,0,0,n/a,0
64001,64001,100,55,145,200,0.275,0.725,Yes,0.725
64002,64002,100,75,181,256,0.29296875,0.70703125,Yes,0.70703125
64003,64003,100,88,196,284,0.30985915492957744,0.6901408450704225,Yes,0.6901408450704225
64004,64004,100,51,176,227,0.22466960352422907,0.775330396475771,Yes,0.775330396475771
64005,64005,100,65,189,254,0.2559055118110236,0.7440944881889764,Yes,0.7440944881889764
64006,64006,100,60,172,232,0.25862068965517243,0.7413793103448276,Yes,0.7413793103448276
64007,64007,100,76,233,309,0.2459546925566343,0.7540453074433657,Yes,0.7540453074433657
64008,64008,100,82,237,319,0.25705329153605017,0.7429467084639498,Yes,0.7429467084639498
64009,64009,100,50,187,237,0.2109704641350211,0.7890295358649789,Yes,0.7890295358649789
64010,64010,100,69,221,290,0.23793103448275862,0.7620689655172413,Yes,0.7620689655172413
64011,64011,100,34,52,86,0.3953488372093023,0.6046511627906976,Yes,0.6046511627906976
64012,64012,100,59,123,182,0.3241758241758242,0.6758241758241759,Yes,0.6758241758241759
64013,64013,100,11,64,75,0.14666666666666667,0.8533333333333334,Yes,0.8533333333333334
64014,64014,100,61,211,272,0.22426470588235295,0.7757352941176471,Yes,0.7757352941176471
64015,64015,100,73,217,290,0.2517241379310345,0.7482758620689656,Yes,0.7482758620689656
64016,64016,100,81,227,308,0.262987012987013,0.737012987012987,Yes,0.737012987012987
64017,64017,100,75,281,356,0.21067415730337077,0.7893258426966292,Yes,0.7893258426966292
64018,64018,100,48,162,210,0.22857142857142856,0.7714285714285715,Yes,0.7714285714285715
64019,64019,100,47,143,190,0.24736842105263157,0.7526315789473684,Yes,0.7526315789473684
64020,64020,100,34,171,205,0.16585365853658537,0.8341463414634146,Yes,0.8341463414634146
64021,64021,100,41,163,204,0.20098039215686275,0.7990196078431373,Yes,0.7990196078431373
64022,64022,100,81,216,297,0.2727272727272727,0.7272727272727273,Yes,0.7272727272727273
64023,64023,100,64,213,277,0.23104693140794225,0.7689530685920578,Yes,0.7689530685920578
64024,64024,100,48,172,220,0.21818181818181817,0.7818181818181819,Yes,0.7818181818181819
64025,64025,100,56,153,209,0.2679425837320574,0.7320574162679426,Yes,0.7320574162679426
64026,64026,100,64,231,295,0.21694915254237288,0.7830508474576271,Yes,0.7830508474576271
64027,64027,100,44,116,160,0.275,0.725,Yes,0.725
64028,64028,100,33,132,165,0.2,0.8,Yes,0.8
64029,64029,100,54,153,207,0.2608695652173913,0.7391304347826086,Yes,0.7391304347826086
64030,64030,100,32,125,157,0.20382165605095542,0.7961783439490446,Yes,0.7961783439490446
64031,64031,100,56,156,212,0.2641509433962264,0.7358490566037735,Yes,0.7358490566037735
64032,64032,100,49,168,217,0.22580645161290322,0.7741935483870968,Yes,0.7741935483870968
64033,64033,100,37,137,174,0.21264367816091953,0.7873563218390804,Yes,0.7873563218390804
64034,64034,100,40,159,199,0.20100502512562815,0.7989949748743719,Yes,0.7989949748743719
64035,64035,100,61,205,266,0.22932330827067668,0.7706766917293233,Yes,0.7706766917293233
64036,64036,100,35,165,200,0.175,0.825,Yes,0.825
64037,64037,100,51,175,226,0.22566371681415928,0.7743362831858407,Yes,0.7743362831858407
64038,64038,100,27,110,137,0.19708029197080293,0.8029197080291971,Yes,0.8029197080291971
64039,64039,100,61,154,215,0.2837209302325581,0.7162790697674418,Yes,0.7162790697674418
64040,64040,100,28,85,113,0.24778761061946902,0.7522123893805309,Yes,0.7522123893805309
64041,64041,100,43,167,210,0.20476190476190476,0.7952380952380952,Yes,0.7952380952380952
64042,64042,100,45,160,205,0.21951219512195122,0.7804878048780488,Yes,0.7804878048780488
64043,64043,100,23,81,104,0.22115384615384615,0.7788461538461539,Yes,0.7788461538461539
64044,64044,100,39,131,170,0.22941176470588234,0.7705882352941177,Yes,0.7705882352941177
64045,64045,100,21,77,98,0.21428571428571427,0.7857142857142857,Yes,0.7857142857142857
64046,64046,100,42,116,158,0.26582278481012656,0.7341772151898734,Yes,0.7341772151898734
64047,64047,100,30,145,175,0.17142857142857143,0.8285714285714286,Yes,0.8285714285714286
64048,64048,100,51,92,143,0.35664335664335667,0.6433566433566433,Yes,0.6433566433566433
64049,64049,100,32,132,164,0.1951219512195122,0.8048780487804879,Yes,0.8048780487804879
64050,64050,100,55,211,266,0.20676691729323307,0.793233082706767,Yes,0.793233082706767
64051,64051,100,45,149,194,0.23195876288659795,0.7680412371134021,Yes,0.7680412371134021
64052,64052,100,61,181,242,0.25206611570247933,0.7479338842975206,Yes,0.7479338842975206
64053,64053,100,52,190,242,0.21487603305785125,0.7851239669421488,Yes,0.7851239669421488
64054,64054,100,0,0,0,0,0,n/a,0
64055,64054,100,0,0,0,0,0,n/a,0
64056,64056,100,0,0,0,0,0,n/a,0
64057,64054,100,0,0,0,0,0,n/a,0
64058,64058,100,0,0,0,0,0,n/a,0
64059,64059,100,0,0,0,0,0,n/a,0
64060,64058,100,0,0,0,0,0,n/a,0
64061,64059,100,0,0,0,0,0,n/a,0
