ED,Reported As,Reporting,No,Yes,Total Votes,p_No,p_Yes,winner,winner_p
65001,65001,100,20,56,76,0.2631578947368421,0.7368421052631579,Yes,0.7368421052631579
65002,65002,100,39,129,168,0.23214285714285715,0.7678571428571429,Yes,0.7678571428571429
65003,65003,100,18,56,74,0.24324324324324326,0.7567567567567568,Yes,0.7567567567567568
65004,65004,100,26,100,126,0.20634920634920634,0.7936507936507936,Yes,0.7936507936507936
65005,65005,100,15,49,64,0.234375,0.765625,Yes,0.765625
65006,65006,100,67,152,219,0.3059360730593607,0.6940639269406392,Yes,0.6940639269406392
65007,65007,100,46,145,191,0.24083769633507854,0.7591623036649214,Yes,0.7591623036649214
65008,65008,100,58,171,229,0.25327510917030566,0.7467248908296943,Yes,0.7467248908296943
65009,65009,100,17,74,91,0.18681318681318682,0.8131868131868132,Yes,0.8131868131868132
65010,65010,100,31,108,139,0.22302158273381295,0.7769784172661871,Yes,0.7769784172661871
65011,65011,100,27,76,103,0.2621359223300971,0.7378640776699029,Yes,0.7378640776699029
65012,65012,100,42,94,136,0.3088235294117647,0.6911764705882353,Yes,0.6911764705882353
65013,65013,100,44,146,190,0.23157894736842105,0.7684210526315789,Yes,0.7684210526315789
65014,65014,100,59,175,234,0.25213675213675213,0.7478632478632479,Yes,0.7478632478632479
65015,65015,100,39,88,127,0.30708661417322836,0.6929133858267716,Yes,0.6929133858267716
65016,65016,100,58,147,205,0.28292682926829266,0.7170731707317073,Yes,0.7170731707317073
65017,65017,100,1,2,3,0.3333333333333333,0.6666666666666666,Yes,0.6666666666666666
65018,65018,100,8,25,33,0.24242424242424243,0.7575757575757576,Yes,0.7575757575757576
65019,65019,100,7,31,38,0.18421052631578946,0.8157894736842105,Yes,0.8157894736842105
65020,65020,100,6,41,47,0.1276595744680851,0.8723404255319149,Yes,0.8723404255319149
65021,65021,100,11,71,82,0.13414634146341464,0.8658536585365854,Yes,0.8658536585365854
65022,65022,100,54,101,155,0.34838709677419355,0.6516129032258065,Yes,0.6516129032258065
65023,65023,100,11,41,52,0.21153846153846154,0.7884615384615384,Yes,0.7884615384615384
65024,65024,100,20,53,73,0.273972602739726,0.726027397260274,Yes,0.726027397260274
65025,65025,100,17,31,48,0.3541666666666667,0.6458333333333334,Yes,0.6458333333333334
65026,65026,100,16,32,48,0.3333333333333333,0.6666666666666666,Yes,0.6666666666666666
65027,65027,100,32,75,107,0.29906542056074764,0.7009345794392523,Yes,0.7009345794392523
65028,65028,100,5,31,36,0.1388888888888889,0.8611111111111112,Yes,0.8611111111111112
65029,65029,100,8,25,33,0.24242424242424243,0.7575757575757576,Yes,0.7575757575757576
65030,65030,100,19,92,111,0.17117117117117117,0.8288288288288288,Yes,0.8288288288288288
65031,65031,100,30,102,132,0.22727272727272727,0.7727272727272727,Yes,0.7727272727272727
65032,65032,100,21,66,87,0.2413793103448276,0.7586206896551724,Yes,0.7586206896551724
65033,65033,100,12,90,102,0.11764705882352941,0.8823529411764706,Yes,0.8823529411764706
65034,65034,100,21,39,60,0.35,0.65,Yes,0.65
65035,65035,100,6,55,61,0.09836065573770492,0.9016393442622951,Yes,0.9016393442622951
65036,65036,100,5,62,67,0.07462686567164178,0.9253731343283582,Yes,0.9253731343283582
65037,65037,100,5,43,48,0.10416666666666667,0.8958333333333334,Yes,0.8958333333333334
65038,65038,100,13,84,97,0.13402061855670103,0.865979381443299,Yes,0.865979381443299
65039,65039,100,16,82,98,0.16326530612244897,0.8367346938775511,Yes,0.8367346938775511
65040,65040,100,5,43,48,0.10416666666666667,0.8958333333333334,Yes,0.8958333333333334
65041,65041,100,17,70,87,0.19540229885057472,0.8045977011494253,Yes,0.8045977011494253
65042,65042,100,16,98,114,0.14035087719298245,0.8596491228070176,Yes,0.8596491228070176
65043,65043,100,11,87,98,0.11224489795918367,0.8877551020408163,Yes,0.8877551020408163
65044,65044,100,55,174,229,0.24017467248908297,0.759825327510917,Yes,0.759825327510917
65045,65045,100,41,238,279,0.14695340501792115,0.8530465949820788,Yes,0.8530465949820788
65046,65046,100,42,153,195,0.2153846153846154,0.7846153846153846,Yes,0.7846153846153846
65047,65047,100,44,136,180,0.24444444444444444,0.7555555555555555,Yes,0.7555555555555555
65048,65048,100,77,170,247,0.3117408906882591,0.6882591093117408,Yes,0.6882591093117408
65049,65049,100,28,105,133,0.21052631578947367,0.7894736842105263,Yes,0.7894736842105263
65050,65050,100,21,81,102,0.20588235294117646,0.7941176470588235,Yes,0.7941176470588235
65051,65051,100,28,161,189,0.14814814814814814,0.8518518518518519,Yes,0.8518518518518519
65052,65052,100,58,154,212,0.27358490566037735,0.7264150943396226,Yes,0.7264150943396226
65053,65053,100,38,163,201,0.1890547263681592,0.8109452736318408,Yes,0.8109452736318408
65054,65054,100,33,129,162,0.2037037037037037,0.7962962962962963,Yes,0.7962962962962963
65055,65055,100,39,114,153,0.2549019607843137,0.7450980392156863,Yes,0.7450980392156863
65056,65056,100,6,92,98,0.061224489795918366,0.9387755102040817,Yes,0.9387755102040817
65057,65057,100,9,43,52,0.17307692307692307,0.8269230769230769,Yes,0.8269230769230769
65058,65058,100,6,58,64,0.09375,0.90625,Yes,0.90625
65059,65059,100,21,91,112,0.1875,0.8125,Yes,0.8125
65060,65060,100,10,49,59,0.1694915254237288,0.8305084745762712,Yes,0.8305084745762712
65061,65061,100,10,74,84,0.11904761904761904,0.8809523809523809,Yes,0.8809523809523809
65062,65062,100,8,54,62,0.12903225806451613,0.8709677419354839,Yes,0.8709677419354839
65063,65063,100,17,57,74,0.22972972972972974,0.7702702702702703,Yes,0.7702702702702703
65064,65064,100,21,43,64,0.328125,0.671875,Yes,0.671875
65065,65065,100,6,39,45,0.13333333333333333,0.8666666666666667,Yes,0.8666666666666667
65066,65066,100,13,51,64,0.203125,0.796875,Yes,0.796875
65067,65067,100,7,24,31,0.22580645161290322,0.7741935483870968,Yes,0.7741935483870968
65068,65068,100,27,94,121,0.2231404958677686,0.7768595041322314,Yes,0.7768595041322314
65069,65069,100,19,70,89,0.21348314606741572,0.7865168539325843,Yes,0.7865168539325843
65070,65070,100,4,15,19,0.21052631578947367,0.7894736842105263,Yes,0.7894736842105263
65071,65071,100,21,75,96,0.21875,0.78125,Yes,0.78125
65072,65072,100,19,107,126,0.15079365079365079,0.8492063492063492,Yes,0.8492063492063492
65073,65073,100,21,117,138,0.15217391304347827,0.8478260869565217,Yes,0.8478260869565217
65074,65074,100,21,131,152,0.13815789473684212,0.8618421052631579,Yes,0.8618421052631579
65075,65075,100,12,78,90,0.13333333333333333,0.8666666666666667,Yes,0.8666666666666667
65076,65076,100,15,84,99,0.15151515151515152,0.8484848484848485,Yes,0.8484848484848485
65077,65077,100,29,107,136,0.21323529411764705,0.7867647058823529,Yes,0.7867647058823529
65078,65078,100,19,83,102,0.18627450980392157,0.8137254901960784,Yes,0.8137254901960784
65079,65079,100,42,154,196,0.21428571428571427,0.7857142857142857,Yes,0.7857142857142857
65080,65080,100,22,87,109,0.2018348623853211,0.7981651376146789,Yes,0.7981651376146789
65081,65081,100,23,98,121,0.19008264462809918,0.8099173553719008,Yes,0.8099173553719008
65082,65082,100,0,0,0,0,0,n/a,0
65083,65083,100,3,14,17,0.17647058823529413,0.8235294117647058,Yes,0.8235294117647058
65084,65082,100,0,0,0,0,0,n/a,0
65085,65085,100,22,67,89,0.24719101123595505,0.7528089887640449,Yes,0.7528089887640449
65086,65086,100,15,54,69,0.21739130434782608,0.782608695652174,Yes,0.782608695652174
65087,65087,100,22,70,92,0.2391304347826087,0.7608695652173914,Yes,0.7608695652173914
65088,65088,100,48,109,157,0.3057324840764331,0.6942675159235668,Yes,0.6942675159235668
65089,65089,100,17,64,81,0.20987654320987653,0.7901234567901234,Yes,0.7901234567901234
65090,65090,100,37,120,157,0.2356687898089172,0.7643312101910829,Yes,0.7643312101910829
65091,65091,100,14,45,59,0.23728813559322035,0.7627118644067796,Yes,0.7627118644067796
65092,65092,100,21,40,61,0.3442622950819672,0.6557377049180327,Yes,0.6557377049180327
65093,65093,100,16,81,97,0.16494845360824742,0.8350515463917526,Yes,0.8350515463917526
65200,65200,100,0,0,0,0,0,n/a,0
65201,65201,100,0,0,0,0,0,n/a,0
65202,65202,100,0,0,0,0,0,n/a,0
65203,65203,100,0,0,0,0,0,n/a,0
65204,65204,100,0,0,0,0,0,n/a,0
66001,66001,100,38,108,146,0.2602739726027397,0.7397260273972602,Yes,0.7397260273972602
66002,66002,100,39,169,208,0.1875,0.8125,Yes,0.8125
66003,66003,100,44,183,227,0.19383259911894274,0.8061674008810573,Yes,0.8061674008810573
66004,66004,100,39,112,151,0.2582781456953642,0.7417218543046358,Yes,0.7417218543046358
66005,66005,100,37,95,132,0.2803030303030303,0.7196969696969697,Yes,0.7196969696969697
66006,66006,100,71,215,286,0.24825174825174826,0.7517482517482518,Yes,0.7517482517482518
66007,66007,100,41,112,153,0.2679738562091503,0.7320261437908496,Yes,0.7320261437908496
66008,66008,100,80,205,285,0.2807017543859649,0.7192982456140351,Yes,0.7192982456140351
66009,66009,100,68,194,262,0.2595419847328244,0.7404580152671756,Yes,0.7404580152671756
66010,66010,100,40,176,216,0.18518518518518517,0.8148148148148148,Yes,0.8148148148148148
66011,66011,100,53,217,270,0.1962962962962963,0.8037037037037037,Yes,0.8037037037037037
66012,66012,100,55,183,238,0.23109243697478993,0.7689075630252101,Yes,0.7689075630252101
66013,66013,100,18,67,85,0.21176470588235294,0.788235294117647,Yes,0.788235294117647
66014,66014,100,22,86,108,0.2037037037037037,0.7962962962962963,Yes,0.7962962962962963
66015,66015,100,23,89,112,0.20535714285714285,0.7946428571428571,Yes,0.7946428571428571
66016,66016,100,1,5,6,0.16666666666666666,0.8333333333333334,Yes,0.8333333333333334
66017,66017,100,1,1,2,0.5,0.5,Tie,0.5
66018,66018,100,66,152,218,0.30275229357798167,0.6972477064220184,Yes,0.6972477064220184
66019,66019,100,60,127,187,0.32085561497326204,0.679144385026738,Yes,0.679144385026738
66020,66020,100,41,95,136,0.3014705882352941,0.6985294117647058,Yes,0.6985294117647058
66021,66021,100,50,160,210,0.23809523809523808,0.7619047619047619,Yes,0.7619047619047619
66022,66022,100,91,248,339,0.26843657817109146,0.7315634218289085,Yes,0.7315634218289085
66023,66023,100,50,154,204,0.24509803921568626,0.7549019607843137,Yes,0.7549019607843137
66024,66024,100,32,121,153,0.20915032679738563,0.7908496732026143,Yes,0.7908496732026143
66025,66025,100,17,89,106,0.16037735849056603,0.839622641509434,Yes,0.839622641509434
66026,66026,100,18,49,67,0.26865671641791045,0.7313432835820896,Yes,0.7313432835820896
66027,66027,100,30,118,148,0.20270270270270271,0.7972972972972973,Yes,0.7972972972972973
66028,66028,100,52,205,257,0.20233463035019456,0.7976653696498055,Yes,0.7976653696498055
66029,66029,100,67,206,273,0.2454212454212454,0.7545787545787546,Yes,0.7545787545787546
66030,66030,100,43,139,182,0.23626373626373626,0.7637362637362637,Yes,0.7637362637362637
66031,66031,100,59,165,224,0.26339285714285715,0.7366071428571429,Yes,0.7366071428571429
66032,66032,100,53,164,217,0.24423963133640553,0.7557603686635944,Yes,0.7557603686635944
66033,66033,100,24,81,105,0.22857142857142856,0.7714285714285715,Yes,0.7714285714285715
66034,66034,100,58,189,247,0.23481781376518218,0.7651821862348178,Yes,0.7651821862348178
66035,66035,100,46,195,241,0.1908713692946058,0.8091286307053942,Yes,0.8091286307053942
66036,66036,100,53,186,239,0.2217573221757322,0.7782426778242678,Yes,0.7782426778242678
66037,66037,100,31,139,170,0.18235294117647058,0.8176470588235294,Yes,0.8176470588235294
66038,66038,100,49,159,208,0.23557692307692307,0.7644230769230769,Yes,0.7644230769230769
66039,66039,100,22,89,111,0.1981981981981982,0.8018018018018018,Yes,0.8018018018018018
66040,66040,100,2,20,22,0.09090909090909091,0.9090909090909091,Yes,0.9090909090909091
66041,66041,100,36,176,212,0.16981132075471697,0.8301886792452831,Yes,0.8301886792452831
66042,66042,100,14,30,44,0.3181818181818182,0.6818181818181818,Yes,0.6818181818181818
66043,66043,100,26,100,126,0.20634920634920634,0.7936507936507936,Yes,0.7936507936507936
66044,66044,100,30,141,171,0.17543859649122806,0.8245614035087719,Yes,0.8245614035087719
66045,66045,100,88,302,390,0.22564102564102564,0.7743589743589744,Yes,0.7743589743589744
66046,66046,100,52,139,191,0.27225130890052357,0.7277486910994765,Yes,0.7277486910994765
66047,66047,100,48,165,213,0.22535211267605634,0.7746478873239436,Yes,0.7746478873239436
66048,66048,100,56,188,244,0.22950819672131148,0.7704918032786885,Yes,0.7704918032786885
66049,66049,100,45,161,206,0.21844660194174756,0.7815533980582524,Yes,0.7815533980582524
66050,66050,100,38,145,183,0.20765027322404372,0.7923497267759563,Yes,0.7923497267759563
66051,66051,100,86,286,372,0.23118279569892472,0.7688172043010753,Yes,0.7688172043010753
66052,66052,100,47,195,242,0.19421487603305784,0.8057851239669421,Yes,0.8057851239669421
66053,66053,100,69,242,311,0.22186495176848875,0.7781350482315113,Yes,0.7781350482315113
66054,66054,100,44,182,226,0.19469026548672566,0.8053097345132744,Yes,0.8053097345132744
66055,66055,100,52,280,332,0.1566265060240964,0.8433734939759037,Yes,0.8433734939759037
66056,66056,100,11,40,51,0.21568627450980393,0.7843137254901961,Yes,0.7843137254901961
66057,66057,100,64,199,263,0.24334600760456274,0.7566539923954373,Yes,0.7566539923954373
66058,66058,100,16,80,96,0.16666666666666666,0.8333333333333334,Yes,0.8333333333333334
66059,66059,100,60,227,287,0.20905923344947736,0.7909407665505227,Yes,0.7909407665505227
66060,66060,100,54,180,234,0.23076923076923078,0.7692307692307693,Yes,0.7692307692307693
66061,66061,100,68,190,258,0.26356589147286824,0.7364341085271318,Yes,0.7364341085271318
66062,66062,100,30,125,155,0.1935483870967742,0.8064516129032258,Yes,0.8064516129032258
66063,66063,100,43,145,188,0.22872340425531915,0.7712765957446809,Yes,0.7712765957446809
66064,66064,100,28,111,139,0.2014388489208633,0.7985611510791367,Yes,0.7985611510791367
66065,66065,100,22,68,90,0.24444444444444444,0.7555555555555555,Yes,0.7555555555555555
66066,66066,100,51,152,203,0.2512315270935961,0.7487684729064039,Yes,0.7487684729064039
66067,66067,100,57,160,217,0.2626728110599078,0.7373271889400922,Yes,0.7373271889400922
66068,66068,100,58,101,159,0.36477987421383645,0.6352201257861635,Yes,0.6352201257861635
66069,66069,100,55,194,249,0.22088353413654618,0.7791164658634538,Yes,0.7791164658634538
66070,66070,100,7,34,41,0.17073170731707318,0.8292682926829268,Yes,0.8292682926829268
66071,66071,100,26,93,119,0.2184873949579832,0.7815126050420168,Yes,0.7815126050420168
66072,66072,100,51,156,207,0.2463768115942029,0.7536231884057971,Yes,0.7536231884057971
66073,66073,100,49,205,254,0.19291338582677164,0.8070866141732284,Yes,0.8070866141732284
66074,66074,100,46,182,228,0.20175438596491227,0.7982456140350878,Yes,0.7982456140350878
66075,66075,100,39,162,201,0.19402985074626866,0.8059701492537313,Yes,0.8059701492537313
66076,66076,100,50,210,260,0.19230769230769232,0.8076923076923077,Yes,0.8076923076923077
66077,66077,100,56,224,280,0.2,0.8,Yes,0.8
66078,66078,100,62,208,270,0.22962962962962963,0.7703703703703704,Yes,0.7703703703703704
66079,66079,100,87,273,360,0.24166666666666667,0.7583333333333333,Yes,0.7583333333333333
66080,66080,100,94,245,339,0.27728613569321536,0.7227138643067846,Yes,0.7227138643067846
66081,66081,100,75,224,299,0.2508361204013378,0.7491638795986622,Yes,0.7491638795986622
66082,66082,100,47,153,200,0.235,0.765,Yes,0.765
66083,66083,100,46,150,196,0.23469387755102042,0.7653061224489796,Yes,0.7653061224489796
66084,66084,100,75,256,331,0.22658610271903323,0.7734138972809668,Yes,0.7734138972809668
66085,66085,100,61,229,290,0.2103448275862069,0.7896551724137931,Yes,0.7896551724137931
66086,66086,100,54,215,269,0.20074349442379183,0.7992565055762082,Yes,0.7992565055762082
66087,66087,100,57,206,263,0.21673003802281368,0.7832699619771863,Yes,0.7832699619771863
66088,66088,100,49,137,186,0.26344086021505375,0.7365591397849462,Yes,0.7365591397849462
66089,66089,100,32,153,185,0.17297297297297298,0.827027027027027,Yes,0.827027027027027
66090,66090,100,27,83,110,0.24545454545454545,0.7545454545454545,Yes,0.7545454545454545
66091,66091,100,36,85,121,0.2975206611570248,0.7024793388429752,Yes,0.7024793388429752
66092,66092,100,26,44,70,0.37142857142857144,0.6285714285714286,Yes,0.6285714285714286
66093,66093,100,43,119,162,0.2654320987654321,0.7345679012345679,Yes,0.7345679012345679
66094,66094,100,9,47,56,0.16071428571428573,0.8392857142857143,Yes,0.8392857142857143
66095,66095,100,21,117,138,0.15217391304347827,0.8478260869565217,Yes,0.8478260869565217
66200,66200,100,0,0,0,0,0,n/a,0
66201,66201,100,0,0,0,0,0,n/a,0
66202,66202,100,0,0,0,0,0,n/a,0
67001,67001,100,23,99,122,0.1885245901639344,0.8114754098360656,Yes,0.8114754098360656
67002,67002,100,42,151,193,0.21761658031088082,0.7823834196891192,Yes,0.7823834196891192
67003,67003,100,31,196,227,0.13656387665198239,0.8634361233480177,Yes,0.8634361233480177
67004,67004,100,22,109,131,0.16793893129770993,0.8320610687022901,Yes,0.8320610687022901
67005,67005,100,21,128,149,0.14093959731543623,0.8590604026845637,Yes,0.8590604026845637
67006,67006,100,38,186,224,0.16964285714285715,0.8303571428571429,Yes,0.8303571428571429
67007,67007,100,17,106,123,0.13821138211382114,0.8617886178861789,Yes,0.8617886178861789
67008,67008,100,34,133,167,0.20359281437125748,0.7964071856287425,Yes,0.7964071856287425
67009,67009,100,40,97,137,0.291970802919708,0.708029197080292,Yes,0.708029197080292
67010,67010,100,55,218,273,0.20146520146520147,0.7985347985347986,Yes,0.7985347985347986
67011,67011,100,24,76,100,0.24,0.76,Yes,0.76
67012,67012,100,21,54,75,0.28,0.72,Yes,0.72
67013,67013,100,43,194,237,0.18143459915611815,0.8185654008438819,Yes,0.8185654008438819
67014,67014,100,59,191,250,0.236,0.764,Yes,0.764
67015,67015,100,44,188,232,0.1896551724137931,0.8103448275862069,Yes,0.8103448275862069
67016,67016,100,35,144,179,0.19553072625698323,0.8044692737430168,Yes,0.8044692737430168
67017,67017,100,39,128,167,0.23353293413173654,0.7664670658682635,Yes,0.7664670658682635
67018,67018,100,41,196,237,0.1729957805907173,0.8270042194092827,Yes,0.8270042194092827
67019,67019,100,20,147,167,0.11976047904191617,0.8802395209580839,Yes,0.8802395209580839
67020,67020,100,12,61,73,0.1643835616438356,0.8356164383561644,Yes,0.8356164383561644
67021,67021,100,39,155,194,0.20103092783505155,0.7989690721649485,Yes,0.7989690721649485
67022,67022,100,44,154,198,0.2222222222222222,0.7777777777777778,Yes,0.7777777777777778
67023,67023,100,62,238,300,0.20666666666666667,0.7933333333333333,Yes,0.7933333333333333
67024,67024,100,31,92,123,0.25203252032520324,0.7479674796747967,Yes,0.7479674796747967
67025,67025,100,7,87,94,0.07446808510638298,0.925531914893617,Yes,0.925531914893617
67026,67026,100,12,58,70,0.17142857142857143,0.8285714285714286,Yes,0.8285714285714286
67027,67027,100,13,75,88,0.14772727272727273,0.8522727272727273,Yes,0.8522727272727273
67028,67028,100,45,189,234,0.19230769230769232,0.8076923076923077,Yes,0.8076923076923077
67029,67029,100,5,24,29,0.1724137931034483,0.8275862068965517,Yes,0.8275862068965517
67030,67030,100,22,64,86,0.2558139534883721,0.7441860465116279,Yes,0.7441860465116279
67031,67031,100,64,229,293,0.21843003412969283,0.7815699658703071,Yes,0.7815699658703071
67032,67032,100,53,217,270,0.1962962962962963,0.8037037037037037,Yes,0.8037037037037037
67033,67033,100,45,145,190,0.23684210526315788,0.7631578947368421,Yes,0.7631578947368421
67034,67034,100,29,59,88,0.32954545454545453,0.6704545454545454,Yes,0.6704545454545454
67035,67035,100,48,150,198,0.24242424242424243,0.7575757575757576,Yes,0.7575757575757576
67036,67036,100,37,103,140,0.2642857142857143,0.7357142857142858,Yes,0.7357142857142858
67037,67037,100,51,211,262,0.1946564885496183,0.8053435114503816,Yes,0.8053435114503816
67038,67038,100,31,132,163,0.1901840490797546,0.8098159509202454,Yes,0.8098159509202454
67039,67039,100,48,162,210,0.22857142857142856,0.7714285714285715,Yes,0.7714285714285715
67040,67040,100,31,129,160,0.19375,0.80625,Yes,0.80625
67041,67041,100,35,184,219,0.1598173515981735,0.8401826484018264,Yes,0.8401826484018264
67042,67042,100,100,417,517,0.19342359767891681,0.8065764023210832,Yes,0.8065764023210832
67043,67043,100,107,370,477,0.22431865828092243,0.7756813417190775,Yes,0.7756813417190775
67044,67044,100,44,154,198,0.2222222222222222,0.7777777777777778,Yes,0.7777777777777778
67045,67045,100,46,167,213,0.215962441314554,0.784037558685446,Yes,0.784037558685446
67046,67046,100,95,288,383,0.24804177545691905,0.7519582245430809,Yes,0.7519582245430809
67047,67047,100,43,130,173,0.24855491329479767,0.7514450867052023,Yes,0.7514450867052023
67048,67048,100,86,352,438,0.1963470319634703,0.8036529680365296,Yes,0.8036529680365296
67049,67049,100,56,170,226,0.24778761061946902,0.7522123893805309,Yes,0.7522123893805309
67050,67050,100,62,261,323,0.19195046439628483,0.8080495356037152,Yes,0.8080495356037152
67051,67051,100,5,19,24,0.20833333333333334,0.7916666666666666,Yes,0.7916666666666666
67052,67052,100,72,188,260,0.27692307692307694,0.7230769230769231,Yes,0.7230769230769231
67053,67053,100,57,177,234,0.24358974358974358,0.7564102564102564,Yes,0.7564102564102564
67054,67054,100,49,140,189,0.25925925925925924,0.7407407407407407,Yes,0.7407407407407407
67055,67055,100,27,111,138,0.1956521739130435,0.8043478260869565,Yes,0.8043478260869565
67056,67056,100,49,184,233,0.21030042918454936,0.7896995708154506,Yes,0.7896995708154506
67057,67057,100,48,212,260,0.18461538461538463,0.8153846153846154,Yes,0.8153846153846154
67058,67058,100,38,156,194,0.1958762886597938,0.8041237113402062,Yes,0.8041237113402062
67059,67059,100,86,229,315,0.273015873015873,0.726984126984127,Yes,0.726984126984127
67060,67060,100,61,195,256,0.23828125,0.76171875,Yes,0.76171875
67061,67061,100,56,198,254,0.2204724409448819,0.7795275590551181,Yes,0.7795275590551181
67062,67062,100,34,154,188,0.18085106382978725,0.8191489361702128,Yes,0.8191489361702128
67063,67063,100,37,149,186,0.1989247311827957,0.8010752688172043,Yes,0.8010752688172043
67064,67064,100,52,137,189,0.2751322751322751,0.7248677248677249,Yes,0.7248677248677249
67065,67065,100,59,194,253,0.233201581027668,0.766798418972332,Yes,0.766798418972332
67066,67066,100,43,170,213,0.20187793427230047,0.7981220657276995,Yes,0.7981220657276995
67067,67067,100,73,239,312,0.23397435897435898,0.7660256410256411,Yes,0.7660256410256411
67068,67068,100,58,261,319,0.18181818181818182,0.8181818181818182,Yes,0.8181818181818182
67069,67069,100,66,283,349,0.18911174785100288,0.8108882521489972,Yes,0.8108882521489972
67070,67070,100,41,163,204,0.20098039215686275,0.7990196078431373,Yes,0.7990196078431373
67071,67071,100,45,162,207,0.21739130434782608,0.782608695652174,Yes,0.782608695652174
67072,67072,100,60,244,304,0.19736842105263158,0.8026315789473685,Yes,0.8026315789473685
67073,67073,100,30,142,172,0.1744186046511628,0.8255813953488372,Yes,0.8255813953488372
67074,67074,100,59,221,280,0.21071428571428572,0.7892857142857143,Yes,0.7892857142857143
67075,67075,100,51,154,205,0.24878048780487805,0.751219512195122,Yes,0.751219512195122
67076,67076,100,73,276,349,0.20916905444126074,0.7908309455587392,Yes,0.7908309455587392
67077,67077,100,37,159,196,0.18877551020408162,0.8112244897959183,Yes,0.8112244897959183
67078,67078,100,56,202,258,0.21705426356589147,0.7829457364341085,Yes,0.7829457364341085
67079,67079,100,50,158,208,0.2403846153846154,0.7596153846153846,Yes,0.7596153846153846
67080,67080,100,66,256,322,0.20496894409937888,0.7950310559006211,Yes,0.7950310559006211
67081,67081,100,39,203,242,0.16115702479338842,0.8388429752066116,Yes,0.8388429752066116
67082,67082,100,44,136,180,0.24444444444444444,0.7555555555555555,Yes,0.7555555555555555
67083,67083,100,48,221,269,0.17843866171003717,0.8215613382899628,Yes,0.8215613382899628
67084,67084,100,16,114,130,0.12307692307692308,0.8769230769230769,Yes,0.8769230769230769
67085,67085,100,42,242,284,0.14788732394366197,0.852112676056338,Yes,0.852112676056338
67086,67086,100,72,294,366,0.19672131147540983,0.8032786885245902,Yes,0.8032786885245902
67087,67087,100,53,234,287,0.18466898954703834,0.8153310104529616,Yes,0.8153310104529616
67088,67088,100,66,259,325,0.20307692307692307,0.796923076923077,Yes,0.796923076923077
67089,67089,100,65,232,297,0.21885521885521886,0.7811447811447811,Yes,0.7811447811447811
67090,67090,100,51,222,273,0.18681318681318682,0.8131868131868132,Yes,0.8131868131868132
67091,67091,100,63,225,288,0.21875,0.78125,Yes,0.78125
67092,67092,100,64,235,299,0.2140468227424749,0.7859531772575251,Yes,0.7859531772575251
67093,67093,100,47,156,203,0.2315270935960591,0.7684729064039408,Yes,0.7684729064039408
67094,67094,100,64,174,238,0.2689075630252101,0.7310924369747899,Yes,0.7310924369747899
67095,67095,100,49,149,198,0.2474747474747475,0.7525252525252525,Yes,0.7525252525252525
67096,67096,100,37,179,216,0.1712962962962963,0.8287037037037037,Yes,0.8287037037037037
67097,67097,100,42,158,200,0.21,0.79,Yes,0.79
67098,67098,100,57,182,239,0.2384937238493724,0.7615062761506276,Yes,0.7615062761506276
67099,67099,100,39,144,183,0.21311475409836064,0.7868852459016393,Yes,0.7868852459016393
67100,67100,100,0,2,2,0.0,1.0,Yes,1.0
67101,67101,100,12,40,52,0.23076923076923078,0.7692307692307693,Yes,0.7692307692307693
67200,67200,100,0,0,0,0,0,n/a,0
67201,67201,100,0,0,0,0,0,n/a,0
67202,67202,100,0,0,0,0,0,n/a,0
68001,68001,100,24,139,163,0.147239263803681,0.852760736196319,Yes,0.852760736196319
68002,68002,100,23,106,129,0.17829457364341086,0.8217054263565892,Yes,0.8217054263565892
68003,68003,100,34,112,146,0.2328767123287671,0.7671232876712328,Yes,0.7671232876712328
68004,68004,100,39,178,217,0.17972350230414746,0.8202764976958525,Yes,0.8202764976958525
68005,68005,100,31,144,175,0.17714285714285713,0.8228571428571428,Yes,0.8228571428571428
68006,68006,100,15,40,55,0.2727272727272727,0.7272727272727273,Yes,0.7272727272727273
68007,68007,100,34,91,125,0.272,0.728,Yes,0.728
68008,68008,100,75,168,243,0.30864197530864196,0.691358024691358,Yes,0.691358024691358
68009,68009,100,46,123,169,0.27218934911242604,0.727810650887574,Yes,0.727810650887574
68010,68010,100,56,127,183,0.30601092896174864,0.6939890710382514,Yes,0.6939890710382514
68011,68011,100,73,180,253,0.2885375494071146,0.7114624505928854,Yes,0.7114624505928854
68012,68012,100,29,111,140,0.20714285714285716,0.7928571428571428,Yes,0.7928571428571428
68013,68013,100,3,51,54,0.05555555555555555,0.9444444444444444,Yes,0.9444444444444444
68014,68014,100,26,89,115,0.22608695652173913,0.7739130434782608,Yes,0.7739130434782608
68015,68015,100,31,140,171,0.18128654970760233,0.8187134502923976,Yes,0.8187134502923976
68016,68016,100,4,50,54,0.07407407407407407,0.9259259259259259,Yes,0.9259259259259259
68017,68017,100,5,58,63,0.07936507936507936,0.9206349206349206,Yes,0.9206349206349206
68018,68018,100,9,92,101,0.0891089108910891,0.9108910891089109,Yes,0.9108910891089109
68019,68019,100,14,60,74,0.1891891891891892,0.8108108108108109,Yes,0.8108108108108109
68020,68020,100,11,46,57,0.19298245614035087,0.8070175438596491,Yes,0.8070175438596491
68021,68021,100,3,35,38,0.07894736842105263,0.9210526315789473,Yes,0.9210526315789473
68022,68022,100,9,38,47,0.19148936170212766,0.8085106382978723,Yes,0.8085106382978723
68023,68023,100,13,72,85,0.15294117647058825,0.8470588235294118,Yes,0.8470588235294118
68024,68024,100,8,43,51,0.1568627450980392,0.8431372549019608,Yes,0.8431372549019608
68025,68025,100,3,88,91,0.03296703296703297,0.967032967032967,Yes,0.967032967032967
68026,68026,100,21,59,80,0.2625,0.7375,Yes,0.7375
68027,68027,100,11,49,60,0.18333333333333332,0.8166666666666667,Yes,0.8166666666666667
68028,68028,100,2,75,77,0.025974025974025976,0.974025974025974,Yes,0.974025974025974
68029,68029,100,3,23,26,0.11538461538461539,0.8846153846153846,Yes,0.8846153846153846
68030,68030,100,2,31,33,0.06060606060606061,0.9393939393939394,Yes,0.9393939393939394
68031,68031,100,9,120,129,0.06976744186046512,0.9302325581395349,Yes,0.9302325581395349
68032,68032,100,1,68,69,0.014492753623188406,0.9855072463768116,Yes,0.9855072463768116
68033,68033,100,39,155,194,0.20103092783505155,0.7989690721649485,Yes,0.7989690721649485
68034,68034,100,8,135,143,0.055944055944055944,0.9440559440559441,Yes,0.9440559440559441
68035,68035,100,2,26,28,0.07142857142857142,0.9285714285714286,Yes,0.9285714285714286
68036,68036,100,5,64,69,0.07246376811594203,0.927536231884058,Yes,0.927536231884058
68037,68037,100,15,106,121,0.12396694214876033,0.8760330578512396,Yes,0.8760330578512396
68038,68038,100,7,30,37,0.1891891891891892,0.8108108108108109,Yes,0.8108108108108109
68039,68039,100,5,62,67,0.07462686567164178,0.9253731343283582,Yes,0.9253731343283582
68040,68040,100,6,112,118,0.05084745762711865,0.9491525423728814,Yes,0.9491525423728814
68041,68041,100,14,186,200,0.07,0.93,Yes,0.93
68042,68042,100,10,98,108,0.09259259259259259,0.9074074074074074,Yes,0.9074074074074074
68043,68043,100,15,129,144,0.10416666666666667,0.8958333333333334,Yes,0.8958333333333334
68044,68044,100,6,37,43,0.13953488372093023,0.8604651162790697,Yes,0.8604651162790697
68045,68045,100,1,22,23,0.043478260869565216,0.9565217391304348,Yes,0.9565217391304348
68046,68046,100,7,52,59,0.11864406779661017,0.8813559322033898,Yes,0.8813559322033898
68047,68047,100,7,42,49,0.14285714285714285,0.8571428571428571,Yes,0.8571428571428571
68048,68048,100,6,55,61,0.09836065573770492,0.9016393442622951,Yes,0.9016393442622951
68049,68049,100,5,82,87,0.05747126436781609,0.9425287356321839,Yes,0.9425287356321839
68050,68050,100,8,151,159,0.050314465408805034,0.949685534591195,Yes,0.949685534591195
68051,68051,100,10,100,110,0.09090909090909091,0.9090909090909091,Yes,0.9090909090909091
68052,68052,100,13,121,134,0.09701492537313433,0.9029850746268657,Yes,0.9029850746268657
68053,68053,100,8,102,110,0.07272727272727272,0.9272727272727272,Yes,0.9272727272727272
68054,68054,100,18,92,110,0.16363636363636364,0.8363636363636363,Yes,0.8363636363636363
68055,68055,100,11,43,54,0.2037037037037037,0.7962962962962963,Yes,0.7962962962962963
68056,68056,100,11,47,58,0.1896551724137931,0.8103448275862069,Yes,0.8103448275862069
68057,68057,100,25,155,180,0.1388888888888889,0.8611111111111112,Yes,0.8611111111111112
68058,68058,100,10,63,73,0.136986301369863,0.863013698630137,Yes,0.863013698630137
68059,68059,100,17,110,127,0.13385826771653545,0.8661417322834646,Yes,0.8661417322834646
68060,68060,100,10,99,109,0.09174311926605505,0.908256880733945,Yes,0.908256880733945
68061,68061,100,13,113,126,0.10317460317460317,0.8968253968253969,Yes,0.8968253968253969
68062,68062,100,11,72,83,0.13253012048192772,0.8674698795180723,Yes,0.8674698795180723
68063,68063,100,6,97,103,0.05825242718446602,0.941747572815534,Yes,0.941747572815534
68064,68064,100,3,71,74,0.04054054054054054,0.9594594594594594,Yes,0.9594594594594594
68065,68065,100,4,61,65,0.06153846153846154,0.9384615384615385,Yes,0.9384615384615385
68066,68066,100,8,71,79,0.10126582278481013,0.8987341772151899,Yes,0.8987341772151899
68067,68067,100,5,38,43,0.11627906976744186,0.8837209302325582,Yes,0.8837209302325582
68068,68068,100,3,24,27,0.1111111111111111,0.8888888888888888,Yes,0.8888888888888888
68069,68069,100,6,48,54,0.1111111111111111,0.8888888888888888,Yes,0.8888888888888888
68070,68070,100,0,59,59,0.0,1.0,Yes,1.0
68071,68071,100,10,54,64,0.15625,0.84375,Yes,0.84375
68072,68072,100,8,31,39,0.20512820512820512,0.7948717948717948,Yes,0.7948717948717948
68073,68073,100,12,59,71,0.16901408450704225,0.8309859154929577,Yes,0.8309859154929577
68074,68074,100,10,93,103,0.0970873786407767,0.9029126213592233,Yes,0.9029126213592233
68075,68075,100,19,96,115,0.16521739130434782,0.8347826086956521,Yes,0.8347826086956521
68076,68076,100,8,85,93,0.08602150537634409,0.9139784946236559,Yes,0.9139784946236559
68077,68077,100,13,45,58,0.22413793103448276,0.7758620689655172,Yes,0.7758620689655172
68078,68078,100,27,146,173,0.15606936416184972,0.8439306358381503,Yes,0.8439306358381503
68079,68079,100,10,80,90,0.1111111111111111,0.8888888888888888,Yes,0.8888888888888888
68080,68080,100,24,208,232,0.10344827586206896,0.896551724137931,Yes,0.896551724137931
68081,68081,100,8,47,55,0.14545454545454545,0.8545454545454545,Yes,0.8545454545454545
68082,68082,100,21,149,170,0.12352941176470589,0.8764705882352941,Yes,0.8764705882352941
68083,68083,100,22,97,119,0.18487394957983194,0.8151260504201681,Yes,0.8151260504201681
68084,68084,100,8,70,78,0.10256410256410256,0.8974358974358975,Yes,0.8974358974358975
68085,68085,100,8,114,122,0.06557377049180328,0.9344262295081968,Yes,0.9344262295081968
68086,68086,100,1,19,20,0.05,0.95,Yes,0.95
68087,68087,100,10,133,143,0.06993006993006994,0.9300699300699301,Yes,0.9300699300699301
68088,68088,100,0,45,45,0.0,1.0,Yes,1.0
68089,68089,100,12,139,151,0.07947019867549669,0.9205298013245033,Yes,0.9205298013245033
68090,68090,100,2,36,38,0.05263157894736842,0.9473684210526315,Yes,0.9473684210526315
68091,68091,100,4,44,48,0.08333333333333333,0.9166666666666666,Yes,0.9166666666666666
68092,68092,100,3,82,85,0.03529411764705882,0.9647058823529412,Yes,0.9647058823529412
68093,68093,100,13,130,143,0.09090909090909091,0.9090909090909091,Yes,0.9090909090909091
68094,68094,100,0,11,11,0.0,1.0,Yes,1.0
68095,68095,100,0,0,0,0,0,n/a,0
68096,68096,100,0,0,0,0,0,n/a,0
68097,68097,100,4,41,45,0.08888888888888889,0.9111111111111111,Yes,0.9111111111111111
68098,68098,100,3,57,60,0.05,0.95,Yes,0.95
68099,68099,100,1,18,19,0.05263157894736842,0.9473684210526315,Yes,0.9473684210526315
68100,68100,100,10,97,107,0.09345794392523364,0.9065420560747663,Yes,0.9065420560747663
68101,68101,100,10,31,41,0.24390243902439024,0.7560975609756098,Yes,0.7560975609756098
68200,68200,100,0,0,0,0,0,n/a,0
68201,68201,100,0,0,0,0,0,n/a,0
68202,68202,100,0,0,0,0,0,n/a,0
68203,68203,100,0,0,0,0,0,n/a,0
68204,68204,100,0,0,0,0,0,n/a,0
68205,68205,100,0,0,0,0,0,n/a,0
68206,68206,100,0,0,0,0,0,n/a,0
68207,68207,100,0,0,0,0,0,n/a,0
69001,69001,100,34,164,198,0.1717171717171717,0.8282828282828283,Yes,0.8282828282828283
69002,69002,100,20,111,131,0.15267175572519084,0.8473282442748091,Yes,0.8473282442748091
69003,69003,100,44,199,243,0.18106995884773663,0.8189300411522634,Yes,0.8189300411522634
69004,69004,100,56,199,255,0.2196078431372549,0.7803921568627451,Yes,0.7803921568627451
69005,69005,100,43,184,227,0.1894273127753304,0.8105726872246696,Yes,0.8105726872246696
69006,69006,100,57,236,293,0.1945392491467577,0.8054607508532423,Yes,0.8054607508532423
69007,69007,100,42,189,231,0.18181818181818182,0.8181818181818182,Yes,0.8181818181818182
69008,69008,100,0,0,0,0,0,n/a,0
69009,69009,100,44,206,250,0.176,0.824,Yes,0.824
69010,69010,100,54,276,330,0.16363636363636364,0.8363636363636363,Yes,0.8363636363636363
69011,69011,100,57,222,279,0.20430107526881722,0.7956989247311828,Yes,0.7956989247311828
69012,69012,100,40,208,248,0.16129032258064516,0.8387096774193549,Yes,0.8387096774193549
69013,69013,100,37,169,206,0.1796116504854369,0.8203883495145631,Yes,0.8203883495145631
69014,69014,100,41,121,162,0.25308641975308643,0.7469135802469136,Yes,0.7469135802469136
69015,69015,100,57,224,281,0.20284697508896798,0.797153024911032,Yes,0.797153024911032
69016,69016,100,35,161,196,0.17857142857142858,0.8214285714285714,Yes,0.8214285714285714
69017,69017,100,27,181,208,0.12980769230769232,0.8701923076923077,Yes,0.8701923076923077
69018,69018,100,79,268,347,0.2276657060518732,0.7723342939481268,Yes,0.7723342939481268
69019,69019,100,29,155,184,0.15760869565217392,0.842391304347826,Yes,0.842391304347826
69020,69020,100,69,248,317,0.21766561514195584,0.7823343848580442,Yes,0.7823343848580442
69021,69021,100,37,153,190,0.19473684210526315,0.8052631578947368,Yes,0.8052631578947368
69022,69022,100,50,205,255,0.19607843137254902,0.803921568627451,Yes,0.803921568627451
69023,69023,100,36,122,158,0.22784810126582278,0.7721518987341772,Yes,0.7721518987341772
69024,69024,100,46,185,231,0.19913419913419914,0.8008658008658008,Yes,0.8008658008658008
69025,69025,100,45,200,245,0.1836734693877551,0.8163265306122449,Yes,0.8163265306122449
69026,69026,100,59,186,245,0.24081632653061225,0.7591836734693878,Yes,0.7591836734693878
69027,69027,100,24,92,116,0.20689655172413793,0.7931034482758621,Yes,0.7931034482758621
69028,69028,100,8,89,97,0.08247422680412371,0.9175257731958762,Yes,0.9175257731958762
69029,69029,100,50,271,321,0.1557632398753894,0.8442367601246106,Yes,0.8442367601246106
69030,69030,100,56,226,282,0.19858156028368795,0.8014184397163121,Yes,0.8014184397163121
69031,69031,100,46,229,275,0.16727272727272727,0.8327272727272728,Yes,0.8327272727272728
69032,69032,100,70,252,322,0.21739130434782608,0.782608695652174,Yes,0.782608695652174
69033,69033,100,73,262,335,0.21791044776119403,0.7820895522388059,Yes,0.7820895522388059
69034,69034,100,42,238,280,0.15,0.85,Yes,0.85
69035,69035,100,30,83,113,0.26548672566371684,0.7345132743362832,Yes,0.7345132743362832
69036,69036,100,3,27,30,0.1,0.9,Yes,0.9
69037,69037,100,31,112,143,0.21678321678321677,0.7832167832167832,Yes,0.7832167832167832
69038,69038,100,37,191,228,0.16228070175438597,0.8377192982456141,Yes,0.8377192982456141
69039,69039,100,42,238,280,0.15,0.85,Yes,0.85
69040,69040,100,46,223,269,0.17100371747211895,0.828996282527881,Yes,0.828996282527881
69041,69041,100,57,276,333,0.17117117117117117,0.8288288288288288,Yes,0.8288288288288288
69042,69042,100,54,247,301,0.17940199335548174,0.8205980066445183,Yes,0.8205980066445183
69043,69043,100,47,235,282,0.16666666666666666,0.8333333333333334,Yes,0.8333333333333334
69044,69044,100,48,192,240,0.2,0.8,Yes,0.8
69045,69045,100,74,289,363,0.20385674931129477,0.7961432506887053,Yes,0.7961432506887053
69046,69046,100,63,269,332,0.1897590361445783,0.8102409638554217,Yes,0.8102409638554217
69047,69047,100,57,211,268,0.2126865671641791,0.7873134328358209,Yes,0.7873134328358209
69048,69048,100,53,199,252,0.21031746031746032,0.7896825396825397,Yes,0.7896825396825397
69049,69049,100,68,218,286,0.23776223776223776,0.7622377622377622,Yes,0.7622377622377622
69050,69050,100,52,204,256,0.203125,0.796875,Yes,0.796875
69051,69051,100,25,155,180,0.1388888888888889,0.8611111111111112,Yes,0.8611111111111112
69052,69052,100,24,169,193,0.12435233160621761,0.8756476683937824,Yes,0.8756476683937824
69053,69053,100,6,59,65,0.09230769230769231,0.9076923076923077,Yes,0.9076923076923077
69054,69054,100,17,147,164,0.10365853658536585,0.8963414634146342,Yes,0.8963414634146342
69055,69055,100,30,210,240,0.125,0.875,Yes,0.875
69056,69056,100,8,51,59,0.13559322033898305,0.864406779661017,Yes,0.864406779661017
69057,69057,100,5,105,110,0.045454545454545456,0.9545454545454546,Yes,0.9545454545454546
69058,69058,100,21,128,149,0.14093959731543623,0.8590604026845637,Yes,0.8590604026845637
69059,69059,100,12,91,103,0.11650485436893204,0.883495145631068,Yes,0.883495145631068
69060,69060,100,36,193,229,0.1572052401746725,0.8427947598253275,Yes,0.8427947598253275
69061,69061,100,62,193,255,0.24313725490196078,0.7568627450980392,Yes,0.7568627450980392
69062,69062,100,42,167,209,0.20095693779904306,0.7990430622009569,Yes,0.7990430622009569
69063,69063,100,92,257,349,0.2636103151862464,0.7363896848137536,Yes,0.7363896848137536
69064,69064,100,55,236,291,0.18900343642611683,0.8109965635738832,Yes,0.8109965635738832
69065,69065,100,54,188,242,0.2231404958677686,0.7768595041322314,Yes,0.7768595041322314
69066,69066,100,13,67,80,0.1625,0.8375,Yes,0.8375
69067,69067,100,12,72,84,0.14285714285714285,0.8571428571428571,Yes,0.8571428571428571
69068,69068,100,28,151,179,0.1564245810055866,0.8435754189944135,Yes,0.8435754189944135
69069,69069,100,65,204,269,0.241635687732342,0.758364312267658,Yes,0.758364312267658
69070,69070,100,13,54,67,0.19402985074626866,0.8059701492537313,Yes,0.8059701492537313
69071,69071,100,24,74,98,0.24489795918367346,0.7551020408163265,Yes,0.7551020408163265
69072,69072,100,85,275,360,0.2361111111111111,0.7638888888888888,Yes,0.7638888888888888
69073,69073,100,64,249,313,0.20447284345047922,0.7955271565495208,Yes,0.7955271565495208
69074,69074,100,15,104,119,0.12605042016806722,0.8739495798319328,Yes,0.8739495798319328
69075,69075,100,17,158,175,0.09714285714285714,0.9028571428571428,Yes,0.9028571428571428
69076,69076,100,13,114,127,0.10236220472440945,0.8976377952755905,Yes,0.8976377952755905
69077,69077,100,41,197,238,0.1722689075630252,0.8277310924369747,Yes,0.8277310924369747
69078,69078,100,43,180,223,0.19282511210762332,0.8071748878923767,Yes,0.8071748878923767
69079,69079,100,32,125,157,0.20382165605095542,0.7961783439490446,Yes,0.7961783439490446
69080,69080,100,17,115,132,0.12878787878787878,0.8712121212121212,Yes,0.8712121212121212
69081,69081,100,38,150,188,0.20212765957446807,0.7978723404255319,Yes,0.7978723404255319
69082,69082,100,18,115,133,0.13533834586466165,0.8646616541353384,Yes,0.8646616541353384
69083,69083,100,29,93,122,0.23770491803278687,0.7622950819672131,Yes,0.7622950819672131
69084,69084,100,32,150,182,0.17582417582417584,0.8241758241758241,Yes,0.8241758241758241
69085,69085,100,49,143,192,0.2552083333333333,0.7447916666666666,Yes,0.7447916666666666
69086,69086,100,68,309,377,0.18037135278514588,0.8196286472148541,Yes,0.8196286472148541
69087,69087,100,62,233,295,0.21016949152542372,0.7898305084745763,Yes,0.7898305084745763
69088,69085,100,0,0,0,0,0,n/a,0
69089,69089,100,9,33,42,0.21428571428571427,0.7857142857142857,Yes,0.7857142857142857
69090,69090,100,37,151,188,0.19680851063829788,0.8031914893617021,Yes,0.8031914893617021
69091,69091,100,43,142,185,0.23243243243243245,0.7675675675675676,Yes,0.7675675675675676
69092,69092,100,49,157,206,0.23786407766990292,0.7621359223300971,Yes,0.7621359223300971
69093,69093,100,63,327,390,0.16153846153846155,0.8384615384615385,Yes,0.8384615384615385
69094,69094,100,26,107,133,0.19548872180451127,0.8045112781954887,Yes,0.8045112781954887
69095,69095,100,52,223,275,0.1890909090909091,0.8109090909090909,Yes,0.8109090909090909
69096,69096,100,2,16,18,0.1111111111111111,0.8888888888888888,Yes,0.8888888888888888
69097,69097,100,25,157,182,0.13736263736263737,0.8626373626373627,Yes,0.8626373626373627
69098,69098,100,28,160,188,0.14893617021276595,0.851063829787234,Yes,0.851063829787234
69099,69099,100,112,272,384,0.2916666666666667,0.7083333333333334,Yes,0.7083333333333334
69100,69100,100,21,87,108,0.19444444444444445,0.8055555555555556,Yes,0.8055555555555556
69101,69101,100,7,69,76,0.09210526315789473,0.9078947368421053,Yes,0.9078947368421053
69102,69102,100,18,98,116,0.15517241379310345,0.8448275862068966,Yes,0.8448275862068966
69103,69103,100,5,82,87,0.05747126436781609,0.9425287356321839,Yes,0.9425287356321839
69104,69104,100,14,49,63,0.2222222222222222,0.7777777777777778,Yes,0.7777777777777778
69200,69200,100,0,0,0,0,0,n/a,0
69201,69201,100,0,0,0,0,0,n/a,0
69202,69202,100,0,0,0,0,0,n/a,0
69203,69203,100,0,0,0,0,0,n/a,0
70001,70001,100,22,148,170,0.12941176470588237,0.8705882352941177,Yes,0.8705882352941177
70002,70002,100,18,119,137,0.13138686131386862,0.8686131386861314,Yes,0.8686131386861314
70003,70003,100,23,108,131,0.17557251908396945,0.8244274809160306,Yes,0.8244274809160306
70004,70004,100,30,162,192,0.15625,0.84375,Yes,0.84375
70005,70005,100,37,234,271,0.13653136531365315,0.8634686346863468,Yes,0.8634686346863468
70006,70006,100,25,133,158,0.15822784810126583,0.8417721518987342,Yes,0.8417721518987342
70007,70007,100,18,99,117,0.15384615384615385,0.8461538461538461,Yes,0.8461538461538461
70008,70008,100,22,132,154,0.14285714285714285,0.8571428571428571,Yes,0.8571428571428571
70009,70009,100,51,214,265,0.19245283018867926,0.8075471698113208,Yes,0.8075471698113208
70010,70010,100,25,185,210,0.11904761904761904,0.8809523809523809,Yes,0.8809523809523809
70011,70011,100,26,147,173,0.15028901734104047,0.8497109826589595,Yes,0.8497109826589595
70012,70012,100,21,154,175,0.12,0.88,Yes,0.88
70013,70013,100,9,110,119,0.07563025210084033,0.9243697478991597,Yes,0.9243697478991597
70014,70014,100,14,144,158,0.08860759493670886,0.9113924050632911,Yes,0.9113924050632911
70015,70015,100,16,105,121,0.1322314049586777,0.8677685950413223,Yes,0.8677685950413223
70016,70016,100,20,196,216,0.09259259259259259,0.9074074074074074,Yes,0.9074074074074074
70017,70017,100,19,137,156,0.12179487179487179,0.8782051282051282,Yes,0.8782051282051282
70018,70018,100,9,99,108,0.08333333333333333,0.9166666666666666,Yes,0.9166666666666666
70019,70019,100,33,270,303,0.10891089108910891,0.8910891089108911,Yes,0.8910891089108911
70020,70020,100,23,200,223,0.1031390134529148,0.8968609865470852,Yes,0.8968609865470852
70021,70021,100,30,132,162,0.18518518518518517,0.8148148148148148,Yes,0.8148148148148148
70022,70022,100,28,173,201,0.13930348258706468,0.8606965174129353,Yes,0.8606965174129353
70023,70023,100,22,195,217,0.10138248847926268,0.8986175115207373,Yes,0.8986175115207373
70024,70024,100,20,202,222,0.09009009009009009,0.9099099099099099,Yes,0.9099099099099099
70025,70025,100,8,130,138,0.057971014492753624,0.9420289855072463,Yes,0.9420289855072463
70026,70026,100,16,174,190,0.08421052631578947,0.9157894736842105,Yes,0.9157894736842105
70027,70027,100,18,105,123,0.14634146341463414,0.8536585365853658,Yes,0.8536585365853658
70028,70028,100,18,123,141,0.1276595744680851,0.8723404255319149,Yes,0.8723404255319149
70029,70029,100,12,206,218,0.05504587155963303,0.944954128440367,Yes,0.944954128440367
70030,70030,100,10,182,192,0.052083333333333336,0.9479166666666666,Yes,0.9479166666666666
70031,70031,100,16,102,118,0.13559322033898305,0.864406779661017,Yes,0.864406779661017
70032,70032,100,17,79,96,0.17708333333333334,0.8229166666666666,Yes,0.8229166666666666
70033,70033,100,14,114,128,0.109375,0.890625,Yes,0.890625
70034,70034,100,11,110,121,0.09090909090909091,0.9090909090909091,Yes,0.9090909090909091
70035,70035,100,20,116,136,0.14705882352941177,0.8529411764705882,Yes,0.8529411764705882
70036,70036,100,15,127,142,0.1056338028169014,0.8943661971830986,Yes,0.8943661971830986
70037,70037,100,9,157,166,0.05421686746987952,0.9457831325301205,Yes,0.9457831325301205
70038,70038,100,2,98,100,0.02,0.98,Yes,0.98
70039,70039,100,5,78,83,0.060240963855421686,0.9397590361445783,Yes,0.9397590361445783
70040,70040,100,30,281,311,0.09646302250803858,0.9035369774919614,Yes,0.9035369774919614
70041,70041,100,26,213,239,0.1087866108786611,0.891213389121339,Yes,0.891213389121339
70042,70042,100,11,151,162,0.06790123456790123,0.9320987654320988,Yes,0.9320987654320988
70043,70043,100,17,149,166,0.10240963855421686,0.8975903614457831,Yes,0.8975903614457831
70044,70044,100,22,217,239,0.09205020920502092,0.9079497907949791,Yes,0.9079497907949791
70045,70045,100,18,128,146,0.1232876712328767,0.8767123287671232,Yes,0.8767123287671232
70046,70046,100,31,303,334,0.09281437125748503,0.907185628742515,Yes,0.907185628742515
70047,70047,100,22,203,225,0.09777777777777778,0.9022222222222223,Yes,0.9022222222222223
70048,70048,100,21,210,231,0.09090909090909091,0.9090909090909091,Yes,0.9090909090909091
70049,70049,100,11,154,165,0.06666666666666667,0.9333333333333333,Yes,0.9333333333333333
70050,70050,100,39,220,259,0.15057915057915058,0.8494208494208494,Yes,0.8494208494208494
70051,70051,100,11,102,113,0.09734513274336283,0.9026548672566371,Yes,0.9026548672566371
70052,70052,100,22,179,201,0.10945273631840796,0.8905472636815921,Yes,0.8905472636815921
70053,70053,100,23,223,246,0.09349593495934959,0.9065040650406504,Yes,0.9065040650406504
70054,70054,100,29,295,324,0.08950617283950617,0.9104938271604939,Yes,0.9104938271604939
70055,70055,100,8,124,132,0.06060606060606061,0.9393939393939394,Yes,0.9393939393939394
70056,70056,100,31,189,220,0.1409090909090909,0.8590909090909091,Yes,0.8590909090909091
70057,70057,100,8,141,149,0.053691275167785234,0.9463087248322147,Yes,0.9463087248322147
70058,70058,100,13,152,165,0.07878787878787878,0.9212121212121213,Yes,0.9212121212121213
70059,70059,100,4,121,125,0.032,0.968,Yes,0.968
70060,70060,100,15,137,152,0.09868421052631579,0.9013157894736842,Yes,0.9013157894736842
70061,70061,100,12,153,165,0.07272727272727272,0.9272727272727272,Yes,0.9272727272727272
70062,70062,100,25,202,227,0.11013215859030837,0.8898678414096917,Yes,0.8898678414096917
70063,70063,100,9,112,121,0.0743801652892562,0.9256198347107438,Yes,0.9256198347107438
70064,70064,100,3,8,11,0.2727272727272727,0.7272727272727273,Yes,0.7272727272727273
70065,70065,100,43,189,232,0.1853448275862069,0.8146551724137931,Yes,0.8146551724137931
70066,70066,100,0,0,0,0,0,n/a,0
70067,70067,100,43,161,204,0.2107843137254902,0.7892156862745098,Yes,0.7892156862745098
70068,70068,100,41,144,185,0.22162162162162163,0.7783783783783784,Yes,0.7783783783783784
70069,70069,100,3,42,45,0.06666666666666667,0.9333333333333333,Yes,0.9333333333333333
70070,70070,100,2,37,39,0.05128205128205128,0.9487179487179487,Yes,0.9487179487179487
70071,70071,100,9,101,110,0.08181818181818182,0.9181818181818182,Yes,0.9181818181818182
70072,70072,100,12,108,120,0.1,0.9,Yes,0.9
70073,70073,100,6,83,89,0.06741573033707865,0.9325842696629213,Yes,0.9325842696629213
70074,70074,100,37,195,232,0.15948275862068967,0.8405172413793104,Yes,0.8405172413793104
70075,70075,100,14,162,176,0.07954545454545454,0.9204545454545454,Yes,0.9204545454545454
70076,70076,100,6,73,79,0.0759493670886076,0.9240506329113924,Yes,0.9240506329113924
70077,70077,100,4,37,41,0.0975609756097561,0.9024390243902439,Yes,0.9024390243902439
70078,70078,100,3,34,37,0.08108108108108109,0.918918918918919,Yes,0.918918918918919
70079,70079,100,7,36,43,0.16279069767441862,0.8372093023255814,Yes,0.8372093023255814
70080,70080,100,10,46,56,0.17857142857142858,0.8214285714285714,Yes,0.8214285714285714
70081,70081,100,12,45,57,0.21052631578947367,0.7894736842105263,Yes,0.7894736842105263
70082,70082,100,17,77,94,0.18085106382978725,0.8191489361702128,Yes,0.8191489361702128
70083,70083,100,9,77,86,0.10465116279069768,0.8953488372093024,Yes,0.8953488372093024
70084,70084,100,48,93,141,0.3404255319148936,0.6595744680851063,Yes,0.6595744680851063
70085,70085,100,48,186,234,0.20512820512820512,0.7948717948717948,Yes,0.7948717948717948
70086,70086,100,15,115,130,0.11538461538461539,0.8846153846153846,Yes,0.8846153846153846
70087,70087,100,14,148,162,0.08641975308641975,0.9135802469135802,Yes,0.9135802469135802
70088,70088,100,12,75,87,0.13793103448275862,0.8620689655172413,Yes,0.8620689655172413
70089,70089,100,22,123,145,0.15172413793103448,0.8482758620689655,Yes,0.8482758620689655
70090,70090,100,9,51,60,0.15,0.85,Yes,0.85
70091,70091,100,15,85,100,0.15,0.85,Yes,0.85
70200,70200,100,0,0,0,0,0,n/a,0
70201,70201,100,0,0,0,0,0,n/a,0
70202,70202,100,0,0,0,0,0,n/a,0
71001,71001,100,14,171,185,0.07567567567567568,0.9243243243243243,Yes,0.9243243243243243
71002,71002,100,34,98,132,0.25757575757575757,0.7424242424242424,Yes,0.7424242424242424
71003,71003,100,14,65,79,0.17721518987341772,0.8227848101265823,Yes,0.8227848101265823
71004,71004,100,5,80,85,0.058823529411764705,0.9411764705882353,Yes,0.9411764705882353
71005,71005,100,25,148,173,0.14450867052023122,0.8554913294797688,Yes,0.8554913294797688
71006,71006,100,46,114,160,0.2875,0.7125,Yes,0.7125
71007,71007,100,19,65,84,0.2261904761904762,0.7738095238095238,Yes,0.7738095238095238
71008,71008,100,11,107,118,0.09322033898305085,0.9067796610169492,Yes,0.9067796610169492
71009,71009,100,32,183,215,0.14883720930232558,0.8511627906976744,Yes,0.8511627906976744
71010,71010,100,43,161,204,0.2107843137254902,0.7892156862745098,Yes,0.7892156862745098
71011,71011,100,18,113,131,0.13740458015267176,0.8625954198473282,Yes,0.8625954198473282
71012,71012,100,27,191,218,0.12385321100917432,0.8761467889908257,Yes,0.8761467889908257
71013,71013,100,9,78,87,0.10344827586206896,0.896551724137931,Yes,0.896551724137931
71014,71014,100,5,69,74,0.06756756756756757,0.9324324324324325,Yes,0.9324324324324325
71015,71015,100,4,83,87,0.04597701149425287,0.9540229885057471,Yes,0.9540229885057471
71016,71016,100,9,143,152,0.05921052631578947,0.9407894736842105,Yes,0.9407894736842105
71017,71017,100,3,53,56,0.05357142857142857,0.9464285714285714,Yes,0.9464285714285714
71018,71018,100,29,242,271,0.1070110701107011,0.8929889298892989,Yes,0.8929889298892989
71019,71019,100,42,312,354,0.11864406779661017,0.8813559322033898,Yes,0.8813559322033898
71020,71020,100,52,259,311,0.16720257234726688,0.8327974276527331,Yes,0.8327974276527331
71021,71021,100,14,133,147,0.09523809523809523,0.9047619047619048,Yes,0.9047619047619048
71022,71022,100,12,44,56,0.21428571428571427,0.7857142857142857,Yes,0.7857142857142857
71023,71023,100,30,169,199,0.1507537688442211,0.8492462311557789,Yes,0.8492462311557789
71024,71024,100,21,204,225,0.09333333333333334,0.9066666666666666,Yes,0.9066666666666666
71025,71025,100,7,82,89,0.07865168539325842,0.9213483146067416,Yes,0.9213483146067416
71026,71026,100,13,157,170,0.07647058823529412,0.9235294117647059,Yes,0.9235294117647059
71027,71027,100,23,112,135,0.17037037037037037,0.8296296296296296,Yes,0.8296296296296296
71028,71028,100,16,129,145,0.1103448275862069,0.8896551724137931,Yes,0.8896551724137931
71029,71029,100,25,103,128,0.1953125,0.8046875,Yes,0.8046875
71030,71030,100,20,105,125,0.16,0.84,Yes,0.84
71031,71031,100,26,126,152,0.17105263157894737,0.8289473684210527,Yes,0.8289473684210527
71032,71032,100,27,153,180,0.15,0.85,Yes,0.85
71033,71033,100,19,164,183,0.10382513661202186,0.8961748633879781,Yes,0.8961748633879781
71034,71034,100,11,125,136,0.08088235294117647,0.9191176470588235,Yes,0.9191176470588235
71035,71035,100,13,100,113,0.11504424778761062,0.8849557522123894,Yes,0.8849557522123894
71036,71036,100,6,84,90,0.06666666666666667,0.9333333333333333,Yes,0.9333333333333333
71037,71037,100,15,107,122,0.12295081967213115,0.8770491803278688,Yes,0.8770491803278688
71038,71038,100,8,103,111,0.07207207207207207,0.9279279279279279,Yes,0.9279279279279279
71039,71039,100,10,69,79,0.12658227848101267,0.8734177215189873,Yes,0.8734177215189873
71040,71040,100,29,167,196,0.14795918367346939,0.8520408163265306,Yes,0.8520408163265306
71041,71041,100,32,179,211,0.15165876777251186,0.8483412322274881,Yes,0.8483412322274881
71042,71042,100,8,109,117,0.06837606837606838,0.9316239316239316,Yes,0.9316239316239316
71043,71043,100,17,172,189,0.08994708994708994,0.91005291005291,Yes,0.91005291005291
71044,71044,100,16,84,100,0.16,0.84,Yes,0.84
71045,71045,100,12,92,104,0.11538461538461539,0.8846153846153846,Yes,0.8846153846153846
71046,71046,100,16,129,145,0.1103448275862069,0.8896551724137931,Yes,0.8896551724137931
71047,71047,100,31,218,249,0.12449799196787148,0.8755020080321285,Yes,0.8755020080321285
71048,71048,100,0,31,31,0.0,1.0,Yes,1.0
71049,71049,100,7,91,98,0.07142857142857142,0.9285714285714286,Yes,0.9285714285714286
71050,71050,100,12,144,156,0.07692307692307693,0.9230769230769231,Yes,0.9230769230769231
71051,71051,100,2,32,34,0.058823529411764705,0.9411764705882353,Yes,0.9411764705882353
71052,71052,100,4,113,117,0.03418803418803419,0.9658119658119658,Yes,0.9658119658119658
71053,71053,100,7,100,107,0.06542056074766354,0.9345794392523364,Yes,0.9345794392523364
71054,71054,100,8,68,76,0.10526315789473684,0.8947368421052632,Yes,0.8947368421052632
71055,71055,100,16,88,104,0.15384615384615385,0.8461538461538461,Yes,0.8461538461538461
71056,71056,100,9,125,134,0.06716417910447761,0.9328358208955224,Yes,0.9328358208955224
71057,71057,100,13,94,107,0.12149532710280374,0.8785046728971962,Yes,0.8785046728971962
71058,71058,100,6,61,67,0.08955223880597014,0.9104477611940298,Yes,0.9104477611940298
71059,71059,100,3,59,62,0.04838709677419355,0.9516129032258065,Yes,0.9516129032258065
71060,71060,100,11,80,91,0.12087912087912088,0.8791208791208791,Yes,0.8791208791208791
71061,71061,100,23,85,108,0.21296296296296297,0.7870370370370371,Yes,0.7870370370370371
71062,71062,100,12,51,63,0.19047619047619047,0.8095238095238095,Yes,0.8095238095238095
71063,71063,100,20,108,128,0.15625,0.84375,Yes,0.84375
71064,71064,100,19,114,133,0.14285714285714285,0.8571428571428571,Yes,0.8571428571428571
71065,71065,100,13,66,79,0.16455696202531644,0.8354430379746836,Yes,0.8354430379746836
71066,71066,100,8,69,77,0.1038961038961039,0.8961038961038961,Yes,0.8961038961038961
71067,71067,100,9,91,100,0.09,0.91,Yes,0.91
71068,71068,100,16,71,87,0.1839080459770115,0.8160919540229885,Yes,0.8160919540229885
71069,71069,100,17,135,152,0.1118421052631579,0.8881578947368421,Yes,0.8881578947368421
71070,71070,100,30,114,144,0.20833333333333334,0.7916666666666666,Yes,0.7916666666666666
71071,71071,100,1,8,9,0.1111111111111111,0.8888888888888888,Yes,0.8888888888888888
71072,71072,100,19,127,146,0.13013698630136986,0.8698630136986302,Yes,0.8698630136986302
71073,71073,100,31,110,141,0.2198581560283688,0.7801418439716312,Yes,0.7801418439716312
71074,71074,100,26,134,160,0.1625,0.8375,Yes,0.8375
71075,71075,100,13,97,110,0.11818181818181818,0.8818181818181818,Yes,0.8818181818181818
71076,71076,100,39,186,225,0.17333333333333334,0.8266666666666667,Yes,0.8266666666666667
71077,71077,100,54,198,252,0.21428571428571427,0.7857142857142857,Yes,0.7857142857142857
71078,71078,100,66,269,335,0.19701492537313434,0.8029850746268656,Yes,0.8029850746268656
71079,71079,100,70,197,267,0.26217228464419473,0.7378277153558053,Yes,0.7378277153558053
71080,71080,100,22,105,127,0.1732283464566929,0.8267716535433071,Yes,0.8267716535433071
71081,71081,100,43,183,226,0.1902654867256637,0.8097345132743363,Yes,0.8097345132743363
71082,71082,100,55,177,232,0.23706896551724138,0.7629310344827587,Yes,0.7629310344827587
71083,71083,100,100,276,376,0.26595744680851063,0.7340425531914894,Yes,0.7340425531914894
71084,71084,100,28,133,161,0.17391304347826086,0.8260869565217391,Yes,0.8260869565217391
71085,71085,100,59,160,219,0.2694063926940639,0.730593607305936,Yes,0.730593607305936
71086,71086,100,8,20,28,0.2857142857142857,0.7142857142857143,Yes,0.7142857142857143
71087,71087,100,2,78,80,0.025,0.975,Yes,0.975
71088,71088,100,4,63,67,0.05970149253731343,0.9402985074626866,Yes,0.9402985074626866
71089,71089,100,5,89,94,0.05319148936170213,0.9468085106382979,Yes,0.9468085106382979
71090,71090,100,7,99,106,0.0660377358490566,0.9339622641509434,Yes,0.9339622641509434
71091,71091,100,6,80,86,0.06976744186046512,0.9302325581395349,Yes,0.9302325581395349
71092,71092,100,28,198,226,0.12389380530973451,0.8761061946902655,Yes,0.8761061946902655
71093,71093,100,0,0,0,0,0,n/a,0
71094,71094,100,9,66,75,0.12,0.88,Yes,0.88
71095,71095,100,8,43,51,0.1568627450980392,0.8431372549019608,Yes,0.8431372549019608
71096,71096,100,9,107,116,0.07758620689655173,0.9224137931034483,Yes,0.9224137931034483
71200,71200,100,0,0,0,0,0,n/a,0
71201,71201,100,0,0,0,0,0,n/a,0
72001,72001,100,12,86,98,0.12244897959183673,0.8775510204081632,Yes,0.8775510204081632
72002,72002,100,6,68,74,0.08108108108108109,0.918918918918919,Yes,0.918918918918919
72003,72003,100,6,72,78,0.07692307692307693,0.9230769230769231,Yes,0.9230769230769231
72004,72004,100,15,145,160,0.09375,0.90625,Yes,0.90625
72005,72005,100,9,70,79,0.11392405063291139,0.8860759493670886,Yes,0.8860759493670886
72006,72006,100,9,58,67,0.13432835820895522,0.8656716417910447,Yes,0.8656716417910447
72007,72007,100,1,35,36,0.027777777777777776,0.9722222222222222,Yes,0.9722222222222222
72008,72008,100,5,50,55,0.09090909090909091,0.9090909090909091,Yes,0.9090909090909091
72009,72009,100,6,53,59,0.1016949152542373,0.8983050847457628,Yes,0.8983050847457628
72010,72010,100,8,83,91,0.08791208791208792,0.9120879120879121,Yes,0.9120879120879121
72011,72011,100,2,38,40,0.05,0.95,Yes,0.95
72012,72012,100,7,93,100,0.07,0.93,Yes,0.93
72013,72013,100,5,43,48,0.10416666666666667,0.8958333333333334,Yes,0.8958333333333334
72014,72014,100,3,58,61,0.04918032786885246,0.9508196721311475,Yes,0.9508196721311475
72015,72015,100,7,91,98,0.07142857142857142,0.9285714285714286,Yes,0.9285714285714286
72016,72016,100,1,50,51,0.0196078431372549,0.9803921568627451,Yes,0.9803921568627451
72017,72017,100,11,137,148,0.07432432432432433,0.9256756756756757,Yes,0.9256756756756757
72018,72018,100,36,152,188,0.19148936170212766,0.8085106382978723,Yes,0.8085106382978723
72019,72019,100,27,138,165,0.16363636363636364,0.8363636363636363,Yes,0.8363636363636363
72020,72020,100,16,129,145,0.1103448275862069,0.8896551724137931,Yes,0.8896551724137931
72021,72021,100,6,98,104,0.057692307692307696,0.9423076923076923,Yes,0.9423076923076923
72022,72022,100,7,58,65,0.1076923076923077,0.8923076923076924,Yes,0.8923076923076924
72023,72023,100,12,49,61,0.19672131147540983,0.8032786885245902,Yes,0.8032786885245902
72024,72024,100,5,59,64,0.078125,0.921875,Yes,0.921875
72025,72025,100,6,45,51,0.11764705882352941,0.8823529411764706,Yes,0.8823529411764706
72026,72026,100,19,73,92,0.20652173913043478,0.7934782608695652,Yes,0.7934782608695652
72027,72027,100,6,28,34,0.17647058823529413,0.8235294117647058,Yes,0.8235294117647058
72028,72028,100,9,76,85,0.10588235294117647,0.8941176470588236,Yes,0.8941176470588236
72029,72029,100,6,108,114,0.05263157894736842,0.9473684210526315,Yes,0.9473684210526315
72030,72030,100,9,73,82,0.10975609756097561,0.8902439024390244,Yes,0.8902439024390244
72031,72031,100,2,69,71,0.028169014084507043,0.971830985915493,Yes,0.971830985915493
72032,72032,100,7,59,66,0.10606060606060606,0.8939393939393939,Yes,0.8939393939393939
72033,72033,100,19,76,95,0.2,0.8,Yes,0.8
72034,72034,100,4,42,46,0.08695652173913043,0.9130434782608695,Yes,0.9130434782608695
72035,72035,100,9,44,53,0.16981132075471697,0.8301886792452831,Yes,0.8301886792452831
72036,72036,100,19,89,108,0.17592592592592593,0.8240740740740741,Yes,0.8240740740740741
72037,72037,100,24,83,107,0.22429906542056074,0.7757009345794392,Yes,0.7757009345794392
72038,72038,100,30,105,135,0.2222222222222222,0.7777777777777778,Yes,0.7777777777777778
72039,72039,100,15,133,148,0.10135135135135136,0.8986486486486487,Yes,0.8986486486486487
72040,72040,100,8,77,85,0.09411764705882353,0.9058823529411765,Yes,0.9058823529411765
72041,72041,100,31,146,177,0.1751412429378531,0.8248587570621468,Yes,0.8248587570621468
72042,72042,100,23,112,135,0.17037037037037037,0.8296296296296296,Yes,0.8296296296296296
72043,72043,100,7,83,90,0.07777777777777778,0.9222222222222223,Yes,0.9222222222222223
72044,72044,100,4,55,59,0.06779661016949153,0.9322033898305084,Yes,0.9322033898305084
72045,72045,100,8,48,56,0.14285714285714285,0.8571428571428571,Yes,0.8571428571428571
72046,72046,100,21,84,105,0.2,0.8,Yes,0.8
72047,72047,100,8,53,61,0.13114754098360656,0.8688524590163934,Yes,0.8688524590163934
72048,72048,100,2,29,31,0.06451612903225806,0.9354838709677419,Yes,0.9354838709677419
72049,72049,100,3,34,37,0.08108108108108109,0.918918918918919,Yes,0.918918918918919
72050,72050,100,6,54,60,0.1,0.9,Yes,0.9
72051,72051,100,8,67,75,0.10666666666666667,0.8933333333333333,Yes,0.8933333333333333
72052,72052,100,13,102,115,0.11304347826086956,0.8869565217391304,Yes,0.8869565217391304
72053,72053,100,8,62,70,0.11428571428571428,0.8857142857142857,Yes,0.8857142857142857
72054,72054,100,9,101,110,0.08181818181818182,0.9181818181818182,Yes,0.9181818181818182
72055,72055,100,9,96,105,0.08571428571428572,0.9142857142857143,Yes,0.9142857142857143
72056,72056,100,4,96,100,0.04,0.96,Yes,0.96
72057,72057,100,39,160,199,0.19597989949748743,0.8040201005025126,Yes,0.8040201005025126
72058,72058,100,41,151,192,0.21354166666666666,0.7864583333333334,Yes,0.7864583333333334
72059,72059,100,32,105,137,0.23357664233576642,0.7664233576642335,Yes,0.7664233576642335
72060,72060,100,39,147,186,0.20967741935483872,0.7903225806451613,Yes,0.7903225806451613
72061,72061,100,7,68,75,0.09333333333333334,0.9066666666666666,Yes,0.9066666666666666
72062,72062,100,9,67,76,0.11842105263157894,0.881578947368421,Yes,0.881578947368421
72063,72063,100,24,126,150,0.16,0.84,Yes,0.84
72064,72064,100,54,221,275,0.19636363636363635,0.8036363636363636,Yes,0.8036363636363636
72065,72065,100,8,43,51,0.1568627450980392,0.8431372549019608,Yes,0.8431372549019608
72066,72066,100,60,183,243,0.24691358024691357,0.7530864197530864,Yes,0.7530864197530864
72067,72067,100,50,206,256,0.1953125,0.8046875,Yes,0.8046875
72068,72068,100,70,241,311,0.22508038585209003,0.77491961414791,Yes,0.77491961414791
72069,72069,100,50,126,176,0.2840909090909091,0.7159090909090909,Yes,0.7159090909090909
72070,72070,100,5,44,49,0.10204081632653061,0.8979591836734694,Yes,0.8979591836734694
72071,72071,100,5,56,61,0.08196721311475409,0.9180327868852459,Yes,0.9180327868852459
72072,72072,100,5,85,90,0.05555555555555555,0.9444444444444444,Yes,0.9444444444444444
72073,72073,100,9,14,23,0.391304347826087,0.6086956521739131,Yes,0.6086956521739131
72074,72074,100,14,78,92,0.15217391304347827,0.8478260869565217,Yes,0.8478260869565217
72075,72075,100,14,95,109,0.12844036697247707,0.8715596330275229,Yes,0.8715596330275229
72076,72076,100,7,45,52,0.1346153846153846,0.8653846153846154,Yes,0.8653846153846154
72200,72200,100,0,0,0,0,0,n/a,0
72201,72201,100,0,0,0,0,0,n/a,0
72202,72202,100,0,0,0,0,0,n/a,0
72203,72203,100,0,0,0,0,0,n/a,0
72204,72204,100,0,0,0,0,0,n/a,0
72205,72205,100,0,0,0,0,0,n/a,0
73001,73001,100,33,110,143,0.23076923076923078,0.7692307692307693,Yes,0.7692307692307693
73002,73002,100,60,93,153,0.39215686274509803,0.6078431372549019,Yes,0.6078431372549019
73003,73003,100,47,146,193,0.24352331606217617,0.7564766839378239,Yes,0.7564766839378239
73004,73004,100,45,122,167,0.2694610778443114,0.7305389221556886,Yes,0.7305389221556886
73005,73005,100,70,165,235,0.2978723404255319,0.7021276595744681,Yes,0.7021276595744681
73006,73006,100,39,126,165,0.23636363636363636,0.7636363636363637,Yes,0.7636363636363637
73007,73007,100,42,107,149,0.28187919463087246,0.7181208053691275,Yes,0.7181208053691275
73008,73008,100,20,67,87,0.22988505747126436,0.7701149425287356,Yes,0.7701149425287356
73009,73009,100,59,149,208,0.28365384615384615,0.7163461538461539,Yes,0.7163461538461539
73010,73010,100,57,200,257,0.22178988326848248,0.7782101167315175,Yes,0.7782101167315175
73011,73011,100,45,136,181,0.24861878453038674,0.7513812154696132,Yes,0.7513812154696132
73012,73012,100,11,21,32,0.34375,0.65625,Yes,0.65625
73013,73013,100,43,156,199,0.21608040201005024,0.7839195979899497,Yes,0.7839195979899497
73014,73014,100,10,32,42,0.23809523809523808,0.7619047619047619,Yes,0.7619047619047619
73015,73015,100,11,52,63,0.1746031746031746,0.8253968253968254,Yes,0.8253968253968254
73016,73016,100,45,109,154,0.2922077922077922,0.7077922077922078,Yes,0.7077922077922078
73017,73017,100,25,48,73,0.3424657534246575,0.6575342465753424,Yes,0.6575342465753424
73018,73018,100,58,158,216,0.26851851851851855,0.7314814814814815,Yes,0.7314814814814815
73019,73019,100,20,58,78,0.2564102564102564,0.7435897435897436,Yes,0.7435897435897436
73020,73020,100,3,2,5,0.6,0.4,No,0.6
73021,73021,100,46,140,186,0.24731182795698925,0.7526881720430108,Yes,0.7526881720430108
73022,73022,100,45,119,164,0.27439024390243905,0.725609756097561,Yes,0.725609756097561
73023,73023,100,49,119,168,0.2916666666666667,0.7083333333333334,Yes,0.7083333333333334
73024,73024,100,44,161,205,0.2146341463414634,0.7853658536585366,Yes,0.7853658536585366
73025,73025,100,46,137,183,0.25136612021857924,0.7486338797814208,Yes,0.7486338797814208
73026,73026,100,39,123,162,0.24074074074074073,0.7592592592592593,Yes,0.7592592592592593
73027,73027,100,82,221,303,0.2706270627062706,0.7293729372937293,Yes,0.7293729372937293
73028,73028,100,58,128,186,0.3118279569892473,0.6881720430107527,Yes,0.6881720430107527
73029,73029,100,51,174,225,0.22666666666666666,0.7733333333333333,Yes,0.7733333333333333
73030,73030,100,30,78,108,0.2777777777777778,0.7222222222222222,Yes,0.7222222222222222
73031,73031,100,64,181,245,0.2612244897959184,0.7387755102040816,Yes,0.7387755102040816
73032,73032,100,80,224,304,0.2631578947368421,0.7368421052631579,Yes,0.7368421052631579
73033,73033,100,76,231,307,0.247557003257329,0.752442996742671,Yes,0.752442996742671
73034,73034,100,55,125,180,0.3055555555555556,0.6944444444444444,Yes,0.6944444444444444
73035,73035,100,63,214,277,0.22743682310469315,0.7725631768953068,Yes,0.7725631768953068
73036,73036,100,55,176,231,0.23809523809523808,0.7619047619047619,Yes,0.7619047619047619
73037,73037,100,69,190,259,0.26640926640926643,0.7335907335907336,Yes,0.7335907335907336
73038,73038,100,69,195,264,0.26136363636363635,0.7386363636363636,Yes,0.7386363636363636
73039,73039,100,71,186,257,0.27626459143968873,0.7237354085603113,Yes,0.7237354085603113
73040,73040,100,54,137,191,0.28272251308900526,0.7172774869109948,Yes,0.7172774869109948
73041,73041,100,93,234,327,0.28440366972477066,0.7155963302752294,Yes,0.7155963302752294
73042,73042,100,31,93,124,0.25,0.75,Yes,0.75
73043,73043,100,10,16,26,0.38461538461538464,0.6153846153846154,Yes,0.6153846153846154
73044,73044,100,39,142,181,0.2154696132596685,0.7845303867403315,Yes,0.7845303867403315
73045,73045,100,53,109,162,0.3271604938271605,0.6728395061728395,Yes,0.6728395061728395
73046,73046,100,32,70,102,0.3137254901960784,0.6862745098039216,Yes,0.6862745098039216
73047,73047,100,10,47,57,0.17543859649122806,0.8245614035087719,Yes,0.8245614035087719
73048,73048,100,29,89,118,0.2457627118644068,0.7542372881355932,Yes,0.7542372881355932
73049,73049,100,8,37,45,0.17777777777777778,0.8222222222222222,Yes,0.8222222222222222
73050,73050,100,60,164,224,0.26785714285714285,0.7321428571428571,Yes,0.7321428571428571
73051,73051,100,31,114,145,0.21379310344827587,0.7862068965517242,Yes,0.7862068965517242
73052,73052,100,60,115,175,0.34285714285714286,0.6571428571428571,Yes,0.6571428571428571
73053,73053,100,50,120,170,0.29411764705882354,0.7058823529411765,Yes,0.7058823529411765
73054,73054,100,31,77,108,0.28703703703703703,0.7129629629629629,Yes,0.7129629629629629
73055,73055,100,80,222,302,0.26490066225165565,0.7350993377483444,Yes,0.7350993377483444
73056,73056,100,65,131,196,0.33163265306122447,0.6683673469387755,Yes,0.6683673469387755
73057,73057,100,78,252,330,0.23636363636363636,0.7636363636363637,Yes,0.7636363636363637
73058,73058,100,73,151,224,0.32589285714285715,0.6741071428571429,Yes,0.6741071428571429
73059,73059,100,89,240,329,0.270516717325228,0.729483282674772,Yes,0.729483282674772
73060,73060,100,73,167,240,0.30416666666666664,0.6958333333333333,Yes,0.6958333333333333
73061,73061,100,55,141,196,0.28061224489795916,0.7193877551020408,Yes,0.7193877551020408
73062,73062,100,77,164,241,0.31950207468879666,0.6804979253112033,Yes,0.6804979253112033
73063,73063,100,71,181,252,0.28174603174603174,0.7182539682539683,Yes,0.7182539682539683
73064,73064,100,94,219,313,0.3003194888178914,0.6996805111821086,Yes,0.6996805111821086
73065,73065,100,69,159,228,0.3026315789473684,0.6973684210526315,Yes,0.6973684210526315
73066,73066,100,54,153,207,0.2608695652173913,0.7391304347826086,Yes,0.7391304347826086
73067,73067,100,79,137,216,0.36574074074074076,0.6342592592592593,Yes,0.6342592592592593
73068,73068,100,63,206,269,0.2342007434944238,0.7657992565055762,Yes,0.7657992565055762
73069,73069,100,68,254,322,0.2111801242236025,0.7888198757763976,Yes,0.7888198757763976
73070,73070,100,41,170,211,0.1943127962085308,0.8056872037914692,Yes,0.8056872037914692
73071,73071,100,67,201,268,0.25,0.75,Yes,0.75
73072,73072,100,69,176,245,0.2816326530612245,0.7183673469387755,Yes,0.7183673469387755
73073,73073,100,89,193,282,0.31560283687943264,0.6843971631205674,Yes,0.6843971631205674
73074,73074,100,62,207,269,0.23048327137546468,0.7695167286245354,Yes,0.7695167286245354
73075,73075,100,49,167,216,0.22685185185185186,0.7731481481481481,Yes,0.7731481481481481
73076,73076,100,77,205,282,0.2730496453900709,0.7269503546099291,Yes,0.7269503546099291
73077,73077,100,73,164,237,0.3080168776371308,0.6919831223628692,Yes,0.6919831223628692
73078,73078,100,61,139,200,0.305,0.695,Yes,0.695
73079,73079,100,89,193,282,0.31560283687943264,0.6843971631205674,Yes,0.6843971631205674
73080,73080,100,65,197,262,0.2480916030534351,0.7519083969465649,Yes,0.7519083969465649
73081,73081,100,53,147,200,0.265,0.735,Yes,0.735
73082,73082,100,69,177,246,0.2804878048780488,0.7195121951219512,Yes,0.7195121951219512
73083,73083,100,52,158,210,0.24761904761904763,0.7523809523809524,Yes,0.7523809523809524
73084,73084,100,37,108,145,0.25517241379310346,0.7448275862068966,Yes,0.7448275862068966
73085,73085,100,70,201,271,0.25830258302583026,0.7416974169741697,Yes,0.7416974169741697
73086,73086,100,73,208,281,0.2597864768683274,0.7402135231316725,Yes,0.7402135231316725
73087,73087,100,83,184,267,0.31086142322097376,0.6891385767790262,Yes,0.6891385767790262
73088,73088,100,88,220,308,0.2857142857142857,0.7142857142857143,Yes,0.7142857142857143
73089,73089,100,53,142,195,0.2717948717948718,0.7282051282051282,Yes,0.7282051282051282
73090,73090,100,87,199,286,0.3041958041958042,0.6958041958041958,Yes,0.6958041958041958
73091,73091,100,46,200,246,0.18699186991869918,0.8130081300813008,Yes,0.8130081300813008
73092,73092,100,33,151,184,0.1793478260869565,0.8206521739130435,Yes,0.8206521739130435
73093,73093,100,55,173,228,0.2412280701754386,0.7587719298245614,Yes,0.7587719298245614
73094,73094,100,35,117,152,0.23026315789473684,0.7697368421052632,Yes,0.7697368421052632
73095,73095,100,35,175,210,0.16666666666666666,0.8333333333333334,Yes,0.8333333333333334
73096,73096,100,36,147,183,0.19672131147540983,0.8032786885245902,Yes,0.8032786885245902
73097,73097,100,55,127,182,0.3021978021978022,0.6978021978021978,Yes,0.6978021978021978
74001,74001,100,8,77,85,0.09411764705882353,0.9058823529411765,Yes,0.9058823529411765
74002,74002,100,6,101,107,0.056074766355140186,0.9439252336448598,Yes,0.9439252336448598
74003,74003,100,3,89,92,0.03260869565217391,0.967391304347826,Yes,0.967391304347826
74004,74004,100,10,62,72,0.1388888888888889,0.8611111111111112,Yes,0.8611111111111112
74005,74005,100,1,35,36,0.027777777777777776,0.9722222222222222,Yes,0.9722222222222222
74006,74006,100,6,41,47,0.1276595744680851,0.8723404255319149,Yes,0.8723404255319149
74007,74007,100,21,75,96,0.21875,0.78125,Yes,0.78125
74008,74008,100,21,80,101,0.2079207920792079,0.7920792079207921,Yes,0.7920792079207921
74009,74009,100,5,25,30,0.16666666666666666,0.8333333333333334,Yes,0.8333333333333334
74010,74010,100,38,155,193,0.19689119170984457,0.8031088082901554,Yes,0.8031088082901554
74011,74011,100,2,86,88,0.022727272727272728,0.9772727272727273,Yes,0.9772727272727273
74012,74012,100,7,47,54,0.12962962962962962,0.8703703703703703,Yes,0.8703703703703703
74013,74013,100,10,60,70,0.14285714285714285,0.8571428571428571,Yes,0.8571428571428571
74014,74014,100,3,32,35,0.08571428571428572,0.9142857142857143,Yes,0.9142857142857143
74015,74015,100,24,93,117,0.20512820512820512,0.7948717948717948,Yes,0.7948717948717948
74016,74016,100,5,65,70,0.07142857142857142,0.9285714285714286,Yes,0.9285714285714286
74017,74017,100,7,51,58,0.1206896551724138,0.8793103448275862,Yes,0.8793103448275862
74018,74018,100,13,35,48,0.2708333333333333,0.7291666666666666,Yes,0.7291666666666666
74019,74019,100,76,191,267,0.2846441947565543,0.7153558052434457,Yes,0.7153558052434457
74020,74020,100,60,153,213,0.28169014084507044,0.7183098591549296,Yes,0.7183098591549296
74021,74021,100,39,174,213,0.18309859154929578,0.8169014084507042,Yes,0.8169014084507042
74022,74022,100,27,119,146,0.18493150684931506,0.815068493150685,Yes,0.815068493150685
74023,74023,100,67,136,203,0.33004926108374383,0.6699507389162561,Yes,0.6699507389162561
74024,74024,100,29,119,148,0.19594594594594594,0.8040540540540541,Yes,0.8040540540540541
74025,74025,100,46,110,156,0.2948717948717949,0.7051282051282052,Yes,0.7051282051282052
74026,74026,100,8,57,65,0.12307692307692308,0.8769230769230769,Yes,0.8769230769230769
74027,74027,100,3,30,33,0.09090909090909091,0.9090909090909091,Yes,0.9090909090909091
74028,74028,100,4,44,48,0.08333333333333333,0.9166666666666666,Yes,0.9166666666666666
74029,74029,100,32,57,89,0.3595505617977528,0.6404494382022472,Yes,0.6404494382022472
74030,74030,100,25,53,78,0.32051282051282054,0.6794871794871795,Yes,0.6794871794871795
74031,74031,100,30,183,213,0.14084507042253522,0.8591549295774648,Yes,0.8591549295774648
74032,74032,100,33,136,169,0.1952662721893491,0.8047337278106509,Yes,0.8047337278106509
74033,74033,100,49,120,169,0.28994082840236685,0.7100591715976331,Yes,0.7100591715976331
74034,74034,100,43,118,161,0.2670807453416149,0.7329192546583851,Yes,0.7329192546583851
74035,74035,100,12,27,39,0.3076923076923077,0.6923076923076923,Yes,0.6923076923076923
74036,74036,100,44,164,208,0.21153846153846154,0.7884615384615384,Yes,0.7884615384615384
74037,74037,100,29,153,182,0.15934065934065933,0.8406593406593407,Yes,0.8406593406593407
74038,74038,100,21,73,94,0.22340425531914893,0.776595744680851,Yes,0.776595744680851
74039,74039,100,100,246,346,0.28901734104046245,0.7109826589595376,Yes,0.7109826589595376
74040,74040,100,80,236,316,0.25316455696202533,0.7468354430379747,Yes,0.7468354430379747
74041,74041,100,89,197,286,0.3111888111888112,0.6888111888111889,Yes,0.6888111888111889
74042,74042,100,64,198,262,0.24427480916030533,0.7557251908396947,Yes,0.7557251908396947
74043,74043,100,52,127,179,0.2905027932960894,0.7094972067039106,Yes,0.7094972067039106
74044,74044,100,67,151,218,0.3073394495412844,0.6926605504587156,Yes,0.6926605504587156
74045,74045,100,114,271,385,0.2961038961038961,0.7038961038961039,Yes,0.7038961038961039
74046,74046,100,104,274,378,0.2751322751322751,0.7248677248677249,Yes,0.7248677248677249
74047,74047,100,86,235,321,0.26791277258566976,0.7320872274143302,Yes,0.7320872274143302
74048,74048,100,46,178,224,0.20535714285714285,0.7946428571428571,Yes,0.7946428571428571
74049,74049,100,85,191,276,0.3079710144927536,0.6920289855072463,Yes,0.6920289855072463
74050,74050,100,126,267,393,0.32061068702290074,0.6793893129770993,Yes,0.6793893129770993
74051,74051,100,63,182,245,0.2571428571428571,0.7428571428571429,Yes,0.7428571428571429
74052,74052,100,64,184,248,0.25806451612903225,0.7419354838709677,Yes,0.7419354838709677
74053,74053,100,39,124,163,0.2392638036809816,0.7607361963190185,Yes,0.7607361963190185
74054,74054,100,37,138,175,0.21142857142857144,0.7885714285714286,Yes,0.7885714285714286
74055,74055,100,31,72,103,0.30097087378640774,0.6990291262135923,Yes,0.6990291262135923
74056,74056,100,42,146,188,0.22340425531914893,0.776595744680851,Yes,0.776595744680851
74057,74057,100,25,120,145,0.1724137931034483,0.8275862068965517,Yes,0.8275862068965517
74058,74058,100,60,189,249,0.24096385542168675,0.7590361445783133,Yes,0.7590361445783133
74059,74059,100,36,196,232,0.15517241379310345,0.8448275862068966,Yes,0.8448275862068966
74060,74060,100,63,232,295,0.2135593220338983,0.7864406779661017,Yes,0.7864406779661017
74061,74061,100,44,148,192,0.22916666666666666,0.7708333333333334,Yes,0.7708333333333334
74062,74062,100,65,190,255,0.2549019607843137,0.7450980392156863,Yes,0.7450980392156863
74063,74063,100,34,114,148,0.22972972972972974,0.7702702702702703,Yes,0.7702702702702703
74064,74064,100,73,253,326,0.22392638036809817,0.7760736196319018,Yes,0.7760736196319018
74065,74065,100,30,104,134,0.22388059701492538,0.7761194029850746,Yes,0.7761194029850746
74066,74066,100,25,120,145,0.1724137931034483,0.8275862068965517,Yes,0.8275862068965517
74067,74067,100,52,170,222,0.23423423423423423,0.7657657657657657,Yes,0.7657657657657657
74068,74068,100,56,146,202,0.27722772277227725,0.7227722772277227,Yes,0.7227722772277227
74069,74069,100,30,81,111,0.2702702702702703,0.7297297297297297,Yes,0.7297297297297297
74070,74070,100,57,153,210,0.2714285714285714,0.7285714285714285,Yes,0.7285714285714285
74071,74071,100,16,83,99,0.16161616161616163,0.8383838383838383,Yes,0.8383838383838383
74072,74072,100,24,86,110,0.21818181818181817,0.7818181818181819,Yes,0.7818181818181819
74073,74073,100,54,147,201,0.26865671641791045,0.7313432835820896,Yes,0.7313432835820896
74074,74074,100,61,201,262,0.23282442748091603,0.767175572519084,Yes,0.767175572519084
74075,74075,100,56,239,295,0.18983050847457628,0.8101694915254237,Yes,0.8101694915254237
74076,74076,100,20,120,140,0.14285714285714285,0.8571428571428571,Yes,0.8571428571428571
74077,74077,100,17,132,149,0.11409395973154363,0.8859060402684564,Yes,0.8859060402684564
74078,74078,100,43,182,225,0.19111111111111112,0.8088888888888889,Yes,0.8088888888888889
74079,74079,100,41,159,200,0.205,0.795,Yes,0.795
74080,74080,100,35,112,147,0.23809523809523808,0.7619047619047619,Yes,0.7619047619047619
74081,74081,100,13,31,44,0.29545454545454547,0.7045454545454546,Yes,0.7045454545454546
74082,74082,100,68,261,329,0.2066869300911854,0.7933130699088146,Yes,0.7933130699088146
74083,74083,100,53,131,184,0.28804347826086957,0.7119565217391305,Yes,0.7119565217391305
74084,74084,100,25,89,114,0.21929824561403508,0.7807017543859649,Yes,0.7807017543859649
74085,74085,100,48,116,164,0.2926829268292683,0.7073170731707317,Yes,0.7073170731707317
74086,74086,100,35,162,197,0.17766497461928935,0.8223350253807107,Yes,0.8223350253807107
74087,74087,100,74,246,320,0.23125,0.76875,Yes,0.76875
74088,74088,100,100,288,388,0.25773195876288657,0.7422680412371134,Yes,0.7422680412371134
74089,74089,100,58,178,236,0.2457627118644068,0.7542372881355932,Yes,0.7542372881355932
74090,74090,100,45,148,193,0.23316062176165803,0.7668393782383419,Yes,0.7668393782383419
74091,74091,100,39,172,211,0.1848341232227488,0.8151658767772512,Yes,0.8151658767772512
74200,74200,100,0,0,0,0,0,n/a,0
74201,74201,100,0,0,0,0,0,n/a,0
74202,74202,100,0,0,0,0,0,n/a,0
74203,74203,100,0,0,0,0,0,n/a,0
74204,74204,100,0,0,0,0,0,n/a,0
74205,74205,100,0,0,0,0,0,n/a,0
75001,75001,100,81,313,394,0.20558375634517767,0.7944162436548223,Yes,0.7944162436548223
75002,75002,100,67,251,318,0.21069182389937108,0.789308176100629,Yes,0.789308176100629
75003,75003,100,28,105,133,0.21052631578947367,0.7894736842105263,Yes,0.7894736842105263
75004,75004,100,59,160,219,0.2694063926940639,0.730593607305936,Yes,0.730593607305936
75005,75005,100,78,270,348,0.22413793103448276,0.7758620689655172,Yes,0.7758620689655172
75006,75006,100,67,217,284,0.23591549295774647,0.7640845070422535,Yes,0.7640845070422535
75007,75007,100,18,67,85,0.21176470588235294,0.788235294117647,Yes,0.788235294117647
75008,75008,100,30,107,137,0.21897810218978103,0.781021897810219,Yes,0.781021897810219
75009,75009,100,42,177,219,0.1917808219178082,0.8082191780821918,Yes,0.8082191780821918
75010,75010,100,46,159,205,0.22439024390243903,0.775609756097561,Yes,0.775609756097561
75011,75011,100,60,205,265,0.22641509433962265,0.7735849056603774,Yes,0.7735849056603774
75012,75012,100,29,171,200,0.145,0.855,Yes,0.855
75013,75013,100,21,104,125,0.168,0.832,Yes,0.832
75014,75014,100,27,124,151,0.17880794701986755,0.8211920529801324,Yes,0.8211920529801324
75015,75015,100,54,132,186,0.2903225806451613,0.7096774193548387,Yes,0.7096774193548387
75016,75016,100,40,256,296,0.13513513513513514,0.8648648648648649,Yes,0.8648648648648649
75017,75017,100,34,170,204,0.16666666666666666,0.8333333333333334,Yes,0.8333333333333334
75018,75018,100,24,99,123,0.1951219512195122,0.8048780487804879,Yes,0.8048780487804879
75019,75019,100,39,187,226,0.17256637168141592,0.827433628318584,Yes,0.827433628318584
75020,75020,100,52,243,295,0.17627118644067796,0.823728813559322,Yes,0.823728813559322
75021,75021,100,29,109,138,0.21014492753623187,0.7898550724637681,Yes,0.7898550724637681
75022,75022,100,37,161,198,0.18686868686868688,0.8131313131313131,Yes,0.8131313131313131
75023,75023,100,47,174,221,0.21266968325791855,0.7873303167420814,Yes,0.7873303167420814
75024,75024,100,56,181,237,0.23628691983122363,0.7637130801687764,Yes,0.7637130801687764
75025,75025,100,48,205,253,0.18972332015810275,0.8102766798418972,Yes,0.8102766798418972
75026,75026,100,54,250,304,0.17763157894736842,0.8223684210526315,Yes,0.8223684210526315
75027,75027,100,57,237,294,0.19387755102040816,0.8061224489795918,Yes,0.8061224489795918
75028,75028,100,43,218,261,0.16475095785440613,0.8352490421455939,Yes,0.8352490421455939
75029,75029,100,28,74,102,0.27450980392156865,0.7254901960784313,Yes,0.7254901960784313
75030,75030,100,49,197,246,0.1991869918699187,0.8008130081300813,Yes,0.8008130081300813
75031,75031,100,43,133,176,0.24431818181818182,0.7556818181818182,Yes,0.7556818181818182
75032,75032,100,54,181,235,0.2297872340425532,0.7702127659574468,Yes,0.7702127659574468
75033,75033,100,35,123,158,0.22151898734177214,0.7784810126582279,Yes,0.7784810126582279
75034,75034,100,26,143,169,0.15384615384615385,0.8461538461538461,Yes,0.8461538461538461
75035,75035,100,19,76,95,0.2,0.8,Yes,0.8
75036,75036,100,50,194,244,0.20491803278688525,0.7950819672131147,Yes,0.7950819672131147
75037,75037,100,24,112,136,0.17647058823529413,0.8235294117647058,Yes,0.8235294117647058
75038,75038,100,95,249,344,0.2761627906976744,0.7238372093023255,Yes,0.7238372093023255
75039,75039,100,39,93,132,0.29545454545454547,0.7045454545454546,Yes,0.7045454545454546
75040,75040,100,7,59,66,0.10606060606060606,0.8939393939393939,Yes,0.8939393939393939
75041,75041,100,52,221,273,0.19047619047619047,0.8095238095238095,Yes,0.8095238095238095
75042,75042,100,44,171,215,0.20465116279069767,0.7953488372093023,Yes,0.7953488372093023
75043,75043,100,91,271,362,0.2513812154696133,0.7486187845303868,Yes,0.7486187845303868
75044,75044,100,114,252,366,0.3114754098360656,0.6885245901639344,Yes,0.6885245901639344
75045,75045,100,10,95,105,0.09523809523809523,0.9047619047619048,Yes,0.9047619047619048
75046,75046,100,7,53,60,0.11666666666666667,0.8833333333333333,Yes,0.8833333333333333
75047,75047,100,24,103,127,0.1889763779527559,0.8110236220472441,Yes,0.8110236220472441
75048,75048,100,14,61,75,0.18666666666666668,0.8133333333333334,Yes,0.8133333333333334
75049,75049,100,27,71,98,0.2755102040816326,0.7244897959183674,Yes,0.7244897959183674
75050,75050,100,22,85,107,0.205607476635514,0.794392523364486,Yes,0.794392523364486
75051,75051,100,12,76,88,0.13636363636363635,0.8636363636363636,Yes,0.8636363636363636
75052,75052,100,45,119,164,0.27439024390243905,0.725609756097561,Yes,0.725609756097561
75053,75053,100,35,107,142,0.24647887323943662,0.7535211267605634,Yes,0.7535211267605634
75054,75054,100,29,90,119,0.24369747899159663,0.7563025210084033,Yes,0.7563025210084033
75055,75055,100,29,109,138,0.21014492753623187,0.7898550724637681,Yes,0.7898550724637681
75056,75056,100,65,191,256,0.25390625,0.74609375,Yes,0.74609375
75057,75057,100,41,83,124,0.33064516129032256,0.6693548387096774,Yes,0.6693548387096774
75058,75058,100,22,70,92,0.2391304347826087,0.7608695652173914,Yes,0.7608695652173914
75059,75059,100,0,0,0,0,0,n/a,0
75060,75060,100,0,1,1,0.0,1.0,Yes,1.0
75061,75061,100,0,3,3,0.0,1.0,Yes,1.0
75062,75062,100,31,169,200,0.155,0.845,Yes,0.845
75063,75063,100,32,129,161,0.19875776397515527,0.8012422360248447,Yes,0.8012422360248447
75064,75064,100,51,187,238,0.21428571428571427,0.7857142857142857,Yes,0.7857142857142857
75065,75065,100,0,4,4,0.0,1.0,Yes,1.0
75066,75066,100,8,38,46,0.17391304347826086,0.8260869565217391,Yes,0.8260869565217391
75067,75067,100,12,68,80,0.15,0.85,Yes,0.85
75068,75068,100,16,28,44,0.36363636363636365,0.6363636363636364,Yes,0.6363636363636364
75069,75069,100,18,87,105,0.17142857142857143,0.8285714285714286,Yes,0.8285714285714286
75070,75070,100,45,168,213,0.2112676056338028,0.7887323943661971,Yes,0.7887323943661971
75071,75071,100,71,366,437,0.16247139588100687,0.8375286041189931,Yes,0.8375286041189931
75072,75072,100,82,441,523,0.15678776290630975,0.8432122370936902,Yes,0.8432122370936902
75073,75073,100,20,78,98,0.20408163265306123,0.7959183673469388,Yes,0.7959183673469388
75074,75074,100,20,76,96,0.20833333333333334,0.7916666666666666,Yes,0.7916666666666666
75075,75075,100,15,56,71,0.2112676056338028,0.7887323943661971,Yes,0.7887323943661971
75076,75076,100,14,59,73,0.1917808219178082,0.8082191780821918,Yes,0.8082191780821918
75077,75077,100,20,56,76,0.2631578947368421,0.7368421052631579,Yes,0.7368421052631579
75078,75078,100,25,99,124,0.20161290322580644,0.7983870967741935,Yes,0.7983870967741935
75079,75079,100,34,147,181,0.1878453038674033,0.8121546961325967,Yes,0.8121546961325967
75080,75080,100,44,205,249,0.17670682730923695,0.8232931726907631,Yes,0.8232931726907631
75081,75081,100,21,111,132,0.1590909090909091,0.8409090909090909,Yes,0.8409090909090909
75082,75082,100,36,149,185,0.1945945945945946,0.8054054054054054,Yes,0.8054054054054054
75083,75083,100,47,179,226,0.2079646017699115,0.7920353982300885,Yes,0.7920353982300885
75084,75084,100,46,178,224,0.20535714285714285,0.7946428571428571,Yes,0.7946428571428571
75085,75085,100,20,102,122,0.16393442622950818,0.8360655737704918,Yes,0.8360655737704918
75086,75086,100,18,26,44,0.4090909090909091,0.5909090909090909,Yes,0.5909090909090909
75087,75087,100,27,158,185,0.14594594594594595,0.8540540540540541,Yes,0.8540540540540541
75088,75088,100,53,114,167,0.31736526946107785,0.6826347305389222,Yes,0.6826347305389222
75089,75089,100,24,76,100,0.24,0.76,Yes,0.76
75090,75090,100,19,67,86,0.22093023255813954,0.7790697674418605,Yes,0.7790697674418605
75091,75091,100,43,95,138,0.3115942028985507,0.6884057971014492,Yes,0.6884057971014492
75092,75092,100,40,129,169,0.23668639053254437,0.7633136094674556,Yes,0.7633136094674556
75093,75093,100,0,0,0,0,0,n/a,0
75094,75094,100,36,132,168,0.21428571428571427,0.7857142857142857,Yes,0.7857142857142857
75095,75095,100,41,191,232,0.17672413793103448,0.8232758620689655,Yes,0.8232758620689655
75096,75096,100,50,148,198,0.25252525252525254,0.7474747474747475,Yes,0.7474747474747475
75097,75097,100,67,214,281,0.23843416370106763,0.7615658362989324,Yes,0.7615658362989324
75098,75098,100,51,145,196,0.2602040816326531,0.7397959183673469,Yes,0.7397959183673469
75099,75099,100,55,152,207,0.26570048309178745,0.7342995169082126,Yes,0.7342995169082126
75100,75100,100,34,179,213,0.1596244131455399,0.8403755868544601,Yes,0.8403755868544601
75101,75101,100,12,21,33,0.36363636363636365,0.6363636363636364,Yes,0.6363636363636364
75102,75102,100,22,128,150,0.14666666666666667,0.8533333333333334,Yes,0.8533333333333334
75103,75103,100,22,103,125,0.176,0.824,Yes,0.824
75200,75200,100,0,0,0,0,0,n/a,0
75201,75201,100,0,0,0,0,0,n/a,0
75202,75202,100,0,0,0,0,0,n/a,0
75203,75203,100,0,0,0,0,0,n/a,0
75204,75204,100,0,0,0,0,0,n/a,0
75205,75205,100,0,0,0,0,0,n/a,0
76001,76001,100,57,216,273,0.2087912087912088,0.7912087912087912,Yes,0.7912087912087912
76002,76002,100,46,139,185,0.24864864864864866,0.7513513513513513,Yes,0.7513513513513513
76003,76003,100,60,129,189,0.31746031746031744,0.6825396825396826,Yes,0.6825396825396826
76004,76004,100,35,105,140,0.25,0.75,Yes,0.75
76005,76005,100,45,81,126,0.35714285714285715,0.6428571428571429,Yes,0.6428571428571429
76006,76006,100,74,151,225,0.3288888888888889,0.6711111111111111,Yes,0.6711111111111111
76007,76007,100,55,102,157,0.3503184713375796,0.6496815286624203,Yes,0.6496815286624203
76008,76008,100,24,91,115,0.20869565217391303,0.7913043478260869,Yes,0.7913043478260869
76009,76009,100,49,90,139,0.35251798561151076,0.6474820143884892,Yes,0.6474820143884892
76010,76010,100,70,165,235,0.2978723404255319,0.7021276595744681,Yes,0.7021276595744681
76011,76011,100,30,98,128,0.234375,0.765625,Yes,0.765625
76012,76012,100,45,112,157,0.28662420382165604,0.7133757961783439,Yes,0.7133757961783439
76013,76013,100,67,187,254,0.2637795275590551,0.7362204724409449,Yes,0.7362204724409449
76014,76014,100,68,130,198,0.3434343434343434,0.6565656565656566,Yes,0.6565656565656566
76015,76015,100,44,121,165,0.26666666666666666,0.7333333333333333,Yes,0.7333333333333333
76016,76016,100,69,255,324,0.21296296296296297,0.7870370370370371,Yes,0.7870370370370371
76017,76017,100,37,157,194,0.19072164948453607,0.8092783505154639,Yes,0.8092783505154639
76018,76018,100,47,175,222,0.21171171171171171,0.7882882882882883,Yes,0.7882882882882883
76019,76019,100,82,165,247,0.3319838056680162,0.6680161943319838,Yes,0.6680161943319838
76020,76020,100,47,146,193,0.24352331606217617,0.7564766839378239,Yes,0.7564766839378239
76021,76021,100,78,210,288,0.2708333333333333,0.7291666666666666,Yes,0.7291666666666666
76022,76022,100,54,152,206,0.2621359223300971,0.7378640776699029,Yes,0.7378640776699029
76023,76023,100,52,110,162,0.32098765432098764,0.6790123456790124,Yes,0.6790123456790124
76024,76024,100,46,115,161,0.2857142857142857,0.7142857142857143,Yes,0.7142857142857143
76025,76025,100,61,127,188,0.324468085106383,0.675531914893617,Yes,0.675531914893617
76026,76026,100,57,150,207,0.2753623188405797,0.7246376811594203,Yes,0.7246376811594203
76027,76027,100,29,114,143,0.20279720279720279,0.7972027972027972,Yes,0.7972027972027972
76028,76028,100,75,202,277,0.27075812274368233,0.7292418772563177,Yes,0.7292418772563177
76029,76029,100,34,119,153,0.2222222222222222,0.7777777777777778,Yes,0.7777777777777778
76030,76030,100,34,102,136,0.25,0.75,Yes,0.75
76031,76031,100,39,117,156,0.25,0.75,Yes,0.75
76032,76032,100,41,155,196,0.20918367346938777,0.7908163265306123,Yes,0.7908163265306123
76033,76033,100,49,164,213,0.2300469483568075,0.7699530516431925,Yes,0.7699530516431925
76034,76034,100,59,169,228,0.25877192982456143,0.7412280701754386,Yes,0.7412280701754386
76035,76035,100,72,226,298,0.24161073825503357,0.7583892617449665,Yes,0.7583892617449665
76036,76036,100,32,95,127,0.25196850393700787,0.7480314960629921,Yes,0.7480314960629921
76037,76037,100,48,129,177,0.2711864406779661,0.7288135593220338,Yes,0.7288135593220338
76038,76038,100,48,122,170,0.2823529411764706,0.7176470588235294,Yes,0.7176470588235294
76039,76039,100,55,130,185,0.2972972972972973,0.7027027027027027,Yes,0.7027027027027027
76040,76040,100,65,190,255,0.2549019607843137,0.7450980392156863,Yes,0.7450980392156863
76041,76041,100,41,147,188,0.21808510638297873,0.7819148936170213,Yes,0.7819148936170213
76042,76042,100,68,192,260,0.26153846153846155,0.7384615384615385,Yes,0.7384615384615385
76043,76043,100,49,154,203,0.2413793103448276,0.7586206896551724,Yes,0.7586206896551724
76044,76044,100,40,153,193,0.20725388601036268,0.7927461139896373,Yes,0.7927461139896373
76045,76045,100,42,149,191,0.2198952879581152,0.7801047120418848,Yes,0.7801047120418848
76046,76046,100,84,219,303,0.27722772277227725,0.7227722772277227,Yes,0.7227722772277227
76047,76047,100,41,113,154,0.2662337662337662,0.7337662337662337,Yes,0.7337662337662337
76048,76048,100,41,105,146,0.2808219178082192,0.7191780821917808,Yes,0.7191780821917808
76049,76049,100,65,142,207,0.3140096618357488,0.6859903381642513,Yes,0.6859903381642513
76050,76050,100,63,147,210,0.3,0.7,Yes,0.7
76051,76051,100,67,193,260,0.25769230769230766,0.7423076923076923,Yes,0.7423076923076923
76052,76052,100,40,117,157,0.25477707006369427,0.7452229299363057,Yes,0.7452229299363057
76053,76053,100,31,101,132,0.23484848484848486,0.7651515151515151,Yes,0.7651515151515151
76054,76054,100,60,140,200,0.3,0.7,Yes,0.7
76055,76055,100,63,198,261,0.2413793103448276,0.7586206896551724,Yes,0.7586206896551724
76056,76056,100,28,71,99,0.2828282828282828,0.7171717171717171,Yes,0.7171717171717171
76057,76057,100,65,162,227,0.28634361233480177,0.7136563876651982,Yes,0.7136563876651982
76058,76058,100,95,225,320,0.296875,0.703125,Yes,0.703125
76059,76059,100,82,215,297,0.2760942760942761,0.7239057239057239,Yes,0.7239057239057239
76060,76060,100,45,110,155,0.2903225806451613,0.7096774193548387,Yes,0.7096774193548387
76061,76061,100,59,138,197,0.29949238578680204,0.700507614213198,Yes,0.700507614213198
76062,76062,100,59,127,186,0.3172043010752688,0.6827956989247311,Yes,0.6827956989247311
76063,76063,100,69,144,213,0.323943661971831,0.676056338028169,Yes,0.676056338028169
76064,76064,100,71,166,237,0.29957805907172996,0.70042194092827,Yes,0.70042194092827
76065,76065,100,108,259,367,0.29427792915531337,0.7057220708446866,Yes,0.7057220708446866
76066,76066,100,35,129,164,0.21341463414634146,0.7865853658536586,Yes,0.7865853658536586
76067,76067,100,74,226,300,0.24666666666666667,0.7533333333333333,Yes,0.7533333333333333
76068,76068,100,62,207,269,0.23048327137546468,0.7695167286245354,Yes,0.7695167286245354
76069,76069,100,78,244,322,0.2422360248447205,0.7577639751552795,Yes,0.7577639751552795
76070,76070,100,57,176,233,0.2446351931330472,0.7553648068669528,Yes,0.7553648068669528
76071,76071,100,68,220,288,0.2361111111111111,0.7638888888888888,Yes,0.7638888888888888
76072,76072,100,90,264,354,0.2542372881355932,0.7457627118644068,Yes,0.7457627118644068
76073,76073,100,71,191,262,0.27099236641221375,0.7290076335877863,Yes,0.7290076335877863
76074,76074,100,58,166,224,0.25892857142857145,0.7410714285714286,Yes,0.7410714285714286
76075,76075,100,62,191,253,0.2450592885375494,0.7549407114624506,Yes,0.7549407114624506
76076,76076,100,38,115,153,0.24836601307189543,0.7516339869281046,Yes,0.7516339869281046
76077,76077,100,77,226,303,0.25412541254125415,0.7458745874587459,Yes,0.7458745874587459
76078,76078,100,78,198,276,0.2826086956521739,0.717391304347826,Yes,0.717391304347826
76079,76079,100,76,198,274,0.2773722627737226,0.7226277372262774,Yes,0.7226277372262774
76080,76080,100,34,145,179,0.18994413407821228,0.8100558659217877,Yes,0.8100558659217877
76081,76081,100,19,128,147,0.1292517006802721,0.8707482993197279,Yes,0.8707482993197279
76082,76082,100,14,77,91,0.15384615384615385,0.8461538461538461,Yes,0.8461538461538461
76083,76083,100,70,307,377,0.1856763925729443,0.8143236074270557,Yes,0.8143236074270557
76084,76084,100,19,127,146,0.13013698630136986,0.8698630136986302,Yes,0.8698630136986302
76085,76085,100,25,124,149,0.16778523489932887,0.8322147651006712,Yes,0.8322147651006712
76086,76086,100,30,104,134,0.22388059701492538,0.7761194029850746,Yes,0.7761194029850746
76087,76087,100,10,56,66,0.15151515151515152,0.8484848484848485,Yes,0.8484848484848485
76088,76088,100,55,165,220,0.25,0.75,Yes,0.75
76089,76089,100,43,133,176,0.24431818181818182,0.7556818181818182,Yes,0.7556818181818182
76090,76090,100,62,155,217,0.2857142857142857,0.7142857142857143,Yes,0.7142857142857143
76200,76200,100,0,0,0,0,0,n/a,0
76201,76201,100,0,0,0,0,0,n/a,0
76202,76202,100,0,0,0,0,0,n/a,0
76203,76203,100,0,0,0,0,0,n/a,0
76204,76204,100,0,0,0,0,0,n/a,0
76205,76205,100,0,0,0,0,0,n/a,0
76206,76206,100,0,0,0,0,0,n/a,0
76207,76207,100,0,0,0,0,0,n/a,0
77001,77001,100,3,27,30,0.1,0.9,Yes,0.9
77002,77002,100,0,26,26,0.0,1.0,Yes,1.0
77003,77003,100,4,89,93,0.043010752688172046,0.956989247311828,Yes,0.956989247311828
77004,77004,100,2,23,25,0.08,0.92,Yes,0.92
77005,77005,100,6,85,91,0.06593406593406594,0.9340659340659341,Yes,0.9340659340659341
77006,77006,100,2,88,90,0.022222222222222223,0.9777777777777777,Yes,0.9777777777777777
77007,77007,100,8,105,113,0.07079646017699115,0.9292035398230089,Yes,0.9292035398230089
77008,77008,100,3,81,84,0.03571428571428571,0.9642857142857143,Yes,0.9642857142857143
77009,77009,100,6,87,93,0.06451612903225806,0.9354838709677419,Yes,0.9354838709677419
77010,77010,100,3,245,248,0.012096774193548387,0.9879032258064516,Yes,0.9879032258064516
77011,77011,100,5,180,185,0.02702702702702703,0.972972972972973,Yes,0.972972972972973
77012,77012,100,7,123,130,0.05384615384615385,0.9461538461538461,Yes,0.9461538461538461
77013,77013,100,1,66,67,0.014925373134328358,0.9850746268656716,Yes,0.9850746268656716
77014,77014,100,1,65,66,0.015151515151515152,0.9848484848484849,Yes,0.9848484848484849
77015,77015,100,8,74,82,0.0975609756097561,0.9024390243902439,Yes,0.9024390243902439
77016,77016,100,9,108,117,0.07692307692307693,0.9230769230769231,Yes,0.9230769230769231
77017,77017,100,1,27,28,0.03571428571428571,0.9642857142857143,Yes,0.9642857142857143
77018,77018,100,3,58,61,0.04918032786885246,0.9508196721311475,Yes,0.9508196721311475
77019,77019,100,8,87,95,0.08421052631578947,0.9157894736842105,Yes,0.9157894736842105
77020,77020,100,12,120,132,0.09090909090909091,0.9090909090909091,Yes,0.9090909090909091
77021,77021,100,8,155,163,0.049079754601226995,0.950920245398773,Yes,0.950920245398773
77022,77022,100,3,100,103,0.02912621359223301,0.970873786407767,Yes,0.970873786407767
77023,77023,100,9,168,177,0.05084745762711865,0.9491525423728814,Yes,0.9491525423728814
77024,77024,100,6,94,100,0.06,0.94,Yes,0.94
77025,77025,100,11,165,176,0.0625,0.9375,Yes,0.9375
77026,77026,100,4,73,77,0.05194805194805195,0.948051948051948,Yes,0.948051948051948
77027,77027,100,9,73,82,0.10975609756097561,0.8902439024390244,Yes,0.8902439024390244
77028,77028,100,2,130,132,0.015151515151515152,0.9848484848484849,Yes,0.9848484848484849
77029,77029,100,6,33,39,0.15384615384615385,0.8461538461538461,Yes,0.8461538461538461
77030,77030,100,5,79,84,0.05952380952380952,0.9404761904761905,Yes,0.9404761904761905
77031,77031,100,6,9,15,0.4,0.6,Yes,0.6
77032,77032,100,0,18,18,0.0,1.0,Yes,1.0
77033,77033,100,1,16,17,0.058823529411764705,0.9411764705882353,Yes,0.9411764705882353
77034,77034,100,4,105,109,0.03669724770642202,0.963302752293578,Yes,0.963302752293578
77035,77035,100,2,100,102,0.0196078431372549,0.9803921568627451,Yes,0.9803921568627451
77036,77036,100,6,37,43,0.13953488372093023,0.8604651162790697,Yes,0.8604651162790697
77037,77037,100,7,158,165,0.04242424242424243,0.9575757575757575,Yes,0.9575757575757575
77038,77038,100,4,44,48,0.08333333333333333,0.9166666666666666,Yes,0.9166666666666666
77039,77039,100,8,101,109,0.07339449541284404,0.926605504587156,Yes,0.926605504587156
77040,77040,100,7,71,78,0.08974358974358974,0.9102564102564102,Yes,0.9102564102564102
77041,77041,100,1,67,68,0.014705882352941176,0.9852941176470589,Yes,0.9852941176470589
77042,77042,100,3,100,103,0.02912621359223301,0.970873786407767,Yes,0.970873786407767
77043,77043,100,14,153,167,0.08383233532934131,0.9161676646706587,Yes,0.9161676646706587
77044,77044,100,0,66,66,0.0,1.0,Yes,1.0
77045,77045,100,1,112,113,0.008849557522123894,0.9911504424778761,Yes,0.9911504424778761
77046,77046,100,3,114,117,0.02564102564102564,0.9743589743589743,Yes,0.9743589743589743
77047,77047,100,4,127,131,0.030534351145038167,0.9694656488549618,Yes,0.9694656488549618
77048,77048,100,9,71,80,0.1125,0.8875,Yes,0.8875
77049,77049,100,5,27,32,0.15625,0.84375,Yes,0.84375
77050,77050,100,2,92,94,0.02127659574468085,0.9787234042553191,Yes,0.9787234042553191
77051,77051,100,7,89,96,0.07291666666666667,0.9270833333333334,Yes,0.9270833333333334
77052,77052,100,0,7,7,0.0,1.0,Yes,1.0
77053,77053,100,0,39,39,0.0,1.0,Yes,1.0
77054,77054,100,8,65,73,0.1095890410958904,0.8904109589041096,Yes,0.8904109589041096
77055,77055,100,5,73,78,0.0641025641025641,0.9358974358974359,Yes,0.9358974358974359
77056,77056,100,5,142,147,0.034013605442176874,0.9659863945578231,Yes,0.9659863945578231
77057,77057,100,5,69,74,0.06756756756756757,0.9324324324324325,Yes,0.9324324324324325
77058,77058,100,30,165,195,0.15384615384615385,0.8461538461538461,Yes,0.8461538461538461
77059,77059,100,3,42,45,0.06666666666666667,0.9333333333333333,Yes,0.9333333333333333
77060,77060,100,23,167,190,0.12105263157894737,0.8789473684210526,Yes,0.8789473684210526
77061,77061,100,5,37,42,0.11904761904761904,0.8809523809523809,Yes,0.8809523809523809
77062,77062,100,5,74,79,0.06329113924050633,0.9367088607594937,Yes,0.9367088607594937
77063,77063,100,2,69,71,0.028169014084507043,0.971830985915493,Yes,0.971830985915493
77064,77064,100,1,20,21,0.047619047619047616,0.9523809523809523,Yes,0.9523809523809523
77065,77065,100,9,105,114,0.07894736842105263,0.9210526315789473,Yes,0.9210526315789473
77066,77066,100,3,16,19,0.15789473684210525,0.8421052631578947,Yes,0.8421052631578947
77067,77067,100,2,30,32,0.0625,0.9375,Yes,0.9375
77068,77068,100,7,57,64,0.109375,0.890625,Yes,0.890625
77069,77069,100,0,0,0,0,0,n/a,0
77070,77070,100,0,0,0,0,0,n/a,0
78001,78001,100,6,77,83,0.07228915662650602,0.927710843373494,Yes,0.927710843373494
78002,78002,100,17,128,145,0.11724137931034483,0.8827586206896552,Yes,0.8827586206896552
78003,78003,100,5,46,51,0.09803921568627451,0.9019607843137255,Yes,0.9019607843137255
78004,78004,100,3,51,54,0.05555555555555555,0.9444444444444444,Yes,0.9444444444444444
78005,78005,100,9,99,108,0.08333333333333333,0.9166666666666666,Yes,0.9166666666666666
78006,78006,100,11,71,82,0.13414634146341464,0.8658536585365854,Yes,0.8658536585365854
78007,78007,100,2,18,20,0.1,0.9,Yes,0.9
78008,78008,100,7,51,58,0.1206896551724138,0.8793103448275862,Yes,0.8793103448275862
78009,78009,100,6,84,90,0.06666666666666667,0.9333333333333333,Yes,0.9333333333333333
78010,78010,100,9,74,83,0.10843373493975904,0.891566265060241,Yes,0.891566265060241
78011,78011,100,5,63,68,0.07352941176470588,0.9264705882352942,Yes,0.9264705882352942
78012,78012,100,28,76,104,0.2692307692307692,0.7307692307692307,Yes,0.7307692307692307
78013,78013,100,3,54,57,0.05263157894736842,0.9473684210526315,Yes,0.9473684210526315
78014,78014,100,2,55,57,0.03508771929824561,0.9649122807017544,Yes,0.9649122807017544
78015,78015,100,5,28,33,0.15151515151515152,0.8484848484848485,Yes,0.8484848484848485
78016,78016,100,9,35,44,0.20454545454545456,0.7954545454545454,Yes,0.7954545454545454
78017,78017,100,6,25,31,0.1935483870967742,0.8064516129032258,Yes,0.8064516129032258
78018,78018,100,3,43,46,0.06521739130434782,0.9347826086956522,Yes,0.9347826086956522
78019,78019,100,3,55,58,0.05172413793103448,0.9482758620689655,Yes,0.9482758620689655
78020,78020,100,9,67,76,0.11842105263157894,0.881578947368421,Yes,0.881578947368421
78021,78021,100,5,68,73,0.0684931506849315,0.9315068493150684,Yes,0.9315068493150684
78022,78022,100,10,92,102,0.09803921568627451,0.9019607843137255,Yes,0.9019607843137255
78023,78023,100,8,34,42,0.19047619047619047,0.8095238095238095,Yes,0.8095238095238095
78024,78024,100,9,104,113,0.07964601769911504,0.9203539823008849,Yes,0.9203539823008849
78025,78025,100,4,61,65,0.06153846153846154,0.9384615384615385,Yes,0.9384615384615385
78026,78026,100,1,47,48,0.020833333333333332,0.9791666666666666,Yes,0.9791666666666666
78027,78027,100,3,21,24,0.125,0.875,Yes,0.875
78028,78028,100,12,115,127,0.09448818897637795,0.905511811023622,Yes,0.905511811023622
78029,78029,100,3,50,53,0.05660377358490566,0.9433962264150944,Yes,0.9433962264150944
78030,78030,100,11,66,77,0.14285714285714285,0.8571428571428571,Yes,0.8571428571428571
78031,78031,100,12,73,85,0.1411764705882353,0.8588235294117647,Yes,0.8588235294117647
78032,78032,100,29,102,131,0.22137404580152673,0.7786259541984732,Yes,0.7786259541984732
78033,78033,100,15,143,158,0.0949367088607595,0.9050632911392406,Yes,0.9050632911392406
78034,78034,100,11,54,65,0.16923076923076924,0.8307692307692308,Yes,0.8307692307692308
78035,78035,100,3,29,32,0.09375,0.90625,Yes,0.90625
78036,78036,100,7,66,73,0.0958904109589041,0.9041095890410958,Yes,0.9041095890410958
78037,78037,100,0,9,9,0.0,1.0,Yes,1.0
78038,78038,100,14,73,87,0.16091954022988506,0.8390804597701149,Yes,0.8390804597701149
78039,78039,100,12,34,46,0.2608695652173913,0.7391304347826086,Yes,0.7391304347826086
78040,78040,100,27,202,229,0.11790393013100436,0.8820960698689956,Yes,0.8820960698689956
78041,78041,100,17,61,78,0.21794871794871795,0.782051282051282,Yes,0.782051282051282
78042,78042,100,0,0,0,0,0,n/a,0
78043,78043,100,3,35,38,0.07894736842105263,0.9210526315789473,Yes,0.9210526315789473
78044,78044,100,7,74,81,0.08641975308641975,0.9135802469135802,Yes,0.9135802469135802
78045,78045,100,6,81,87,0.06896551724137931,0.9310344827586207,Yes,0.9310344827586207
78046,78046,100,4,83,87,0.04597701149425287,0.9540229885057471,Yes,0.9540229885057471
78047,78047,100,4,49,53,0.07547169811320754,0.9245283018867925,Yes,0.9245283018867925
78048,78048,100,25,168,193,0.12953367875647667,0.8704663212435233,Yes,0.8704663212435233
78049,78049,100,10,87,97,0.10309278350515463,0.8969072164948454,Yes,0.8969072164948454
78050,78050,100,7,84,91,0.07692307692307693,0.9230769230769231,Yes,0.9230769230769231
78051,78051,100,6,71,77,0.07792207792207792,0.922077922077922,Yes,0.922077922077922
78052,78052,100,7,107,114,0.06140350877192982,0.9385964912280702,Yes,0.9385964912280702
78053,78053,100,3,43,46,0.06521739130434782,0.9347826086956522,Yes,0.9347826086956522
78054,78054,100,10,57,67,0.14925373134328357,0.8507462686567164,Yes,0.8507462686567164
78055,78055,100,0,0,0,0,0,n/a,0
78056,78056,100,0,0,0,0,0,n/a,0
78057,78057,100,0,0,0,0,0,n/a,0
78058,78037,100,0,0,0,0,0,n/a,0
79001,79001,100,1,78,79,0.012658227848101266,0.9873417721518988,Yes,0.9873417721518988
79002,79002,100,38,66,104,0.36538461538461536,0.6346153846153846,Yes,0.6346153846153846
79003,79003,100,4,88,92,0.043478260869565216,0.9565217391304348,Yes,0.9565217391304348
79004,79004,100,6,49,55,0.10909090909090909,0.8909090909090909,Yes,0.8909090909090909
79005,79005,100,6,58,64,0.09375,0.90625,Yes,0.90625
79006,79006,100,1,38,39,0.02564102564102564,0.9743589743589743,Yes,0.9743589743589743
79007,79007,100,3,50,53,0.05660377358490566,0.9433962264150944,Yes,0.9433962264150944
79008,79008,100,3,51,54,0.05555555555555555,0.9444444444444444,Yes,0.9444444444444444
79009,79009,100,1,38,39,0.02564102564102564,0.9743589743589743,Yes,0.9743589743589743
79010,79010,100,9,71,80,0.1125,0.8875,Yes,0.8875
79011,79011,100,2,35,37,0.05405405405405406,0.9459459459459459,Yes,0.9459459459459459
79012,79012,100,3,26,29,0.10344827586206896,0.896551724137931,Yes,0.896551724137931
79013,79013,100,6,85,91,0.06593406593406594,0.9340659340659341,Yes,0.9340659340659341
79014,79014,100,4,23,27,0.14814814814814814,0.8518518518518519,Yes,0.8518518518518519
79015,79015,100,4,49,53,0.07547169811320754,0.9245283018867925,Yes,0.9245283018867925
79016,79016,100,3,75,78,0.038461538461538464,0.9615384615384616,Yes,0.9615384615384616
79017,79017,100,7,88,95,0.07368421052631578,0.9263157894736842,Yes,0.9263157894736842
79018,79018,100,0,24,24,0.0,1.0,Yes,1.0
79019,79019,100,3,61,64,0.046875,0.953125,Yes,0.953125
79020,79020,100,7,23,30,0.23333333333333334,0.7666666666666667,Yes,0.7666666666666667
79021,79021,100,2,39,41,0.04878048780487805,0.9512195121951219,Yes,0.9512195121951219
79022,79022,100,1,26,27,0.037037037037037035,0.9629629629629629,Yes,0.9629629629629629
79023,79023,100,4,53,57,0.07017543859649122,0.9298245614035088,Yes,0.9298245614035088
79024,79024,100,2,67,69,0.028985507246376812,0.9710144927536232,Yes,0.9710144927536232
79025,79025,100,3,84,87,0.034482758620689655,0.9655172413793104,Yes,0.9655172413793104
79026,79026,100,4,53,57,0.07017543859649122,0.9298245614035088,Yes,0.9298245614035088
79027,79027,100,5,79,84,0.05952380952380952,0.9404761904761905,Yes,0.9404761904761905
79028,79028,100,6,107,113,0.05309734513274336,0.9469026548672567,Yes,0.9469026548672567
79074,79074,100,1,8,9,0.1111111111111111,0.8888888888888888,Yes,0.8888888888888888
79029,79074,100,0,0,0,0,0,n/a,0
79030,79030,100,14,182,196,0.07142857142857142,0.9285714285714286,Yes,0.9285714285714286
79031,79031,100,1,33,34,0.029411764705882353,0.9705882352941176,Yes,0.9705882352941176
79032,79032,100,4,41,45,0.08888888888888889,0.9111111111111111,Yes,0.9111111111111111
79033,79033,100,4,31,35,0.11428571428571428,0.8857142857142857,Yes,0.8857142857142857
79034,79034,100,7,202,209,0.03349282296650718,0.9665071770334929,Yes,0.9665071770334929
79035,79035,100,5,48,53,0.09433962264150944,0.9056603773584906,Yes,0.9056603773584906
79036,79036,100,0,50,50,0.0,1.0,Yes,1.0
79037,79037,100,1,42,43,0.023255813953488372,0.9767441860465116,Yes,0.9767441860465116
79038,79038,100,4,69,73,0.0547945205479452,0.9452054794520548,Yes,0.9452054794520548
79039,79039,100,6,45,51,0.11764705882352941,0.8823529411764706,Yes,0.8823529411764706
79040,79040,100,4,113,117,0.03418803418803419,0.9658119658119658,Yes,0.9658119658119658
79041,79041,100,4,50,54,0.07407407407407407,0.9259259259259259,Yes,0.9259259259259259
79042,79042,100,8,95,103,0.07766990291262135,0.9223300970873787,Yes,0.9223300970873787
79043,79043,100,3,42,45,0.06666666666666667,0.9333333333333333,Yes,0.9333333333333333
79044,79044,100,1,31,32,0.03125,0.96875,Yes,0.96875
79045,79045,100,7,86,93,0.07526881720430108,0.9247311827956989,Yes,0.9247311827956989
79046,79046,100,1,63,64,0.015625,0.984375,Yes,0.984375
79047,79047,100,1,52,53,0.018867924528301886,0.9811320754716981,Yes,0.9811320754716981
79048,79048,100,5,31,36,0.1388888888888889,0.8611111111111112,Yes,0.8611111111111112
79049,79049,100,4,26,30,0.13333333333333333,0.8666666666666667,Yes,0.8666666666666667
79050,79050,100,3,64,67,0.04477611940298507,0.9552238805970149,Yes,0.9552238805970149
79051,79051,100,2,107,109,0.01834862385321101,0.981651376146789,Yes,0.981651376146789
79052,79052,100,4,125,129,0.031007751937984496,0.9689922480620154,Yes,0.9689922480620154
79053,79053,100,4,79,83,0.04819277108433735,0.9518072289156626,Yes,0.9518072289156626
79054,79054,100,4,48,52,0.07692307692307693,0.9230769230769231,Yes,0.9230769230769231
79055,79055,100,3,14,17,0.17647058823529413,0.8235294117647058,Yes,0.8235294117647058
79056,79056,100,7,104,111,0.06306306306306306,0.9369369369369369,Yes,0.9369369369369369
79057,79057,100,4,167,171,0.023391812865497075,0.9766081871345029,Yes,0.9766081871345029
79058,79058,100,7,36,43,0.16279069767441862,0.8372093023255814,Yes,0.8372093023255814
79059,79059,100,7,44,51,0.13725490196078433,0.8627450980392157,Yes,0.8627450980392157
79060,79060,100,2,48,50,0.04,0.96,Yes,0.96
79061,79061,100,5,82,87,0.05747126436781609,0.9425287356321839,Yes,0.9425287356321839
79062,79062,100,5,41,46,0.10869565217391304,0.8913043478260869,Yes,0.8913043478260869
79063,79063,100,2,53,55,0.03636363636363636,0.9636363636363636,Yes,0.9636363636363636
79064,79064,100,4,43,47,0.0851063829787234,0.9148936170212766,Yes,0.9148936170212766
79065,79065,100,0,38,38,0.0,1.0,Yes,1.0
79066,79066,100,3,83,86,0.03488372093023256,0.9651162790697675,Yes,0.9651162790697675
79067,79067,100,3,60,63,0.047619047619047616,0.9523809523809523,Yes,0.9523809523809523
79068,79068,100,26,216,242,0.10743801652892562,0.8925619834710744,Yes,0.8925619834710744
79069,79069,100,19,268,287,0.06620209059233449,0.9337979094076655,Yes,0.9337979094076655
79070,79070,100,22,267,289,0.07612456747404844,0.9238754325259516,Yes,0.9238754325259516
79071,79071,100,2,91,93,0.021505376344086023,0.978494623655914,Yes,0.978494623655914
79072,79072,100,1,96,97,0.010309278350515464,0.9896907216494846,Yes,0.9896907216494846
79073,79073,100,1,49,50,0.02,0.98,Yes,0.98
79075,79075,100,2,82,84,0.023809523809523808,0.9761904761904762,Yes,0.9761904761904762
79076,79076,100,7,58,65,0.1076923076923077,0.8923076923076924,Yes,0.8923076923076924
79077,79077,100,1,25,26,0.038461538461538464,0.9615384615384616,Yes,0.9615384615384616
79078,79078,100,2,20,22,0.09090909090909091,0.9090909090909091,Yes,0.9090909090909091
79079,79079,100,0,68,68,0.0,1.0,Yes,1.0
79080,79080,100,0,0,0,0,0,n/a,0
79081,79081,100,0,0,0,0,0,n/a,0
80001,80001,100,12,43,55,0.21818181818181817,0.7818181818181819,Yes,0.7818181818181819
80002,80002,100,7,40,47,0.14893617021276595,0.851063829787234,Yes,0.851063829787234
80003,80003,100,63,70,133,0.47368421052631576,0.5263157894736842,Yes,0.5263157894736842
80004,80004,100,26,63,89,0.29213483146067415,0.7078651685393258,Yes,0.7078651685393258
80005,80005,100,20,21,41,0.4878048780487805,0.5121951219512195,Yes,0.5121951219512195
80006,80006,100,26,73,99,0.26262626262626265,0.7373737373737373,Yes,0.7373737373737373
80007,80007,100,17,60,77,0.22077922077922077,0.7792207792207793,Yes,0.7792207792207793
80008,80008,100,8,49,57,0.14035087719298245,0.8596491228070176,Yes,0.8596491228070176
80009,80009,100,8,42,50,0.16,0.84,Yes,0.84
80010,80010,100,15,79,94,0.1595744680851064,0.8404255319148937,Yes,0.8404255319148937
80011,80011,100,2,18,20,0.1,0.9,Yes,0.9
80012,80012,100,6,34,40,0.15,0.85,Yes,0.85
80013,80013,100,13,61,74,0.17567567567567569,0.8243243243243243,Yes,0.8243243243243243
80014,80014,100,5,126,131,0.03816793893129771,0.9618320610687023,Yes,0.9618320610687023
80015,80015,100,4,36,40,0.1,0.9,Yes,0.9
80016,80016,100,21,122,143,0.14685314685314685,0.8531468531468531,Yes,0.8531468531468531
80017,80017,100,11,91,102,0.10784313725490197,0.8921568627450981,Yes,0.8921568627450981
80018,80018,100,31,78,109,0.28440366972477066,0.7155963302752294,Yes,0.7155963302752294
80019,80019,100,18,42,60,0.3,0.7,Yes,0.7
80020,80020,100,24,68,92,0.2608695652173913,0.7391304347826086,Yes,0.7391304347826086
80021,80021,100,16,94,110,0.14545454545454545,0.8545454545454545,Yes,0.8545454545454545
80022,80022,100,10,76,86,0.11627906976744186,0.8837209302325582,Yes,0.8837209302325582
80023,80023,100,20,101,121,0.1652892561983471,0.8347107438016529,Yes,0.8347107438016529
80024,80024,100,19,126,145,0.1310344827586207,0.8689655172413793,Yes,0.8689655172413793
80025,80025,100,14,69,83,0.1686746987951807,0.8313253012048193,Yes,0.8313253012048193
80026,80026,100,16,113,129,0.12403100775193798,0.875968992248062,Yes,0.875968992248062
80027,80027,100,25,67,92,0.2717391304347826,0.7282608695652174,Yes,0.7282608695652174
80028,80028,100,25,92,117,0.21367521367521367,0.7863247863247863,Yes,0.7863247863247863
80029,80029,100,15,24,39,0.38461538461538464,0.6153846153846154,Yes,0.6153846153846154
80030,80030,100,47,87,134,0.35074626865671643,0.6492537313432836,Yes,0.6492537313432836
80031,80031,100,43,135,178,0.24157303370786518,0.7584269662921348,Yes,0.7584269662921348
80032,80032,100,27,83,110,0.24545454545454545,0.7545454545454545,Yes,0.7545454545454545
80033,80033,100,25,46,71,0.352112676056338,0.647887323943662,Yes,0.647887323943662
80034,80034,100,24,85,109,0.22018348623853212,0.7798165137614679,Yes,0.7798165137614679
80035,80035,100,26,42,68,0.38235294117647056,0.6176470588235294,Yes,0.6176470588235294
80036,80036,100,33,102,135,0.24444444444444444,0.7555555555555555,Yes,0.7555555555555555
80037,80037,100,28,47,75,0.37333333333333335,0.6266666666666667,Yes,0.6266666666666667
80038,80038,100,14,61,75,0.18666666666666668,0.8133333333333334,Yes,0.8133333333333334
80039,80039,100,21,97,118,0.17796610169491525,0.8220338983050848,Yes,0.8220338983050848
80040,80040,100,3,52,55,0.05454545454545454,0.9454545454545454,Yes,0.9454545454545454
80041,80041,100,21,180,201,0.1044776119402985,0.8955223880597015,Yes,0.8955223880597015
80042,80042,100,8,93,101,0.07920792079207921,0.9207920792079208,Yes,0.9207920792079208
80043,80043,100,11,47,58,0.1896551724137931,0.8103448275862069,Yes,0.8103448275862069
80044,80044,100,6,47,53,0.11320754716981132,0.8867924528301887,Yes,0.8867924528301887
80045,80045,100,10,82,92,0.10869565217391304,0.8913043478260869,Yes,0.8913043478260869
80046,80046,100,9,49,58,0.15517241379310345,0.8448275862068966,Yes,0.8448275862068966
80047,80047,100,12,73,85,0.1411764705882353,0.8588235294117647,Yes,0.8588235294117647
80048,80048,100,7,55,62,0.11290322580645161,0.8870967741935484,Yes,0.8870967741935484
80049,80049,100,2,20,22,0.09090909090909091,0.9090909090909091,Yes,0.9090909090909091
80050,80050,100,10,113,123,0.08130081300813008,0.9186991869918699,Yes,0.9186991869918699
80051,80051,100,4,21,25,0.16,0.84,Yes,0.84
80052,80052,100,2,28,30,0.06666666666666667,0.9333333333333333,Yes,0.9333333333333333
80053,80053,100,5,52,57,0.08771929824561403,0.9122807017543859,Yes,0.9122807017543859
80054,80054,100,2,23,25,0.08,0.92,Yes,0.92
80055,80055,100,24,120,144,0.16666666666666666,0.8333333333333334,Yes,0.8333333333333334
80056,80056,100,9,128,137,0.06569343065693431,0.9343065693430657,Yes,0.9343065693430657
80057,80057,100,7,56,63,0.1111111111111111,0.8888888888888888,Yes,0.8888888888888888
80058,80058,100,16,50,66,0.24242424242424243,0.7575757575757576,Yes,0.7575757575757576
80059,80059,100,5,14,19,0.2631578947368421,0.7368421052631579,Yes,0.7368421052631579
80060,80060,100,10,70,80,0.125,0.875,Yes,0.875
80061,80061,100,0,17,17,0.0,1.0,Yes,1.0
80062,80062,100,19,101,120,0.15833333333333333,0.8416666666666667,Yes,0.8416666666666667
80063,80063,100,5,86,91,0.054945054945054944,0.945054945054945,Yes,0.945054945054945
80064,80064,100,7,53,60,0.11666666666666667,0.8833333333333333,Yes,0.8833333333333333
80065,80065,100,6,122,128,0.046875,0.953125,Yes,0.953125
80066,80066,100,10,29,39,0.2564102564102564,0.7435897435897436,Yes,0.7435897435897436
80067,80067,100,26,101,127,0.2047244094488189,0.7952755905511811,Yes,0.7952755905511811
80068,80068,100,19,89,108,0.17592592592592593,0.8240740740740741,Yes,0.8240740740740741
80069,80069,100,9,42,51,0.17647058823529413,0.8235294117647058,Yes,0.8235294117647058
80070,80070,100,7,113,120,0.058333333333333334,0.9416666666666667,Yes,0.9416666666666667
80071,80071,100,7,97,104,0.0673076923076923,0.9326923076923077,Yes,0.9326923076923077
80073,80073,100,10,69,79,0.12658227848101267,0.8734177215189873,Yes,0.8734177215189873
80072,80073,100,0,0,0,0,0,n/a,0
80074,80074,100,12,233,245,0.04897959183673469,0.9510204081632653,Yes,0.9510204081632653
80075,80075,100,0,2,2,0.0,1.0,Yes,1.0
80076,80076,100,9,51,60,0.15,0.85,Yes,0.85
80077,80077,100,11,142,153,0.0718954248366013,0.9281045751633987,Yes,0.9281045751633987
80078,80078,100,18,134,152,0.11842105263157894,0.881578947368421,Yes,0.881578947368421
80079,80079,100,22,66,88,0.25,0.75,Yes,0.75
80080,80080,100,13,77,90,0.14444444444444443,0.8555555555555555,Yes,0.8555555555555555
80081,80081,100,12,107,119,0.10084033613445378,0.8991596638655462,Yes,0.8991596638655462
80082,80082,100,10,52,62,0.16129032258064516,0.8387096774193549,Yes,0.8387096774193549
80083,80083,100,28,166,194,0.14432989690721648,0.8556701030927835,Yes,0.8556701030927835
80084,80084,100,5,43,48,0.10416666666666667,0.8958333333333334,Yes,0.8958333333333334
80085,80085,100,5,91,96,0.052083333333333336,0.9479166666666666,Yes,0.9479166666666666
80086,80086,100,6,92,98,0.061224489795918366,0.9387755102040817,Yes,0.9387755102040817
80087,80087,100,12,31,43,0.27906976744186046,0.7209302325581395,Yes,0.7209302325581395
80088,80088,100,0,0,0,0,0,n/a,0
80089,80089,100,0,0,0,0,0,n/a,0
80090,80073,100,0,0,0,0,0,n/a,0
80091,80075,100,0,0,0,0,0,n/a,0
80092,80092,100,0,0,0,0,0,n/a,0
81001,81001,100,5,81,86,0.05813953488372093,0.9418604651162791,Yes,0.9418604651162791
81002,81002,100,5,95,100,0.05,0.95,Yes,0.95
81003,81003,100,3,14,17,0.17647058823529413,0.8235294117647058,Yes,0.8235294117647058
81004,81004,100,17,88,105,0.1619047619047619,0.8380952380952381,Yes,0.8380952380952381
81005,81005,100,14,102,116,0.1206896551724138,0.8793103448275862,Yes,0.8793103448275862
81006,81006,100,13,105,118,0.11016949152542373,0.8898305084745762,Yes,0.8898305084745762
81007,81007,100,13,74,87,0.14942528735632185,0.8505747126436781,Yes,0.8505747126436781
81008,81008,100,5,38,43,0.11627906976744186,0.8837209302325582,Yes,0.8837209302325582
81009,81009,100,2,37,39,0.05128205128205128,0.9487179487179487,Yes,0.9487179487179487
81010,81010,100,0,18,18,0.0,1.0,Yes,1.0
81011,81011,100,0,10,10,0.0,1.0,Yes,1.0
81012,81012,100,32,120,152,0.21052631578947367,0.7894736842105263,Yes,0.7894736842105263
81013,81013,100,16,40,56,0.2857142857142857,0.7142857142857143,Yes,0.7142857142857143
81014,81014,100,45,121,166,0.2710843373493976,0.7289156626506024,Yes,0.7289156626506024
81015,81015,100,42,113,155,0.2709677419354839,0.7290322580645161,Yes,0.7290322580645161
81016,81016,100,1,16,17,0.058823529411764705,0.9411764705882353,Yes,0.9411764705882353
81017,81017,100,7,37,44,0.1590909090909091,0.8409090909090909,Yes,0.8409090909090909
81018,81018,100,3,25,28,0.10714285714285714,0.8928571428571429,Yes,0.8928571428571429
81019,81019,100,7,48,55,0.12727272727272726,0.8727272727272727,Yes,0.8727272727272727
81020,81020,100,12,114,126,0.09523809523809523,0.9047619047619048,Yes,0.9047619047619048
81021,81021,100,9,46,55,0.16363636363636364,0.8363636363636363,Yes,0.8363636363636363
81022,81022,100,5,55,60,0.08333333333333333,0.9166666666666666,Yes,0.9166666666666666
81023,81023,100,9,98,107,0.08411214953271028,0.9158878504672897,Yes,0.9158878504672897
81024,81024,100,4,65,69,0.057971014492753624,0.9420289855072463,Yes,0.9420289855072463
81025,81025,100,32,85,117,0.27350427350427353,0.7264957264957265,Yes,0.7264957264957265
81026,81026,100,23,64,87,0.26436781609195403,0.735632183908046,Yes,0.735632183908046
81027,81027,100,42,69,111,0.3783783783783784,0.6216216216216216,Yes,0.6216216216216216
81028,81028,100,44,83,127,0.3464566929133858,0.6535433070866141,Yes,0.6535433070866141
81029,81029,100,38,35,73,0.5205479452054794,0.4794520547945205,No,0.5205479452054794
81030,81030,100,46,119,165,0.2787878787878788,0.7212121212121212,Yes,0.7212121212121212
81031,81031,100,39,48,87,0.4482758620689655,0.5517241379310345,Yes,0.5517241379310345
81032,81032,100,55,53,108,0.5092592592592593,0.49074074074074076,No,0.5092592592592593
81033,81033,100,34,171,205,0.16585365853658537,0.8341463414634146,Yes,0.8341463414634146
81034,81034,100,51,129,180,0.2833333333333333,0.7166666666666667,Yes,0.7166666666666667
81035,81035,100,32,102,134,0.23880597014925373,0.7611940298507462,Yes,0.7611940298507462
81036,81036,100,31,115,146,0.21232876712328766,0.7876712328767124,Yes,0.7876712328767124
81037,81037,100,29,75,104,0.27884615384615385,0.7211538461538461,Yes,0.7211538461538461
81038,81038,100,2,52,54,0.037037037037037035,0.9629629629629629,Yes,0.9629629629629629
81039,81039,100,10,43,53,0.18867924528301888,0.8113207547169812,Yes,0.8113207547169812
81040,81040,100,17,63,80,0.2125,0.7875,Yes,0.7875
81041,81041,100,30,102,132,0.22727272727272727,0.7727272727272727,Yes,0.7727272727272727
81042,81042,100,10,23,33,0.30303030303030304,0.696969696969697,Yes,0.696969696969697
81043,81043,100,20,101,121,0.1652892561983471,0.8347107438016529,Yes,0.8347107438016529
81044,81044,100,12,67,79,0.1518987341772152,0.8481012658227848,Yes,0.8481012658227848
81045,81045,100,1,20,21,0.047619047619047616,0.9523809523809523,Yes,0.9523809523809523
81046,81046,100,9,42,51,0.17647058823529413,0.8235294117647058,Yes,0.8235294117647058
81047,81047,100,14,27,41,0.34146341463414637,0.6585365853658537,Yes,0.6585365853658537
81048,81048,100,32,125,157,0.20382165605095542,0.7961783439490446,Yes,0.7961783439490446
81049,81049,100,49,102,151,0.32450331125827814,0.6754966887417219,Yes,0.6754966887417219
81050,81050,100,20,104,124,0.16129032258064516,0.8387096774193549,Yes,0.8387096774193549
81051,81051,100,33,99,132,0.25,0.75,Yes,0.75
81052,81052,100,15,73,88,0.17045454545454544,0.8295454545454546,Yes,0.8295454545454546
81053,81053,100,21,78,99,0.21212121212121213,0.7878787878787878,Yes,0.7878787878787878
81054,81054,100,33,115,148,0.22297297297297297,0.777027027027027,Yes,0.777027027027027
81055,81055,100,52,170,222,0.23423423423423423,0.7657657657657657,Yes,0.7657657657657657
81056,81056,100,45,115,160,0.28125,0.71875,Yes,0.71875
81057,81057,100,43,71,114,0.37719298245614036,0.6228070175438597,Yes,0.6228070175438597
81058,81058,100,26,117,143,0.18181818181818182,0.8181818181818182,Yes,0.8181818181818182
81059,81059,100,54,96,150,0.36,0.64,Yes,0.64
81060,81060,100,43,111,154,0.2792207792207792,0.7207792207792207,Yes,0.7207792207792207
81061,81061,100,37,64,101,0.36633663366336633,0.6336633663366337,Yes,0.6336633663366337
81062,81062,100,37,137,174,0.21264367816091953,0.7873563218390804,Yes,0.7873563218390804
81063,81063,100,67,121,188,0.35638297872340424,0.6436170212765957,Yes,0.6436170212765957
81064,81064,100,56,267,323,0.17337461300309598,0.826625386996904,Yes,0.826625386996904
81065,81065,100,70,151,221,0.3167420814479638,0.6832579185520362,Yes,0.6832579185520362
81066,81066,100,33,91,124,0.2661290322580645,0.7338709677419355,Yes,0.7338709677419355
81067,81067,100,24,106,130,0.18461538461538463,0.8153846153846154,Yes,0.8153846153846154
81068,81068,100,83,232,315,0.2634920634920635,0.7365079365079366,Yes,0.7365079365079366
81069,81069,100,70,241,311,0.22508038585209003,0.77491961414791,Yes,0.77491961414791
81070,81070,100,29,118,147,0.19727891156462585,0.8027210884353742,Yes,0.8027210884353742
81071,81071,100,48,234,282,0.1702127659574468,0.8297872340425532,Yes,0.8297872340425532
81072,81072,100,62,161,223,0.27802690582959644,0.7219730941704036,Yes,0.7219730941704036
81073,81073,100,39,150,189,0.20634920634920634,0.7936507936507936,Yes,0.7936507936507936
81074,81074,100,51,149,200,0.255,0.745,Yes,0.745
81075,81075,100,42,151,193,0.21761658031088082,0.7823834196891192,Yes,0.7823834196891192
81076,81076,100,50,178,228,0.21929824561403508,0.7807017543859649,Yes,0.7807017543859649
81077,81077,100,44,123,167,0.2634730538922156,0.7365269461077845,Yes,0.7365269461077845
81078,81078,100,69,249,318,0.2169811320754717,0.7830188679245284,Yes,0.7830188679245284
81079,81079,100,57,139,196,0.29081632653061223,0.7091836734693877,Yes,0.7091836734693877
81080,81080,100,60,226,286,0.2097902097902098,0.7902097902097902,Yes,0.7902097902097902
81081,81081,100,41,135,176,0.23295454545454544,0.7670454545454546,Yes,0.7670454545454546
81082,81082,100,36,125,161,0.2236024844720497,0.7763975155279503,Yes,0.7763975155279503
81083,81083,100,42,144,186,0.22580645161290322,0.7741935483870968,Yes,0.7741935483870968
81084,81084,100,64,214,278,0.2302158273381295,0.7697841726618705,Yes,0.7697841726618705
81085,81085,100,38,101,139,0.2733812949640288,0.7266187050359713,Yes,0.7266187050359713
81086,81086,100,57,134,191,0.29842931937172773,0.7015706806282722,Yes,0.7015706806282722
81087,81087,100,22,129,151,0.1456953642384106,0.8543046357615894,Yes,0.8543046357615894
81088,81088,100,72,102,174,0.41379310344827586,0.5862068965517241,Yes,0.5862068965517241
81089,81089,100,47,155,202,0.23267326732673269,0.7673267326732673,Yes,0.7673267326732673
81090,81090,100,26,141,167,0.15568862275449102,0.844311377245509,Yes,0.844311377245509
81091,81091,100,3,47,50,0.06,0.94,Yes,0.94
81092,81092,100,3,43,46,0.06521739130434782,0.9347826086956522,Yes,0.9347826086956522
81093,81093,100,4,100,104,0.038461538461538464,0.9615384615384616,Yes,0.9615384615384616
81094,81094,100,9,47,56,0.16071428571428573,0.8392857142857143,Yes,0.8392857142857143
81095,81095,100,5,66,71,0.07042253521126761,0.9295774647887324,Yes,0.9295774647887324
81096,81096,100,7,77,84,0.08333333333333333,0.9166666666666666,Yes,0.9166666666666666
81097,81097,100,15,129,144,0.10416666666666667,0.8958333333333334,Yes,0.8958333333333334
81098,81098,100,14,83,97,0.14432989690721648,0.8556701030927835,Yes,0.8556701030927835
81099,81099,100,20,136,156,0.1282051282051282,0.8717948717948718,Yes,0.8717948717948718
81100,81100,100,8,86,94,0.0851063829787234,0.9148936170212766,Yes,0.9148936170212766
81107,81107,100,0,12,12,0.0,1.0,Yes,1.0
81101,81107,100,0,0,0,0,0,n/a,0
81102,81102,100,0,0,0,0,0,n/a,0
81103,81103,100,0,0,0,0,0,n/a,0
81104,81104,100,0,0,0,0,0,n/a,0
81105,81105,100,0,0,0,0,0,n/a,0
81106,81106,100,0,0,0,0,0,n/a,0
81108,81010,100,0,0,0,0,0,n/a,0
82001,82001,100,92,113,205,0.44878048780487806,0.551219512195122,Yes,0.551219512195122
82002,82002,100,72,85,157,0.4585987261146497,0.5414012738853503,Yes,0.5414012738853503
82003,82003,100,41,59,100,0.41,0.59,Yes,0.59
82004,82004,100,57,105,162,0.35185185185185186,0.6481481481481481,Yes,0.6481481481481481
82005,82005,100,49,107,156,0.3141025641025641,0.6858974358974359,Yes,0.6858974358974359
82006,82006,100,29,79,108,0.26851851851851855,0.7314814814814815,Yes,0.7314814814814815
82007,82007,100,50,133,183,0.273224043715847,0.726775956284153,Yes,0.726775956284153
82008,82008,100,43,106,149,0.28859060402684567,0.7114093959731543,Yes,0.7114093959731543
82009,82009,100,26,106,132,0.19696969696969696,0.803030303030303,Yes,0.803030303030303
82010,82010,100,39,137,176,0.2215909090909091,0.7784090909090909,Yes,0.7784090909090909
82011,82011,100,18,83,101,0.1782178217821782,0.8217821782178217,Yes,0.8217821782178217
82012,82012,100,1,41,42,0.023809523809523808,0.9761904761904762,Yes,0.9761904761904762
82013,82013,100,5,97,102,0.049019607843137254,0.9509803921568627,Yes,0.9509803921568627
82014,82014,100,1,37,38,0.02631578947368421,0.9736842105263158,Yes,0.9736842105263158
82015,82015,100,13,146,159,0.08176100628930817,0.9182389937106918,Yes,0.9182389937106918
82016,82016,100,18,92,110,0.16363636363636364,0.8363636363636363,Yes,0.8363636363636363
82017,82017,100,29,109,138,0.21014492753623187,0.7898550724637681,Yes,0.7898550724637681
82018,82018,100,7,26,33,0.21212121212121213,0.7878787878787878,Yes,0.7878787878787878
82019,82019,100,18,56,74,0.24324324324324326,0.7567567567567568,Yes,0.7567567567567568
82020,82020,100,39,86,125,0.312,0.688,Yes,0.688
82021,82021,100,14,61,75,0.18666666666666668,0.8133333333333334,Yes,0.8133333333333334
82022,82022,100,18,93,111,0.16216216216216217,0.8378378378378378,Yes,0.8378378378378378
82023,82023,100,11,65,76,0.14473684210526316,0.8552631578947368,Yes,0.8552631578947368
82024,82024,100,17,84,101,0.16831683168316833,0.8316831683168316,Yes,0.8316831683168316
82025,82025,100,32,77,109,0.29357798165137616,0.7064220183486238,Yes,0.7064220183486238
82026,82026,100,2,9,11,0.18181818181818182,0.8181818181818182,Yes,0.8181818181818182
82027,82027,100,4,41,45,0.08888888888888889,0.9111111111111111,Yes,0.9111111111111111
82028,82028,100,16,57,73,0.2191780821917808,0.7808219178082192,Yes,0.7808219178082192
82029,82029,100,1,16,17,0.058823529411764705,0.9411764705882353,Yes,0.9411764705882353
82030,82030,100,18,78,96,0.1875,0.8125,Yes,0.8125
82031,82031,100,27,136,163,0.1656441717791411,0.8343558282208589,Yes,0.8343558282208589
82032,82032,100,26,70,96,0.2708333333333333,0.7291666666666666,Yes,0.7291666666666666
82033,82033,100,37,90,127,0.29133858267716534,0.7086614173228346,Yes,0.7086614173228346
82034,82034,100,16,54,70,0.22857142857142856,0.7714285714285715,Yes,0.7714285714285715
82035,82035,100,36,109,145,0.2482758620689655,0.7517241379310344,Yes,0.7517241379310344
82036,82036,100,47,114,161,0.2919254658385093,0.7080745341614907,Yes,0.7080745341614907
82037,82037,100,16,62,78,0.20512820512820512,0.7948717948717948,Yes,0.7948717948717948
82038,82038,100,21,121,142,0.14788732394366197,0.852112676056338,Yes,0.852112676056338
82039,82039,100,25,126,151,0.16556291390728478,0.8344370860927153,Yes,0.8344370860927153
82040,82040,100,38,88,126,0.30158730158730157,0.6984126984126984,Yes,0.6984126984126984
82041,82041,100,52,80,132,0.3939393939393939,0.6060606060606061,Yes,0.6060606060606061
82042,82042,100,19,57,76,0.25,0.75,Yes,0.75
82043,82043,100,33,48,81,0.4074074074074074,0.5925925925925926,Yes,0.5925925925925926
82044,82044,100,40,87,127,0.31496062992125984,0.6850393700787402,Yes,0.6850393700787402
82045,82045,100,37,88,125,0.296,0.704,Yes,0.704
82046,82046,100,53,100,153,0.3464052287581699,0.6535947712418301,Yes,0.6535947712418301
82047,82047,100,32,80,112,0.2857142857142857,0.7142857142857143,Yes,0.7142857142857143
82048,82048,100,58,101,159,0.36477987421383645,0.6352201257861635,Yes,0.6352201257861635
82049,82049,100,77,99,176,0.4375,0.5625,Yes,0.5625
82050,82050,100,15,56,71,0.2112676056338028,0.7887323943661971,Yes,0.7887323943661971
82051,82051,100,29,101,130,0.2230769230769231,0.7769230769230769,Yes,0.7769230769230769
82052,82052,100,40,118,158,0.25316455696202533,0.7468354430379747,Yes,0.7468354430379747
82053,82053,100,39,56,95,0.4105263157894737,0.5894736842105263,Yes,0.5894736842105263
82054,82054,100,3,9,12,0.25,0.75,Yes,0.75
82055,82055,100,26,76,102,0.2549019607843137,0.7450980392156863,Yes,0.7450980392156863
82056,82056,100,63,109,172,0.36627906976744184,0.6337209302325582,Yes,0.6337209302325582
82057,82057,100,45,120,165,0.2727272727272727,0.7272727272727273,Yes,0.7272727272727273
82058,82058,100,37,74,111,0.3333333333333333,0.6666666666666666,Yes,0.6666666666666666
82059,82059,100,0,1,1,0.0,1.0,Yes,1.0
82060,82060,100,82,154,236,0.3474576271186441,0.652542372881356,Yes,0.652542372881356
82061,82061,100,81,221,302,0.2682119205298013,0.7317880794701986,Yes,0.7317880794701986
82062,82062,100,76,135,211,0.36018957345971564,0.6398104265402843,Yes,0.6398104265402843
82063,82063,100,47,104,151,0.31125827814569534,0.6887417218543046,Yes,0.6887417218543046
82064,82064,100,10,33,43,0.23255813953488372,0.7674418604651163,Yes,0.7674418604651163
82065,82065,100,15,147,162,0.09259259259259259,0.9074074074074074,Yes,0.9074074074074074
82066,82066,100,13,91,104,0.125,0.875,Yes,0.875
82067,82067,100,12,64,76,0.15789473684210525,0.8421052631578947,Yes,0.8421052631578947
82068,82068,100,9,108,117,0.07692307692307693,0.9230769230769231,Yes,0.9230769230769231
82069,82069,100,16,107,123,0.13008130081300814,0.8699186991869918,Yes,0.8699186991869918
82070,82070,100,9,111,120,0.075,0.925,Yes,0.925
82071,82071,100,12,95,107,0.11214953271028037,0.8878504672897196,Yes,0.8878504672897196
82072,82072,100,18,110,128,0.140625,0.859375,Yes,0.859375
82073,82073,100,16,128,144,0.1111111111111111,0.8888888888888888,Yes,0.8888888888888888
82074,82074,100,17,122,139,0.1223021582733813,0.8776978417266187,Yes,0.8776978417266187
82075,82075,100,15,102,117,0.1282051282051282,0.8717948717948718,Yes,0.8717948717948718
82076,82076,100,8,64,72,0.1111111111111111,0.8888888888888888,Yes,0.8888888888888888
82077,82077,100,25,151,176,0.14204545454545456,0.8579545454545454,Yes,0.8579545454545454
82078,82078,100,17,164,181,0.09392265193370165,0.9060773480662984,Yes,0.9060773480662984
82079,82079,100,15,128,143,0.1048951048951049,0.8951048951048951,Yes,0.8951048951048951
82080,82080,100,15,108,123,0.12195121951219512,0.8780487804878049,Yes,0.8780487804878049
82081,82081,100,7,85,92,0.07608695652173914,0.9239130434782609,Yes,0.9239130434782609
82082,82082,100,8,79,87,0.09195402298850575,0.9080459770114943,Yes,0.9080459770114943
82083,82083,100,13,131,144,0.09027777777777778,0.9097222222222222,Yes,0.9097222222222222
82084,82084,100,12,111,123,0.0975609756097561,0.9024390243902439,Yes,0.9024390243902439
82085,82085,100,17,133,150,0.11333333333333333,0.8866666666666667,Yes,0.8866666666666667
82086,82086,100,12,96,108,0.1111111111111111,0.8888888888888888,Yes,0.8888888888888888
82087,82087,100,16,122,138,0.11594202898550725,0.8840579710144928,Yes,0.8840579710144928
82088,82088,100,9,107,116,0.07758620689655173,0.9224137931034483,Yes,0.9224137931034483
82089,82089,100,9,83,92,0.09782608695652174,0.9021739130434783,Yes,0.9021739130434783
82090,82090,100,6,141,147,0.04081632653061224,0.9591836734693877,Yes,0.9591836734693877
82091,82091,100,16,139,155,0.1032258064516129,0.896774193548387,Yes,0.896774193548387
82092,82092,100,24,122,146,0.1643835616438356,0.8356164383561644,Yes,0.8356164383561644
82093,82093,100,10,81,91,0.10989010989010989,0.8901098901098901,Yes,0.8901098901098901
82094,82094,100,13,110,123,0.10569105691056911,0.8943089430894309,Yes,0.8943089430894309
82095,82095,100,18,74,92,0.1956521739130435,0.8043478260869565,Yes,0.8043478260869565
82096,82096,100,9,129,138,0.06521739130434782,0.9347826086956522,Yes,0.9347826086956522
82097,82097,100,16,132,148,0.10810810810810811,0.8918918918918919,Yes,0.8918918918918919
82098,82098,100,19,153,172,0.11046511627906977,0.8895348837209303,Yes,0.8895348837209303
82099,82099,100,19,194,213,0.0892018779342723,0.9107981220657277,Yes,0.9107981220657277
82100,82100,100,18,139,157,0.11464968152866242,0.8853503184713376,Yes,0.8853503184713376
82101,82101,100,8,129,137,0.058394160583941604,0.9416058394160584,Yes,0.9416058394160584
82102,82102,100,17,100,117,0.1452991452991453,0.8547008547008547,Yes,0.8547008547008547
82103,82103,100,14,76,90,0.15555555555555556,0.8444444444444444,Yes,0.8444444444444444
82104,82104,100,15,154,169,0.08875739644970414,0.9112426035502958,Yes,0.9112426035502958
82105,82105,100,16,155,171,0.0935672514619883,0.9064327485380117,Yes,0.9064327485380117
82106,82106,100,0,1,1,0.0,1.0,Yes,1.0
82107,82107,100,19,41,60,0.31666666666666665,0.6833333333333333,Yes,0.6833333333333333
82108,82108,100,0,0,0,0,0,n/a,0
82109,82109,100,3,27,30,0.1,0.9,Yes,0.9
82110,82054,100,0,0,0,0,0,n/a,0
82111,82111,100,0,0,0,0,0,n/a,0
82112,82108,100,0,0,0,0,0,n/a,0
82113,82111,100,0,0,0,0,0,n/a,0
82114,82108,100,0,0,0,0,0,n/a,0
82115,82108,100,0,0,0,0,0,n/a,0
82116,82111,100,0,0,0,0,0,n/a,0
82117,82117,100,0,0,0,0,0,n/a,0
82118,82117,100,0,0,0,0,0,n/a,0
83001,83001,100,12,175,187,0.06417112299465241,0.9358288770053476,Yes,0.9358288770053476
83002,83002,100,3,15,18,0.16666666666666666,0.8333333333333334,Yes,0.8333333333333334
83003,83003,100,11,107,118,0.09322033898305085,0.9067796610169492,Yes,0.9067796610169492
83004,83004,100,2,57,59,0.03389830508474576,0.9661016949152542,Yes,0.9661016949152542
83005,83005,100,2,24,26,0.07692307692307693,0.9230769230769231,Yes,0.9230769230769231
83006,83006,100,3,118,121,0.024793388429752067,0.9752066115702479,Yes,0.9752066115702479
83007,83007,100,13,154,167,0.07784431137724551,0.9221556886227545,Yes,0.9221556886227545
83008,83008,100,1,109,110,0.00909090909090909,0.990909090909091,Yes,0.990909090909091
83009,83009,100,9,103,112,0.08035714285714286,0.9196428571428571,Yes,0.9196428571428571
83010,83010,100,11,184,195,0.05641025641025641,0.9435897435897436,Yes,0.9435897435897436
83011,83011,100,5,115,120,0.041666666666666664,0.9583333333333334,Yes,0.9583333333333334
83012,83012,100,0,0,0,0,0,n/a,0
83013,83013,100,8,168,176,0.045454545454545456,0.9545454545454546,Yes,0.9545454545454546
83014,83014,100,11,269,280,0.039285714285714285,0.9607142857142857,Yes,0.9607142857142857
83015,83015,100,10,128,138,0.07246376811594203,0.927536231884058,Yes,0.927536231884058
83016,83016,100,6,119,125,0.048,0.952,Yes,0.952
83017,83017,100,7,109,116,0.0603448275862069,0.9396551724137931,Yes,0.9396551724137931
83018,83018,100,7,136,143,0.04895104895104895,0.951048951048951,Yes,0.951048951048951
83019,83019,100,6,119,125,0.048,0.952,Yes,0.952
83020,83020,100,5,72,77,0.06493506493506493,0.935064935064935,Yes,0.935064935064935
83021,83021,100,5,60,65,0.07692307692307693,0.9230769230769231,Yes,0.9230769230769231
83022,83022,100,6,130,136,0.04411764705882353,0.9558823529411765,Yes,0.9558823529411765
83023,83023,100,2,80,82,0.024390243902439025,0.975609756097561,Yes,0.975609756097561
83024,83024,100,5,67,72,0.06944444444444445,0.9305555555555556,Yes,0.9305555555555556
83025,83025,100,8,117,125,0.064,0.936,Yes,0.936
83026,83026,100,6,29,35,0.17142857142857143,0.8285714285714286,Yes,0.8285714285714286
83027,83027,100,7,75,82,0.08536585365853659,0.9146341463414634,Yes,0.9146341463414634
83028,83028,100,5,165,170,0.029411764705882353,0.9705882352941176,Yes,0.9705882352941176
83029,83029,100,4,52,56,0.07142857142857142,0.9285714285714286,Yes,0.9285714285714286
83030,83030,100,5,55,60,0.08333333333333333,0.9166666666666666,Yes,0.9166666666666666
83031,83031,100,8,179,187,0.0427807486631016,0.9572192513368984,Yes,0.9572192513368984
83032,83032,100,4,132,136,0.029411764705882353,0.9705882352941176,Yes,0.9705882352941176
83033,83033,100,11,150,161,0.06832298136645963,0.9316770186335404,Yes,0.9316770186335404
83034,83034,100,6,111,117,0.05128205128205128,0.9487179487179487,Yes,0.9487179487179487
83035,83035,100,7,71,78,0.08974358974358974,0.9102564102564102,Yes,0.9102564102564102
83036,83036,100,5,74,79,0.06329113924050633,0.9367088607594937,Yes,0.9367088607594937
83037,83037,100,4,54,58,0.06896551724137931,0.9310344827586207,Yes,0.9310344827586207
83038,83038,100,9,89,98,0.09183673469387756,0.9081632653061225,Yes,0.9081632653061225
83039,83039,100,8,89,97,0.08247422680412371,0.9175257731958762,Yes,0.9175257731958762
83040,83040,100,10,104,114,0.08771929824561403,0.9122807017543859,Yes,0.9122807017543859
83041,83041,100,7,112,119,0.058823529411764705,0.9411764705882353,Yes,0.9411764705882353
83042,83042,100,6,127,133,0.045112781954887216,0.9548872180451128,Yes,0.9548872180451128
83043,83043,100,3,61,64,0.046875,0.953125,Yes,0.953125
83044,83044,100,6,108,114,0.05263157894736842,0.9473684210526315,Yes,0.9473684210526315
83045,83045,100,3,66,69,0.043478260869565216,0.9565217391304348,Yes,0.9565217391304348
83046,83046,100,11,104,115,0.09565217391304348,0.9043478260869565,Yes,0.9043478260869565
83047,83047,100,7,78,85,0.08235294117647059,0.9176470588235294,Yes,0.9176470588235294
83048,83048,100,6,51,57,0.10526315789473684,0.8947368421052632,Yes,0.8947368421052632
83049,83049,100,7,48,55,0.12727272727272726,0.8727272727272727,Yes,0.8727272727272727
83050,83050,100,11,81,92,0.11956521739130435,0.8804347826086957,Yes,0.8804347826086957
83051,83051,100,5,118,123,0.04065040650406504,0.959349593495935,Yes,0.959349593495935
83052,83052,100,9,76,85,0.10588235294117647,0.8941176470588236,Yes,0.8941176470588236
83053,83053,100,7,69,76,0.09210526315789473,0.9078947368421053,Yes,0.9078947368421053
83054,83054,100,5,81,86,0.05813953488372093,0.9418604651162791,Yes,0.9418604651162791
83055,83055,100,2,68,70,0.02857142857142857,0.9714285714285714,Yes,0.9714285714285714
83056,83056,100,4,127,131,0.030534351145038167,0.9694656488549618,Yes,0.9694656488549618
83057,83057,100,10,157,167,0.059880239520958084,0.9401197604790419,Yes,0.9401197604790419
83058,83058,100,4,41,45,0.08888888888888889,0.9111111111111111,Yes,0.9111111111111111
83059,83059,100,4,35,39,0.10256410256410256,0.8974358974358975,Yes,0.8974358974358975
83060,83060,100,3,37,40,0.075,0.925,Yes,0.925
83061,83061,100,5,110,115,0.043478260869565216,0.9565217391304348,Yes,0.9565217391304348
83062,83062,100,2,38,40,0.05,0.95,Yes,0.95
83063,83063,100,1,28,29,0.034482758620689655,0.9655172413793104,Yes,0.9655172413793104
83064,83064,100,14,139,153,0.0915032679738562,0.9084967320261438,Yes,0.9084967320261438
83065,83065,100,4,85,89,0.0449438202247191,0.9550561797752809,Yes,0.9550561797752809
83066,83066,100,5,161,166,0.030120481927710843,0.9698795180722891,Yes,0.9698795180722891
83067,83067,100,7,138,145,0.04827586206896552,0.9517241379310345,Yes,0.9517241379310345
83068,83068,100,0,0,0,0,0,n/a,0
83069,83069,100,22,273,295,0.07457627118644068,0.9254237288135593,Yes,0.9254237288135593
83070,83070,100,19,222,241,0.07883817427385892,0.921161825726141,Yes,0.921161825726141
83071,83071,100,9,178,187,0.0481283422459893,0.9518716577540107,Yes,0.9518716577540107
83072,83072,100,5,84,89,0.056179775280898875,0.9438202247191011,Yes,0.9438202247191011
83073,83073,100,9,102,111,0.08108108108108109,0.918918918918919,Yes,0.918918918918919
83074,83074,100,15,91,106,0.14150943396226415,0.8584905660377359,Yes,0.8584905660377359
83075,83075,100,5,103,108,0.046296296296296294,0.9537037037037037,Yes,0.9537037037037037
83076,83076,100,14,137,151,0.09271523178807947,0.9072847682119205,Yes,0.9072847682119205
83077,83077,100,7,87,94,0.07446808510638298,0.925531914893617,Yes,0.925531914893617
83078,83078,100,8,88,96,0.08333333333333333,0.9166666666666666,Yes,0.9166666666666666
83079,83079,100,4,85,89,0.0449438202247191,0.9550561797752809,Yes,0.9550561797752809
83080,83080,100,11,77,88,0.125,0.875,Yes,0.875
83081,83081,100,4,83,87,0.04597701149425287,0.9540229885057471,Yes,0.9540229885057471
83082,83082,100,11,111,122,0.09016393442622951,0.9098360655737705,Yes,0.9098360655737705
83083,83083,100,3,54,57,0.05263157894736842,0.9473684210526315,Yes,0.9473684210526315
83084,83084,100,0,0,0,0,0,n/a,0
83085,83085,100,5,86,91,0.054945054945054944,0.945054945054945,Yes,0.945054945054945
83086,83086,100,7,53,60,0.11666666666666667,0.8833333333333333,Yes,0.8833333333333333
83087,83068,100,0,0,0,0,0,n/a,0
84001,84001,100,6,114,120,0.05,0.95,Yes,0.95
84002,84002,100,0,13,13,0.0,1.0,Yes,1.0
84003,84003,100,4,69,73,0.0547945205479452,0.9452054794520548,Yes,0.9452054794520548
84004,84004,100,5,74,79,0.06329113924050633,0.9367088607594937,Yes,0.9367088607594937
84005,84005,100,4,66,70,0.05714285714285714,0.9428571428571428,Yes,0.9428571428571428
84006,84006,100,1,75,76,0.013157894736842105,0.9868421052631579,Yes,0.9868421052631579
84007,84007,100,6,39,45,0.13333333333333333,0.8666666666666667,Yes,0.8666666666666667
84008,84008,100,11,49,60,0.18333333333333332,0.8166666666666667,Yes,0.8166666666666667
84009,84009,100,2,43,45,0.044444444444444446,0.9555555555555556,Yes,0.9555555555555556
84010,84010,100,4,102,106,0.03773584905660377,0.9622641509433962,Yes,0.9622641509433962
84011,84011,100,15,75,90,0.16666666666666666,0.8333333333333334,Yes,0.8333333333333334
84012,84012,100,2,32,34,0.058823529411764705,0.9411764705882353,Yes,0.9411764705882353
84013,84013,100,11,90,101,0.10891089108910891,0.8910891089108911,Yes,0.8910891089108911
84014,84014,100,9,78,87,0.10344827586206896,0.896551724137931,Yes,0.896551724137931
84015,84015,100,3,24,27,0.1111111111111111,0.8888888888888888,Yes,0.8888888888888888
84016,84016,100,13,87,100,0.13,0.87,Yes,0.87
84017,84017,100,4,31,35,0.11428571428571428,0.8857142857142857,Yes,0.8857142857142857
84018,84018,100,0,4,4,0.0,1.0,Yes,1.0
84019,84019,100,5,113,118,0.0423728813559322,0.9576271186440678,Yes,0.9576271186440678
84020,84020,100,12,66,78,0.15384615384615385,0.8461538461538461,Yes,0.8461538461538461
84021,84021,100,0,14,14,0.0,1.0,Yes,1.0
84022,84022,100,1,15,16,0.0625,0.9375,Yes,0.9375
84023,84023,100,4,117,121,0.03305785123966942,0.9669421487603306,Yes,0.9669421487603306
84024,84024,100,5,62,67,0.07462686567164178,0.9253731343283582,Yes,0.9253731343283582
84025,84025,100,14,63,77,0.18181818181818182,0.8181818181818182,Yes,0.8181818181818182
84026,84026,100,0,8,8,0.0,1.0,Yes,1.0
84027,84027,100,3,51,54,0.05555555555555555,0.9444444444444444,Yes,0.9444444444444444
84028,84028,100,4,72,76,0.05263157894736842,0.9473684210526315,Yes,0.9473684210526315
84029,84029,100,3,78,81,0.037037037037037035,0.9629629629629629,Yes,0.9629629629629629
84030,84030,100,4,53,57,0.07017543859649122,0.9298245614035088,Yes,0.9298245614035088
84031,84031,100,3,57,60,0.05,0.95,Yes,0.95
84032,84032,100,4,35,39,0.10256410256410256,0.8974358974358975,Yes,0.8974358974358975
84033,84033,100,0,67,67,0.0,1.0,Yes,1.0
84034,84034,100,5,66,71,0.07042253521126761,0.9295774647887324,Yes,0.9295774647887324
84035,84035,100,8,25,33,0.24242424242424243,0.7575757575757576,Yes,0.7575757575757576
84036,84036,100,2,14,16,0.125,0.875,Yes,0.875
84037,84037,100,1,52,53,0.018867924528301886,0.9811320754716981,Yes,0.9811320754716981
84038,84038,100,12,43,55,0.21818181818181817,0.7818181818181819,Yes,0.7818181818181819
84039,84039,100,3,31,34,0.08823529411764706,0.9117647058823529,Yes,0.9117647058823529
84040,84040,100,11,78,89,0.12359550561797752,0.8764044943820225,Yes,0.8764044943820225
84041,84041,100,5,66,71,0.07042253521126761,0.9295774647887324,Yes,0.9295774647887324
84042,84042,100,6,70,76,0.07894736842105263,0.9210526315789473,Yes,0.9210526315789473
84043,84043,100,6,35,41,0.14634146341463414,0.8536585365853658,Yes,0.8536585365853658
84044,84044,100,7,48,55,0.12727272727272726,0.8727272727272727,Yes,0.8727272727272727
84045,84045,100,0,29,29,0.0,1.0,Yes,1.0
84046,84046,100,3,20,23,0.13043478260869565,0.8695652173913043,Yes,0.8695652173913043
84047,84047,100,4,12,16,0.25,0.75,Yes,0.75
84048,84048,100,11,51,62,0.1774193548387097,0.8225806451612904,Yes,0.8225806451612904
84049,84049,100,2,20,22,0.09090909090909091,0.9090909090909091,Yes,0.9090909090909091
84050,84050,100,3,28,31,0.0967741935483871,0.9032258064516129,Yes,0.9032258064516129
84051,84051,100,12,103,115,0.10434782608695652,0.8956521739130435,Yes,0.8956521739130435
84052,84052,100,8,101,109,0.07339449541284404,0.926605504587156,Yes,0.926605504587156
84053,84053,100,0,0,0,0,0,n/a,0
84054,84054,100,6,43,49,0.12244897959183673,0.8775510204081632,Yes,0.8775510204081632
84055,84055,100,3,57,60,0.05,0.95,Yes,0.95
84056,84056,100,11,81,92,0.11956521739130435,0.8804347826086957,Yes,0.8804347826086957
84057,84057,100,5,37,42,0.11904761904761904,0.8809523809523809,Yes,0.8809523809523809
84058,84058,100,6,35,41,0.14634146341463414,0.8536585365853658,Yes,0.8536585365853658
84059,84059,100,7,57,64,0.109375,0.890625,Yes,0.890625
84060,84060,100,2,47,49,0.04081632653061224,0.9591836734693877,Yes,0.9591836734693877
84061,84061,100,5,52,57,0.08771929824561403,0.9122807017543859,Yes,0.9122807017543859
84062,84062,100,5,51,56,0.08928571428571429,0.9107142857142857,Yes,0.9107142857142857
84063,84063,100,1,85,86,0.011627906976744186,0.9883720930232558,Yes,0.9883720930232558
84064,84064,100,3,50,53,0.05660377358490566,0.9433962264150944,Yes,0.9433962264150944
84065,84065,100,5,18,23,0.21739130434782608,0.782608695652174,Yes,0.782608695652174
84066,84066,100,1,36,37,0.02702702702702703,0.972972972972973,Yes,0.972972972972973
84067,84067,100,2,25,27,0.07407407407407407,0.9259259259259259,Yes,0.9259259259259259
84068,84068,100,2,22,24,0.08333333333333333,0.9166666666666666,Yes,0.9166666666666666
84069,84069,100,4,17,21,0.19047619047619047,0.8095238095238095,Yes,0.8095238095238095
84070,84070,100,3,35,38,0.07894736842105263,0.9210526315789473,Yes,0.9210526315789473
84071,84071,100,6,73,79,0.0759493670886076,0.9240506329113924,Yes,0.9240506329113924
84072,84072,100,2,42,44,0.045454545454545456,0.9545454545454546,Yes,0.9545454545454546
84073,84073,100,1,27,28,0.03571428571428571,0.9642857142857143,Yes,0.9642857142857143
84074,84074,100,8,98,106,0.07547169811320754,0.9245283018867925,Yes,0.9245283018867925
84075,84075,100,2,76,78,0.02564102564102564,0.9743589743589743,Yes,0.9743589743589743
84076,84076,100,0,3,3,0.0,1.0,Yes,1.0
84077,84077,100,4,37,41,0.0975609756097561,0.9024390243902439,Yes,0.9024390243902439
84078,84078,100,1,10,11,0.09090909090909091,0.9090909090909091,Yes,0.9090909090909091
84079,84079,100,0,2,2,0.0,1.0,Yes,1.0
84080,84080,100,18,128,146,0.1232876712328767,0.8767123287671232,Yes,0.8767123287671232
84081,84053,100,0,0,0,0,0,n/a,0
85001,85001,100,8,106,114,0.07017543859649122,0.9298245614035088,Yes,0.9298245614035088
85002,85002,100,3,92,95,0.031578947368421054,0.968421052631579,Yes,0.968421052631579
85003,85003,100,17,121,138,0.12318840579710146,0.8768115942028986,Yes,0.8768115942028986
85004,85004,100,7,93,100,0.07,0.93,Yes,0.93
85005,85005,100,9,169,178,0.05056179775280899,0.949438202247191,Yes,0.949438202247191
85006,85006,100,4,65,69,0.057971014492753624,0.9420289855072463,Yes,0.9420289855072463
85007,85007,100,4,56,60,0.06666666666666667,0.9333333333333333,Yes,0.9333333333333333
85008,85008,100,13,124,137,0.0948905109489051,0.9051094890510949,Yes,0.9051094890510949
85009,85009,100,5,81,86,0.05813953488372093,0.9418604651162791,Yes,0.9418604651162791
85010,85010,100,5,93,98,0.05102040816326531,0.9489795918367347,Yes,0.9489795918367347
85011,85011,100,8,65,73,0.1095890410958904,0.8904109589041096,Yes,0.8904109589041096
85012,85012,100,3,85,88,0.03409090909090909,0.9659090909090909,Yes,0.9659090909090909
85013,85013,100,8,151,159,0.050314465408805034,0.949685534591195,Yes,0.949685534591195
85014,85014,100,1,38,39,0.02564102564102564,0.9743589743589743,Yes,0.9743589743589743
85015,85015,100,2,34,36,0.05555555555555555,0.9444444444444444,Yes,0.9444444444444444
85016,85016,100,1,17,18,0.05555555555555555,0.9444444444444444,Yes,0.9444444444444444
85017,85017,100,3,47,50,0.06,0.94,Yes,0.94
85018,85018,100,4,9,13,0.3076923076923077,0.6923076923076923,Yes,0.6923076923076923
85019,85019,100,14,191,205,0.06829268292682927,0.9317073170731708,Yes,0.9317073170731708
85020,85020,100,15,98,113,0.13274336283185842,0.8672566371681416,Yes,0.8672566371681416
85021,85021,100,10,74,84,0.11904761904761904,0.8809523809523809,Yes,0.8809523809523809
85022,85022,100,6,60,66,0.09090909090909091,0.9090909090909091,Yes,0.9090909090909091
85023,85023,100,3,43,46,0.06521739130434782,0.9347826086956522,Yes,0.9347826086956522
85024,85024,100,7,156,163,0.04294478527607362,0.9570552147239264,Yes,0.9570552147239264
85025,85025,100,11,139,150,0.07333333333333333,0.9266666666666666,Yes,0.9266666666666666
85026,85026,100,9,98,107,0.08411214953271028,0.9158878504672897,Yes,0.9158878504672897
85027,85027,100,5,26,31,0.16129032258064516,0.8387096774193549,Yes,0.8387096774193549
85028,85028,100,2,9,11,0.18181818181818182,0.8181818181818182,Yes,0.8181818181818182
85029,85029,100,7,77,84,0.08333333333333333,0.9166666666666666,Yes,0.9166666666666666
85030,85030,100,21,103,124,0.1693548387096774,0.8306451612903226,Yes,0.8306451612903226
85031,85031,100,10,116,126,0.07936507936507936,0.9206349206349206,Yes,0.9206349206349206
85032,85032,100,11,88,99,0.1111111111111111,0.8888888888888888,Yes,0.8888888888888888
85033,85033,100,11,141,152,0.07236842105263158,0.9276315789473685,Yes,0.9276315789473685
85034,85034,100,8,58,66,0.12121212121212122,0.8787878787878788,Yes,0.8787878787878788
85035,85035,100,0,0,0,0,0,n/a,0
85036,85036,100,1,16,17,0.058823529411764705,0.9411764705882353,Yes,0.9411764705882353
85037,85037,100,7,92,99,0.0707070707070707,0.9292929292929293,Yes,0.9292929292929293
85038,85038,100,2,49,51,0.0392156862745098,0.9607843137254902,Yes,0.9607843137254902
85039,85039,100,13,94,107,0.12149532710280374,0.8785046728971962,Yes,0.8785046728971962
85040,85040,100,0,52,52,0.0,1.0,Yes,1.0
85041,85041,100,4,106,110,0.03636363636363636,0.9636363636363636,Yes,0.9636363636363636
85042,85042,100,2,52,54,0.037037037037037035,0.9629629629629629,Yes,0.9629629629629629
85043,85043,100,7,46,53,0.1320754716981132,0.8679245283018868,Yes,0.8679245283018868
85044,85044,100,15,53,68,0.22058823529411764,0.7794117647058824,Yes,0.7794117647058824
85045,85045,100,18,93,111,0.16216216216216217,0.8378378378378378,Yes,0.8378378378378378
85046,85046,100,4,78,82,0.04878048780487805,0.9512195121951219,Yes,0.9512195121951219
85047,85047,100,11,64,75,0.14666666666666667,0.8533333333333334,Yes,0.8533333333333334
85048,85048,100,9,67,76,0.11842105263157894,0.881578947368421,Yes,0.881578947368421
85049,85049,100,2,52,54,0.037037037037037035,0.9629629629629629,Yes,0.9629629629629629
85050,85050,100,11,60,71,0.15492957746478872,0.8450704225352113,Yes,0.8450704225352113
85051,85051,100,1,40,41,0.024390243902439025,0.975609756097561,Yes,0.975609756097561
85052,85052,100,2,29,31,0.06451612903225806,0.9354838709677419,Yes,0.9354838709677419
85053,85053,100,3,52,55,0.05454545454545454,0.9454545454545454,Yes,0.9454545454545454
85054,85054,100,1,48,49,0.02040816326530612,0.9795918367346939,Yes,0.9795918367346939
85055,85055,100,5,64,69,0.07246376811594203,0.927536231884058,Yes,0.927536231884058
85056,85056,100,8,46,54,0.14814814814814814,0.8518518518518519,Yes,0.8518518518518519
85057,85057,100,2,67,69,0.028985507246376812,0.9710144927536232,Yes,0.9710144927536232
85058,85058,100,1,51,52,0.019230769230769232,0.9807692307692307,Yes,0.9807692307692307
85059,85059,100,5,76,81,0.06172839506172839,0.9382716049382716,Yes,0.9382716049382716
85060,85060,100,2,109,111,0.018018018018018018,0.9819819819819819,Yes,0.9819819819819819
85061,85061,100,4,37,41,0.0975609756097561,0.9024390243902439,Yes,0.9024390243902439
85062,85062,100,3,40,43,0.06976744186046512,0.9302325581395349,Yes,0.9302325581395349
85063,85063,100,6,56,62,0.0967741935483871,0.9032258064516129,Yes,0.9032258064516129
85064,85064,100,8,40,48,0.16666666666666666,0.8333333333333334,Yes,0.8333333333333334
85065,85065,100,2,74,76,0.02631578947368421,0.9736842105263158,Yes,0.9736842105263158
85066,85066,100,6,49,55,0.10909090909090909,0.8909090909090909,Yes,0.8909090909090909
85067,85067,100,6,61,67,0.08955223880597014,0.9104477611940298,Yes,0.9104477611940298
85068,85068,100,19,157,176,0.10795454545454546,0.8920454545454546,Yes,0.8920454545454546
85069,85069,100,19,83,102,0.18627450980392157,0.8137254901960784,Yes,0.8137254901960784
85070,85070,100,15,52,67,0.22388059701492538,0.7761194029850746,Yes,0.7761194029850746
85071,85071,100,0,0,0,0,0,n/a,0
85072,85072,100,0,0,0,0,0,n/a,0
85073,85072,100,0,0,0,0,0,n/a,0
85074,85072,100,0,0,0,0,0,n/a,0
85075,85072,100,0,0,0,0,0,n/a,0
85076,85076,100,0,0,0,0,0,n/a,0
85077,85072,100,0,0,0,0,0,n/a,0
85078,85072,100,0,0,0,0,0,n/a,0
85079,85072,100,0,0,0,0,0,n/a,0
86001,86001,100,0,117,117,0.0,1.0,Yes,1.0
86002,86002,100,5,64,69,0.07246376811594203,0.927536231884058,Yes,0.927536231884058
86003,86003,100,5,74,79,0.06329113924050633,0.9367088607594937,Yes,0.9367088607594937
86004,86004,100,3,46,49,0.061224489795918366,0.9387755102040817,Yes,0.9387755102040817
86005,86005,100,1,80,81,0.012345679012345678,0.9876543209876543,Yes,0.9876543209876543
86006,86006,100,5,70,75,0.06666666666666667,0.9333333333333333,Yes,0.9333333333333333
86007,86007,100,3,33,36,0.08333333333333333,0.9166666666666666,Yes,0.9166666666666666
86008,86008,100,4,63,67,0.05970149253731343,0.9402985074626866,Yes,0.9402985074626866
86009,86009,100,3,58,61,0.04918032786885246,0.9508196721311475,Yes,0.9508196721311475
86010,86010,100,2,48,50,0.04,0.96,Yes,0.96
86011,86011,100,5,87,92,0.05434782608695652,0.9456521739130435,Yes,0.9456521739130435
86012,86012,100,4,90,94,0.0425531914893617,0.9574468085106383,Yes,0.9574468085106383
86013,86013,100,5,50,55,0.09090909090909091,0.9090909090909091,Yes,0.9090909090909091
86014,86014,100,3,80,83,0.03614457831325301,0.963855421686747,Yes,0.963855421686747
86015,86015,100,5,54,59,0.0847457627118644,0.9152542372881356,Yes,0.9152542372881356
86016,86016,100,3,60,63,0.047619047619047616,0.9523809523809523,Yes,0.9523809523809523
86017,86017,100,4,69,73,0.0547945205479452,0.9452054794520548,Yes,0.9452054794520548
86018,86018,100,6,92,98,0.061224489795918366,0.9387755102040817,Yes,0.9387755102040817
86019,86019,100,8,121,129,0.06201550387596899,0.937984496124031,Yes,0.937984496124031
86020,86020,100,3,51,54,0.05555555555555555,0.9444444444444444,Yes,0.9444444444444444
86021,86021,100,0,8,8,0.0,1.0,Yes,1.0
86022,86022,100,8,86,94,0.0851063829787234,0.9148936170212766,Yes,0.9148936170212766
86023,86023,100,2,83,85,0.023529411764705882,0.9764705882352941,Yes,0.9764705882352941
86024,86024,100,3,58,61,0.04918032786885246,0.9508196721311475,Yes,0.9508196721311475
86025,86025,100,8,42,50,0.16,0.84,Yes,0.84
86026,86026,100,1,60,61,0.01639344262295082,0.9836065573770492,Yes,0.9836065573770492
86027,86027,100,3,59,62,0.04838709677419355,0.9516129032258065,Yes,0.9516129032258065
86028,86028,100,20,69,89,0.2247191011235955,0.7752808988764045,Yes,0.7752808988764045
86029,86029,100,3,45,48,0.0625,0.9375,Yes,0.9375
86030,86030,100,3,43,46,0.06521739130434782,0.9347826086956522,Yes,0.9347826086956522
86031,86031,100,5,90,95,0.05263157894736842,0.9473684210526315,Yes,0.9473684210526315
86032,86032,100,6,33,39,0.15384615384615385,0.8461538461538461,Yes,0.8461538461538461
86033,86033,100,9,144,153,0.058823529411764705,0.9411764705882353,Yes,0.9411764705882353
86034,86034,100,9,102,111,0.08108108108108109,0.918918918918919,Yes,0.918918918918919
86035,86035,100,6,59,65,0.09230769230769231,0.9076923076923077,Yes,0.9076923076923077
86036,86036,100,4,56,60,0.06666666666666667,0.9333333333333333,Yes,0.9333333333333333
86037,86037,100,5,102,107,0.04672897196261682,0.9532710280373832,Yes,0.9532710280373832
86038,86038,100,1,45,46,0.021739130434782608,0.9782608695652174,Yes,0.9782608695652174
86039,86039,100,1,56,57,0.017543859649122806,0.9824561403508771,Yes,0.9824561403508771
86040,86040,100,7,107,114,0.06140350877192982,0.9385964912280702,Yes,0.9385964912280702
86041,86041,100,5,53,58,0.08620689655172414,0.9137931034482759,Yes,0.9137931034482759
86042,86042,100,0,0,0,0,0,n/a,0
86043,86043,100,0,10,10,0.0,1.0,Yes,1.0
86044,86044,100,4,19,23,0.17391304347826086,0.8260869565217391,Yes,0.8260869565217391
86045,86045,100,7,72,79,0.08860759493670886,0.9113924050632911,Yes,0.9113924050632911
86046,86046,100,7,60,67,0.1044776119402985,0.8955223880597015,Yes,0.8955223880597015
86047,86047,100,6,124,130,0.046153846153846156,0.9538461538461539,Yes,0.9538461538461539
86048,86048,100,1,69,70,0.014285714285714285,0.9857142857142858,Yes,0.9857142857142858
86049,86049,100,6,61,67,0.08955223880597014,0.9104477611940298,Yes,0.9104477611940298
86050,86050,100,6,62,68,0.08823529411764706,0.9117647058823529,Yes,0.9117647058823529
86051,86051,100,4,37,41,0.0975609756097561,0.9024390243902439,Yes,0.9024390243902439
86052,86052,100,3,41,44,0.06818181818181818,0.9318181818181818,Yes,0.9318181818181818
86053,86053,100,11,42,53,0.20754716981132076,0.7924528301886793,Yes,0.7924528301886793
86054,86054,100,5,70,75,0.06666666666666667,0.9333333333333333,Yes,0.9333333333333333
86055,86055,100,3,47,50,0.06,0.94,Yes,0.94
86056,86056,100,4,38,42,0.09523809523809523,0.9047619047619048,Yes,0.9047619047619048
86057,86057,100,5,60,65,0.07692307692307693,0.9230769230769231,Yes,0.9230769230769231
86058,86058,100,3,19,22,0.13636363636363635,0.8636363636363636,Yes,0.8636363636363636
86059,86059,100,0,13,13,0.0,1.0,Yes,1.0
86060,86060,100,0,7,7,0.0,1.0,Yes,1.0
87001,87001,100,1,7,8,0.125,0.875,Yes,0.875
87002,87002,100,6,48,54,0.1111111111111111,0.8888888888888888,Yes,0.8888888888888888
87003,87003,100,2,22,24,0.08333333333333333,0.9166666666666666,Yes,0.9166666666666666
87004,87004,100,5,36,41,0.12195121951219512,0.8780487804878049,Yes,0.8780487804878049
87005,87005,100,1,38,39,0.02564102564102564,0.9743589743589743,Yes,0.9743589743589743
87006,87006,100,7,45,52,0.1346153846153846,0.8653846153846154,Yes,0.8653846153846154
87007,87007,100,0,29,29,0.0,1.0,Yes,1.0
87008,87008,100,1,36,37,0.02702702702702703,0.972972972972973,Yes,0.972972972972973
87009,87009,100,5,89,94,0.05319148936170213,0.9468085106382979,Yes,0.9468085106382979
87010,87010,100,8,84,92,0.08695652173913043,0.9130434782608695,Yes,0.9130434782608695
87011,87011,100,5,77,82,0.06097560975609756,0.9390243902439024,Yes,0.9390243902439024
87013,87013,100,0,34,34,0.0,1.0,Yes,1.0
87012,87013,100,0,0,0,0,0,n/a,0
87014,87014,100,4,16,20,0.2,0.8,Yes,0.8
87015,87015,100,0,21,21,0.0,1.0,Yes,1.0
87016,87016,100,3,23,26,0.11538461538461539,0.8846153846153846,Yes,0.8846153846153846
87017,87017,100,1,24,25,0.04,0.96,Yes,0.96
87018,87018,100,9,60,69,0.13043478260869565,0.8695652173913043,Yes,0.8695652173913043
87019,87019,100,11,47,58,0.1896551724137931,0.8103448275862069,Yes,0.8103448275862069
87020,87020,100,9,52,61,0.14754098360655737,0.8524590163934426,Yes,0.8524590163934426
87021,87021,100,1,20,21,0.047619047619047616,0.9523809523809523,Yes,0.9523809523809523
87022,87022,100,11,67,78,0.14102564102564102,0.8589743589743589,Yes,0.8589743589743589
87023,87023,100,10,112,122,0.08196721311475409,0.9180327868852459,Yes,0.9180327868852459
87024,87024,100,3,34,37,0.08108108108108109,0.918918918918919,Yes,0.918918918918919
87025,87025,100,3,35,38,0.07894736842105263,0.9210526315789473,Yes,0.9210526315789473
87026,87026,100,5,98,103,0.04854368932038835,0.9514563106796117,Yes,0.9514563106796117
87027,87027,100,8,61,69,0.11594202898550725,0.8840579710144928,Yes,0.8840579710144928
87028,87028,100,14,107,121,0.11570247933884298,0.8842975206611571,Yes,0.8842975206611571
87029,87029,100,18,81,99,0.18181818181818182,0.8181818181818182,Yes,0.8181818181818182
87030,87030,100,4,35,39,0.10256410256410256,0.8974358974358975,Yes,0.8974358974358975
87031,87031,100,7,71,78,0.08974358974358974,0.9102564102564102,Yes,0.9102564102564102
87032,87032,100,20,127,147,0.1360544217687075,0.8639455782312925,Yes,0.8639455782312925
87033,87033,100,7,109,116,0.0603448275862069,0.9396551724137931,Yes,0.9396551724137931
87034,87034,100,20,126,146,0.136986301369863,0.863013698630137,Yes,0.863013698630137
87035,87035,100,8,79,87,0.09195402298850575,0.9080459770114943,Yes,0.9080459770114943
87036,87036,100,10,75,85,0.11764705882352941,0.8823529411764706,Yes,0.8823529411764706
87037,87037,100,6,60,66,0.09090909090909091,0.9090909090909091,Yes,0.9090909090909091
87038,87038,100,15,111,126,0.11904761904761904,0.8809523809523809,Yes,0.8809523809523809
87039,87039,100,5,88,93,0.053763440860215055,0.946236559139785,Yes,0.946236559139785
87040,87040,100,11,118,129,0.08527131782945736,0.9147286821705426,Yes,0.9147286821705426
87041,87041,100,6,39,45,0.13333333333333333,0.8666666666666667,Yes,0.8666666666666667
87042,87042,100,16,113,129,0.12403100775193798,0.875968992248062,Yes,0.875968992248062
87043,87043,100,0,0,0,0,0,n/a,0
87044,87044,100,2,18,20,0.1,0.9,Yes,0.9
87045,87045,100,2,9,11,0.18181818181818182,0.8181818181818182,Yes,0.8181818181818182
87046,87046,100,12,50,62,0.1935483870967742,0.8064516129032258,Yes,0.8064516129032258
87047,87047,100,12,119,131,0.0916030534351145,0.9083969465648855,Yes,0.9083969465648855
87048,87048,100,10,137,147,0.06802721088435375,0.9319727891156463,Yes,0.9319727891156463
87049,87049,100,12,105,117,0.10256410256410256,0.8974358974358975,Yes,0.8974358974358975
87050,87050,100,13,116,129,0.10077519379844961,0.8992248062015504,Yes,0.8992248062015504
87051,87051,100,19,190,209,0.09090909090909091,0.9090909090909091,Yes,0.9090909090909091
87052,87052,100,12,206,218,0.05504587155963303,0.944954128440367,Yes,0.944954128440367
87053,87053,100,27,192,219,0.1232876712328767,0.8767123287671232,Yes,0.8767123287671232
87054,87054,100,14,184,198,0.0707070707070707,0.9292929292929293,Yes,0.9292929292929293
87055,87055,100,12,81,93,0.12903225806451613,0.8709677419354839,Yes,0.8709677419354839
87056,87056,100,16,129,145,0.1103448275862069,0.8896551724137931,Yes,0.8896551724137931
87057,87057,100,9,123,132,0.06818181818181818,0.9318181818181818,Yes,0.9318181818181818
87058,87058,100,1,56,57,0.017543859649122806,0.9824561403508771,Yes,0.9824561403508771
87059,87059,100,9,187,196,0.04591836734693878,0.9540816326530612,Yes,0.9540816326530612
87060,87060,100,8,106,114,0.07017543859649122,0.9298245614035088,Yes,0.9298245614035088
87061,87061,100,11,154,165,0.06666666666666667,0.9333333333333333,Yes,0.9333333333333333
87062,87062,100,19,185,204,0.09313725490196079,0.9068627450980392,Yes,0.9068627450980392
87063,87063,100,2,2,4,0.5,0.5,Tie,0.5
87064,87064,100,0,1,1,0.0,1.0,Yes,1.0
87065,87065,100,2,45,47,0.0425531914893617,0.9574468085106383,Yes,0.9574468085106383
87066,87066,100,4,48,52,0.07692307692307693,0.9230769230769231,Yes,0.9230769230769231
87067,87067,100,7,33,40,0.175,0.825,Yes,0.825
87068,87068,100,10,82,92,0.10869565217391304,0.8913043478260869,Yes,0.8913043478260869
87069,87069,100,8,71,79,0.10126582278481013,0.8987341772151899,Yes,0.8987341772151899
87070,87070,100,1,81,82,0.012195121951219513,0.9878048780487805,Yes,0.9878048780487805
87071,87071,100,1,51,52,0.019230769230769232,0.9807692307692307,Yes,0.9807692307692307
87072,87072,100,6,51,57,0.10526315789473684,0.8947368421052632,Yes,0.8947368421052632
87073,87073,100,3,24,27,0.1111111111111111,0.8888888888888888,Yes,0.8888888888888888
87074,87074,100,16,80,96,0.16666666666666666,0.8333333333333334,Yes,0.8333333333333334
87075,87075,100,10,108,118,0.0847457627118644,0.9152542372881356,Yes,0.9152542372881356
87076,87076,100,20,86,106,0.18867924528301888,0.8113207547169812,Yes,0.8113207547169812
87077,87077,100,7,108,115,0.06086956521739131,0.9391304347826087,Yes,0.9391304347826087
87078,87078,100,19,157,176,0.10795454545454546,0.8920454545454546,Yes,0.8920454545454546
87079,87079,100,0,21,21,0.0,1.0,Yes,1.0
87080,87080,100,10,93,103,0.0970873786407767,0.9029126213592233,Yes,0.9029126213592233
87081,87081,100,5,90,95,0.05263157894736842,0.9473684210526315,Yes,0.9473684210526315
87082,87082,100,8,78,86,0.09302325581395349,0.9069767441860465,Yes,0.9069767441860465
87083,87083,100,0,0,0,0,0,n/a,0
87084,87084,100,2,128,130,0.015384615384615385,0.9846153846153847,Yes,0.9846153846153847
87085,87085,100,13,99,112,0.11607142857142858,0.8839285714285714,Yes,0.8839285714285714
87086,87086,100,3,36,39,0.07692307692307693,0.9230769230769231,Yes,0.9230769230769231
87087,87087,100,15,182,197,0.07614213197969544,0.9238578680203046,Yes,0.9238578680203046
87088,87088,100,5,94,99,0.050505050505050504,0.9494949494949495,Yes,0.9494949494949495
87089,87089,100,4,102,106,0.03773584905660377,0.9622641509433962,Yes,0.9622641509433962
87090,87090,100,0,0,0,0,0,n/a,0
87091,87091,100,0,0,0,0,0,n/a,0
87092,87092,100,0,0,0,0,0,n/a,0
87093,87093,100,0,0,0,0,0,n/a,0
87094,87094,100,0,0,0,0,0,n/a,0
87095,87095,100,0,0,0,0,0,n/a,0
41001,41001,100,63,94,157,0.4012738853503185,0.5987261146496815,Yes,0.5987261146496815
41002,41002,100,68,121,189,0.35978835978835977,0.6402116402116402,Yes,0.6402116402116402
41003,41003,100,12,29,41,0.2926829268292683,0.7073170731707317,Yes,0.7073170731707317
41004,41004,100,37,60,97,0.38144329896907214,0.6185567010309279,Yes,0.6185567010309279
41005,41005,100,63,117,180,0.35,0.65,Yes,0.65
41006,41006,100,40,72,112,0.35714285714285715,0.6428571428571429,Yes,0.6428571428571429
41007,41007,100,35,88,123,0.2845528455284553,0.7154471544715447,Yes,0.7154471544715447
41008,41008,100,33,72,105,0.3142857142857143,0.6857142857142857,Yes,0.6857142857142857
41009,41009,100,47,57,104,0.4519230769230769,0.5480769230769231,Yes,0.5480769230769231
41010,41010,100,20,45,65,0.3076923076923077,0.6923076923076923,Yes,0.6923076923076923
41011,41011,100,12,30,42,0.2857142857142857,0.7142857142857143,Yes,0.7142857142857143
41012,41012,100,30,43,73,0.410958904109589,0.589041095890411,Yes,0.589041095890411
41015,41015,100,19,29,48,0.3958333333333333,0.6041666666666666,Yes,0.6041666666666666
41013,41015,100,0,0,0,0,0,n/a,0
41014,41014,100,5,15,20,0.25,0.75,Yes,0.75
41016,41016,100,53,145,198,0.2676767676767677,0.7323232323232324,Yes,0.7323232323232324
41017,41017,100,67,113,180,0.37222222222222223,0.6277777777777778,Yes,0.6277777777777778
41018,41018,100,57,76,133,0.42857142857142855,0.5714285714285714,Yes,0.5714285714285714
41019,41019,100,8,17,25,0.32,0.68,Yes,0.68
41020,41020,100,26,75,101,0.25742574257425743,0.7425742574257426,Yes,0.7425742574257426
41021,41021,100,36,116,152,0.23684210526315788,0.7631578947368421,Yes,0.7631578947368421
41022,41022,100,17,31,48,0.3541666666666667,0.6458333333333334,Yes,0.6458333333333334
41023,41023,100,2,13,15,0.13333333333333333,0.8666666666666667,Yes,0.8666666666666667
41024,41024,100,5,13,18,0.2777777777777778,0.7222222222222222,Yes,0.7222222222222222
41025,41025,100,2,16,18,0.1111111111111111,0.8888888888888888,Yes,0.8888888888888888
41026,41026,100,3,19,22,0.13636363636363635,0.8636363636363636,Yes,0.8636363636363636
41027,41027,100,20,75,95,0.21052631578947367,0.7894736842105263,Yes,0.7894736842105263
41028,41028,100,32,151,183,0.17486338797814208,0.825136612021858,Yes,0.825136612021858
41029,41029,100,0,3,3,0.0,1.0,Yes,1.0
41030,41030,100,4,55,59,0.06779661016949153,0.9322033898305084,Yes,0.9322033898305084
41031,41031,100,11,90,101,0.10891089108910891,0.8910891089108911,Yes,0.8910891089108911
41032,41032,100,11,70,81,0.13580246913580246,0.8641975308641975,Yes,0.8641975308641975
41033,41033,100,15,97,112,0.13392857142857142,0.8660714285714286,Yes,0.8660714285714286
41034,41034,100,14,165,179,0.0782122905027933,0.9217877094972067,Yes,0.9217877094972067
41035,41035,100,35,86,121,0.2892561983471074,0.7107438016528925,Yes,0.7107438016528925
41036,41036,100,52,93,145,0.3586206896551724,0.6413793103448275,Yes,0.6413793103448275
41037,41037,100,10,95,105,0.09523809523809523,0.9047619047619048,Yes,0.9047619047619048
41038,41038,100,8,223,231,0.03463203463203463,0.9653679653679653,Yes,0.9653679653679653
41039,41039,100,16,139,155,0.1032258064516129,0.896774193548387,Yes,0.896774193548387
41040,41040,100,14,68,82,0.17073170731707318,0.8292682926829268,Yes,0.8292682926829268
41041,41041,100,13,141,154,0.08441558441558442,0.9155844155844156,Yes,0.9155844155844156
41042,41042,100,25,37,62,0.4032258064516129,0.5967741935483871,Yes,0.5967741935483871
41043,41043,100,9,51,60,0.15,0.85,Yes,0.85
41044,41044,100,18,38,56,0.32142857142857145,0.6785714285714286,Yes,0.6785714285714286
41045,41045,100,9,131,140,0.06428571428571428,0.9357142857142857,Yes,0.9357142857142857
41046,41046,100,64,110,174,0.367816091954023,0.632183908045977,Yes,0.632183908045977
41047,41047,100,11,182,193,0.05699481865284974,0.9430051813471503,Yes,0.9430051813471503
41048,41048,100,7,82,89,0.07865168539325842,0.9213483146067416,Yes,0.9213483146067416
41049,41049,100,6,158,164,0.036585365853658534,0.9634146341463414,Yes,0.9634146341463414
41050,41050,100,66,131,197,0.3350253807106599,0.6649746192893401,Yes,0.6649746192893401
41051,41051,100,8,39,47,0.1702127659574468,0.8297872340425532,Yes,0.8297872340425532
41052,41052,100,18,44,62,0.2903225806451613,0.7096774193548387,Yes,0.7096774193548387
41053,41053,100,24,141,165,0.14545454545454545,0.8545454545454545,Yes,0.8545454545454545
41054,41054,100,9,115,124,0.07258064516129033,0.9274193548387096,Yes,0.9274193548387096
41055,41055,100,21,166,187,0.11229946524064172,0.8877005347593583,Yes,0.8877005347593583
41056,41056,100,50,65,115,0.43478260869565216,0.5652173913043478,Yes,0.5652173913043478
41057,41057,100,27,48,75,0.36,0.64,Yes,0.64
41058,41058,100,68,105,173,0.3930635838150289,0.6069364161849711,Yes,0.6069364161849711
41059,41059,100,50,91,141,0.3546099290780142,0.6453900709219859,Yes,0.6453900709219859
41060,41060,100,27,77,104,0.25961538461538464,0.7403846153846154,Yes,0.7403846153846154
41061,41061,100,17,47,64,0.265625,0.734375,Yes,0.734375
41062,41062,100,28,78,106,0.2641509433962264,0.7358490566037735,Yes,0.7358490566037735
41063,41063,100,29,76,105,0.2761904761904762,0.7238095238095238,Yes,0.7238095238095238
41064,41064,100,70,143,213,0.3286384976525822,0.6713615023474179,Yes,0.6713615023474179
41065,41065,100,8,10,18,0.4444444444444444,0.5555555555555556,Yes,0.5555555555555556
41066,41066,100,6,43,49,0.12244897959183673,0.8775510204081632,Yes,0.8775510204081632
41067,41067,100,9,42,51,0.17647058823529413,0.8235294117647058,Yes,0.8235294117647058
41068,41068,100,5,48,53,0.09433962264150944,0.9056603773584906,Yes,0.9056603773584906
41069,41069,100,8,49,57,0.14035087719298245,0.8596491228070176,Yes,0.8596491228070176
41070,41070,100,55,102,157,0.3503184713375796,0.6496815286624203,Yes,0.6496815286624203
41071,41071,100,49,87,136,0.3602941176470588,0.6397058823529411,Yes,0.6397058823529411
41072,41072,100,45,88,133,0.3383458646616541,0.6616541353383458,Yes,0.6616541353383458
41073,41073,100,30,94,124,0.24193548387096775,0.7580645161290323,Yes,0.7580645161290323
41074,41074,100,35,81,116,0.3017241379310345,0.6982758620689655,Yes,0.6982758620689655
41075,41075,100,20,59,79,0.25316455696202533,0.7468354430379747,Yes,0.7468354430379747
41076,41076,100,18,50,68,0.2647058823529412,0.7352941176470589,Yes,0.7352941176470589
41077,41077,100,16,47,63,0.25396825396825395,0.746031746031746,Yes,0.746031746031746
41078,41078,100,17,38,55,0.3090909090909091,0.6909090909090909,Yes,0.6909090909090909
41079,41079,100,28,54,82,0.34146341463414637,0.6585365853658537,Yes,0.6585365853658537
41080,41080,100,5,5,10,0.5,0.5,Tie,0.5
41081,41081,100,29,83,112,0.25892857142857145,0.7410714285714286,Yes,0.7410714285714286
41082,41082,100,50,82,132,0.3787878787878788,0.6212121212121212,Yes,0.6212121212121212
41083,41083,100,38,72,110,0.34545454545454546,0.6545454545454545,Yes,0.6545454545454545
41084,41084,100,65,121,186,0.34946236559139787,0.6505376344086021,Yes,0.6505376344086021
41085,41085,100,24,80,104,0.23076923076923078,0.7692307692307693,Yes,0.7692307692307693
41086,41086,100,5,9,14,0.35714285714285715,0.6428571428571429,Yes,0.6428571428571429
41087,41087,100,31,91,122,0.2540983606557377,0.7459016393442623,Yes,0.7459016393442623
41088,41088,100,17,67,84,0.20238095238095238,0.7976190476190477,Yes,0.7976190476190477
41089,41089,100,22,52,74,0.2972972972972973,0.7027027027027027,Yes,0.7027027027027027
41090,41090,100,7,9,16,0.4375,0.5625,Yes,0.5625
41091,41091,100,16,41,57,0.2807017543859649,0.7192982456140351,Yes,0.7192982456140351
41092,41092,100,0,0,0,0,0,n/a,0
41093,41090,100,0,0,0,0,0,n/a,0
42001,42001,100,2,9,11,0.18181818181818182,0.8181818181818182,Yes,0.8181818181818182
42002,42002,100,12,145,157,0.07643312101910828,0.9235668789808917,Yes,0.9235668789808917
42003,42003,100,21,197,218,0.0963302752293578,0.9036697247706422,Yes,0.9036697247706422
42004,42004,100,11,97,108,0.10185185185185185,0.8981481481481481,Yes,0.8981481481481481
42005,42005,100,30,210,240,0.125,0.875,Yes,0.875
42006,42006,100,22,110,132,0.16666666666666666,0.8333333333333334,Yes,0.8333333333333334
42007,42007,100,11,180,191,0.05759162303664921,0.9424083769633508,Yes,0.9424083769633508
42008,42008,100,16,141,157,0.10191082802547771,0.8980891719745223,Yes,0.8980891719745223
42009,42009,100,9,80,89,0.10112359550561797,0.898876404494382,Yes,0.898876404494382
42010,42010,100,8,155,163,0.049079754601226995,0.950920245398773,Yes,0.950920245398773
42011,42011,100,7,85,92,0.07608695652173914,0.9239130434782609,Yes,0.9239130434782609
42012,42012,100,6,86,92,0.06521739130434782,0.9347826086956522,Yes,0.9347826086956522
42013,42013,100,10,41,51,0.19607843137254902,0.803921568627451,Yes,0.803921568627451
42014,42014,100,3,29,32,0.09375,0.90625,Yes,0.90625
42015,42015,100,5,139,144,0.034722222222222224,0.9652777777777778,Yes,0.9652777777777778
42016,42016,100,7,67,74,0.0945945945945946,0.9054054054054054,Yes,0.9054054054054054
42017,42017,100,12,104,116,0.10344827586206896,0.896551724137931,Yes,0.896551724137931
42018,42018,100,16,136,152,0.10526315789473684,0.8947368421052632,Yes,0.8947368421052632
42019,42019,100,11,66,77,0.14285714285714285,0.8571428571428571,Yes,0.8571428571428571
42020,42020,100,19,117,136,0.13970588235294118,0.8602941176470589,Yes,0.8602941176470589
42021,42021,100,20,150,170,0.11764705882352941,0.8823529411764706,Yes,0.8823529411764706
42022,42022,100,5,95,100,0.05,0.95,Yes,0.95
42023,42023,100,31,184,215,0.14418604651162792,0.8558139534883721,Yes,0.8558139534883721
42024,42024,100,29,147,176,0.16477272727272727,0.8352272727272727,Yes,0.8352272727272727
42025,42025,100,29,197,226,0.12831858407079647,0.8716814159292036,Yes,0.8716814159292036
42026,42026,100,13,115,128,0.1015625,0.8984375,Yes,0.8984375
42027,42027,100,10,137,147,0.06802721088435375,0.9319727891156463,Yes,0.9319727891156463
42028,42028,100,11,133,144,0.0763888888888889,0.9236111111111112,Yes,0.9236111111111112
42029,42029,100,11,63,74,0.14864864864864866,0.8513513513513513,Yes,0.8513513513513513
42030,42030,100,18,144,162,0.1111111111111111,0.8888888888888888,Yes,0.8888888888888888
42031,42031,100,8,70,78,0.10256410256410256,0.8974358974358975,Yes,0.8974358974358975
42032,42032,100,5,24,29,0.1724137931034483,0.8275862068965517,Yes,0.8275862068965517
42033,42033,100,4,5,9,0.4444444444444444,0.5555555555555556,Yes,0.5555555555555556
42034,42034,100,38,132,170,0.2235294117647059,0.7764705882352941,Yes,0.7764705882352941
42035,42035,100,12,120,132,0.09090909090909091,0.9090909090909091,Yes,0.9090909090909091
42036,42036,100,77,159,236,0.326271186440678,0.673728813559322,Yes,0.673728813559322
42037,42037,100,29,71,100,0.29,0.71,Yes,0.71
42038,42038,100,68,119,187,0.36363636363636365,0.6363636363636364,Yes,0.6363636363636364
42039,42039,100,10,110,120,0.08333333333333333,0.9166666666666666,Yes,0.9166666666666666
42040,42040,100,12,152,164,0.07317073170731707,0.926829268292683,Yes,0.926829268292683
42041,42041,100,5,216,221,0.02262443438914027,0.9773755656108597,Yes,0.9773755656108597
42042,42042,100,10,146,156,0.0641025641025641,0.9358974358974359,Yes,0.9358974358974359
42043,42043,100,21,172,193,0.10880829015544041,0.8911917098445595,Yes,0.8911917098445595
42044,42044,100,14,112,126,0.1111111111111111,0.8888888888888888,Yes,0.8888888888888888
42045,42045,100,5,81,86,0.05813953488372093,0.9418604651162791,Yes,0.9418604651162791
42046,42046,100,8,92,100,0.08,0.92,Yes,0.92
42047,42047,100,7,104,111,0.06306306306306306,0.9369369369369369,Yes,0.9369369369369369
42048,42048,100,14,74,88,0.1590909090909091,0.8409090909090909,Yes,0.8409090909090909
42049,42049,100,25,202,227,0.11013215859030837,0.8898678414096917,Yes,0.8898678414096917
42050,42050,100,6,156,162,0.037037037037037035,0.9629629629629629,Yes,0.9629629629629629
42051,42051,100,18,156,174,0.10344827586206896,0.896551724137931,Yes,0.896551724137931
42052,42052,100,12,140,152,0.07894736842105263,0.9210526315789473,Yes,0.9210526315789473
42053,42053,100,9,57,66,0.13636363636363635,0.8636363636363636,Yes,0.8636363636363636
42054,42054,100,22,191,213,0.10328638497652583,0.8967136150234741,Yes,0.8967136150234741
42055,42055,100,21,208,229,0.09170305676855896,0.9082969432314411,Yes,0.9082969432314411
42056,42056,100,11,139,150,0.07333333333333333,0.9266666666666666,Yes,0.9266666666666666
42057,42057,100,14,153,167,0.08383233532934131,0.9161676646706587,Yes,0.9161676646706587
42058,42058,100,11,133,144,0.0763888888888889,0.9236111111111112,Yes,0.9236111111111112
42059,42059,100,28,45,73,0.3835616438356164,0.6164383561643836,Yes,0.6164383561643836
42060,42060,100,10,19,29,0.3448275862068966,0.6551724137931034,Yes,0.6551724137931034
42061,42061,100,37,72,109,0.3394495412844037,0.6605504587155964,Yes,0.6605504587155964
42062,42062,100,51,58,109,0.46788990825688076,0.5321100917431193,Yes,0.5321100917431193
42063,42063,100,62,115,177,0.3502824858757062,0.6497175141242938,Yes,0.6497175141242938
42064,42064,100,65,124,189,0.3439153439153439,0.656084656084656,Yes,0.656084656084656
42065,42065,100,53,92,145,0.36551724137931035,0.6344827586206897,Yes,0.6344827586206897
42066,42066,100,31,75,106,0.29245283018867924,0.7075471698113207,Yes,0.7075471698113207
42067,42067,100,32,45,77,0.4155844155844156,0.5844155844155844,Yes,0.5844155844155844
42068,42068,100,3,54,57,0.05263157894736842,0.9473684210526315,Yes,0.9473684210526315
42069,42069,100,12,31,43,0.27906976744186046,0.7209302325581395,Yes,0.7209302325581395
42070,42070,100,7,108,115,0.06086956521739131,0.9391304347826087,Yes,0.9391304347826087
42071,42071,100,6,92,98,0.061224489795918366,0.9387755102040817,Yes,0.9387755102040817
42072,42072,100,22,113,135,0.16296296296296298,0.837037037037037,Yes,0.837037037037037
42073,42073,100,13,170,183,0.07103825136612021,0.9289617486338798,Yes,0.9289617486338798
43001,43001,100,10,129,139,0.07194244604316546,0.9280575539568345,Yes,0.9280575539568345
43002,43002,100,18,174,192,0.09375,0.90625,Yes,0.90625
43003,43003,100,14,103,117,0.11965811965811966,0.8803418803418803,Yes,0.8803418803418803
43004,43004,100,12,100,112,0.10714285714285714,0.8928571428571429,Yes,0.8928571428571429
43005,43005,100,8,104,112,0.07142857142857142,0.9285714285714286,Yes,0.9285714285714286
43006,43006,100,10,122,132,0.07575757575757576,0.9242424242424242,Yes,0.9242424242424242
43007,43007,100,8,103,111,0.07207207207207207,0.9279279279279279,Yes,0.9279279279279279
43008,43008,100,10,122,132,0.07575757575757576,0.9242424242424242,Yes,0.9242424242424242
43009,43009,100,15,144,159,0.09433962264150944,0.9056603773584906,Yes,0.9056603773584906
43010,43010,100,9,54,63,0.14285714285714285,0.8571428571428571,Yes,0.8571428571428571
43011,43011,100,15,70,85,0.17647058823529413,0.8235294117647058,Yes,0.8235294117647058
43012,43012,100,14,148,162,0.08641975308641975,0.9135802469135802,Yes,0.9135802469135802
43013,43013,100,42,98,140,0.3,0.7,Yes,0.7
43014,43014,100,31,187,218,0.14220183486238533,0.8577981651376146,Yes,0.8577981651376146
43015,43015,100,18,155,173,0.10404624277456648,0.8959537572254336,Yes,0.8959537572254336
43016,43016,100,24,101,125,0.192,0.808,Yes,0.808
43017,43017,100,6,58,64,0.09375,0.90625,Yes,0.90625
43018,43018,100,20,124,144,0.1388888888888889,0.8611111111111112,Yes,0.8611111111111112
43019,43019,100,22,149,171,0.1286549707602339,0.8713450292397661,Yes,0.8713450292397661
43020,43020,100,35,235,270,0.12962962962962962,0.8703703703703703,Yes,0.8703703703703703
43021,43021,100,21,154,175,0.12,0.88,Yes,0.88
43022,43022,100,10,163,173,0.057803468208092484,0.9421965317919075,Yes,0.9421965317919075
43023,43023,100,21,163,184,0.11413043478260869,0.8858695652173914,Yes,0.8858695652173914
43024,43024,100,22,96,118,0.1864406779661017,0.8135593220338984,Yes,0.8135593220338984
43025,43025,100,23,272,295,0.07796610169491526,0.9220338983050848,Yes,0.9220338983050848
43026,43026,100,22,136,158,0.13924050632911392,0.8607594936708861,Yes,0.8607594936708861
43027,43027,100,19,175,194,0.0979381443298969,0.9020618556701031,Yes,0.9020618556701031
43028,43028,100,11,96,107,0.102803738317757,0.897196261682243,Yes,0.897196261682243
43029,43029,100,4,81,85,0.047058823529411764,0.9529411764705882,Yes,0.9529411764705882
43030,43030,100,7,111,118,0.059322033898305086,0.940677966101695,Yes,0.940677966101695
43031,43031,100,10,126,136,0.07352941176470588,0.9264705882352942,Yes,0.9264705882352942
43032,43032,100,8,69,77,0.1038961038961039,0.8961038961038961,Yes,0.8961038961038961
43033,43033,100,4,83,87,0.04597701149425287,0.9540229885057471,Yes,0.9540229885057471
43034,43034,100,18,102,120,0.15,0.85,Yes,0.85
43035,43035,100,31,162,193,0.16062176165803108,0.8393782383419689,Yes,0.8393782383419689
43036,43036,100,18,160,178,0.10112359550561797,0.898876404494382,Yes,0.898876404494382
43037,43037,100,25,161,186,0.13440860215053763,0.8655913978494624,Yes,0.8655913978494624
43038,43038,100,22,171,193,0.11398963730569948,0.8860103626943006,Yes,0.8860103626943006
43039,43039,100,18,153,171,0.10526315789473684,0.8947368421052632,Yes,0.8947368421052632
43040,43040,100,36,83,119,0.3025210084033613,0.6974789915966386,Yes,0.6974789915966386
43041,43041,100,31,196,227,0.13656387665198239,0.8634361233480177,Yes,0.8634361233480177
43042,43042,100,15,182,197,0.07614213197969544,0.9238578680203046,Yes,0.9238578680203046
43043,43043,100,7,115,122,0.05737704918032787,0.9426229508196722,Yes,0.9426229508196722
43044,43044,100,23,194,217,0.10599078341013825,0.8940092165898618,Yes,0.8940092165898618
43045,43045,100,23,168,191,0.12041884816753927,0.8795811518324608,Yes,0.8795811518324608
43046,43046,100,10,56,66,0.15151515151515152,0.8484848484848485,Yes,0.8484848484848485
43047,43047,100,17,115,132,0.12878787878787878,0.8712121212121212,Yes,0.8712121212121212
43048,43048,100,19,200,219,0.0867579908675799,0.91324200913242,Yes,0.91324200913242
43049,43049,100,14,240,254,0.05511811023622047,0.9448818897637795,Yes,0.9448818897637795
43050,43050,100,16,137,153,0.10457516339869281,0.8954248366013072,Yes,0.8954248366013072
43051,43051,100,19,127,146,0.13013698630136986,0.8698630136986302,Yes,0.8698630136986302
43052,43052,100,10,109,119,0.08403361344537816,0.9159663865546218,Yes,0.9159663865546218
43053,43053,100,4,112,116,0.034482758620689655,0.9655172413793104,Yes,0.9655172413793104
43054,43054,100,9,163,172,0.05232558139534884,0.9476744186046512,Yes,0.9476744186046512
43055,43055,100,17,114,131,0.1297709923664122,0.8702290076335878,Yes,0.8702290076335878
43056,43056,100,21,87,108,0.19444444444444445,0.8055555555555556,Yes,0.8055555555555556
43057,43057,100,34,75,109,0.3119266055045872,0.6880733944954128,Yes,0.6880733944954128
43058,43058,100,12,62,74,0.16216216216216217,0.8378378378378378,Yes,0.8378378378378378
43059,43059,100,15,43,58,0.25862068965517243,0.7413793103448276,Yes,0.7413793103448276
43060,43060,100,21,104,125,0.168,0.832,Yes,0.832
43061,43061,100,12,198,210,0.05714285714285714,0.9428571428571428,Yes,0.9428571428571428
43062,43062,100,8,63,71,0.11267605633802817,0.8873239436619719,Yes,0.8873239436619719
43063,43063,100,17,38,55,0.3090909090909091,0.6909090909090909,Yes,0.6909090909090909
43064,43064,100,13,85,98,0.1326530612244898,0.8673469387755102,Yes,0.8673469387755102
43065,43065,100,11,90,101,0.10891089108910891,0.8910891089108911,Yes,0.8910891089108911
43066,43066,100,8,186,194,0.041237113402061855,0.9587628865979382,Yes,0.9587628865979382
43067,43067,100,16,136,152,0.10526315789473684,0.8947368421052632,Yes,0.8947368421052632
43068,43068,100,14,152,166,0.08433734939759036,0.9156626506024096,Yes,0.9156626506024096
43069,43069,100,13,155,168,0.07738095238095238,0.9226190476190477,Yes,0.9226190476190477
43070,43070,100,4,57,61,0.06557377049180328,0.9344262295081968,Yes,0.9344262295081968
43071,43071,100,13,108,121,0.10743801652892562,0.8925619834710744,Yes,0.8925619834710744
43072,43072,100,26,193,219,0.1187214611872146,0.8812785388127854,Yes,0.8812785388127854
43073,43073,100,29,228,257,0.11284046692607004,0.8871595330739299,Yes,0.8871595330739299
43074,43074,100,11,138,149,0.0738255033557047,0.9261744966442953,Yes,0.9261744966442953
44001,44001,100,43,90,133,0.3233082706766917,0.6766917293233082,Yes,0.6766917293233082
44002,44002,100,75,143,218,0.3440366972477064,0.6559633027522935,Yes,0.6559633027522935
44003,44003,100,64,120,184,0.34782608695652173,0.6521739130434783,Yes,0.6521739130434783
44004,44004,100,24,42,66,0.36363636363636365,0.6363636363636364,Yes,0.6363636363636364
44005,44005,100,34,74,108,0.3148148148148148,0.6851851851851852,Yes,0.6851851851851852
44006,44006,100,39,95,134,0.291044776119403,0.7089552238805971,Yes,0.7089552238805971
44007,44007,100,50,74,124,0.4032258064516129,0.5967741935483871,Yes,0.5967741935483871
44008,44008,100,56,144,200,0.28,0.72,Yes,0.72
44009,44009,100,26,114,140,0.18571428571428572,0.8142857142857143,Yes,0.8142857142857143
44010,44010,100,24,63,87,0.27586206896551724,0.7241379310344828,Yes,0.7241379310344828
44011,44011,100,9,19,28,0.32142857142857145,0.6785714285714286,Yes,0.6785714285714286
44012,44012,100,6,28,34,0.17647058823529413,0.8235294117647058,Yes,0.8235294117647058
44013,44013,100,8,14,22,0.36363636363636365,0.6363636363636364,Yes,0.6363636363636364
44014,44014,100,21,95,116,0.1810344827586207,0.8189655172413793,Yes,0.8189655172413793
44015,44015,100,55,163,218,0.25229357798165136,0.7477064220183486,Yes,0.7477064220183486
44016,44016,100,36,83,119,0.3025210084033613,0.6974789915966386,Yes,0.6974789915966386
44017,44017,100,73,165,238,0.3067226890756303,0.6932773109243697,Yes,0.6932773109243697
44018,44018,100,53,154,207,0.2560386473429952,0.7439613526570048,Yes,0.7439613526570048
44019,44019,100,64,114,178,0.3595505617977528,0.6404494382022472,Yes,0.6404494382022472
44020,44020,100,30,62,92,0.32608695652173914,0.6739130434782609,Yes,0.6739130434782609
44021,44021,100,5,3,8,0.625,0.375,No,0.625
44022,44022,100,1,5,6,0.16666666666666666,0.8333333333333334,Yes,0.8333333333333334
44023,44023,100,26,46,72,0.3611111111111111,0.6388888888888888,Yes,0.6388888888888888
44024,44024,100,35,64,99,0.35353535353535354,0.6464646464646465,Yes,0.6464646464646465
44025,44025,100,57,132,189,0.30158730158730157,0.6984126984126984,Yes,0.6984126984126984
44026,44026,100,44,104,148,0.2972972972972973,0.7027027027027027,Yes,0.7027027027027027
44027,44027,100,64,108,172,0.37209302325581395,0.627906976744186,Yes,0.627906976744186
44028,44028,100,24,77,101,0.2376237623762376,0.7623762376237624,Yes,0.7623762376237624
44029,44029,100,21,97,118,0.17796610169491525,0.8220338983050848,Yes,0.8220338983050848
44030,44030,100,29,103,132,0.2196969696969697,0.7803030303030303,Yes,0.7803030303030303
44031,44031,100,56,142,198,0.2828282828282828,0.7171717171717171,Yes,0.7171717171717171
44032,44032,100,13,30,43,0.3023255813953488,0.6976744186046512,Yes,0.6976744186046512
44033,44033,100,37,151,188,0.19680851063829788,0.8031914893617021,Yes,0.8031914893617021
44034,44034,100,9,58,67,0.13432835820895522,0.8656716417910447,Yes,0.8656716417910447
44035,44035,100,42,146,188,0.22340425531914893,0.776595744680851,Yes,0.776595744680851
44036,44036,100,48,203,251,0.19123505976095617,0.8087649402390438,Yes,0.8087649402390438
44037,44037,100,13,82,95,0.1368421052631579,0.8631578947368421,Yes,0.8631578947368421
44038,44038,100,52,160,212,0.24528301886792453,0.7547169811320755,Yes,0.7547169811320755
44039,44039,100,13,116,129,0.10077519379844961,0.8992248062015504,Yes,0.8992248062015504
44040,44040,100,0,22,22,0.0,1.0,Yes,1.0
44041,44041,100,25,47,72,0.3472222222222222,0.6527777777777778,Yes,0.6527777777777778
44042,44042,100,36,132,168,0.21428571428571427,0.7857142857142857,Yes,0.7857142857142857
44043,44043,100,47,190,237,0.19831223628691982,0.8016877637130801,Yes,0.8016877637130801
44044,44044,100,27,69,96,0.28125,0.71875,Yes,0.71875
44045,44045,100,21,81,102,0.20588235294117646,0.7941176470588235,Yes,0.7941176470588235
44046,44046,100,12,59,71,0.16901408450704225,0.8309859154929577,Yes,0.8309859154929577
44047,44047,100,8,18,26,0.3076923076923077,0.6923076923076923,Yes,0.6923076923076923
44048,44048,100,28,122,150,0.18666666666666668,0.8133333333333334,Yes,0.8133333333333334
44049,44049,100,61,215,276,0.2210144927536232,0.7789855072463768,Yes,0.7789855072463768
44050,44050,100,34,215,249,0.13654618473895583,0.8634538152610441,Yes,0.8634538152610441
44051,44051,100,48,204,252,0.19047619047619047,0.8095238095238095,Yes,0.8095238095238095
44052,44052,100,71,263,334,0.2125748502994012,0.7874251497005988,Yes,0.7874251497005988
44053,44053,100,69,210,279,0.24731182795698925,0.7526881720430108,Yes,0.7526881720430108
44054,44054,100,69,287,356,0.19382022471910113,0.8061797752808989,Yes,0.8061797752808989
44055,44055,100,97,256,353,0.2747875354107649,0.7252124645892352,Yes,0.7252124645892352
44056,44056,100,53,155,208,0.2548076923076923,0.7451923076923077,Yes,0.7451923076923077
44057,44057,100,87,319,406,0.21428571428571427,0.7857142857142857,Yes,0.7857142857142857
44058,44058,100,87,226,313,0.2779552715654952,0.7220447284345048,Yes,0.7220447284345048
44059,44059,100,75,198,273,0.27472527472527475,0.7252747252747253,Yes,0.7252747252747253
44060,44060,100,37,131,168,0.22023809523809523,0.7797619047619048,Yes,0.7797619047619048
44061,44061,100,30,110,140,0.21428571428571427,0.7857142857142857,Yes,0.7857142857142857
44062,44062,100,35,111,146,0.23972602739726026,0.7602739726027398,Yes,0.7602739726027398
44063,44063,100,28,130,158,0.17721518987341772,0.8227848101265823,Yes,0.8227848101265823
44064,44064,100,16,61,77,0.2077922077922078,0.7922077922077922,Yes,0.7922077922077922
44065,44065,100,43,197,240,0.17916666666666667,0.8208333333333333,Yes,0.8208333333333333
44066,44066,100,27,132,159,0.16981132075471697,0.8301886792452831,Yes,0.8301886792452831
44067,44067,100,43,90,133,0.3233082706766917,0.6766917293233082,Yes,0.6766917293233082
44068,44068,100,27,132,159,0.16981132075471697,0.8301886792452831,Yes,0.8301886792452831
44069,44069,100,66,222,288,0.22916666666666666,0.7708333333333334,Yes,0.7708333333333334
44070,44070,100,56,141,197,0.28426395939086296,0.7157360406091371,Yes,0.7157360406091371
44071,44071,100,87,252,339,0.25663716814159293,0.7433628318584071,Yes,0.7433628318584071
44072,44072,100,58,197,255,0.22745098039215686,0.7725490196078432,Yes,0.7725490196078432
44073,44073,100,84,200,284,0.29577464788732394,0.704225352112676,Yes,0.704225352112676
44074,44074,100,78,228,306,0.2549019607843137,0.7450980392156863,Yes,0.7450980392156863
44075,44075,100,69,238,307,0.2247557003257329,0.7752442996742671,Yes,0.7752442996742671
44076,44076,100,41,204,245,0.1673469387755102,0.8326530612244898,Yes,0.8326530612244898
44077,44077,100,59,174,233,0.2532188841201717,0.7467811158798283,Yes,0.7467811158798283
44078,44078,100,74,284,358,0.20670391061452514,0.7932960893854749,Yes,0.7932960893854749
44079,44079,100,59,254,313,0.18849840255591055,0.8115015974440895,Yes,0.8115015974440895
44080,44080,100,69,193,262,0.2633587786259542,0.7366412213740458,Yes,0.7366412213740458
44081,44081,100,32,39,71,0.4507042253521127,0.5492957746478874,Yes,0.5492957746478874
44082,44082,100,0,0,0,0,0,n/a,0
44083,44083,100,0,0,0,0,0,n/a,0
44084,44084,100,0,0,0,0,0,n/a,0
45001,45001,100,64,91,155,0.4129032258064516,0.5870967741935483,Yes,0.5870967741935483
45002,45002,100,108,119,227,0.47577092511013214,0.5242290748898678,Yes,0.5242290748898678
45003,45003,100,78,93,171,0.45614035087719296,0.543859649122807,Yes,0.543859649122807
45004,45004,100,40,106,146,0.273972602739726,0.726027397260274,Yes,0.726027397260274
45005,45005,100,52,112,164,0.3170731707317073,0.6829268292682927,Yes,0.6829268292682927
45006,45006,100,78,129,207,0.37681159420289856,0.6231884057971014,Yes,0.6231884057971014
45007,45007,100,1,7,8,0.125,0.875,Yes,0.875
45008,45008,100,30,68,98,0.30612244897959184,0.6938775510204082,Yes,0.6938775510204082
45009,45009,100,50,97,147,0.3401360544217687,0.6598639455782312,Yes,0.6598639455782312
45010,45010,100,21,59,80,0.2625,0.7375,Yes,0.7375
45011,45011,100,25,63,88,0.2840909090909091,0.7159090909090909,Yes,0.7159090909090909
45012,45012,100,37,58,95,0.3894736842105263,0.6105263157894737,Yes,0.6105263157894737
45013,45013,100,50,71,121,0.4132231404958678,0.5867768595041323,Yes,0.5867768595041323
45014,45014,100,38,116,154,0.24675324675324675,0.7532467532467533,Yes,0.7532467532467533
45015,45015,100,14,35,49,0.2857142857142857,0.7142857142857143,Yes,0.7142857142857143
45016,45016,100,54,136,190,0.28421052631578947,0.7157894736842105,Yes,0.7157894736842105
45017,45017,100,16,87,103,0.1553398058252427,0.8446601941747572,Yes,0.8446601941747572
45018,45018,100,6,6,12,0.5,0.5,Tie,0.5
45019,45019,100,30,72,102,0.29411764705882354,0.7058823529411765,Yes,0.7058823529411765
45020,45020,100,21,111,132,0.1590909090909091,0.8409090909090909,Yes,0.8409090909090909
45021,45021,100,16,90,106,0.1509433962264151,0.8490566037735849,Yes,0.8490566037735849
45022,45022,100,23,77,100,0.23,0.77,Yes,0.77
45023,45023,100,35,114,149,0.2348993288590604,0.7651006711409396,Yes,0.7651006711409396
45024,45024,100,36,83,119,0.3025210084033613,0.6974789915966386,Yes,0.6974789915966386
45025,45025,100,7,14,21,0.3333333333333333,0.6666666666666666,Yes,0.6666666666666666
45026,45026,100,10,31,41,0.24390243902439024,0.7560975609756098,Yes,0.7560975609756098
45027,45027,100,21,64,85,0.24705882352941178,0.7529411764705882,Yes,0.7529411764705882
45028,45028,100,17,40,57,0.2982456140350877,0.7017543859649122,Yes,0.7017543859649122
45029,45029,100,21,33,54,0.3888888888888889,0.6111111111111112,Yes,0.6111111111111112
45030,45030,100,40,90,130,0.3076923076923077,0.6923076923076923,Yes,0.6923076923076923
45031,45031,100,15,55,70,0.21428571428571427,0.7857142857142857,Yes,0.7857142857142857
45032,45032,100,24,79,103,0.23300970873786409,0.7669902912621359,Yes,0.7669902912621359
45033,45033,100,29,67,96,0.3020833333333333,0.6979166666666666,Yes,0.6979166666666666
45034,45034,100,34,64,98,0.3469387755102041,0.6530612244897959,Yes,0.6530612244897959
45035,45035,100,31,39,70,0.44285714285714284,0.5571428571428572,Yes,0.5571428571428572
45036,45036,100,17,58,75,0.22666666666666666,0.7733333333333333,Yes,0.7733333333333333
45037,45037,100,29,61,90,0.32222222222222224,0.6777777777777778,Yes,0.6777777777777778
45038,45038,100,12,33,45,0.26666666666666666,0.7333333333333333,Yes,0.7333333333333333
45039,45039,100,1,4,5,0.2,0.8,Yes,0.8
45040,45040,100,31,74,105,0.29523809523809524,0.7047619047619048,Yes,0.7047619047619048
45041,45041,100,11,17,28,0.39285714285714285,0.6071428571428571,Yes,0.6071428571428571
45042,45042,100,13,37,50,0.26,0.74,Yes,0.74
45043,45043,100,27,95,122,0.22131147540983606,0.7786885245901639,Yes,0.7786885245901639
45044,45044,100,6,10,16,0.375,0.625,Yes,0.625
45045,45045,100,7,51,58,0.1206896551724138,0.8793103448275862,Yes,0.8793103448275862
45046,45046,100,6,44,50,0.12,0.88,Yes,0.88
45047,45047,100,6,4,10,0.6,0.4,No,0.6
45048,45048,100,37,114,151,0.24503311258278146,0.7549668874172185,Yes,0.7549668874172185
45049,45049,100,6,9,15,0.4,0.6,Yes,0.6
45050,45050,100,28,69,97,0.28865979381443296,0.711340206185567,Yes,0.711340206185567
45051,45051,100,17,36,53,0.32075471698113206,0.6792452830188679,Yes,0.6792452830188679
45052,45052,100,4,15,19,0.21052631578947367,0.7894736842105263,Yes,0.7894736842105263
45053,45053,100,21,47,68,0.3088235294117647,0.6911764705882353,Yes,0.6911764705882353
45054,45054,100,12,28,40,0.3,0.7,Yes,0.7
45055,45055,100,0,4,4,0.0,1.0,Yes,1.0
45056,45056,100,15,35,50,0.3,0.7,Yes,0.7
45057,45057,100,25,66,91,0.27472527472527475,0.7252747252747253,Yes,0.7252747252747253
45058,45058,100,27,34,61,0.4426229508196721,0.5573770491803278,Yes,0.5573770491803278
45059,45059,100,16,29,45,0.35555555555555557,0.6444444444444445,Yes,0.6444444444444445
45060,45060,100,2,16,18,0.1111111111111111,0.8888888888888888,Yes,0.8888888888888888
45061,45061,100,1,10,11,0.09090909090909091,0.9090909090909091,Yes,0.9090909090909091
45062,45062,100,8,24,32,0.25,0.75,Yes,0.75
45063,45063,100,7,22,29,0.2413793103448276,0.7586206896551724,Yes,0.7586206896551724
45064,45064,100,22,49,71,0.30985915492957744,0.6901408450704225,Yes,0.6901408450704225
45065,45065,100,13,25,38,0.34210526315789475,0.6578947368421053,Yes,0.6578947368421053
45066,45066,100,19,42,61,0.3114754098360656,0.6885245901639344,Yes,0.6885245901639344
45067,45067,100,12,9,21,0.5714285714285714,0.42857142857142855,No,0.5714285714285714
45068,45068,100,33,85,118,0.2796610169491525,0.7203389830508474,Yes,0.7203389830508474
45069,45069,100,26,70,96,0.2708333333333333,0.7291666666666666,Yes,0.7291666666666666
45070,45070,100,31,47,78,0.3974358974358974,0.6025641025641025,Yes,0.6025641025641025
45071,45071,100,16,32,48,0.3333333333333333,0.6666666666666666,Yes,0.6666666666666666
45072,45072,100,23,26,49,0.46938775510204084,0.5306122448979592,Yes,0.5306122448979592
45073,45073,100,7,20,27,0.25925925925925924,0.7407407407407407,Yes,0.7407407407407407
45074,45074,100,29,39,68,0.4264705882352941,0.5735294117647058,Yes,0.5735294117647058
45075,45075,100,39,73,112,0.3482142857142857,0.6517857142857143,Yes,0.6517857142857143
45076,45076,100,0,0,0,0,0,n/a,0
45077,45077,100,0,0,0,0,0,n/a,0
46001,46001,100,25,61,86,0.29069767441860467,0.7093023255813954,Yes,0.7093023255813954
46002,46002,100,25,65,90,0.2777777777777778,0.7222222222222222,Yes,0.7222222222222222
46003,46003,100,12,31,43,0.27906976744186046,0.7209302325581395,Yes,0.7209302325581395
46004,46004,100,8,110,118,0.06779661016949153,0.9322033898305084,Yes,0.9322033898305084
46005,46005,100,4,54,58,0.06896551724137931,0.9310344827586207,Yes,0.9310344827586207
46006,46006,100,3,24,27,0.1111111111111111,0.8888888888888888,Yes,0.8888888888888888
46007,46007,100,10,51,61,0.16393442622950818,0.8360655737704918,Yes,0.8360655737704918
46008,46008,100,12,39,51,0.23529411764705882,0.7647058823529411,Yes,0.7647058823529411
46009,46009,100,7,78,85,0.08235294117647059,0.9176470588235294,Yes,0.9176470588235294
46010,46010,100,10,111,121,0.08264462809917356,0.9173553719008265,Yes,0.9173553719008265
46011,46011,100,6,36,42,0.14285714285714285,0.8571428571428571,Yes,0.8571428571428571
46012,46012,100,12,89,101,0.1188118811881188,0.8811881188118812,Yes,0.8811881188118812
46013,46013,100,2,63,65,0.03076923076923077,0.9692307692307692,Yes,0.9692307692307692
46014,46014,100,5,49,54,0.09259259259259259,0.9074074074074074,Yes,0.9074074074074074
46015,46015,100,0,43,43,0.0,1.0,Yes,1.0
46016,46016,100,8,56,64,0.125,0.875,Yes,0.875
46017,46017,100,31,30,61,0.5081967213114754,0.4918032786885246,No,0.5081967213114754
46018,46018,100,19,32,51,0.37254901960784315,0.6274509803921569,Yes,0.6274509803921569
46019,46019,100,30,63,93,0.3225806451612903,0.6774193548387096,Yes,0.6774193548387096
46020,46020,100,20,48,68,0.29411764705882354,0.7058823529411765,Yes,0.7058823529411765
46021,46021,100,24,73,97,0.24742268041237114,0.7525773195876289,Yes,0.7525773195876289
46022,46022,100,19,44,63,0.30158730158730157,0.6984126984126984,Yes,0.6984126984126984
46023,46023,100,18,39,57,0.3157894736842105,0.6842105263157895,Yes,0.6842105263157895
46024,46024,100,29,72,101,0.2871287128712871,0.7128712871287128,Yes,0.7128712871287128
46025,46025,100,34,60,94,0.3617021276595745,0.6382978723404256,Yes,0.6382978723404256
46026,46026,100,36,111,147,0.24489795918367346,0.7551020408163265,Yes,0.7551020408163265
46027,46027,100,27,63,90,0.3,0.7,Yes,0.7
46028,46028,100,26,68,94,0.2765957446808511,0.723404255319149,Yes,0.723404255319149
46029,46029,100,23,90,113,0.20353982300884957,0.7964601769911505,Yes,0.7964601769911505
46030,46030,100,37,48,85,0.43529411764705883,0.5647058823529412,Yes,0.5647058823529412
46031,46031,100,42,128,170,0.24705882352941178,0.7529411764705882,Yes,0.7529411764705882
46032,46032,100,3,51,54,0.05555555555555555,0.9444444444444444,Yes,0.9444444444444444
46033,46033,100,11,59,70,0.15714285714285714,0.8428571428571429,Yes,0.8428571428571429
46034,46034,100,25,70,95,0.2631578947368421,0.7368421052631579,Yes,0.7368421052631579
46035,46035,100,21,38,59,0.3559322033898305,0.6440677966101694,Yes,0.6440677966101694
46036,46036,100,51,144,195,0.26153846153846155,0.7384615384615385,Yes,0.7384615384615385
46037,46037,100,0,0,0,0,0,n/a,0
46038,46038,100,38,76,114,0.3333333333333333,0.6666666666666666,Yes,0.6666666666666666
46039,46039,100,17,47,64,0.265625,0.734375,Yes,0.734375
46040,46040,100,5,25,30,0.16666666666666666,0.8333333333333334,Yes,0.8333333333333334
46041,46041,100,104,184,288,0.3611111111111111,0.6388888888888888,Yes,0.6388888888888888
46042,46042,100,19,35,54,0.35185185185185186,0.6481481481481481,Yes,0.6481481481481481
46043,46043,100,39,67,106,0.36792452830188677,0.6320754716981132,Yes,0.6320754716981132
46044,46044,100,18,43,61,0.29508196721311475,0.7049180327868853,Yes,0.7049180327868853
46045,46045,100,6,30,36,0.16666666666666666,0.8333333333333334,Yes,0.8333333333333334
46046,46046,100,9,17,26,0.34615384615384615,0.6538461538461539,Yes,0.6538461538461539
46047,46047,100,50,110,160,0.3125,0.6875,Yes,0.6875
46048,46048,100,51,127,178,0.28651685393258425,0.7134831460674157,Yes,0.7134831460674157
46049,46049,100,84,184,268,0.31343283582089554,0.6865671641791045,Yes,0.6865671641791045
46050,46050,100,88,149,237,0.37130801687763715,0.6286919831223629,Yes,0.6286919831223629
46051,46051,100,86,115,201,0.42786069651741293,0.572139303482587,Yes,0.572139303482587
46052,46052,100,71,148,219,0.3242009132420091,0.6757990867579908,Yes,0.6757990867579908
46053,46053,100,77,142,219,0.3515981735159817,0.6484018264840182,Yes,0.6484018264840182
46054,46054,100,41,94,135,0.3037037037037037,0.6962962962962963,Yes,0.6962962962962963
46055,46055,100,43,134,177,0.24293785310734464,0.7570621468926554,Yes,0.7570621468926554
46056,46056,100,69,125,194,0.3556701030927835,0.6443298969072165,Yes,0.6443298969072165
46057,46057,100,84,160,244,0.3442622950819672,0.6557377049180327,Yes,0.6557377049180327
46058,46058,100,48,141,189,0.25396825396825395,0.746031746031746,Yes,0.746031746031746
46059,46059,100,66,132,198,0.3333333333333333,0.6666666666666666,Yes,0.6666666666666666
46060,46060,100,96,186,282,0.3404255319148936,0.6595744680851063,Yes,0.6595744680851063
46061,46061,100,68,150,218,0.3119266055045872,0.6880733944954128,Yes,0.6880733944954128
46062,46062,100,96,197,293,0.32764505119453924,0.6723549488054608,Yes,0.6723549488054608
46063,46063,100,49,113,162,0.30246913580246915,0.6975308641975309,Yes,0.6975308641975309
46064,46064,100,81,149,230,0.3521739130434783,0.6478260869565218,Yes,0.6478260869565218
46065,46065,100,82,158,240,0.3416666666666667,0.6583333333333333,Yes,0.6583333333333333
46066,46066,100,22,80,102,0.21568627450980393,0.7843137254901961,Yes,0.7843137254901961
46067,46067,100,106,157,263,0.40304182509505704,0.596958174904943,Yes,0.596958174904943
46068,46068,100,88,154,242,0.36363636363636365,0.6363636363636364,Yes,0.6363636363636364
46069,46069,100,87,112,199,0.4371859296482412,0.5628140703517588,Yes,0.5628140703517588
46070,46070,100,57,81,138,0.41304347826086957,0.5869565217391305,Yes,0.5869565217391305
46071,46071,100,55,148,203,0.270935960591133,0.729064039408867,Yes,0.729064039408867
46072,46072,100,62,143,205,0.3024390243902439,0.697560975609756,Yes,0.697560975609756
46073,46073,100,32,47,79,0.4050632911392405,0.5949367088607594,Yes,0.5949367088607594
46074,46074,100,3,10,13,0.23076923076923078,0.7692307692307693,Yes,0.7692307692307693
46075,46075,100,0,0,0,0,0,n/a,0
46076,46075,100,0,0,0,0,0,n/a,0
46077,46077,100,0,0,0,0,0,n/a,0
47001,47001,100,41,96,137,0.29927007299270075,0.7007299270072993,Yes,0.7007299270072993
47002,47002,100,27,67,94,0.2872340425531915,0.7127659574468085,Yes,0.7127659574468085
47003,47003,100,32,62,94,0.3404255319148936,0.6595744680851063,Yes,0.6595744680851063
47004,47004,100,1,2,3,0.3333333333333333,0.6666666666666666,Yes,0.6666666666666666
47005,47005,100,29,72,101,0.2871287128712871,0.7128712871287128,Yes,0.7128712871287128
47006,47006,100,22,40,62,0.3548387096774194,0.6451612903225806,Yes,0.6451612903225806
47007,47007,100,27,68,95,0.28421052631578947,0.7157894736842105,Yes,0.7157894736842105
47008,47008,100,32,68,100,0.32,0.68,Yes,0.68
47009,47009,100,32,50,82,0.3902439024390244,0.6097560975609756,Yes,0.6097560975609756
47010,47010,100,4,10,14,0.2857142857142857,0.7142857142857143,Yes,0.7142857142857143
47011,47011,100,19,38,57,0.3333333333333333,0.6666666666666666,Yes,0.6666666666666666
47012,47012,100,17,29,46,0.3695652173913043,0.6304347826086957,Yes,0.6304347826086957
47013,47013,100,29,88,117,0.24786324786324787,0.7521367521367521,Yes,0.7521367521367521
47014,47014,100,31,90,121,0.256198347107438,0.743801652892562,Yes,0.743801652892562
47015,47015,100,22,52,74,0.2972972972972973,0.7027027027027027,Yes,0.7027027027027027
47016,47016,100,17,46,63,0.2698412698412698,0.7301587301587301,Yes,0.7301587301587301
47017,47017,100,13,55,68,0.19117647058823528,0.8088235294117647,Yes,0.8088235294117647
47018,47018,100,39,60,99,0.3939393939393939,0.6060606060606061,Yes,0.6060606060606061
47019,47019,100,4,11,15,0.26666666666666666,0.7333333333333333,Yes,0.7333333333333333
47020,47020,100,24,36,60,0.4,0.6,Yes,0.6
47021,47021,100,19,55,74,0.25675675675675674,0.7432432432432432,Yes,0.7432432432432432
47022,47022,100,17,35,52,0.3269230769230769,0.6730769230769231,Yes,0.6730769230769231
47023,47023,100,17,53,70,0.24285714285714285,0.7571428571428571,Yes,0.7571428571428571
47024,47024,100,20,32,52,0.38461538461538464,0.6153846153846154,Yes,0.6153846153846154
47025,47025,100,24,47,71,0.3380281690140845,0.6619718309859155,Yes,0.6619718309859155
47026,47026,100,26,70,96,0.2708333333333333,0.7291666666666666,Yes,0.7291666666666666
47027,47027,100,38,52,90,0.4222222222222222,0.5777777777777777,Yes,0.5777777777777777
47028,47028,100,16,33,49,0.32653061224489793,0.673469387755102,Yes,0.673469387755102
47029,47029,100,30,58,88,0.3409090909090909,0.6590909090909091,Yes,0.6590909090909091
47030,47030,100,10,47,57,0.17543859649122806,0.8245614035087719,Yes,0.8245614035087719
47031,47031,100,24,53,77,0.3116883116883117,0.6883116883116883,Yes,0.6883116883116883
47032,47032,100,10,25,35,0.2857142857142857,0.7142857142857143,Yes,0.7142857142857143
47033,47033,100,11,43,54,0.2037037037037037,0.7962962962962963,Yes,0.7962962962962963
47034,47034,100,12,28,40,0.3,0.7,Yes,0.7
47035,47035,100,0,1,1,0.0,1.0,Yes,1.0
47036,47036,100,26,52,78,0.3333333333333333,0.6666666666666666,Yes,0.6666666666666666
47037,47037,100,8,13,21,0.38095238095238093,0.6190476190476191,Yes,0.6190476190476191
47038,47038,100,7,17,24,0.2916666666666667,0.7083333333333334,Yes,0.7083333333333334
47039,47039,100,12,27,39,0.3076923076923077,0.6923076923076923,Yes,0.6923076923076923
47040,47040,100,14,28,42,0.3333333333333333,0.6666666666666666,Yes,0.6666666666666666
47041,47041,100,16,65,81,0.19753086419753085,0.8024691358024691,Yes,0.8024691358024691
47042,47042,100,7,14,21,0.3333333333333333,0.6666666666666666,Yes,0.6666666666666666
47043,47043,100,18,41,59,0.3050847457627119,0.6949152542372882,Yes,0.6949152542372882
47044,47044,100,25,55,80,0.3125,0.6875,Yes,0.6875
47045,47045,100,16,33,49,0.32653061224489793,0.673469387755102,Yes,0.673469387755102
47046,47046,100,19,48,67,0.2835820895522388,0.7164179104477612,Yes,0.7164179104477612
47047,47047,100,36,67,103,0.34951456310679613,0.6504854368932039,Yes,0.6504854368932039
47048,47048,100,21,32,53,0.39622641509433965,0.6037735849056604,Yes,0.6037735849056604
47049,47049,100,52,95,147,0.35374149659863946,0.6462585034013606,Yes,0.6462585034013606
47050,47050,100,23,69,92,0.25,0.75,Yes,0.75
47051,47051,100,15,40,55,0.2727272727272727,0.7272727272727273,Yes,0.7272727272727273
47052,47052,100,11,17,28,0.39285714285714285,0.6071428571428571,Yes,0.6071428571428571
47053,47053,100,1,43,44,0.022727272727272728,0.9772727272727273,Yes,0.9772727272727273
47054,47054,100,2,44,46,0.043478260869565216,0.9565217391304348,Yes,0.9565217391304348
47055,47055,100,24,59,83,0.2891566265060241,0.7108433734939759,Yes,0.7108433734939759
47056,47056,100,9,59,68,0.1323529411764706,0.8676470588235294,Yes,0.8676470588235294
47057,47057,100,38,140,178,0.21348314606741572,0.7865168539325843,Yes,0.7865168539325843
47058,47058,100,22,64,86,0.2558139534883721,0.7441860465116279,Yes,0.7441860465116279
47059,47059,100,25,85,110,0.22727272727272727,0.7727272727272727,Yes,0.7727272727272727
47060,47060,100,3,15,18,0.16666666666666666,0.8333333333333334,Yes,0.8333333333333334
47061,47061,100,17,40,57,0.2982456140350877,0.7017543859649122,Yes,0.7017543859649122
47062,47062,100,22,50,72,0.3055555555555556,0.6944444444444444,Yes,0.6944444444444444
47063,47063,100,31,58,89,0.34831460674157305,0.651685393258427,Yes,0.651685393258427
47064,47064,100,26,48,74,0.35135135135135137,0.6486486486486487,Yes,0.6486486486486487
47065,47065,100,23,33,56,0.4107142857142857,0.5892857142857143,Yes,0.5892857142857143
47066,47066,100,14,32,46,0.30434782608695654,0.6956521739130435,Yes,0.6956521739130435
47067,47067,100,9,21,30,0.3,0.7,Yes,0.7
47068,47068,100,14,15,29,0.4827586206896552,0.5172413793103449,Yes,0.5172413793103449
47069,47069,100,0,0,0,0,0,n/a,0
47070,47070,100,0,0,0,0,0,n/a,0
48001,48001,100,3,12,15,0.2,0.8,Yes,0.8
48002,48002,100,13,20,33,0.3939393939393939,0.6060606060606061,Yes,0.6060606060606061
48003,48003,100,38,67,105,0.3619047619047619,0.638095238095238,Yes,0.638095238095238
48004,48004,100,25,62,87,0.28735632183908044,0.7126436781609196,Yes,0.7126436781609196
48005,48005,100,36,68,104,0.34615384615384615,0.6538461538461539,Yes,0.6538461538461539
48006,48006,100,53,76,129,0.4108527131782946,0.5891472868217055,Yes,0.5891472868217055
48007,48007,100,44,96,140,0.3142857142857143,0.6857142857142857,Yes,0.6857142857142857
48008,48008,100,12,28,40,0.3,0.7,Yes,0.7
48009,48009,100,46,76,122,0.3770491803278688,0.6229508196721312,Yes,0.6229508196721312
48010,48010,100,40,85,125,0.32,0.68,Yes,0.68
48011,48011,100,43,43,86,0.5,0.5,Tie,0.5
48012,48012,100,56,78,134,0.417910447761194,0.582089552238806,Yes,0.582089552238806
48013,48013,100,43,71,114,0.37719298245614036,0.6228070175438597,Yes,0.6228070175438597
48014,48014,100,72,105,177,0.4067796610169492,0.5932203389830508,Yes,0.5932203389830508
48015,48015,100,35,65,100,0.35,0.65,Yes,0.65
48016,48016,100,48,51,99,0.48484848484848486,0.5151515151515151,Yes,0.5151515151515151
48017,48017,100,72,131,203,0.35467980295566504,0.645320197044335,Yes,0.645320197044335
48018,48018,100,52,93,145,0.3586206896551724,0.6413793103448275,Yes,0.6413793103448275
48019,48019,100,49,103,152,0.3223684210526316,0.6776315789473685,Yes,0.6776315789473685
48020,48020,100,50,93,143,0.34965034965034963,0.6503496503496503,Yes,0.6503496503496503
48021,48021,100,49,71,120,0.4083333333333333,0.5916666666666667,Yes,0.5916666666666667
48022,48022,100,45,81,126,0.35714285714285715,0.6428571428571429,Yes,0.6428571428571429
48023,48023,100,49,69,118,0.4152542372881356,0.5847457627118644,Yes,0.5847457627118644
48024,48024,100,26,56,82,0.3170731707317073,0.6829268292682927,Yes,0.6829268292682927
48025,48025,100,47,84,131,0.35877862595419846,0.6412213740458015,Yes,0.6412213740458015
48026,48026,100,60,91,151,0.3973509933774834,0.6026490066225165,Yes,0.6026490066225165
48027,48027,100,63,94,157,0.4012738853503185,0.5987261146496815,Yes,0.5987261146496815
48028,48028,100,89,80,169,0.5266272189349113,0.47337278106508873,No,0.5266272189349113
48029,48029,100,96,108,204,0.47058823529411764,0.5294117647058824,Yes,0.5294117647058824
48030,48030,100,60,91,151,0.3973509933774834,0.6026490066225165,Yes,0.6026490066225165
48031,48031,100,35,50,85,0.4117647058823529,0.5882352941176471,Yes,0.5882352941176471
48032,48032,100,67,82,149,0.44966442953020136,0.5503355704697986,Yes,0.5503355704697986
48033,48033,100,40,56,96,0.4166666666666667,0.5833333333333334,Yes,0.5833333333333334
48034,48034,100,12,24,36,0.3333333333333333,0.6666666666666666,Yes,0.6666666666666666
48035,48035,100,1,14,15,0.06666666666666667,0.9333333333333333,Yes,0.9333333333333333
48036,48036,100,21,38,59,0.3559322033898305,0.6440677966101694,Yes,0.6440677966101694
48037,48037,100,15,29,44,0.3409090909090909,0.6590909090909091,Yes,0.6590909090909091
48038,48038,100,11,19,30,0.36666666666666664,0.6333333333333333,Yes,0.6333333333333333
48039,48039,100,18,46,64,0.28125,0.71875,Yes,0.71875
48040,48040,100,54,82,136,0.39705882352941174,0.6029411764705882,Yes,0.6029411764705882
48041,48041,100,18,38,56,0.32142857142857145,0.6785714285714286,Yes,0.6785714285714286
48042,48042,100,61,90,151,0.40397350993377484,0.5960264900662252,Yes,0.5960264900662252
48043,48043,100,26,55,81,0.32098765432098764,0.6790123456790124,Yes,0.6790123456790124
48044,48044,100,8,43,51,0.1568627450980392,0.8431372549019608,Yes,0.8431372549019608
48045,48045,100,22,33,55,0.4,0.6,Yes,0.6
48046,48046,100,60,85,145,0.41379310344827586,0.5862068965517241,Yes,0.5862068965517241
48047,48047,100,58,102,160,0.3625,0.6375,Yes,0.6375
48048,48048,100,61,118,179,0.3407821229050279,0.659217877094972,Yes,0.659217877094972
48049,48049,100,12,23,35,0.34285714285714286,0.6571428571428571,Yes,0.6571428571428571
48050,48050,100,36,75,111,0.32432432432432434,0.6756756756756757,Yes,0.6756756756756757
48051,48051,100,34,72,106,0.32075471698113206,0.6792452830188679,Yes,0.6792452830188679
48052,48052,100,40,90,130,0.3076923076923077,0.6923076923076923,Yes,0.6923076923076923
48053,48049,100,0,0,0,0,0,n/a,0
48054,48054,100,33,52,85,0.38823529411764707,0.611764705882353,Yes,0.611764705882353
48055,48055,100,74,120,194,0.38144329896907214,0.6185567010309279,Yes,0.6185567010309279
48056,48056,100,54,125,179,0.3016759776536313,0.6983240223463687,Yes,0.6983240223463687
48057,48057,100,22,34,56,0.39285714285714285,0.6071428571428571,Yes,0.6071428571428571
48058,48058,100,67,103,170,0.3941176470588235,0.6058823529411764,Yes,0.6058823529411764
48059,48059,100,76,132,208,0.36538461538461536,0.6346153846153846,Yes,0.6346153846153846
48060,48060,100,84,145,229,0.36681222707423583,0.6331877729257642,Yes,0.6331877729257642
48061,48061,100,42,90,132,0.3181818181818182,0.6818181818181818,Yes,0.6818181818181818
48062,48062,100,64,114,178,0.3595505617977528,0.6404494382022472,Yes,0.6404494382022472
48063,48063,100,26,48,74,0.35135135135135137,0.6486486486486487,Yes,0.6486486486486487
48064,48064,100,56,50,106,0.5283018867924528,0.4716981132075472,No,0.5283018867924528
48065,48065,100,17,51,68,0.25,0.75,Yes,0.75
48066,48066,100,17,78,95,0.17894736842105263,0.8210526315789474,Yes,0.8210526315789474
48067,48067,100,31,27,58,0.5344827586206896,0.46551724137931033,No,0.5344827586206896
48068,48068,100,6,18,24,0.25,0.75,Yes,0.75
48069,48069,100,4,3,7,0.5714285714285714,0.42857142857142855,No,0.5714285714285714
48070,48070,100,62,75,137,0.45255474452554745,0.5474452554744526,Yes,0.5474452554744526
49001,49001,100,16,51,67,0.23880597014925373,0.7611940298507462,Yes,0.7611940298507462
49002,49002,100,11,56,67,0.16417910447761194,0.835820895522388,Yes,0.835820895522388
49003,49003,100,10,33,43,0.23255813953488372,0.7674418604651163,Yes,0.7674418604651163
49004,49004,100,17,39,56,0.30357142857142855,0.6964285714285714,Yes,0.6964285714285714
49005,49005,100,3,11,14,0.21428571428571427,0.7857142857142857,Yes,0.7857142857142857
49006,49006,100,5,11,16,0.3125,0.6875,Yes,0.6875
49007,49007,100,1,11,12,0.08333333333333333,0.9166666666666666,Yes,0.9166666666666666
49008,49008,100,30,75,105,0.2857142857142857,0.7142857142857143,Yes,0.7142857142857143
49009,49009,100,21,55,76,0.27631578947368424,0.7236842105263158,Yes,0.7236842105263158
49010,49010,100,6,27,33,0.18181818181818182,0.8181818181818182,Yes,0.8181818181818182
49011,49011,100,4,7,11,0.36363636363636365,0.6363636363636364,Yes,0.6363636363636364
49012,49012,100,3,10,13,0.23076923076923078,0.7692307692307693,Yes,0.7692307692307693
49013,49013,100,4,9,13,0.3076923076923077,0.6923076923076923,Yes,0.6923076923076923
49014,49014,100,0,1,1,0.0,1.0,Yes,1.0
49015,49015,100,0,0,0,0,0,n/a,0
49016,49016,100,15,39,54,0.2777777777777778,0.7222222222222222,Yes,0.7222222222222222
49017,49017,100,13,35,48,0.2708333333333333,0.7291666666666666,Yes,0.7291666666666666
49018,49018,100,12,15,27,0.4444444444444444,0.5555555555555556,Yes,0.5555555555555556
49019,49019,100,18,51,69,0.2608695652173913,0.7391304347826086,Yes,0.7391304347826086
49020,49020,100,18,69,87,0.20689655172413793,0.7931034482758621,Yes,0.7931034482758621
49021,49021,100,11,57,68,0.16176470588235295,0.8382352941176471,Yes,0.8382352941176471
49022,49022,100,32,73,105,0.3047619047619048,0.6952380952380952,Yes,0.6952380952380952
49023,49023,100,22,54,76,0.2894736842105263,0.7105263157894737,Yes,0.7105263157894737
49024,49024,100,14,39,53,0.2641509433962264,0.7358490566037735,Yes,0.7358490566037735
49025,49025,100,26,102,128,0.203125,0.796875,Yes,0.796875
49026,49026,100,25,45,70,0.35714285714285715,0.6428571428571429,Yes,0.6428571428571429
49027,49027,100,14,29,43,0.32558139534883723,0.6744186046511628,Yes,0.6744186046511628
49028,49028,100,24,44,68,0.35294117647058826,0.6470588235294118,Yes,0.6470588235294118
49029,49029,100,11,15,26,0.4230769230769231,0.5769230769230769,Yes,0.5769230769230769
49030,49030,100,17,29,46,0.3695652173913043,0.6304347826086957,Yes,0.6304347826086957
49031,49031,100,5,12,17,0.29411764705882354,0.7058823529411765,Yes,0.7058823529411765
49032,49032,100,3,13,16,0.1875,0.8125,Yes,0.8125
49033,49033,100,7,14,21,0.3333333333333333,0.6666666666666666,Yes,0.6666666666666666
49034,49034,100,7,16,23,0.30434782608695654,0.6956521739130435,Yes,0.6956521739130435
49035,49035,100,17,34,51,0.3333333333333333,0.6666666666666666,Yes,0.6666666666666666
49036,49036,100,5,20,25,0.2,0.8,Yes,0.8
49037,49037,100,30,64,94,0.3191489361702128,0.6808510638297872,Yes,0.6808510638297872
49038,49038,100,24,76,100,0.24,0.76,Yes,0.76
49039,49039,100,28,60,88,0.3181818181818182,0.6818181818181818,Yes,0.6818181818181818
49040,49040,100,21,61,82,0.25609756097560976,0.7439024390243902,Yes,0.7439024390243902
49041,49041,100,16,47,63,0.25396825396825395,0.746031746031746,Yes,0.746031746031746
49042,49042,100,12,22,34,0.35294117647058826,0.6470588235294118,Yes,0.6470588235294118
49043,49043,100,8,24,32,0.25,0.75,Yes,0.75
49044,49044,100,5,12,17,0.29411764705882354,0.7058823529411765,Yes,0.7058823529411765
49045,49045,100,20,33,53,0.37735849056603776,0.6226415094339622,Yes,0.6226415094339622
49046,49046,100,4,12,16,0.25,0.75,Yes,0.75
49047,49047,100,24,73,97,0.24742268041237114,0.7525773195876289,Yes,0.7525773195876289
49048,49048,100,58,87,145,0.4,0.6,Yes,0.6
49049,49049,100,40,89,129,0.31007751937984496,0.689922480620155,Yes,0.689922480620155
49050,49050,100,31,78,109,0.28440366972477066,0.7155963302752294,Yes,0.7155963302752294
49051,49051,100,26,89,115,0.22608695652173913,0.7739130434782608,Yes,0.7739130434782608
49052,49052,100,44,58,102,0.43137254901960786,0.5686274509803921,Yes,0.5686274509803921
49053,49053,100,51,112,163,0.3128834355828221,0.6871165644171779,Yes,0.6871165644171779
49054,49054,100,37,62,99,0.37373737373737376,0.6262626262626263,Yes,0.6262626262626263
49055,49055,100,5,22,27,0.18518518518518517,0.8148148148148148,Yes,0.8148148148148148
49056,49056,100,2,3,5,0.4,0.6,Yes,0.6
49057,49057,100,17,43,60,0.2833333333333333,0.7166666666666667,Yes,0.7166666666666667
49058,49058,100,20,37,57,0.3508771929824561,0.6491228070175439,Yes,0.6491228070175439
49059,49059,100,20,42,62,0.3225806451612903,0.6774193548387096,Yes,0.6774193548387096
49060,49033,100,0,0,0,0,0,n/a,0
49061,49061,100,8,30,38,0.21052631578947367,0.7894736842105263,Yes,0.7894736842105263
49062,49062,100,20,19,39,0.5128205128205128,0.48717948717948717,No,0.5128205128205128
49063,49063,100,33,60,93,0.3548387096774194,0.6451612903225806,Yes,0.6451612903225806
49064,49064,100,10,25,35,0.2857142857142857,0.7142857142857143,Yes,0.7142857142857143
49065,49065,100,0,0,0,0,0,n/a,0
50001,50001,100,3,20,23,0.13043478260869565,0.8695652173913043,Yes,0.8695652173913043
50002,50002,100,32,158,190,0.16842105263157894,0.8315789473684211,Yes,0.8315789473684211
50003,50003,100,10,77,87,0.11494252873563218,0.8850574712643678,Yes,0.8850574712643678
50004,50004,100,4,23,27,0.14814814814814814,0.8518518518518519,Yes,0.8518518518518519
50005,50005,100,34,162,196,0.17346938775510204,0.826530612244898,Yes,0.826530612244898
50006,50006,100,29,106,135,0.21481481481481482,0.7851851851851852,Yes,0.7851851851851852
50007,50007,100,46,148,194,0.23711340206185566,0.7628865979381443,Yes,0.7628865979381443
50008,50008,100,37,151,188,0.19680851063829788,0.8031914893617021,Yes,0.8031914893617021
50009,50009,100,37,120,157,0.2356687898089172,0.7643312101910829,Yes,0.7643312101910829
50010,50010,100,5,19,24,0.20833333333333334,0.7916666666666666,Yes,0.7916666666666666
50011,50011,100,3,36,39,0.07692307692307693,0.9230769230769231,Yes,0.9230769230769231
50012,50012,100,38,123,161,0.2360248447204969,0.7639751552795031,Yes,0.7639751552795031
50013,50013,100,4,1,5,0.8,0.2,No,0.8
50014,50014,100,2,67,69,0.028985507246376812,0.9710144927536232,Yes,0.9710144927536232
50015,50015,100,16,49,65,0.24615384615384617,0.7538461538461538,Yes,0.7538461538461538
50016,50016,100,0,55,55,0.0,1.0,Yes,1.0
50017,50017,100,12,59,71,0.16901408450704225,0.8309859154929577,Yes,0.8309859154929577
50018,50018,100,32,110,142,0.22535211267605634,0.7746478873239436,Yes,0.7746478873239436
50019,50019,100,35,137,172,0.20348837209302326,0.7965116279069767,Yes,0.7965116279069767
50020,50020,100,32,107,139,0.2302158273381295,0.7697841726618705,Yes,0.7697841726618705
50021,50021,100,31,144,175,0.17714285714285713,0.8228571428571428,Yes,0.8228571428571428
50022,50022,100,19,68,87,0.21839080459770116,0.7816091954022989,Yes,0.7816091954022989
50056,50056,100,3,13,16,0.1875,0.8125,Yes,0.8125
50023,50056,100,0,0,0,0,0,n/a,0
50024,50024,100,1,3,4,0.25,0.75,Yes,0.75
50025,50025,100,5,19,24,0.20833333333333334,0.7916666666666666,Yes,0.7916666666666666
50026,50026,100,42,138,180,0.23333333333333334,0.7666666666666667,Yes,0.7666666666666667
50027,50027,100,60,193,253,0.23715415019762845,0.7628458498023716,Yes,0.7628458498023716
50028,50028,100,32,154,186,0.17204301075268819,0.8279569892473119,Yes,0.8279569892473119
50029,50029,100,40,131,171,0.23391812865497075,0.7660818713450293,Yes,0.7660818713450293
50030,50030,100,34,120,154,0.22077922077922077,0.7792207792207793,Yes,0.7792207792207793
50031,50031,100,44,120,164,0.2682926829268293,0.7317073170731707,Yes,0.7317073170731707
50032,50032,100,54,182,236,0.2288135593220339,0.7711864406779662,Yes,0.7711864406779662
50033,50033,100,41,166,207,0.19806763285024154,0.8019323671497585,Yes,0.8019323671497585
50034,50034,100,48,148,196,0.24489795918367346,0.7551020408163265,Yes,0.7551020408163265
50035,50035,100,50,172,222,0.22522522522522523,0.7747747747747747,Yes,0.7747747747747747
50036,50036,100,6,8,14,0.42857142857142855,0.5714285714285714,Yes,0.5714285714285714
50037,50037,100,29,149,178,0.16292134831460675,0.8370786516853933,Yes,0.8370786516853933
50038,50038,100,35,117,152,0.23026315789473684,0.7697368421052632,Yes,0.7697368421052632
50039,50039,100,24,93,117,0.20512820512820512,0.7948717948717948,Yes,0.7948717948717948
50040,50040,100,42,157,199,0.21105527638190955,0.7889447236180904,Yes,0.7889447236180904
50041,50041,100,37,165,202,0.18316831683168316,0.8168316831683168,Yes,0.8168316831683168
50042,50042,100,40,145,185,0.21621621621621623,0.7837837837837838,Yes,0.7837837837837838
50043,50043,100,15,77,92,0.16304347826086957,0.8369565217391305,Yes,0.8369565217391305
50044,50044,100,33,140,173,0.1907514450867052,0.8092485549132948,Yes,0.8092485549132948
50045,50045,100,7,18,25,0.28,0.72,Yes,0.72
50046,50046,100,25,88,113,0.22123893805309736,0.7787610619469026,Yes,0.7787610619469026
50047,50047,100,19,68,87,0.21839080459770116,0.7816091954022989,Yes,0.7816091954022989
50048,50048,100,14,80,94,0.14893617021276595,0.851063829787234,Yes,0.851063829787234
50049,50049,100,21,121,142,0.14788732394366197,0.852112676056338,Yes,0.852112676056338
50050,50050,100,17,83,100,0.17,0.83,Yes,0.83
50051,50051,100,10,70,80,0.125,0.875,Yes,0.875
50052,50052,100,19,77,96,0.19791666666666666,0.8020833333333334,Yes,0.8020833333333334
50053,50053,100,9,40,49,0.1836734693877551,0.8163265306122449,Yes,0.8163265306122449
50054,50054,100,5,31,36,0.1388888888888889,0.8611111111111112,Yes,0.8611111111111112
50055,50055,100,11,17,28,0.39285714285714285,0.6071428571428571,Yes,0.6071428571428571
50057,50057,100,6,51,57,0.10526315789473684,0.8947368421052632,Yes,0.8947368421052632
50058,50058,100,3,43,46,0.06521739130434782,0.9347826086956522,Yes,0.9347826086956522
50059,50059,100,10,82,92,0.10869565217391304,0.8913043478260869,Yes,0.8913043478260869
50060,50060,100,10,83,93,0.10752688172043011,0.8924731182795699,Yes,0.8924731182795699
50061,50061,100,9,32,41,0.21951219512195122,0.7804878048780488,Yes,0.7804878048780488
50062,50062,100,3,33,36,0.08333333333333333,0.9166666666666666,Yes,0.9166666666666666
50063,50063,100,3,29,32,0.09375,0.90625,Yes,0.90625
50064,50064,100,5,18,23,0.21739130434782608,0.782608695652174,Yes,0.782608695652174
50065,50065,100,6,29,35,0.17142857142857143,0.8285714285714286,Yes,0.8285714285714286
50066,50066,100,4,21,25,0.16,0.84,Yes,0.84
50067,50067,100,2,22,24,0.08333333333333333,0.9166666666666666,Yes,0.9166666666666666
50068,50068,100,4,20,24,0.16666666666666666,0.8333333333333334,Yes,0.8333333333333334
50069,50069,100,6,18,24,0.25,0.75,Yes,0.75
50070,50070,100,6,24,30,0.2,0.8,Yes,0.8
50071,50071,100,2,8,10,0.2,0.8,Yes,0.8
50072,50072,100,7,19,26,0.2692307692307692,0.7307692307692307,Yes,0.7307692307692307
50073,50073,100,3,25,28,0.10714285714285714,0.8928571428571429,Yes,0.8928571428571429
50074,50074,100,4,30,34,0.11764705882352941,0.8823529411764706,Yes,0.8823529411764706
50075,50075,100,9,36,45,0.2,0.8,Yes,0.8
50076,50076,100,8,36,44,0.18181818181818182,0.8181818181818182,Yes,0.8181818181818182
50077,50077,100,6,27,33,0.18181818181818182,0.8181818181818182,Yes,0.8181818181818182
50078,50078,100,6,27,33,0.18181818181818182,0.8181818181818182,Yes,0.8181818181818182
50079,50079,100,9,12,21,0.42857142857142855,0.5714285714285714,Yes,0.5714285714285714
50080,50080,100,7,13,20,0.35,0.65,Yes,0.65
50081,50081,100,0,12,12,0.0,1.0,Yes,1.0
50082,50082,100,3,8,11,0.2727272727272727,0.7272727272727273,Yes,0.7272727272727273
50083,50083,100,9,32,41,0.21951219512195122,0.7804878048780488,Yes,0.7804878048780488
50084,50084,100,0,10,10,0.0,1.0,Yes,1.0
50085,50085,100,4,36,40,0.1,0.9,Yes,0.9
50086,50084,100,0,0,0,0,0,n/a,0
50087,50087,100,6,21,27,0.2222222222222222,0.7777777777777778,Yes,0.7777777777777778
50088,50088,100,2,13,15,0.13333333333333333,0.8666666666666667,Yes,0.8666666666666667
50089,50089,100,34,129,163,0.2085889570552147,0.7914110429447853,Yes,0.7914110429447853
50090,50090,100,14,82,96,0.14583333333333334,0.8541666666666666,Yes,0.8541666666666666
50091,50091,100,29,163,192,0.15104166666666666,0.8489583333333334,Yes,0.8489583333333334
50092,50092,100,21,125,146,0.14383561643835616,0.8561643835616438,Yes,0.8561643835616438
50093,50093,100,1,26,27,0.037037037037037035,0.9629629629629629,Yes,0.9629629629629629
50094,50094,100,5,7,12,0.4166666666666667,0.5833333333333334,Yes,0.5833333333333334
50095,50095,100,0,0,0,0,0,n/a,0
50096,50096,100,0,0,0,0,0,n/a,0
50097,50097,100,0,0,0,0,0,n/a,0
50098,50088,100,0,0,0,0,0,n/a,0
50099,50013,100,0,0,0,0,0,n/a,0
51001,51001,100,50,137,187,0.26737967914438504,0.732620320855615,Yes,0.732620320855615
51002,51002,100,16,70,86,0.18604651162790697,0.813953488372093,Yes,0.813953488372093
51003,51003,100,15,103,118,0.1271186440677966,0.8728813559322034,Yes,0.8728813559322034
51004,51004,100,5,38,43,0.11627906976744186,0.8837209302325582,Yes,0.8837209302325582
51005,51005,100,16,62,78,0.20512820512820512,0.7948717948717948,Yes,0.7948717948717948
51006,51006,100,16,64,80,0.2,0.8,Yes,0.8
51007,51007,100,38,166,204,0.18627450980392157,0.8137254901960784,Yes,0.8137254901960784
51008,51008,100,6,43,49,0.12244897959183673,0.8775510204081632,Yes,0.8775510204081632
51009,51009,100,4,14,18,0.2222222222222222,0.7777777777777778,Yes,0.7777777777777778
51010,51010,100,1,6,7,0.14285714285714285,0.8571428571428571,Yes,0.8571428571428571
51011,51011,100,43,208,251,0.17131474103585656,0.8286852589641435,Yes,0.8286852589641435
51012,51012,100,35,173,208,0.16826923076923078,0.8317307692307693,Yes,0.8317307692307693
51013,51013,100,27,96,123,0.21951219512195122,0.7804878048780488,Yes,0.7804878048780488
51014,51014,100,26,35,61,0.4262295081967213,0.5737704918032787,Yes,0.5737704918032787
51015,51015,100,13,43,56,0.23214285714285715,0.7678571428571429,Yes,0.7678571428571429
51016,51016,100,33,85,118,0.2796610169491525,0.7203389830508474,Yes,0.7203389830508474
51017,51017,100,4,51,55,0.07272727272727272,0.9272727272727272,Yes,0.9272727272727272
51018,51018,100,0,0,0,0,0,n/a,0
51019,51019,100,0,3,3,0.0,1.0,Yes,1.0
51020,51020,100,26,88,114,0.22807017543859648,0.7719298245614035,Yes,0.7719298245614035
51021,51021,100,4,25,29,0.13793103448275862,0.8620689655172413,Yes,0.8620689655172413
51022,51022,100,8,24,32,0.25,0.75,Yes,0.75
51023,51023,100,0,27,27,0.0,1.0,Yes,1.0
51024,51024,100,44,87,131,0.33587786259541985,0.6641221374045801,Yes,0.6641221374045801
51025,51025,100,0,0,0,0,0,n/a,0
51026,51026,100,28,112,140,0.2,0.8,Yes,0.8
51027,51027,100,10,40,50,0.2,0.8,Yes,0.8
51028,51028,100,3,16,19,0.15789473684210525,0.8421052631578947,Yes,0.8421052631578947
51029,51029,100,16,39,55,0.2909090909090909,0.7090909090909091,Yes,0.7090909090909091
51030,51030,100,11,57,68,0.16176470588235295,0.8382352941176471,Yes,0.8382352941176471
51031,51031,100,22,38,60,0.36666666666666664,0.6333333333333333,Yes,0.6333333333333333
51032,51032,100,12,56,68,0.17647058823529413,0.8235294117647058,Yes,0.8235294117647058
51033,51033,100,6,43,49,0.12244897959183673,0.8775510204081632,Yes,0.8775510204081632
51034,51034,100,5,35,40,0.125,0.875,Yes,0.875
51035,51035,100,2,51,53,0.03773584905660377,0.9622641509433962,Yes,0.9622641509433962
51036,51036,100,12,88,100,0.12,0.88,Yes,0.88
51037,51037,100,15,53,68,0.22058823529411764,0.7794117647058824,Yes,0.7794117647058824
51038,51038,100,43,119,162,0.2654320987654321,0.7345679012345679,Yes,0.7345679012345679
51039,51039,100,31,101,132,0.23484848484848486,0.7651515151515151,Yes,0.7651515151515151
51040,51040,100,41,147,188,0.21808510638297873,0.7819148936170213,Yes,0.7819148936170213
51041,51041,100,22,115,137,0.16058394160583941,0.8394160583941606,Yes,0.8394160583941606
51042,51042,100,28,156,184,0.15217391304347827,0.8478260869565217,Yes,0.8478260869565217
51043,51043,100,12,71,83,0.14457831325301204,0.8554216867469879,Yes,0.8554216867469879
51044,51044,100,4,24,28,0.14285714285714285,0.8571428571428571,Yes,0.8571428571428571
51045,51045,100,0,1,1,0.0,1.0,Yes,1.0
51046,51046,100,2,6,8,0.25,0.75,Yes,0.75
51047,51047,100,11,32,43,0.2558139534883721,0.7441860465116279,Yes,0.7441860465116279
51048,51048,100,0,0,0,0,0,n/a,0
51049,51049,100,27,125,152,0.17763157894736842,0.8223684210526315,Yes,0.8223684210526315
51050,51050,100,3,17,20,0.15,0.85,Yes,0.85
51051,51051,100,11,53,64,0.171875,0.828125,Yes,0.828125
51052,51052,100,16,69,85,0.18823529411764706,0.8117647058823529,Yes,0.8117647058823529
51053,51053,100,16,80,96,0.16666666666666666,0.8333333333333334,Yes,0.8333333333333334
51054,51054,100,7,40,47,0.14893617021276595,0.851063829787234,Yes,0.851063829787234
51055,51055,100,17,116,133,0.12781954887218044,0.8721804511278195,Yes,0.8721804511278195
51056,51056,100,1,5,6,0.16666666666666666,0.8333333333333334,Yes,0.8333333333333334
51057,51057,100,1,11,12,0.08333333333333333,0.9166666666666666,Yes,0.9166666666666666
51058,51058,100,2,19,21,0.09523809523809523,0.9047619047619048,Yes,0.9047619047619048
51059,51059,100,51,160,211,0.24170616113744076,0.7582938388625592,Yes,0.7582938388625592
51060,51060,100,14,46,60,0.23333333333333334,0.7666666666666667,Yes,0.7666666666666667
51061,51061,100,43,115,158,0.2721518987341772,0.7278481012658228,Yes,0.7278481012658228
51062,51062,100,68,160,228,0.2982456140350877,0.7017543859649122,Yes,0.7017543859649122
51063,51063,100,21,105,126,0.16666666666666666,0.8333333333333334,Yes,0.8333333333333334
51064,51064,100,6,36,42,0.14285714285714285,0.8571428571428571,Yes,0.8571428571428571
51065,51065,100,3,36,39,0.07692307692307693,0.9230769230769231,Yes,0.9230769230769231
51066,51066,100,22,48,70,0.3142857142857143,0.6857142857142857,Yes,0.6857142857142857
51067,51067,100,6,29,35,0.17142857142857143,0.8285714285714286,Yes,0.8285714285714286
51068,51068,100,5,37,42,0.11904761904761904,0.8809523809523809,Yes,0.8809523809523809
51069,51069,100,9,63,72,0.125,0.875,Yes,0.875
51070,51070,100,9,80,89,0.10112359550561797,0.898876404494382,Yes,0.898876404494382
51071,51071,100,5,56,61,0.08196721311475409,0.9180327868852459,Yes,0.9180327868852459
51072,51072,100,13,48,61,0.21311475409836064,0.7868852459016393,Yes,0.7868852459016393
51073,51073,100,13,101,114,0.11403508771929824,0.8859649122807017,Yes,0.8859649122807017
51074,51074,100,12,56,68,0.17647058823529413,0.8235294117647058,Yes,0.8235294117647058
51075,51072,100,0,0,0,0,0,n/a,0
51076,51076,100,0,0,0,0,0,n/a,0
51077,51048,100,0,0,0,0,0,n/a,0
51078,51044,100,0,0,0,0,0,n/a,0
52001,52001,100,11,94,105,0.10476190476190476,0.8952380952380953,Yes,0.8952380952380953
52002,52002,100,15,77,92,0.16304347826086957,0.8369565217391305,Yes,0.8369565217391305
52003,52003,100,9,52,61,0.14754098360655737,0.8524590163934426,Yes,0.8524590163934426
52004,52004,100,28,88,116,0.2413793103448276,0.7586206896551724,Yes,0.7586206896551724
52005,52005,100,14,102,116,0.1206896551724138,0.8793103448275862,Yes,0.8793103448275862
52006,52006,100,8,55,63,0.12698412698412698,0.873015873015873,Yes,0.873015873015873
52007,52007,100,75,267,342,0.21929824561403508,0.7807017543859649,Yes,0.7807017543859649
52008,52008,100,91,280,371,0.24528301886792453,0.7547169811320755,Yes,0.7547169811320755
52009,52009,100,61,209,270,0.22592592592592592,0.774074074074074,Yes,0.774074074074074
52010,52010,100,75,314,389,0.1928020565552699,0.8071979434447301,Yes,0.8071979434447301
52011,52011,100,45,223,268,0.16791044776119404,0.832089552238806,Yes,0.832089552238806
52012,52012,100,79,184,263,0.30038022813688214,0.6996197718631179,Yes,0.6996197718631179
52013,52013,100,72,220,292,0.2465753424657534,0.7534246575342466,Yes,0.7534246575342466
52014,52014,100,69,237,306,0.22549019607843138,0.7745098039215687,Yes,0.7745098039215687
52015,52015,100,74,256,330,0.22424242424242424,0.7757575757575758,Yes,0.7757575757575758
52016,52016,100,88,245,333,0.26426426426426425,0.7357357357357357,Yes,0.7357357357357357
52017,52017,100,69,216,285,0.24210526315789474,0.7578947368421053,Yes,0.7578947368421053
52018,52018,100,71,210,281,0.2526690391459075,0.7473309608540926,Yes,0.7473309608540926
52019,52019,100,73,179,252,0.2896825396825397,0.7103174603174603,Yes,0.7103174603174603
52020,52020,100,67,186,253,0.2648221343873518,0.7351778656126482,Yes,0.7351778656126482
52021,52021,100,9,35,44,0.20454545454545456,0.7954545454545454,Yes,0.7954545454545454
52022,52022,100,25,108,133,0.18796992481203006,0.8120300751879699,Yes,0.8120300751879699
52023,52023,100,148,357,505,0.29306930693069305,0.7069306930693069,Yes,0.7069306930693069
52024,52024,100,7,35,42,0.16666666666666666,0.8333333333333334,Yes,0.8333333333333334
52025,52025,100,29,95,124,0.23387096774193547,0.7661290322580645,Yes,0.7661290322580645
52026,52026,100,39,151,190,0.20526315789473684,0.7947368421052632,Yes,0.7947368421052632
52027,52027,100,13,74,87,0.14942528735632185,0.8505747126436781,Yes,0.8505747126436781
52028,52028,100,43,189,232,0.1853448275862069,0.8146551724137931,Yes,0.8146551724137931
52029,52029,100,38,209,247,0.15384615384615385,0.8461538461538461,Yes,0.8461538461538461
52030,52030,100,45,212,257,0.17509727626459143,0.8249027237354085,Yes,0.8249027237354085
52031,52031,100,64,251,315,0.20317460317460317,0.7968253968253968,Yes,0.7968253968253968
52032,52032,100,43,201,244,0.1762295081967213,0.8237704918032787,Yes,0.8237704918032787
52033,52033,100,41,238,279,0.14695340501792115,0.8530465949820788,Yes,0.8530465949820788
52034,52034,100,51,194,245,0.20816326530612245,0.7918367346938775,Yes,0.7918367346938775
52035,52035,100,53,217,270,0.1962962962962963,0.8037037037037037,Yes,0.8037037037037037
52036,52036,100,46,229,275,0.16727272727272727,0.8327272727272728,Yes,0.8327272727272728
52037,52037,100,78,195,273,0.2857142857142857,0.7142857142857143,Yes,0.7142857142857143
52038,52038,100,86,218,304,0.28289473684210525,0.7171052631578947,Yes,0.7171052631578947
52039,52039,100,34,187,221,0.15384615384615385,0.8461538461538461,Yes,0.8461538461538461
52040,52040,100,49,246,295,0.16610169491525423,0.8338983050847457,Yes,0.8338983050847457
52041,52041,100,27,81,108,0.25,0.75,Yes,0.75
52042,52042,100,49,174,223,0.21973094170403587,0.7802690582959642,Yes,0.7802690582959642
52043,52043,100,48,187,235,0.20425531914893616,0.7957446808510639,Yes,0.7957446808510639
52044,52044,100,76,230,306,0.24836601307189543,0.7516339869281046,Yes,0.7516339869281046
52045,52045,100,61,183,244,0.25,0.75,Yes,0.75
52046,52046,100,56,213,269,0.20817843866171004,0.79182156133829,Yes,0.79182156133829
52047,52047,100,41,132,173,0.23699421965317918,0.7630057803468208,Yes,0.7630057803468208
52048,52048,100,51,217,268,0.19029850746268656,0.8097014925373134,Yes,0.8097014925373134
52049,52049,100,44,182,226,0.19469026548672566,0.8053097345132744,Yes,0.8053097345132744
52050,52050,100,15,75,90,0.16666666666666666,0.8333333333333334,Yes,0.8333333333333334
52051,52051,100,5,92,97,0.05154639175257732,0.9484536082474226,Yes,0.9484536082474226
52052,52052,100,6,48,54,0.1111111111111111,0.8888888888888888,Yes,0.8888888888888888
52053,52053,100,55,211,266,0.20676691729323307,0.793233082706767,Yes,0.793233082706767
52054,52054,100,6,45,51,0.11764705882352941,0.8823529411764706,Yes,0.8823529411764706
52055,52055,100,26,162,188,0.13829787234042554,0.8617021276595744,Yes,0.8617021276595744
52056,52056,100,15,82,97,0.15463917525773196,0.845360824742268,Yes,0.845360824742268
52057,52057,100,31,149,180,0.17222222222222222,0.8277777777777777,Yes,0.8277777777777777
52058,52058,100,38,148,186,0.20430107526881722,0.7956989247311828,Yes,0.7956989247311828
52059,52059,100,49,257,306,0.16013071895424835,0.8398692810457516,Yes,0.8398692810457516
52060,52060,100,47,184,231,0.20346320346320346,0.7965367965367965,Yes,0.7965367965367965
52061,52061,100,43,182,225,0.19111111111111112,0.8088888888888889,Yes,0.8088888888888889
52062,52062,100,45,221,266,0.16917293233082706,0.8308270676691729,Yes,0.8308270676691729
52063,52063,100,0,1,1,0.0,1.0,Yes,1.0
52064,52064,100,56,179,235,0.23829787234042554,0.7617021276595745,Yes,0.7617021276595745
52065,52065,100,20,195,215,0.09302325581395349,0.9069767441860465,Yes,0.9069767441860465
52066,52066,100,68,249,317,0.21451104100946372,0.7854889589905363,Yes,0.7854889589905363
52067,52067,100,39,151,190,0.20526315789473684,0.7947368421052632,Yes,0.7947368421052632
52068,52068,100,89,311,400,0.2225,0.7775,Yes,0.7775
52069,52069,100,79,250,329,0.24012158054711247,0.7598784194528876,Yes,0.7598784194528876
52070,52070,100,78,287,365,0.2136986301369863,0.7863013698630137,Yes,0.7863013698630137
52071,52071,100,73,292,365,0.2,0.8,Yes,0.8
52072,52072,100,32,112,144,0.2222222222222222,0.7777777777777778,Yes,0.7777777777777778
52073,52073,100,83,309,392,0.21173469387755103,0.7882653061224489,Yes,0.7882653061224489
52074,52074,100,57,234,291,0.1958762886597938,0.8041237113402062,Yes,0.8041237113402062
52075,52075,100,48,221,269,0.17843866171003717,0.8215613382899628,Yes,0.8215613382899628
52076,52076,100,20,64,84,0.23809523809523808,0.7619047619047619,Yes,0.7619047619047619
52077,52077,100,0,1,1,0.0,1.0,Yes,1.0
52078,52078,100,28,119,147,0.19047619047619047,0.8095238095238095,Yes,0.8095238095238095
52079,52079,100,4,49,53,0.07547169811320754,0.9245283018867925,Yes,0.9245283018867925
52080,52080,100,7,37,44,0.1590909090909091,0.8409090909090909,Yes,0.8409090909090909
52081,52081,100,58,235,293,0.19795221843003413,0.8020477815699659,Yes,0.8020477815699659
52082,52082,100,53,189,242,0.2190082644628099,0.78099173553719,Yes,0.78099173553719
52083,52083,100,38,217,255,0.14901960784313725,0.8509803921568627,Yes,0.8509803921568627
52084,52084,100,43,164,207,0.20772946859903382,0.7922705314009661,Yes,0.7922705314009661
52085,52085,100,41,168,209,0.19617224880382775,0.8038277511961722,Yes,0.8038277511961722
52086,52086,100,86,321,407,0.2113022113022113,0.7886977886977887,Yes,0.7886977886977887
52087,52087,100,51,249,300,0.17,0.83,Yes,0.83
52088,52088,100,68,220,288,0.2361111111111111,0.7638888888888888,Yes,0.7638888888888888
52089,52089,100,61,246,307,0.1986970684039088,0.8013029315960912,Yes,0.8013029315960912
52090,52090,100,47,183,230,0.20434782608695654,0.7956521739130434,Yes,0.7956521739130434
52091,52091,100,18,92,110,0.16363636363636364,0.8363636363636363,Yes,0.8363636363636363
52092,52092,100,61,207,268,0.22761194029850745,0.7723880597014925,Yes,0.7723880597014925
52093,52093,100,38,132,170,0.2235294117647059,0.7764705882352941,Yes,0.7764705882352941
52094,52094,100,19,99,118,0.16101694915254236,0.8389830508474576,Yes,0.8389830508474576
52095,52095,100,6,13,19,0.3157894736842105,0.6842105263157895,Yes,0.6842105263157895
52096,52096,100,40,190,230,0.17391304347826086,0.8260869565217391,Yes,0.8260869565217391
52097,52097,100,39,132,171,0.22807017543859648,0.7719298245614035,Yes,0.7719298245614035
52098,52098,100,66,180,246,0.2682926829268293,0.7317073170731707,Yes,0.7317073170731707
52099,52099,100,58,213,271,0.2140221402214022,0.7859778597785978,Yes,0.7859778597785978
52100,52100,100,28,104,132,0.21212121212121213,0.7878787878787878,Yes,0.7878787878787878
52101,52101,100,60,183,243,0.24691358024691357,0.7530864197530864,Yes,0.7530864197530864
52102,52102,100,0,1,1,0.0,1.0,Yes,1.0
52103,52103,100,52,154,206,0.2524271844660194,0.7475728155339806,Yes,0.7475728155339806
52104,52104,100,51,187,238,0.21428571428571427,0.7857142857142857,Yes,0.7857142857142857
52105,52105,100,47,130,177,0.2655367231638418,0.7344632768361582,Yes,0.7344632768361582
52106,52106,100,0,2,2,0.0,1.0,Yes,1.0
52107,52006,100,0,0,0,0,0,n/a,0
52108,52102,100,0,0,0,0,0,n/a,0
52109,52109,100,0,0,0,0,0,n/a,0
52110,52109,100,0,0,0,0,0,n/a,0
52111,52111,100,0,0,0,0,0,n/a,0
52112,52112,100,0,0,0,0,0,n/a,0
52113,52112,100,0,0,0,0,0,n/a,0
52114,52114,100,0,0,0,0,0,n/a,0
53001,53001,100,12,96,108,0.1111111111111111,0.8888888888888888,Yes,0.8888888888888888
53002,53002,100,10,63,73,0.136986301369863,0.863013698630137,Yes,0.863013698630137
53003,53003,100,6,52,58,0.10344827586206896,0.896551724137931,Yes,0.896551724137931
53004,53004,100,8,63,71,0.11267605633802817,0.8873239436619719,Yes,0.8873239436619719
53005,53005,100,3,45,48,0.0625,0.9375,Yes,0.9375
53006,53006,100,0,14,14,0.0,1.0,Yes,1.0
53007,53007,100,11,68,79,0.13924050632911392,0.8607594936708861,Yes,0.8607594936708861
53008,53008,100,11,51,62,0.1774193548387097,0.8225806451612904,Yes,0.8225806451612904
53009,53009,100,10,45,55,0.18181818181818182,0.8181818181818182,Yes,0.8181818181818182
53010,53010,100,6,26,32,0.1875,0.8125,Yes,0.8125
53011,53011,100,10,54,64,0.15625,0.84375,Yes,0.84375
53012,53012,100,12,54,66,0.18181818181818182,0.8181818181818182,Yes,0.8181818181818182
53013,53013,100,7,53,60,0.11666666666666667,0.8833333333333333,Yes,0.8833333333333333
53014,53014,100,1,1,2,0.5,0.5,Tie,0.5
53015,53015,100,29,80,109,0.26605504587155965,0.7339449541284404,Yes,0.7339449541284404
53016,53016,100,11,96,107,0.102803738317757,0.897196261682243,Yes,0.897196261682243
53017,53017,100,12,111,123,0.0975609756097561,0.9024390243902439,Yes,0.9024390243902439
53018,53018,100,16,63,79,0.20253164556962025,0.7974683544303798,Yes,0.7974683544303798
53019,53019,100,38,140,178,0.21348314606741572,0.7865168539325843,Yes,0.7865168539325843
53020,53020,100,47,112,159,0.29559748427672955,0.7044025157232704,Yes,0.7044025157232704
53021,53021,100,8,61,69,0.11594202898550725,0.8840579710144928,Yes,0.8840579710144928
53022,53022,100,9,115,124,0.07258064516129033,0.9274193548387096,Yes,0.9274193548387096
53023,53023,100,13,58,71,0.18309859154929578,0.8169014084507042,Yes,0.8169014084507042
53024,53024,100,34,100,134,0.2537313432835821,0.746268656716418,Yes,0.746268656716418
53025,53025,100,22,142,164,0.13414634146341464,0.8658536585365854,Yes,0.8658536585365854
53026,53026,100,6,41,47,0.1276595744680851,0.8723404255319149,Yes,0.8723404255319149
53027,53027,100,10,69,79,0.12658227848101267,0.8734177215189873,Yes,0.8734177215189873
53028,53028,100,7,65,72,0.09722222222222222,0.9027777777777778,Yes,0.9027777777777778
53029,53029,100,9,27,36,0.25,0.75,Yes,0.75
53030,53030,100,23,152,175,0.13142857142857142,0.8685714285714285,Yes,0.8685714285714285
53031,53031,100,5,48,53,0.09433962264150944,0.9056603773584906,Yes,0.9056603773584906
53032,53032,100,8,60,68,0.11764705882352941,0.8823529411764706,Yes,0.8823529411764706
53033,53033,100,29,103,132,0.2196969696969697,0.7803030303030303,Yes,0.7803030303030303
53034,53034,100,16,78,94,0.1702127659574468,0.8297872340425532,Yes,0.8297872340425532
53035,53035,100,37,119,156,0.23717948717948717,0.7628205128205128,Yes,0.7628205128205128
53036,53036,100,23,155,178,0.12921348314606743,0.8707865168539326,Yes,0.8707865168539326
53037,53037,100,16,64,80,0.2,0.8,Yes,0.8
53038,53038,100,3,23,26,0.11538461538461539,0.8846153846153846,Yes,0.8846153846153846
53039,53039,100,11,38,49,0.22448979591836735,0.7755102040816326,Yes,0.7755102040816326
53040,53040,100,1,14,15,0.06666666666666667,0.9333333333333333,Yes,0.9333333333333333
53041,53041,100,3,69,72,0.041666666666666664,0.9583333333333334,Yes,0.9583333333333334
53042,53042,100,1,68,69,0.014492753623188406,0.9855072463768116,Yes,0.9855072463768116
53043,53043,100,2,34,36,0.05555555555555555,0.9444444444444444,Yes,0.9444444444444444
53044,53044,100,11,47,58,0.1896551724137931,0.8103448275862069,Yes,0.8103448275862069
53045,53045,100,11,90,101,0.10891089108910891,0.8910891089108911,Yes,0.8910891089108911
53046,53046,100,13,67,80,0.1625,0.8375,Yes,0.8375
53047,53047,100,16,89,105,0.1523809523809524,0.8476190476190476,Yes,0.8476190476190476
53048,53048,100,5,57,62,0.08064516129032258,0.9193548387096774,Yes,0.9193548387096774
53049,53049,100,0,9,9,0.0,1.0,Yes,1.0
53050,53050,100,11,43,54,0.2037037037037037,0.7962962962962963,Yes,0.7962962962962963
53051,53051,100,0,34,34,0.0,1.0,Yes,1.0
53052,53052,100,1,6,7,0.14285714285714285,0.8571428571428571,Yes,0.8571428571428571
53053,53053,100,12,71,83,0.14457831325301204,0.8554216867469879,Yes,0.8554216867469879
53054,53054,100,6,48,54,0.1111111111111111,0.8888888888888888,Yes,0.8888888888888888
53055,53055,100,15,61,76,0.19736842105263158,0.8026315789473685,Yes,0.8026315789473685
53056,53056,100,16,63,79,0.20253164556962025,0.7974683544303798,Yes,0.7974683544303798
53057,53057,100,12,65,77,0.15584415584415584,0.8441558441558441,Yes,0.8441558441558441
53058,53058,100,7,53,60,0.11666666666666667,0.8833333333333333,Yes,0.8833333333333333
53059,53059,100,7,86,93,0.07526881720430108,0.9247311827956989,Yes,0.9247311827956989
53060,53060,100,19,147,166,0.1144578313253012,0.8855421686746988,Yes,0.8855421686746988
53061,53061,100,3,62,65,0.046153846153846156,0.9538461538461539,Yes,0.9538461538461539
53062,53062,100,1,11,12,0.08333333333333333,0.9166666666666666,Yes,0.9166666666666666
53063,53063,100,16,69,85,0.18823529411764706,0.8117647058823529,Yes,0.8117647058823529
53064,53064,100,8,34,42,0.19047619047619047,0.8095238095238095,Yes,0.8095238095238095
53065,53065,100,12,54,66,0.18181818181818182,0.8181818181818182,Yes,0.8181818181818182
53066,53066,100,9,148,157,0.05732484076433121,0.9426751592356688,Yes,0.9426751592356688
53067,53067,100,13,52,65,0.2,0.8,Yes,0.8
53068,53068,100,16,118,134,0.11940298507462686,0.8805970149253731,Yes,0.8805970149253731
53069,53069,100,2,31,33,0.06060606060606061,0.9393939393939394,Yes,0.9393939393939394
53070,53070,100,8,57,65,0.12307692307692308,0.8769230769230769,Yes,0.8769230769230769
53071,53071,100,1,12,13,0.07692307692307693,0.9230769230769231,Yes,0.9230769230769231
53072,53072,100,5,95,100,0.05,0.95,Yes,0.95
53073,53073,100,7,37,44,0.1590909090909091,0.8409090909090909,Yes,0.8409090909090909
53074,53074,100,2,138,140,0.014285714285714285,0.9857142857142858,Yes,0.9857142857142858
53075,53075,100,6,54,60,0.1,0.9,Yes,0.9
53076,53076,100,3,50,53,0.05660377358490566,0.9433962264150944,Yes,0.9433962264150944
53077,53077,100,10,67,77,0.12987012987012986,0.8701298701298701,Yes,0.8701298701298701
53078,53078,100,10,32,42,0.23809523809523808,0.7619047619047619,Yes,0.7619047619047619
53079,53079,100,0,25,25,0.0,1.0,Yes,1.0
53080,53080,100,14,61,75,0.18666666666666668,0.8133333333333334,Yes,0.8133333333333334
53081,53081,100,2,17,19,0.10526315789473684,0.8947368421052632,Yes,0.8947368421052632
53082,53082,100,0,0,0,0,0,n/a,0
54001,54001,100,3,17,20,0.15,0.85,Yes,0.85
54002,54002,100,2,34,36,0.05555555555555555,0.9444444444444444,Yes,0.9444444444444444
54003,54003,100,7,55,62,0.11290322580645161,0.8870967741935484,Yes,0.8870967741935484
54004,54004,100,2,40,42,0.047619047619047616,0.9523809523809523,Yes,0.9523809523809523
54005,54005,100,1,3,4,0.25,0.75,Yes,0.75
54006,54006,100,0,10,10,0.0,1.0,Yes,1.0
54007,54007,100,10,122,132,0.07575757575757576,0.9242424242424242,Yes,0.9242424242424242
54008,54008,100,8,90,98,0.08163265306122448,0.9183673469387755,Yes,0.9183673469387755
54009,54009,100,3,80,83,0.03614457831325301,0.963855421686747,Yes,0.963855421686747
54010,54010,100,3,72,75,0.04,0.96,Yes,0.96
54011,54011,100,11,65,76,0.14473684210526316,0.8552631578947368,Yes,0.8552631578947368
54012,54012,100,8,44,52,0.15384615384615385,0.8461538461538461,Yes,0.8461538461538461
54013,54013,100,8,61,69,0.11594202898550725,0.8840579710144928,Yes,0.8840579710144928
54014,54014,100,0,8,8,0.0,1.0,Yes,1.0
54015,54015,100,4,74,78,0.05128205128205128,0.9487179487179487,Yes,0.9487179487179487
54016,54016,100,0,5,5,0.0,1.0,Yes,1.0
54017,54017,100,1,21,22,0.045454545454545456,0.9545454545454546,Yes,0.9545454545454546
54018,54018,100,0,2,2,0.0,1.0,Yes,1.0
54019,54019,100,2,59,61,0.03278688524590164,0.9672131147540983,Yes,0.9672131147540983
54020,54020,100,13,109,122,0.10655737704918032,0.8934426229508197,Yes,0.8934426229508197
54021,54021,100,6,81,87,0.06896551724137931,0.9310344827586207,Yes,0.9310344827586207
54022,54022,100,3,52,55,0.05454545454545454,0.9454545454545454,Yes,0.9454545454545454
54023,54023,100,7,109,116,0.0603448275862069,0.9396551724137931,Yes,0.9396551724137931
54024,54024,100,2,41,43,0.046511627906976744,0.9534883720930233,Yes,0.9534883720930233
54025,54025,100,4,35,39,0.10256410256410256,0.8974358974358975,Yes,0.8974358974358975
54026,54026,100,0,9,9,0.0,1.0,Yes,1.0
54027,54027,100,4,67,71,0.056338028169014086,0.9436619718309859,Yes,0.9436619718309859
54028,54028,100,6,106,112,0.05357142857142857,0.9464285714285714,Yes,0.9464285714285714
54029,54029,100,7,59,66,0.10606060606060606,0.8939393939393939,Yes,0.8939393939393939
54030,54030,100,5,48,53,0.09433962264150944,0.9056603773584906,Yes,0.9056603773584906
54031,54031,100,0,12,12,0.0,1.0,Yes,1.0
54032,54032,100,7,33,40,0.175,0.825,Yes,0.825
54033,54033,100,8,44,52,0.15384615384615385,0.8461538461538461,Yes,0.8461538461538461
54034,54034,100,4,89,93,0.043010752688172046,0.956989247311828,Yes,0.956989247311828
54035,54035,100,4,57,61,0.06557377049180328,0.9344262295081968,Yes,0.9344262295081968
54036,54036,100,14,99,113,0.12389380530973451,0.8761061946902655,Yes,0.8761061946902655
54037,54037,100,3,120,123,0.024390243902439025,0.975609756097561,Yes,0.975609756097561
54038,54038,100,8,49,57,0.14035087719298245,0.8596491228070176,Yes,0.8596491228070176
54039,54039,100,9,105,114,0.07894736842105263,0.9210526315789473,Yes,0.9210526315789473
54040,54040,100,1,29,30,0.03333333333333333,0.9666666666666667,Yes,0.9666666666666667
54041,54041,100,11,120,131,0.08396946564885496,0.916030534351145,Yes,0.916030534351145
54042,54042,100,6,122,128,0.046875,0.953125,Yes,0.953125
54043,54043,100,7,91,98,0.07142857142857142,0.9285714285714286,Yes,0.9285714285714286
54044,54044,100,1,18,19,0.05263157894736842,0.9473684210526315,Yes,0.9473684210526315
54045,54045,100,11,119,130,0.08461538461538462,0.9153846153846154,Yes,0.9153846153846154
54046,54046,100,4,44,48,0.08333333333333333,0.9166666666666666,Yes,0.9166666666666666
54047,54047,100,7,44,51,0.13725490196078433,0.8627450980392157,Yes,0.8627450980392157
54048,54048,100,7,47,54,0.12962962962962962,0.8703703703703703,Yes,0.8703703703703703
54049,54049,100,7,92,99,0.0707070707070707,0.9292929292929293,Yes,0.9292929292929293
54050,54050,100,7,82,89,0.07865168539325842,0.9213483146067416,Yes,0.9213483146067416
54051,54051,100,9,103,112,0.08035714285714286,0.9196428571428571,Yes,0.9196428571428571
54052,54052,100,12,19,31,0.3870967741935484,0.6129032258064516,Yes,0.6129032258064516
54053,54053,100,7,21,28,0.25,0.75,Yes,0.75
54054,54054,100,13,106,119,0.1092436974789916,0.8907563025210085,Yes,0.8907563025210085
54055,54055,100,1,26,27,0.037037037037037035,0.9629629629629629,Yes,0.9629629629629629
54056,54056,100,0,24,24,0.0,1.0,Yes,1.0
54057,54057,100,6,32,38,0.15789473684210525,0.8421052631578947,Yes,0.8421052631578947
54058,54058,100,8,26,34,0.23529411764705882,0.7647058823529411,Yes,0.7647058823529411
54059,54059,100,2,36,38,0.05263157894736842,0.9473684210526315,Yes,0.9473684210526315
54060,54060,100,9,220,229,0.039301310043668124,0.9606986899563319,Yes,0.9606986899563319
54061,54061,100,6,100,106,0.05660377358490566,0.9433962264150944,Yes,0.9433962264150944
54062,54062,100,8,48,56,0.14285714285714285,0.8571428571428571,Yes,0.8571428571428571
54063,54063,100,12,54,66,0.18181818181818182,0.8181818181818182,Yes,0.8181818181818182
54064,54064,100,5,94,99,0.050505050505050504,0.9494949494949495,Yes,0.9494949494949495
54065,54065,100,2,68,70,0.02857142857142857,0.9714285714285714,Yes,0.9714285714285714
54066,54066,100,4,15,19,0.21052631578947367,0.7894736842105263,Yes,0.7894736842105263
54067,54067,100,4,57,61,0.06557377049180328,0.9344262295081968,Yes,0.9344262295081968
54068,54068,100,3,55,58,0.05172413793103448,0.9482758620689655,Yes,0.9482758620689655
54069,54069,100,6,61,67,0.08955223880597014,0.9104477611940298,Yes,0.9104477611940298
54070,54070,100,0,32,32,0.0,1.0,Yes,1.0
54071,54071,100,1,34,35,0.02857142857142857,0.9714285714285714,Yes,0.9714285714285714
54072,54072,100,0,6,6,0.0,1.0,Yes,1.0
54073,54073,100,9,112,121,0.0743801652892562,0.9256198347107438,Yes,0.9256198347107438
54074,54074,100,8,85,93,0.08602150537634409,0.9139784946236559,Yes,0.9139784946236559
54075,54075,100,1,14,15,0.06666666666666667,0.9333333333333333,Yes,0.9333333333333333
54076,54076,100,2,109,111,0.018018018018018018,0.9819819819819819,Yes,0.9819819819819819
54077,54077,100,7,55,62,0.11290322580645161,0.8870967741935484,Yes,0.8870967741935484
54078,54078,100,0,0,0,0,0,n/a,0
54079,54079,100,6,30,36,0.16666666666666666,0.8333333333333334,Yes,0.8333333333333334
55003,55003,100,1,27,28,0.03571428571428571,0.9642857142857143,Yes,0.9642857142857143
55001,55003,100,0,0,0,0,0,n/a,0
55002,55002,100,1,48,49,0.02040816326530612,0.9795918367346939,Yes,0.9795918367346939
55004,55004,100,11,169,180,0.06111111111111111,0.9388888888888889,Yes,0.9388888888888889
55005,55005,100,2,8,10,0.2,0.8,Yes,0.8
55006,55006,100,2,45,47,0.0425531914893617,0.9574468085106383,Yes,0.9574468085106383
55007,55007,100,9,57,66,0.13636363636363635,0.8636363636363636,Yes,0.8636363636363636
55008,55008,100,3,15,18,0.16666666666666666,0.8333333333333334,Yes,0.8333333333333334
55009,55009,100,7,113,120,0.058333333333333334,0.9416666666666667,Yes,0.9416666666666667
55010,55010,100,11,132,143,0.07692307692307693,0.9230769230769231,Yes,0.9230769230769231
55011,55011,100,6,90,96,0.0625,0.9375,Yes,0.9375
55012,55012,100,11,124,135,0.08148148148148149,0.9185185185185185,Yes,0.9185185185185185
55013,55013,100,0,6,6,0.0,1.0,Yes,1.0
55014,55014,100,16,95,111,0.14414414414414414,0.8558558558558559,Yes,0.8558558558558559
55015,55015,100,1,1,2,0.5,0.5,Tie,0.5
55016,55016,100,6,108,114,0.05263157894736842,0.9473684210526315,Yes,0.9473684210526315
55017,55017,100,3,69,72,0.041666666666666664,0.9583333333333334,Yes,0.9583333333333334
55018,55018,100,8,202,210,0.0380952380952381,0.9619047619047619,Yes,0.9619047619047619
55019,55019,100,13,156,169,0.07692307692307693,0.9230769230769231,Yes,0.9230769230769231
55020,55020,100,5,115,120,0.041666666666666664,0.9583333333333334,Yes,0.9583333333333334
55021,55021,100,3,106,109,0.027522935779816515,0.9724770642201835,Yes,0.9724770642201835
55022,55022,100,10,82,92,0.10869565217391304,0.8913043478260869,Yes,0.8913043478260869
55023,55023,100,10,138,148,0.06756756756756757,0.9324324324324325,Yes,0.9324324324324325
55024,55024,100,1,96,97,0.010309278350515464,0.9896907216494846,Yes,0.9896907216494846
55025,55025,100,5,102,107,0.04672897196261682,0.9532710280373832,Yes,0.9532710280373832
55026,55026,100,3,16,19,0.15789473684210525,0.8421052631578947,Yes,0.8421052631578947
55027,55027,100,4,49,53,0.07547169811320754,0.9245283018867925,Yes,0.9245283018867925
55028,55028,100,0,16,16,0.0,1.0,Yes,1.0
55029,55029,100,3,44,47,0.06382978723404255,0.9361702127659575,Yes,0.9361702127659575
55030,55030,100,2,43,45,0.044444444444444446,0.9555555555555556,Yes,0.9555555555555556
55031,55031,100,26,211,237,0.10970464135021098,0.890295358649789,Yes,0.890295358649789
55032,55032,100,0,59,59,0.0,1.0,Yes,1.0
55033,55033,100,1,59,60,0.016666666666666666,0.9833333333333333,Yes,0.9833333333333333
55034,55034,100,6,179,185,0.032432432432432434,0.9675675675675676,Yes,0.9675675675675676
55035,55035,100,3,35,38,0.07894736842105263,0.9210526315789473,Yes,0.9210526315789473
55036,55036,100,1,11,12,0.08333333333333333,0.9166666666666666,Yes,0.9166666666666666
55037,55037,100,3,29,32,0.09375,0.90625,Yes,0.90625
55038,55038,100,2,9,11,0.18181818181818182,0.8181818181818182,Yes,0.8181818181818182
55039,55039,100,0,0,0,0,0,n/a,0
55040,55040,100,2,11,13,0.15384615384615385,0.8461538461538461,Yes,0.8461538461538461
55041,55041,100,2,33,35,0.05714285714285714,0.9428571428571428,Yes,0.9428571428571428
55042,55040,100,0,0,0,0,0,n/a,0
55043,55041,100,0,0,0,0,0,n/a,0
55044,55044,100,1,1,2,0.5,0.5,Tie,0.5
55045,55045,100,5,75,80,0.0625,0.9375,Yes,0.9375
55046,55046,100,8,95,103,0.07766990291262135,0.9223300970873787,Yes,0.9223300970873787
55047,55047,100,0,45,45,0.0,1.0,Yes,1.0
55048,55048,100,9,108,117,0.07692307692307693,0.9230769230769231,Yes,0.9230769230769231
55049,55049,100,3,31,34,0.08823529411764706,0.9117647058823529,Yes,0.9117647058823529
55050,55050,100,2,17,19,0.10526315789473684,0.8947368421052632,Yes,0.8947368421052632
55051,55051,100,0,4,4,0.0,1.0,Yes,1.0
55052,55052,100,3,20,23,0.13043478260869565,0.8695652173913043,Yes,0.8695652173913043
55053,55053,100,2,15,17,0.11764705882352941,0.8823529411764706,Yes,0.8823529411764706
55054,55052,100,0,0,0,0,0,n/a,0
55055,55055,100,12,88,100,0.12,0.88,Yes,0.88
55056,55056,100,0,10,10,0.0,1.0,Yes,1.0
55057,55057,100,6,64,70,0.08571428571428572,0.9142857142857143,Yes,0.9142857142857143
55058,55058,100,3,63,66,0.045454545454545456,0.9545454545454546,Yes,0.9545454545454546
55059,55059,100,3,72,75,0.04,0.96,Yes,0.96
55060,55060,100,1,12,13,0.07692307692307693,0.9230769230769231,Yes,0.9230769230769231
55061,55061,100,0,0,0,0,0,n/a,0
55062,55062,100,1,92,93,0.010752688172043012,0.989247311827957,Yes,0.989247311827957
55063,55063,100,2,33,35,0.05714285714285714,0.9428571428571428,Yes,0.9428571428571428
55064,55064,100,4,52,56,0.07142857142857142,0.9285714285714286,Yes,0.9285714285714286
55065,55065,100,1,44,45,0.022222222222222223,0.9777777777777777,Yes,0.9777777777777777
55066,55066,100,7,83,90,0.07777777777777778,0.9222222222222223,Yes,0.9222222222222223
55067,55067,100,3,51,54,0.05555555555555555,0.9444444444444444,Yes,0.9444444444444444
55068,55068,100,2,56,58,0.034482758620689655,0.9655172413793104,Yes,0.9655172413793104
55069,55069,100,3,77,80,0.0375,0.9625,Yes,0.9625
55070,55070,100,2,32,34,0.058823529411764705,0.9411764705882353,Yes,0.9411764705882353
55071,55071,100,1,41,42,0.023809523809523808,0.9761904761904762,Yes,0.9761904761904762
55072,55072,100,4,73,77,0.05194805194805195,0.948051948051948,Yes,0.948051948051948
55073,55073,100,0,3,3,0.0,1.0,Yes,1.0
55074,55074,100,5,61,66,0.07575757575757576,0.9242424242424242,Yes,0.9242424242424242
55075,55075,100,1,49,50,0.02,0.98,Yes,0.98
55076,55076,100,2,54,56,0.03571428571428571,0.9642857142857143,Yes,0.9642857142857143
55077,55077,100,1,13,14,0.07142857142857142,0.9285714285714286,Yes,0.9285714285714286
55078,55078,100,10,128,138,0.07246376811594203,0.927536231884058,Yes,0.927536231884058
55079,55079,100,1,68,69,0.014492753623188406,0.9855072463768116,Yes,0.9855072463768116
55080,55080,100,8,51,59,0.13559322033898305,0.864406779661017,Yes,0.864406779661017
55081,55081,100,3,103,106,0.02830188679245283,0.9716981132075472,Yes,0.9716981132075472
55082,55082,100,5,50,55,0.09090909090909091,0.9090909090909091,Yes,0.9090909090909091
55083,55083,100,4,70,74,0.05405405405405406,0.9459459459459459,Yes,0.9459459459459459
55084,55084,100,12,127,139,0.08633093525179857,0.9136690647482014,Yes,0.9136690647482014
55085,55085,100,13,118,131,0.09923664122137404,0.9007633587786259,Yes,0.9007633587786259
55086,55086,100,1,44,45,0.022222222222222223,0.9777777777777777,Yes,0.9777777777777777
55087,55087,100,5,196,201,0.024875621890547265,0.9751243781094527,Yes,0.9751243781094527
55088,55088,100,2,104,106,0.018867924528301886,0.9811320754716981,Yes,0.9811320754716981
55089,55089,100,4,192,196,0.02040816326530612,0.9795918367346939,Yes,0.9795918367346939
55090,55090,100,2,88,90,0.022222222222222223,0.9777777777777777,Yes,0.9777777777777777
55091,55091,100,2,91,93,0.021505376344086023,0.978494623655914,Yes,0.978494623655914
55092,55092,100,10,80,90,0.1111111111111111,0.8888888888888888,Yes,0.8888888888888888
55093,55093,100,5,69,74,0.06756756756756757,0.9324324324324325,Yes,0.9324324324324325
55094,55094,100,9,133,142,0.06338028169014084,0.9366197183098591,Yes,0.9366197183098591
55095,55095,100,3,37,40,0.075,0.925,Yes,0.925
55096,55096,100,3,39,42,0.07142857142857142,0.9285714285714286,Yes,0.9285714285714286
55097,55097,100,7,112,119,0.058823529411764705,0.9411764705882353,Yes,0.9411764705882353
55098,55098,100,0,9,9,0.0,1.0,Yes,1.0
55099,55099,100,4,99,103,0.038834951456310676,0.9611650485436893,Yes,0.9611650485436893
55100,55100,100,4,79,83,0.04819277108433735,0.9518072289156626,Yes,0.9518072289156626
55101,55101,100,7,116,123,0.056910569105691054,0.943089430894309,Yes,0.943089430894309
55102,55102,100,1,47,48,0.020833333333333332,0.9791666666666666,Yes,0.9791666666666666
55103,55103,100,7,78,85,0.08235294117647059,0.9176470588235294,Yes,0.9176470588235294
55104,55104,100,11,106,117,0.09401709401709402,0.905982905982906,Yes,0.905982905982906
55105,55105,100,1,13,14,0.07142857142857142,0.9285714285714286,Yes,0.9285714285714286
55106,55106,100,0,0,0,0,0,n/a,0
55107,55107,100,0,0,0,0,0,n/a,0
55108,55108,100,0,0,0,0,0,n/a,0
56001,56001,100,7,76,83,0.08433734939759036,0.9156626506024096,Yes,0.9156626506024096
56002,56002,100,1,42,43,0.023255813953488372,0.9767441860465116,Yes,0.9767441860465116
56003,56003,100,0,45,45,0.0,1.0,Yes,1.0
56004,56004,100,2,41,43,0.046511627906976744,0.9534883720930233,Yes,0.9534883720930233
56005,56005,100,6,98,104,0.057692307692307696,0.9423076923076923,Yes,0.9423076923076923
56006,56006,100,3,89,92,0.03260869565217391,0.967391304347826,Yes,0.967391304347826
56007,56007,100,4,56,60,0.06666666666666667,0.9333333333333333,Yes,0.9333333333333333
56008,56008,100,2,63,65,0.03076923076923077,0.9692307692307692,Yes,0.9692307692307692
56009,56009,100,0,45,45,0.0,1.0,Yes,1.0
56010,56010,100,9,96,105,0.08571428571428572,0.9142857142857143,Yes,0.9142857142857143
56011,56011,100,10,85,95,0.10526315789473684,0.8947368421052632,Yes,0.8947368421052632
56012,56012,100,13,129,142,0.09154929577464789,0.9084507042253521,Yes,0.9084507042253521
56013,56013,100,5,101,106,0.04716981132075472,0.9528301886792453,Yes,0.9528301886792453
56014,56014,100,15,135,150,0.1,0.9,Yes,0.9
56015,56015,100,10,131,141,0.07092198581560284,0.9290780141843972,Yes,0.9290780141843972
56016,56016,100,34,173,207,0.1642512077294686,0.8357487922705314,Yes,0.8357487922705314
56017,56017,100,5,91,96,0.052083333333333336,0.9479166666666666,Yes,0.9479166666666666
56018,56018,100,22,137,159,0.13836477987421383,0.8616352201257862,Yes,0.8616352201257862
56019,56019,100,17,141,158,0.10759493670886076,0.8924050632911392,Yes,0.8924050632911392
56020,56020,100,10,61,71,0.14084507042253522,0.8591549295774648,Yes,0.8591549295774648
56021,56021,100,10,143,153,0.06535947712418301,0.934640522875817,Yes,0.934640522875817
56022,56022,100,9,194,203,0.04433497536945813,0.9556650246305419,Yes,0.9556650246305419
56023,56023,100,15,151,166,0.09036144578313253,0.9096385542168675,Yes,0.9096385542168675
56024,56024,100,10,110,120,0.08333333333333333,0.9166666666666666,Yes,0.9166666666666666
56025,56025,100,9,112,121,0.0743801652892562,0.9256198347107438,Yes,0.9256198347107438
56026,56026,100,11,118,129,0.08527131782945736,0.9147286821705426,Yes,0.9147286821705426
56027,56027,100,14,150,164,0.08536585365853659,0.9146341463414634,Yes,0.9146341463414634
56028,56028,100,8,162,170,0.047058823529411764,0.9529411764705882,Yes,0.9529411764705882
56029,56029,100,4,76,80,0.05,0.95,Yes,0.95
56030,56030,100,9,105,114,0.07894736842105263,0.9210526315789473,Yes,0.9210526315789473
56031,56031,100,12,81,93,0.12903225806451613,0.8709677419354839,Yes,0.8709677419354839
56032,56032,100,8,131,139,0.05755395683453238,0.9424460431654677,Yes,0.9424460431654677
56033,56033,100,24,163,187,0.12834224598930483,0.8716577540106952,Yes,0.8716577540106952
56034,56034,100,10,128,138,0.07246376811594203,0.927536231884058,Yes,0.927536231884058
56035,56035,100,20,202,222,0.09009009009009009,0.9099099099099099,Yes,0.9099099099099099
56036,56036,100,21,151,172,0.12209302325581395,0.877906976744186,Yes,0.877906976744186
56037,56037,100,19,204,223,0.08520179372197309,0.9147982062780269,Yes,0.9147982062780269
56038,56038,100,24,196,220,0.10909090909090909,0.8909090909090909,Yes,0.8909090909090909
56039,56039,100,23,174,197,0.116751269035533,0.883248730964467,Yes,0.883248730964467
56040,56040,100,20,214,234,0.08547008547008547,0.9145299145299145,Yes,0.9145299145299145
56041,56041,100,12,134,146,0.0821917808219178,0.9178082191780822,Yes,0.9178082191780822
56042,56042,100,12,208,220,0.05454545454545454,0.9454545454545454,Yes,0.9454545454545454
56043,56043,100,31,211,242,0.128099173553719,0.871900826446281,Yes,0.871900826446281
56044,56044,100,21,168,189,0.1111111111111111,0.8888888888888888,Yes,0.8888888888888888
56045,56045,100,15,157,172,0.0872093023255814,0.9127906976744186,Yes,0.9127906976744186
56046,56046,100,17,173,190,0.08947368421052632,0.9105263157894737,Yes,0.9105263157894737
56047,56047,100,27,168,195,0.13846153846153847,0.8615384615384616,Yes,0.8615384615384616
56048,56048,100,22,157,179,0.12290502793296089,0.8770949720670391,Yes,0.8770949720670391
56049,56049,100,28,222,250,0.112,0.888,Yes,0.888
56050,56050,100,21,251,272,0.07720588235294118,0.9227941176470589,Yes,0.9227941176470589
56051,56051,100,15,142,157,0.09554140127388536,0.9044585987261147,Yes,0.9044585987261147
56052,56052,100,16,214,230,0.06956521739130435,0.9304347826086956,Yes,0.9304347826086956
56053,56053,100,15,184,199,0.07537688442211055,0.9246231155778895,Yes,0.9246231155778895
56054,56054,100,20,117,137,0.145985401459854,0.8540145985401459,Yes,0.8540145985401459
56055,56055,100,22,252,274,0.08029197080291971,0.9197080291970803,Yes,0.9197080291970803
56056,56056,100,14,105,119,0.11764705882352941,0.8823529411764706,Yes,0.8823529411764706
56057,56057,100,16,96,112,0.14285714285714285,0.8571428571428571,Yes,0.8571428571428571
56058,56058,100,28,172,200,0.14,0.86,Yes,0.86
56059,56059,100,11,110,121,0.09090909090909091,0.9090909090909091,Yes,0.9090909090909091
56060,56060,100,6,16,22,0.2727272727272727,0.7272727272727273,Yes,0.7272727272727273
56061,56061,100,4,79,83,0.04819277108433735,0.9518072289156626,Yes,0.9518072289156626
56062,56062,100,45,109,154,0.2922077922077922,0.7077922077922078,Yes,0.7077922077922078
56063,56063,100,5,72,77,0.06493506493506493,0.935064935064935,Yes,0.935064935064935
56064,56064,100,6,185,191,0.031413612565445025,0.9685863874345549,Yes,0.9685863874345549
56065,56065,100,4,65,69,0.057971014492753624,0.9420289855072463,Yes,0.9420289855072463
56066,56066,100,7,14,21,0.3333333333333333,0.6666666666666666,Yes,0.6666666666666666
56067,56067,100,6,51,57,0.10526315789473684,0.8947368421052632,Yes,0.8947368421052632
56068,56068,100,11,72,83,0.13253012048192772,0.8674698795180723,Yes,0.8674698795180723
56069,56069,100,22,137,159,0.13836477987421383,0.8616352201257862,Yes,0.8616352201257862
56070,56070,100,11,90,101,0.10891089108910891,0.8910891089108911,Yes,0.8910891089108911
56071,56071,100,7,116,123,0.056910569105691054,0.943089430894309,Yes,0.943089430894309
56072,56072,100,25,270,295,0.0847457627118644,0.9152542372881356,Yes,0.9152542372881356
56073,56073,100,8,74,82,0.0975609756097561,0.9024390243902439,Yes,0.9024390243902439
56074,56074,100,12,77,89,0.1348314606741573,0.8651685393258427,Yes,0.8651685393258427
56075,56075,100,7,75,82,0.08536585365853659,0.9146341463414634,Yes,0.9146341463414634
56076,56076,100,14,55,69,0.2028985507246377,0.7971014492753623,Yes,0.7971014492753623
56077,56077,100,10,143,153,0.06535947712418301,0.934640522875817,Yes,0.934640522875817
56078,56078,100,14,84,98,0.14285714285714285,0.8571428571428571,Yes,0.8571428571428571
56079,56079,100,8,117,125,0.064,0.936,Yes,0.936
56080,56080,100,8,96,104,0.07692307692307693,0.9230769230769231,Yes,0.9230769230769231
56081,56081,100,0,0,0,0,0,n/a,0
56082,56082,100,14,112,126,0.1111111111111111,0.8888888888888888,Yes,0.8888888888888888
57001,57001,100,10,40,50,0.2,0.8,Yes,0.8
57002,57002,100,5,65,70,0.07142857142857142,0.9285714285714286,Yes,0.9285714285714286
57003,57003,100,10,118,128,0.078125,0.921875,Yes,0.921875
57004,57004,100,10,59,69,0.14492753623188406,0.855072463768116,Yes,0.855072463768116
57005,57005,100,2,23,25,0.08,0.92,Yes,0.92
57006,57006,100,5,53,58,0.08620689655172414,0.9137931034482759,Yes,0.9137931034482759
57007,57007,100,3,61,64,0.046875,0.953125,Yes,0.953125
57008,57008,100,13,67,80,0.1625,0.8375,Yes,0.8375
57009,57009,100,14,126,140,0.1,0.9,Yes,0.9
57010,57010,100,41,166,207,0.19806763285024154,0.8019323671497585,Yes,0.8019323671497585
57011,57011,100,23,181,204,0.11274509803921569,0.8872549019607843,Yes,0.8872549019607843
57012,57012,100,10,88,98,0.10204081632653061,0.8979591836734694,Yes,0.8979591836734694
57013,57013,100,6,32,38,0.15789473684210525,0.8421052631578947,Yes,0.8421052631578947
57014,57014,100,20,96,116,0.1724137931034483,0.8275862068965517,Yes,0.8275862068965517
57015,57015,100,28,182,210,0.13333333333333333,0.8666666666666667,Yes,0.8666666666666667
57016,57016,100,32,235,267,0.1198501872659176,0.8801498127340824,Yes,0.8801498127340824
57017,57017,100,30,303,333,0.09009009009009009,0.9099099099099099,Yes,0.9099099099099099
57018,57018,100,52,326,378,0.13756613756613756,0.8624338624338624,Yes,0.8624338624338624
57019,57019,100,5,26,31,0.16129032258064516,0.8387096774193549,Yes,0.8387096774193549
57020,57019,100,0,0,0,0,0,n/a,0
57021,57021,100,23,143,166,0.13855421686746988,0.8614457831325302,Yes,0.8614457831325302
57022,57022,100,17,155,172,0.09883720930232558,0.9011627906976745,Yes,0.9011627906976745
57023,57023,100,5,41,46,0.10869565217391304,0.8913043478260869,Yes,0.8913043478260869
57024,57024,100,32,207,239,0.13389121338912133,0.8661087866108786,Yes,0.8661087866108786
57025,57025,100,43,181,224,0.19196428571428573,0.8080357142857143,Yes,0.8080357142857143
57026,57026,100,39,250,289,0.13494809688581316,0.8650519031141869,Yes,0.8650519031141869
57027,57027,100,26,171,197,0.1319796954314721,0.868020304568528,Yes,0.868020304568528
57028,57028,100,39,147,186,0.20967741935483872,0.7903225806451613,Yes,0.7903225806451613
57029,57029,100,43,180,223,0.19282511210762332,0.8071748878923767,Yes,0.8071748878923767
57030,57030,100,30,217,247,0.1214574898785425,0.8785425101214575,Yes,0.8785425101214575
57031,57031,100,33,331,364,0.09065934065934066,0.9093406593406593,Yes,0.9093406593406593
57032,57032,100,5,90,95,0.05263157894736842,0.9473684210526315,Yes,0.9473684210526315
57033,57033,100,9,170,179,0.05027932960893855,0.9497206703910615,Yes,0.9497206703910615
57034,57034,100,43,300,343,0.12536443148688048,0.8746355685131195,Yes,0.8746355685131195
57035,57035,100,52,200,252,0.20634920634920634,0.7936507936507936,Yes,0.7936507936507936
57036,57036,100,28,184,212,0.1320754716981132,0.8679245283018868,Yes,0.8679245283018868
57037,57037,100,21,163,184,0.11413043478260869,0.8858695652173914,Yes,0.8858695652173914
57038,57038,100,40,218,258,0.15503875968992248,0.8449612403100775,Yes,0.8449612403100775
57039,57039,100,32,252,284,0.11267605633802817,0.8873239436619719,Yes,0.8873239436619719
57040,57040,100,45,220,265,0.16981132075471697,0.8301886792452831,Yes,0.8301886792452831
57041,57041,100,14,212,226,0.061946902654867256,0.9380530973451328,Yes,0.9380530973451328
57042,57042,100,39,202,241,0.16182572614107885,0.8381742738589212,Yes,0.8381742738589212
57043,57043,100,48,222,270,0.17777777777777778,0.8222222222222222,Yes,0.8222222222222222
57044,57044,100,21,238,259,0.08108108108108109,0.918918918918919,Yes,0.918918918918919
57045,57045,100,15,193,208,0.07211538461538461,0.9278846153846154,Yes,0.9278846153846154
57046,57046,100,4,63,67,0.05970149253731343,0.9402985074626866,Yes,0.9402985074626866
57047,57047,100,42,192,234,0.1794871794871795,0.8205128205128205,Yes,0.8205128205128205
57048,57048,100,32,203,235,0.13617021276595745,0.8638297872340426,Yes,0.8638297872340426
57049,57049,100,22,100,122,0.18032786885245902,0.819672131147541,Yes,0.819672131147541
57050,57050,100,38,219,257,0.14785992217898833,0.8521400778210116,Yes,0.8521400778210116
57051,57051,100,19,189,208,0.09134615384615384,0.9086538461538461,Yes,0.9086538461538461
57052,57052,100,22,135,157,0.14012738853503184,0.8598726114649682,Yes,0.8598726114649682
57053,57053,100,16,251,267,0.0599250936329588,0.9400749063670412,Yes,0.9400749063670412
57054,57054,100,13,137,150,0.08666666666666667,0.9133333333333333,Yes,0.9133333333333333
57055,57055,100,22,221,243,0.09053497942386832,0.9094650205761317,Yes,0.9094650205761317
57056,57056,100,27,212,239,0.11297071129707113,0.8870292887029289,Yes,0.8870292887029289
57057,57057,100,23,185,208,0.11057692307692307,0.8894230769230769,Yes,0.8894230769230769
57058,57058,100,10,98,108,0.09259259259259259,0.9074074074074074,Yes,0.9074074074074074
57059,57059,100,10,71,81,0.12345679012345678,0.8765432098765432,Yes,0.8765432098765432
57060,57060,100,22,147,169,0.1301775147928994,0.8698224852071006,Yes,0.8698224852071006
57061,57061,100,14,98,112,0.125,0.875,Yes,0.875
57062,57062,100,2,8,10,0.2,0.8,Yes,0.8
57063,57063,100,47,182,229,0.2052401746724891,0.7947598253275109,Yes,0.7947598253275109
57064,57064,100,41,179,220,0.18636363636363637,0.8136363636363636,Yes,0.8136363636363636
57065,57065,100,48,299,347,0.138328530259366,0.861671469740634,Yes,0.861671469740634
57066,57066,100,27,137,164,0.16463414634146342,0.8353658536585366,Yes,0.8353658536585366
57067,57067,100,21,130,151,0.1390728476821192,0.8609271523178808,Yes,0.8609271523178808
57068,57068,100,27,191,218,0.12385321100917432,0.8761467889908257,Yes,0.8761467889908257
57069,57069,100,21,157,178,0.11797752808988764,0.8820224719101124,Yes,0.8820224719101124
57070,57070,100,41,186,227,0.18061674008810572,0.8193832599118943,Yes,0.8193832599118943
57071,57071,100,22,139,161,0.13664596273291926,0.8633540372670807,Yes,0.8633540372670807
57072,57072,100,32,222,254,0.12598425196850394,0.8740157480314961,Yes,0.8740157480314961
57073,57073,100,21,115,136,0.15441176470588236,0.8455882352941176,Yes,0.8455882352941176
57074,57074,100,41,166,207,0.19806763285024154,0.8019323671497585,Yes,0.8019323671497585
57075,57075,100,30,173,203,0.1477832512315271,0.8522167487684729,Yes,0.8522167487684729
57076,57076,100,47,232,279,0.16845878136200718,0.8315412186379928,Yes,0.8315412186379928
57077,57077,100,17,86,103,0.1650485436893204,0.8349514563106796,Yes,0.8349514563106796
57078,57078,100,43,228,271,0.15867158671586715,0.8413284132841329,Yes,0.8413284132841329
57079,57079,100,31,143,174,0.1781609195402299,0.8218390804597702,Yes,0.8218390804597702
57080,57080,100,42,236,278,0.1510791366906475,0.8489208633093526,Yes,0.8489208633093526
57081,57081,100,32,171,203,0.15763546798029557,0.8423645320197044,Yes,0.8423645320197044
57082,57082,100,8,54,62,0.12903225806451613,0.8709677419354839,Yes,0.8709677419354839
57083,57083,100,14,76,90,0.15555555555555556,0.8444444444444444,Yes,0.8444444444444444
57084,57084,100,7,67,74,0.0945945945945946,0.9054054054054054,Yes,0.9054054054054054
57085,57085,100,22,205,227,0.09691629955947137,0.9030837004405287,Yes,0.9030837004405287
57086,57086,100,30,210,240,0.125,0.875,Yes,0.875
57087,57087,100,2,58,60,0.03333333333333333,0.9666666666666667,Yes,0.9666666666666667
57088,57088,100,17,110,127,0.13385826771653545,0.8661417322834646,Yes,0.8661417322834646
57089,57089,100,17,201,218,0.0779816513761468,0.9220183486238532,Yes,0.9220183486238532
57090,57090,100,13,188,201,0.06467661691542288,0.9353233830845771,Yes,0.9353233830845771
57091,57091,100,8,143,151,0.052980132450331126,0.9470198675496688,Yes,0.9470198675496688
57092,57092,100,18,93,111,0.16216216216216217,0.8378378378378378,Yes,0.8378378378378378
57093,57093,100,2,126,128,0.015625,0.984375,Yes,0.984375
57094,57094,100,22,179,201,0.10945273631840796,0.8905472636815921,Yes,0.8905472636815921
57095,57095,100,22,124,146,0.1506849315068493,0.8493150684931506,Yes,0.8493150684931506
57096,57096,100,0,0,0,0,0,n/a,0
58001,58001,100,6,114,120,0.05,0.95,Yes,0.95
58002,58002,100,9,158,167,0.05389221556886228,0.9461077844311377,Yes,0.9461077844311377
58003,58003,100,7,121,128,0.0546875,0.9453125,Yes,0.9453125
58004,58004,100,8,111,119,0.06722689075630252,0.9327731092436975,Yes,0.9327731092436975
58005,58005,100,4,57,61,0.06557377049180328,0.9344262295081968,Yes,0.9344262295081968
58006,58006,100,1,113,114,0.008771929824561403,0.9912280701754386,Yes,0.9912280701754386
58007,58007,100,2,33,35,0.05714285714285714,0.9428571428571428,Yes,0.9428571428571428
58008,58008,100,7,171,178,0.03932584269662921,0.9606741573033708,Yes,0.9606741573033708
58009,58009,100,10,181,191,0.05235602094240838,0.9476439790575916,Yes,0.9476439790575916
58010,58010,100,6,149,155,0.03870967741935484,0.9612903225806452,Yes,0.9612903225806452
58011,58011,100,6,121,127,0.047244094488188976,0.952755905511811,Yes,0.952755905511811
58012,58012,100,7,95,102,0.06862745098039216,0.9313725490196079,Yes,0.9313725490196079
58013,58013,100,5,48,53,0.09433962264150944,0.9056603773584906,Yes,0.9056603773584906
58014,58014,100,4,66,70,0.05714285714285714,0.9428571428571428,Yes,0.9428571428571428
58015,58015,100,6,85,91,0.06593406593406594,0.9340659340659341,Yes,0.9340659340659341
58016,58016,100,5,64,69,0.07246376811594203,0.927536231884058,Yes,0.927536231884058
58017,58017,100,2,120,122,0.01639344262295082,0.9836065573770492,Yes,0.9836065573770492
58018,58018,100,11,166,177,0.062146892655367235,0.9378531073446328,Yes,0.9378531073446328
58019,58019,100,13,210,223,0.05829596412556054,0.9417040358744395,Yes,0.9417040358744395
58020,58020,100,8,174,182,0.04395604395604396,0.9560439560439561,Yes,0.9560439560439561
58021,58021,100,14,122,136,0.10294117647058823,0.8970588235294118,Yes,0.8970588235294118
58022,58022,100,3,83,86,0.03488372093023256,0.9651162790697675,Yes,0.9651162790697675
58023,58023,100,3,154,157,0.01910828025477707,0.9808917197452229,Yes,0.9808917197452229
58024,58024,100,9,192,201,0.04477611940298507,0.9552238805970149,Yes,0.9552238805970149
58025,58025,100,18,155,173,0.10404624277456648,0.8959537572254336,Yes,0.8959537572254336
58026,58026,100,16,187,203,0.07881773399014778,0.9211822660098522,Yes,0.9211822660098522
58027,58027,100,10,107,117,0.08547008547008547,0.9145299145299145,Yes,0.9145299145299145
58028,58028,100,6,104,110,0.05454545454545454,0.9454545454545454,Yes,0.9454545454545454
58029,58029,100,2,86,88,0.022727272727272728,0.9772727272727273,Yes,0.9772727272727273
58030,58030,100,32,204,236,0.13559322033898305,0.864406779661017,Yes,0.864406779661017
58031,58031,100,9,127,136,0.0661764705882353,0.9338235294117647,Yes,0.9338235294117647
58032,58032,100,6,107,113,0.05309734513274336,0.9469026548672567,Yes,0.9469026548672567
58033,58033,100,6,240,246,0.024390243902439025,0.975609756097561,Yes,0.975609756097561
58034,58034,100,10,160,170,0.058823529411764705,0.9411764705882353,Yes,0.9411764705882353
58035,58035,100,10,100,110,0.09090909090909091,0.9090909090909091,Yes,0.9090909090909091
58036,58036,100,3,83,86,0.03488372093023256,0.9651162790697675,Yes,0.9651162790697675
58037,58037,100,16,190,206,0.07766990291262135,0.9223300970873787,Yes,0.9223300970873787
58038,58038,100,11,175,186,0.05913978494623656,0.9408602150537635,Yes,0.9408602150537635
58039,58039,100,4,202,206,0.019417475728155338,0.9805825242718447,Yes,0.9805825242718447
58040,58040,100,10,86,96,0.10416666666666667,0.8958333333333334,Yes,0.8958333333333334
58041,58041,100,16,153,169,0.09467455621301775,0.9053254437869822,Yes,0.9053254437869822
58042,58042,100,3,42,45,0.06666666666666667,0.9333333333333333,Yes,0.9333333333333333
58043,58043,100,8,145,153,0.05228758169934641,0.9477124183006536,Yes,0.9477124183006536
58044,58044,100,3,46,49,0.061224489795918366,0.9387755102040817,Yes,0.9387755102040817
58045,58045,100,7,112,119,0.058823529411764705,0.9411764705882353,Yes,0.9411764705882353
58046,58046,100,4,73,77,0.05194805194805195,0.948051948051948,Yes,0.948051948051948
58047,58047,100,4,105,109,0.03669724770642202,0.963302752293578,Yes,0.963302752293578
58048,58048,100,3,109,112,0.026785714285714284,0.9732142857142857,Yes,0.9732142857142857
58049,58049,100,11,142,153,0.0718954248366013,0.9281045751633987,Yes,0.9281045751633987
58050,58050,100,4,162,166,0.024096385542168676,0.9759036144578314,Yes,0.9759036144578314
58051,58051,100,2,102,104,0.019230769230769232,0.9807692307692307,Yes,0.9807692307692307
58052,58052,100,4,155,159,0.025157232704402517,0.9748427672955975,Yes,0.9748427672955975
58053,58053,100,1,26,27,0.037037037037037035,0.9629629629629629,Yes,0.9629629629629629
58054,58054,100,2,91,93,0.021505376344086023,0.978494623655914,Yes,0.978494623655914
58055,58055,100,5,113,118,0.0423728813559322,0.9576271186440678,Yes,0.9576271186440678
58056,58056,100,1,53,54,0.018518518518518517,0.9814814814814815,Yes,0.9814814814814815
58057,58057,100,2,101,103,0.019417475728155338,0.9805825242718447,Yes,0.9805825242718447
58058,58058,100,5,28,33,0.15151515151515152,0.8484848484848485,Yes,0.8484848484848485
58059,58059,100,24,140,164,0.14634146341463414,0.8536585365853658,Yes,0.8536585365853658
58060,58060,100,19,114,133,0.14285714285714285,0.8571428571428571,Yes,0.8571428571428571
58061,58061,100,12,154,166,0.07228915662650602,0.927710843373494,Yes,0.927710843373494
58062,58062,100,9,112,121,0.0743801652892562,0.9256198347107438,Yes,0.9256198347107438
58063,58063,100,2,59,61,0.03278688524590164,0.9672131147540983,Yes,0.9672131147540983
58064,58064,100,8,127,135,0.05925925925925926,0.9407407407407408,Yes,0.9407407407407408
58065,58065,100,9,65,74,0.12162162162162163,0.8783783783783784,Yes,0.8783783783783784
58066,58066,100,4,78,82,0.04878048780487805,0.9512195121951219,Yes,0.9512195121951219
58067,58067,100,13,229,242,0.05371900826446281,0.9462809917355371,Yes,0.9462809917355371
58068,58068,100,16,176,192,0.08333333333333333,0.9166666666666666,Yes,0.9166666666666666
58069,58069,100,1,40,41,0.024390243902439025,0.975609756097561,Yes,0.975609756097561
58070,58070,100,9,172,181,0.049723756906077346,0.9502762430939227,Yes,0.9502762430939227
58071,58071,100,6,92,98,0.061224489795918366,0.9387755102040817,Yes,0.9387755102040817
58072,58072,100,1,63,64,0.015625,0.984375,Yes,0.984375
58073,58073,100,0,46,46,0.0,1.0,Yes,1.0
58074,58074,100,12,148,160,0.075,0.925,Yes,0.925
58075,58075,100,6,171,177,0.03389830508474576,0.9661016949152542,Yes,0.9661016949152542
58076,58076,100,8,63,71,0.11267605633802817,0.8873239436619719,Yes,0.8873239436619719
58077,58077,100,13,148,161,0.08074534161490683,0.9192546583850931,Yes,0.9192546583850931
58078,58078,100,17,162,179,0.09497206703910614,0.9050279329608939,Yes,0.9050279329608939
58079,58079,100,11,76,87,0.12643678160919541,0.8735632183908046,Yes,0.8735632183908046
59001,59001,100,6,84,90,0.06666666666666667,0.9333333333333333,Yes,0.9333333333333333
59002,59002,100,1,51,52,0.019230769230769232,0.9807692307692307,Yes,0.9807692307692307
59003,59003,100,6,69,75,0.08,0.92,Yes,0.92
59004,59004,100,3,58,61,0.04918032786885246,0.9508196721311475,Yes,0.9508196721311475
59005,59005,100,6,100,106,0.05660377358490566,0.9433962264150944,Yes,0.9433962264150944
59006,59006,100,8,96,104,0.07692307692307693,0.9230769230769231,Yes,0.9230769230769231
59007,59007,100,6,135,141,0.0425531914893617,0.9574468085106383,Yes,0.9574468085106383
59008,59008,100,8,138,146,0.0547945205479452,0.9452054794520548,Yes,0.9452054794520548
59009,59009,100,0,0,0,0,0,n/a,0
59010,59010,100,6,50,56,0.10714285714285714,0.8928571428571429,Yes,0.8928571428571429
59011,59011,100,10,106,116,0.08620689655172414,0.9137931034482759,Yes,0.9137931034482759
59012,59012,100,12,156,168,0.07142857142857142,0.9285714285714286,Yes,0.9285714285714286
59013,59013,100,7,79,86,0.08139534883720931,0.9186046511627907,Yes,0.9186046511627907
59014,59014,100,7,79,86,0.08139534883720931,0.9186046511627907,Yes,0.9186046511627907
59015,59015,100,7,100,107,0.06542056074766354,0.9345794392523364,Yes,0.9345794392523364
59016,59016,100,11,78,89,0.12359550561797752,0.8764044943820225,Yes,0.8764044943820225
59017,59017,100,16,213,229,0.06986899563318777,0.9301310043668122,Yes,0.9301310043668122
59018,59018,100,11,118,129,0.08527131782945736,0.9147286821705426,Yes,0.9147286821705426
59019,59019,100,4,54,58,0.06896551724137931,0.9310344827586207,Yes,0.9310344827586207
59020,59020,100,7,118,125,0.056,0.944,Yes,0.944
59021,59021,100,14,74,88,0.1590909090909091,0.8409090909090909,Yes,0.8409090909090909
59022,59022,100,16,117,133,0.12030075187969924,0.8796992481203008,Yes,0.8796992481203008
59023,59023,100,10,76,86,0.11627906976744186,0.8837209302325582,Yes,0.8837209302325582
59024,59024,100,15,156,171,0.08771929824561403,0.9122807017543859,Yes,0.9122807017543859
59025,59025,100,15,152,167,0.08982035928143713,0.9101796407185628,Yes,0.9101796407185628
59026,59026,100,35,227,262,0.13358778625954199,0.8664122137404581,Yes,0.8664122137404581
59027,59027,100,17,129,146,0.11643835616438356,0.8835616438356164,Yes,0.8835616438356164
59028,59028,100,38,78,116,0.3275862068965517,0.6724137931034483,Yes,0.6724137931034483
59029,59029,100,18,89,107,0.16822429906542055,0.8317757009345794,Yes,0.8317757009345794
59030,59030,100,20,114,134,0.14925373134328357,0.8507462686567164,Yes,0.8507462686567164
59031,59031,100,35,139,174,0.20114942528735633,0.7988505747126436,Yes,0.7988505747126436
59032,59032,100,19,113,132,0.14393939393939395,0.8560606060606061,Yes,0.8560606060606061
59033,59033,100,81,109,190,0.4263157894736842,0.5736842105263158,Yes,0.5736842105263158
59034,59034,100,70,112,182,0.38461538461538464,0.6153846153846154,Yes,0.6153846153846154
59035,59035,100,114,138,252,0.4523809523809524,0.5476190476190477,Yes,0.5476190476190477
59036,59036,100,71,107,178,0.398876404494382,0.601123595505618,Yes,0.601123595505618
59037,59037,100,78,130,208,0.375,0.625,Yes,0.625
59038,59038,100,101,153,254,0.39763779527559057,0.6023622047244095,Yes,0.6023622047244095
59039,59039,100,62,91,153,0.40522875816993464,0.5947712418300654,Yes,0.5947712418300654
59040,59040,100,115,177,292,0.3938356164383562,0.6061643835616438,Yes,0.6061643835616438
59041,59041,100,8,40,48,0.16666666666666666,0.8333333333333334,Yes,0.8333333333333334
59042,59042,100,83,104,187,0.44385026737967914,0.5561497326203209,Yes,0.5561497326203209
59043,59043,100,30,60,90,0.3333333333333333,0.6666666666666666,Yes,0.6666666666666666
59044,59044,100,92,145,237,0.3881856540084388,0.6118143459915611,Yes,0.6118143459915611
59045,59045,100,47,87,134,0.35074626865671643,0.6492537313432836,Yes,0.6492537313432836
59046,59046,100,2,1,3,0.6666666666666666,0.3333333333333333,No,0.6666666666666666
59047,59047,100,7,61,68,0.10294117647058823,0.8970588235294118,Yes,0.8970588235294118
59048,59048,100,4,7,11,0.36363636363636365,0.6363636363636364,Yes,0.6363636363636364
59049,59049,100,13,146,159,0.08176100628930817,0.9182389937106918,Yes,0.9182389937106918
59050,59050,100,35,105,140,0.25,0.75,Yes,0.75
59051,59051,100,67,133,200,0.335,0.665,Yes,0.665
59052,59052,100,93,129,222,0.4189189189189189,0.581081081081081,Yes,0.581081081081081
59053,59053,100,54,95,149,0.3624161073825503,0.6375838926174496,Yes,0.6375838926174496
59054,59054,100,42,67,109,0.3853211009174312,0.6146788990825688,Yes,0.6146788990825688
59055,59055,100,39,93,132,0.29545454545454547,0.7045454545454546,Yes,0.7045454545454546
59056,59056,100,22,127,149,0.1476510067114094,0.8523489932885906,Yes,0.8523489932885906
59057,59057,100,38,136,174,0.21839080459770116,0.7816091954022989,Yes,0.7816091954022989
59058,59058,100,37,122,159,0.23270440251572327,0.7672955974842768,Yes,0.7672955974842768
59059,59059,100,59,86,145,0.4068965517241379,0.593103448275862,Yes,0.593103448275862
59060,59060,100,43,83,126,0.3412698412698413,0.6587301587301587,Yes,0.6587301587301587
59061,59061,100,48,89,137,0.35036496350364965,0.6496350364963503,Yes,0.6496350364963503
59062,59062,100,38,66,104,0.36538461538461536,0.6346153846153846,Yes,0.6346153846153846
59063,59063,100,9,33,42,0.21428571428571427,0.7857142857142857,Yes,0.7857142857142857
59064,59064,100,16,190,206,0.07766990291262135,0.9223300970873787,Yes,0.9223300970873787
59065,59065,100,20,183,203,0.09852216748768473,0.9014778325123153,Yes,0.9014778325123153
59066,59066,100,5,65,70,0.07142857142857142,0.9285714285714286,Yes,0.9285714285714286
59067,59067,100,17,92,109,0.1559633027522936,0.8440366972477065,Yes,0.8440366972477065
59068,59068,100,10,121,131,0.07633587786259542,0.9236641221374046,Yes,0.9236641221374046
59069,59069,100,14,158,172,0.08139534883720931,0.9186046511627907,Yes,0.9186046511627907
59070,59070,100,16,127,143,0.11188811188811189,0.8881118881118881,Yes,0.8881118881118881
59071,59071,100,14,210,224,0.0625,0.9375,Yes,0.9375
59072,59072,100,24,127,151,0.15894039735099338,0.8410596026490066,Yes,0.8410596026490066
59073,59073,100,13,220,233,0.055793991416309016,0.944206008583691,Yes,0.944206008583691
59074,59074,100,13,133,146,0.08904109589041095,0.910958904109589,Yes,0.910958904109589
59075,59075,100,12,95,107,0.11214953271028037,0.8878504672897196,Yes,0.8878504672897196
59076,59076,100,9,118,127,0.07086614173228346,0.9291338582677166,Yes,0.9291338582677166
59077,59077,100,0,0,0,0,0,n/a,0
59078,59078,100,0,0,0,0,0,n/a,0
59079,59079,100,0,0,0,0,0,n/a,0
59080,59080,100,0,0,0,0,0,n/a,0
59081,59081,100,0,0,0,0,0,n/a,0
60001,60001,100,2,70,72,0.027777777777777776,0.9722222222222222,Yes,0.9722222222222222
60002,60002,100,5,131,136,0.03676470588235294,0.9632352941176471,Yes,0.9632352941176471
60003,60003,100,3,157,160,0.01875,0.98125,Yes,0.98125
60004,60004,100,7,109,116,0.0603448275862069,0.9396551724137931,Yes,0.9396551724137931
60005,60005,100,10,148,158,0.06329113924050633,0.9367088607594937,Yes,0.9367088607594937
60006,60006,100,2,31,33,0.06060606060606061,0.9393939393939394,Yes,0.9393939393939394
60007,60007,100,14,153,167,0.08383233532934131,0.9161676646706587,Yes,0.9161676646706587
60008,60008,100,19,145,164,0.11585365853658537,0.8841463414634146,Yes,0.8841463414634146
60009,60009,100,7,74,81,0.08641975308641975,0.9135802469135802,Yes,0.9135802469135802
60010,60010,100,2,15,17,0.11764705882352941,0.8823529411764706,Yes,0.8823529411764706
60011,60011,100,0,10,10,0.0,1.0,Yes,1.0
60012,60012,100,1,36,37,0.02702702702702703,0.972972972972973,Yes,0.972972972972973
60013,60013,100,12,109,121,0.09917355371900827,0.9008264462809917,Yes,0.9008264462809917
60014,60014,100,2,67,69,0.028985507246376812,0.9710144927536232,Yes,0.9710144927536232
60015,60015,100,3,53,56,0.05357142857142857,0.9464285714285714,Yes,0.9464285714285714
60016,60016,100,1,36,37,0.02702702702702703,0.972972972972973,Yes,0.972972972972973
60017,60017,100,15,176,191,0.07853403141361257,0.9214659685863874,Yes,0.9214659685863874
60018,60018,100,4,71,75,0.05333333333333334,0.9466666666666667,Yes,0.9466666666666667
60019,60019,100,0,14,14,0.0,1.0,Yes,1.0
60020,60020,100,1,8,9,0.1111111111111111,0.8888888888888888,Yes,0.8888888888888888
60021,60021,100,7,49,56,0.125,0.875,Yes,0.875
60022,60022,100,3,113,116,0.02586206896551724,0.9741379310344828,Yes,0.9741379310344828
60023,60023,100,3,8,11,0.2727272727272727,0.7272727272727273,Yes,0.7272727272727273
60024,60024,100,5,59,64,0.078125,0.921875,Yes,0.921875
60025,60025,100,3,75,78,0.038461538461538464,0.9615384615384616,Yes,0.9615384615384616
60026,60026,100,11,99,110,0.1,0.9,Yes,0.9
60027,60027,100,5,79,84,0.05952380952380952,0.9404761904761905,Yes,0.9404761904761905
60028,60028,100,12,262,274,0.043795620437956206,0.9562043795620438,Yes,0.9562043795620438
60029,60029,100,8,126,134,0.05970149253731343,0.9402985074626866,Yes,0.9402985074626866
60030,60030,100,6,99,105,0.05714285714285714,0.9428571428571428,Yes,0.9428571428571428
60031,60031,100,5,61,66,0.07575757575757576,0.9242424242424242,Yes,0.9242424242424242
60032,60032,100,8,79,87,0.09195402298850575,0.9080459770114943,Yes,0.9080459770114943
60033,60033,100,22,78,100,0.22,0.78,Yes,0.78
60034,60034,100,7,72,79,0.08860759493670886,0.9113924050632911,Yes,0.9113924050632911
60035,60035,100,3,81,84,0.03571428571428571,0.9642857142857143,Yes,0.9642857142857143
60036,60036,100,14,143,157,0.08917197452229299,0.910828025477707,Yes,0.910828025477707
60037,60037,100,10,132,142,0.07042253521126761,0.9295774647887324,Yes,0.9295774647887324
60038,60038,100,1,101,102,0.00980392156862745,0.9901960784313726,Yes,0.9901960784313726
60039,60039,100,4,92,96,0.041666666666666664,0.9583333333333334,Yes,0.9583333333333334
60040,60040,100,9,80,89,0.10112359550561797,0.898876404494382,Yes,0.898876404494382
60041,60041,100,5,92,97,0.05154639175257732,0.9484536082474226,Yes,0.9484536082474226
60042,60042,100,9,159,168,0.05357142857142857,0.9464285714285714,Yes,0.9464285714285714
60043,60043,100,5,155,160,0.03125,0.96875,Yes,0.96875
60044,60044,100,1,59,60,0.016666666666666666,0.9833333333333333,Yes,0.9833333333333333
60045,60045,100,7,227,234,0.029914529914529916,0.9700854700854701,Yes,0.9700854700854701
60046,60046,100,3,169,172,0.01744186046511628,0.9825581395348837,Yes,0.9825581395348837
60047,60047,100,3,141,144,0.020833333333333332,0.9791666666666666,Yes,0.9791666666666666
60048,60048,100,3,53,56,0.05357142857142857,0.9464285714285714,Yes,0.9464285714285714
60049,60049,100,6,99,105,0.05714285714285714,0.9428571428571428,Yes,0.9428571428571428
60050,60050,100,1,55,56,0.017857142857142856,0.9821428571428571,Yes,0.9821428571428571
60051,60051,100,1,192,193,0.0051813471502590676,0.9948186528497409,Yes,0.9948186528497409
60052,60052,100,1,77,78,0.01282051282051282,0.9871794871794872,Yes,0.9871794871794872
60053,60053,100,7,82,89,0.07865168539325842,0.9213483146067416,Yes,0.9213483146067416
60054,60054,100,6,110,116,0.05172413793103448,0.9482758620689655,Yes,0.9482758620689655
60055,60055,100,9,89,98,0.09183673469387756,0.9081632653061225,Yes,0.9081632653061225
60056,60056,100,2,53,55,0.03636363636363636,0.9636363636363636,Yes,0.9636363636363636
60057,60057,100,11,152,163,0.06748466257668712,0.9325153374233128,Yes,0.9325153374233128
60058,60058,100,0,46,46,0.0,1.0,Yes,1.0
60059,60059,100,7,63,70,0.1,0.9,Yes,0.9
60060,60060,100,3,40,43,0.06976744186046512,0.9302325581395349,Yes,0.9302325581395349
60061,60061,100,4,43,47,0.0851063829787234,0.9148936170212766,Yes,0.9148936170212766
60062,60062,100,10,87,97,0.10309278350515463,0.8969072164948454,Yes,0.8969072164948454
60063,60063,100,13,169,182,0.07142857142857142,0.9285714285714286,Yes,0.9285714285714286
60064,60064,100,17,148,165,0.10303030303030303,0.896969696969697,Yes,0.896969696969697
60065,60065,100,12,120,132,0.09090909090909091,0.9090909090909091,Yes,0.9090909090909091
60066,60066,100,6,72,78,0.07692307692307693,0.9230769230769231,Yes,0.9230769230769231
60067,60067,100,6,92,98,0.061224489795918366,0.9387755102040817,Yes,0.9387755102040817
60068,60068,100,8,89,97,0.08247422680412371,0.9175257731958762,Yes,0.9175257731958762
60069,60069,100,1,30,31,0.03225806451612903,0.967741935483871,Yes,0.967741935483871
60070,60070,100,2,49,51,0.0392156862745098,0.9607843137254902,Yes,0.9607843137254902
60071,60071,100,6,81,87,0.06896551724137931,0.9310344827586207,Yes,0.9310344827586207
60072,60072,100,3,97,100,0.03,0.97,Yes,0.97
60073,60073,100,2,81,83,0.024096385542168676,0.9759036144578314,Yes,0.9759036144578314
60074,60074,100,14,155,169,0.08284023668639054,0.9171597633136095,Yes,0.9171597633136095
60075,60075,100,8,176,184,0.043478260869565216,0.9565217391304348,Yes,0.9565217391304348
60076,60076,100,5,124,129,0.03875968992248062,0.9612403100775194,Yes,0.9612403100775194
60077,60077,100,9,154,163,0.05521472392638037,0.9447852760736196,Yes,0.9447852760736196
60078,60078,100,9,172,181,0.049723756906077346,0.9502762430939227,Yes,0.9502762430939227
60079,60079,100,8,121,129,0.06201550387596899,0.937984496124031,Yes,0.937984496124031
60080,60080,100,10,161,171,0.05847953216374269,0.9415204678362573,Yes,0.9415204678362573
60081,60081,100,15,153,168,0.08928571428571429,0.9107142857142857,Yes,0.9107142857142857
60082,60082,100,38,293,331,0.1148036253776435,0.8851963746223565,Yes,0.8851963746223565
60083,60083,100,20,270,290,0.06896551724137931,0.9310344827586207,Yes,0.9310344827586207
60084,60084,100,6,69,75,0.08,0.92,Yes,0.92
60085,60085,100,5,66,71,0.07042253521126761,0.9295774647887324,Yes,0.9295774647887324
60086,60086,100,5,60,65,0.07692307692307693,0.9230769230769231,Yes,0.9230769230769231
64075,64075,100,96,142,238,0.40336134453781514,0.5966386554621849,Yes,0.5966386554621849
64076,64076,100,68,161,229,0.29694323144104806,0.7030567685589519,Yes,0.7030567685589519
64077,64077,100,91,155,246,0.3699186991869919,0.6300813008130082,Yes,0.6300813008130082
64078,64078,100,72,181,253,0.2845849802371542,0.7154150197628458,Yes,0.7154150197628458
64079,64079,100,49,108,157,0.31210191082802546,0.6878980891719745,Yes,0.6878980891719745
64080,64080,100,52,151,203,0.2561576354679803,0.7438423645320197,Yes,0.7438423645320197
64081,64081,100,24,65,89,0.2696629213483146,0.7303370786516854,Yes,0.7303370786516854
64082,64082,100,4,17,21,0.19047619047619047,0.8095238095238095,Yes,0.8095238095238095
64083,64083,100,61,156,217,0.28110599078341014,0.7188940092165899,Yes,0.7188940092165899
64084,64084,100,68,141,209,0.3253588516746411,0.6746411483253588,Yes,0.6746411483253588
64085,64085,100,87,164,251,0.3466135458167331,0.6533864541832669,Yes,0.6533864541832669
64086,64086,100,68,118,186,0.3655913978494624,0.6344086021505376,Yes,0.6344086021505376
64087,64087,100,54,123,177,0.3050847457627119,0.6949152542372882,Yes,0.6949152542372882
64088,64088,100,62,137,199,0.31155778894472363,0.6884422110552764,Yes,0.6884422110552764
64089,64089,100,83,155,238,0.3487394957983193,0.6512605042016807,Yes,0.6512605042016807
64090,64090,100,98,191,289,0.3391003460207612,0.6608996539792388,Yes,0.6608996539792388
64091,64091,100,51,74,125,0.408,0.592,Yes,0.592
64092,64092,100,0,0,0,0,0,n/a,0
64093,64092,100,0,0,0,0,0,n/a,0
64094,64094,100,0,0,0,0,0,n/a,0
64095,64095,100,0,0,0,0,0,n/a,0
64096,64092,100,0,0,0,0,0,n/a,0
64097,64097,100,0,0,0,0,0,n/a,0
23001,23001,100,164,162,326,0.5030674846625767,0.49693251533742333,No,0.5030674846625767
23002,23002,100,162,145,307,0.5276872964169381,0.4723127035830619,No,0.5276872964169381
23003,23003,100,139,160,299,0.46488294314381273,0.5351170568561873,Yes,0.5351170568561873
23004,23004,100,20,32,52,0.38461538461538464,0.6153846153846154,Yes,0.6153846153846154
23005,23005,100,115,178,293,0.3924914675767918,0.6075085324232082,Yes,0.6075085324232082
23006,23006,100,140,192,332,0.42168674698795183,0.5783132530120482,Yes,0.5783132530120482
23007,23007,100,158,220,378,0.41798941798941797,0.582010582010582,Yes,0.582010582010582
23008,23008,100,127,171,298,0.4261744966442953,0.5738255033557047,Yes,0.5738255033557047
23009,23009,100,129,185,314,0.410828025477707,0.589171974522293,Yes,0.589171974522293
23010,23010,100,117,189,306,0.38235294117647056,0.6176470588235294,Yes,0.6176470588235294
23011,23011,100,80,97,177,0.4519774011299435,0.5480225988700564,Yes,0.5480225988700564
23012,23012,100,32,105,137,0.23357664233576642,0.7664233576642335,Yes,0.7664233576642335
23013,23013,100,58,109,167,0.3473053892215569,0.6526946107784432,Yes,0.6526946107784432
23014,23014,100,91,158,249,0.3654618473895582,0.6345381526104418,Yes,0.6345381526104418
23015,23015,100,64,207,271,0.23616236162361623,0.7638376383763837,Yes,0.7638376383763837
23016,23016,100,49,180,229,0.21397379912663755,0.7860262008733624,Yes,0.7860262008733624
23017,23017,100,23,70,93,0.24731182795698925,0.7526881720430108,Yes,0.7526881720430108
23018,23018,100,16,100,116,0.13793103448275862,0.8620689655172413,Yes,0.8620689655172413
23019,23019,100,34,121,155,0.21935483870967742,0.7806451612903226,Yes,0.7806451612903226
23020,23020,100,0,0,0,0,0,n/a,0
23021,23021,100,23,61,84,0.27380952380952384,0.7261904761904762,Yes,0.7261904761904762
23022,23022,100,0,1,1,0.0,1.0,Yes,1.0
23023,23023,100,10,46,56,0.17857142857142858,0.8214285714285714,Yes,0.8214285714285714
23024,23024,100,9,142,151,0.059602649006622516,0.9403973509933775,Yes,0.9403973509933775
23025,23025,100,31,96,127,0.2440944881889764,0.7559055118110236,Yes,0.7559055118110236
23026,23026,100,28,234,262,0.10687022900763359,0.8931297709923665,Yes,0.8931297709923665
23027,23027,100,53,158,211,0.25118483412322273,0.7488151658767772,Yes,0.7488151658767772
23028,23028,100,46,170,216,0.21296296296296297,0.7870370370370371,Yes,0.7870370370370371
23029,23029,100,23,111,134,0.17164179104477612,0.8283582089552238,Yes,0.8283582089552238
23030,23030,100,13,90,103,0.1262135922330097,0.8737864077669902,Yes,0.8737864077669902
23031,23031,100,17,115,132,0.12878787878787878,0.8712121212121212,Yes,0.8712121212121212
23032,23032,100,5,69,74,0.06756756756756757,0.9324324324324325,Yes,0.9324324324324325
23033,23033,100,7,72,79,0.08860759493670886,0.9113924050632911,Yes,0.9113924050632911
23034,23034,100,4,97,101,0.039603960396039604,0.9603960396039604,Yes,0.9603960396039604
23035,23035,100,33,145,178,0.1853932584269663,0.8146067415730337,Yes,0.8146067415730337
23036,23036,100,44,147,191,0.23036649214659685,0.7696335078534031,Yes,0.7696335078534031
23037,23037,100,12,131,143,0.08391608391608392,0.916083916083916,Yes,0.916083916083916
23038,23038,100,1,11,12,0.08333333333333333,0.9166666666666666,Yes,0.9166666666666666
23039,23039,100,43,162,205,0.2097560975609756,0.7902439024390244,Yes,0.7902439024390244
23040,23040,100,100,124,224,0.44642857142857145,0.5535714285714286,Yes,0.5535714285714286
23041,23041,100,77,103,180,0.42777777777777776,0.5722222222222222,Yes,0.5722222222222222
23042,23042,100,15,107,122,0.12295081967213115,0.8770491803278688,Yes,0.8770491803278688
23043,23043,100,2,33,35,0.05714285714285714,0.9428571428571428,Yes,0.9428571428571428
23044,23044,100,84,165,249,0.3373493975903614,0.6626506024096386,Yes,0.6626506024096386
23045,23045,100,85,154,239,0.35564853556485354,0.6443514644351465,Yes,0.6443514644351465
23046,23046,100,70,150,220,0.3181818181818182,0.6818181818181818,Yes,0.6818181818181818
23047,23047,100,37,106,143,0.25874125874125875,0.7412587412587412,Yes,0.7412587412587412
23048,23048,100,38,76,114,0.3333333333333333,0.6666666666666666,Yes,0.6666666666666666
23049,23049,100,84,149,233,0.3605150214592275,0.6394849785407726,Yes,0.6394849785407726
23050,23050,100,67,150,217,0.3087557603686636,0.6912442396313364,Yes,0.6912442396313364
23051,23051,100,87,120,207,0.42028985507246375,0.5797101449275363,Yes,0.5797101449275363
23052,23052,100,51,77,128,0.3984375,0.6015625,Yes,0.6015625
23053,23053,100,30,107,137,0.21897810218978103,0.781021897810219,Yes,0.781021897810219
23054,23054,100,51,154,205,0.24878048780487805,0.751219512195122,Yes,0.751219512195122
23055,23055,100,7,24,31,0.22580645161290322,0.7741935483870968,Yes,0.7741935483870968
23056,23056,100,33,84,117,0.28205128205128205,0.717948717948718,Yes,0.717948717948718
23057,23057,100,51,139,190,0.26842105263157895,0.7315789473684211,Yes,0.7315789473684211
23058,23058,100,35,111,146,0.23972602739726026,0.7602739726027398,Yes,0.7602739726027398
23059,23059,100,21,95,116,0.1810344827586207,0.8189655172413793,Yes,0.8189655172413793
23060,23060,100,23,53,76,0.3026315789473684,0.6973684210526315,Yes,0.6973684210526315
23061,23061,100,47,124,171,0.27485380116959063,0.7251461988304093,Yes,0.7251461988304093
23062,23062,100,83,156,239,0.3472803347280335,0.6527196652719666,Yes,0.6527196652719666
23063,23063,100,64,169,233,0.27467811158798283,0.7253218884120172,Yes,0.7253218884120172
23064,23064,100,80,187,267,0.299625468164794,0.700374531835206,Yes,0.700374531835206
23065,23065,100,37,130,167,0.2215568862275449,0.7784431137724551,Yes,0.7784431137724551
23066,23066,100,8,35,43,0.18604651162790697,0.813953488372093,Yes,0.813953488372093
23067,23067,100,4,16,20,0.2,0.8,Yes,0.8
23068,23068,100,10,28,38,0.2631578947368421,0.7368421052631579,Yes,0.7368421052631579
23069,23069,100,11,64,75,0.14666666666666667,0.8533333333333334,Yes,0.8533333333333334
23070,23070,100,15,68,83,0.18072289156626506,0.8192771084337349,Yes,0.8192771084337349
23071,23038,100,0,0,0,0,0,n/a,0
23072,23072,100,0,0,0,0,0,n/a,0
23073,23073,100,0,0,0,0,0,n/a,0
23074,23073,100,0,0,0,0,0,n/a,0
23075,23075,100,0,0,0,0,0,n/a,0
23076,23076,100,0,0,0,0,0,n/a,0
23077,23077,100,0,0,0,0,0,n/a,0
23078,23077,100,0,0,0,0,0,n/a,0
23079,23077,100,0,0,0,0,0,n/a,0
23080,23072,100,0,0,0,0,0,n/a,0
23081,23072,100,0,0,0,0,0,n/a,0
23082,23072,100,0,0,0,0,0,n/a,0
23083,23022,100,0,0,0,0,0,n/a,0
24001,24001,100,27,110,137,0.19708029197080293,0.8029197080291971,Yes,0.8029197080291971
24002,24002,100,48,130,178,0.2696629213483146,0.7303370786516854,Yes,0.7303370786516854
24003,24003,100,54,130,184,0.29347826086956524,0.7065217391304348,Yes,0.7065217391304348
24004,24004,100,27,85,112,0.24107142857142858,0.7589285714285714,Yes,0.7589285714285714
24005,24005,100,52,108,160,0.325,0.675,Yes,0.675
24006,24006,100,42,78,120,0.35,0.65,Yes,0.65
24007,24007,100,23,79,102,0.22549019607843138,0.7745098039215687,Yes,0.7745098039215687
24008,24008,100,3,14,17,0.17647058823529413,0.8235294117647058,Yes,0.8235294117647058
24009,24009,100,1,0,1,1.0,0.0,No,1.0
24010,24010,100,24,40,64,0.375,0.625,Yes,0.625
24011,24011,100,19,44,63,0.30158730158730157,0.6984126984126984,Yes,0.6984126984126984
24012,24012,100,4,12,16,0.25,0.75,Yes,0.75
24013,24013,100,22,96,118,0.1864406779661017,0.8135593220338984,Yes,0.8135593220338984
24014,24014,100,32,83,115,0.2782608695652174,0.7217391304347827,Yes,0.7217391304347827
24015,24015,100,32,74,106,0.3018867924528302,0.6981132075471698,Yes,0.6981132075471698
24016,24016,100,27,54,81,0.3333333333333333,0.6666666666666666,Yes,0.6666666666666666
24017,24017,100,44,116,160,0.275,0.725,Yes,0.725
24018,24018,100,71,193,264,0.2689393939393939,0.7310606060606061,Yes,0.7310606060606061
24019,24019,100,56,199,255,0.2196078431372549,0.7803921568627451,Yes,0.7803921568627451
24020,24020,100,62,178,240,0.25833333333333336,0.7416666666666667,Yes,0.7416666666666667
24021,24021,100,69,208,277,0.2490974729241877,0.7509025270758123,Yes,0.7509025270758123
24022,24022,100,48,93,141,0.3404255319148936,0.6595744680851063,Yes,0.6595744680851063
24023,24023,100,3,9,12,0.25,0.75,Yes,0.75
24024,24024,100,84,170,254,0.33070866141732286,0.6692913385826772,Yes,0.6692913385826772
24025,24025,100,96,208,304,0.3157894736842105,0.6842105263157895,Yes,0.6842105263157895
24026,24026,100,7,25,32,0.21875,0.78125,Yes,0.78125
24027,24027,100,14,209,223,0.06278026905829596,0.9372197309417041,Yes,0.9372197309417041
24028,24028,100,54,126,180,0.3,0.7,Yes,0.7
24029,24029,100,26,197,223,0.11659192825112108,0.8834080717488789,Yes,0.8834080717488789
24030,24030,100,30,223,253,0.11857707509881422,0.8814229249011858,Yes,0.8814229249011858
24031,24031,100,10,93,103,0.0970873786407767,0.9029126213592233,Yes,0.9029126213592233
24032,24032,100,34,81,115,0.2956521739130435,0.7043478260869566,Yes,0.7043478260869566
24033,24033,100,51,117,168,0.30357142857142855,0.6964285714285714,Yes,0.6964285714285714
24034,24034,100,42,74,116,0.3620689655172414,0.6379310344827587,Yes,0.6379310344827587
24035,24035,100,40,123,163,0.24539877300613497,0.754601226993865,Yes,0.754601226993865
24036,24036,100,9,67,76,0.11842105263157894,0.881578947368421,Yes,0.881578947368421
24037,24037,100,23,137,160,0.14375,0.85625,Yes,0.85625
24038,24038,100,2,0,2,1.0,0.0,No,1.0
24039,24039,100,5,12,17,0.29411764705882354,0.7058823529411765,Yes,0.7058823529411765
24040,24040,100,34,188,222,0.15315315315315314,0.8468468468468469,Yes,0.8468468468468469
24041,24041,100,5,21,26,0.19230769230769232,0.8076923076923077,Yes,0.8076923076923077
24042,24042,100,14,41,55,0.2545454545454545,0.7454545454545455,Yes,0.7454545454545455
24043,24043,100,20,129,149,0.1342281879194631,0.8657718120805369,Yes,0.8657718120805369
24044,24044,100,10,49,59,0.1694915254237288,0.8305084745762712,Yes,0.8305084745762712
24045,24045,100,26,51,77,0.33766233766233766,0.6623376623376623,Yes,0.6623376623376623
24046,24046,100,18,56,74,0.24324324324324326,0.7567567567567568,Yes,0.7567567567567568
24047,24047,100,14,33,47,0.2978723404255319,0.7021276595744681,Yes,0.7021276595744681
24048,24048,100,2,17,19,0.10526315789473684,0.8947368421052632,Yes,0.8947368421052632
24049,24049,100,52,185,237,0.21940928270042195,0.7805907172995781,Yes,0.7805907172995781
24050,24050,100,28,49,77,0.36363636363636365,0.6363636363636364,Yes,0.6363636363636364
24051,24051,100,17,55,72,0.2361111111111111,0.7638888888888888,Yes,0.7638888888888888
24052,24052,100,18,72,90,0.2,0.8,Yes,0.8
24053,24053,100,38,138,176,0.2159090909090909,0.7840909090909091,Yes,0.7840909090909091
24054,24054,100,17,61,78,0.21794871794871795,0.782051282051282,Yes,0.782051282051282
24055,24055,100,3,40,43,0.06976744186046512,0.9302325581395349,Yes,0.9302325581395349
24056,24056,100,6,8,14,0.42857142857142855,0.5714285714285714,Yes,0.5714285714285714
24057,24057,100,5,44,49,0.10204081632653061,0.8979591836734694,Yes,0.8979591836734694
24058,24058,100,0,0,0,0,0,n/a,0
24059,24059,100,9,89,98,0.09183673469387756,0.9081632653061225,Yes,0.9081632653061225
24060,24060,100,2,10,12,0.16666666666666666,0.8333333333333334,Yes,0.8333333333333334
24061,24061,100,45,86,131,0.3435114503816794,0.6564885496183206,Yes,0.6564885496183206
24062,24062,100,14,72,86,0.16279069767441862,0.8372093023255814,Yes,0.8372093023255814
24063,24063,100,3,38,41,0.07317073170731707,0.926829268292683,Yes,0.926829268292683
24064,24064,100,1,25,26,0.038461538461538464,0.9615384615384616,Yes,0.9615384615384616
24065,24065,100,12,69,81,0.14814814814814814,0.8518518518518519,Yes,0.8518518518518519
24066,24066,100,9,119,128,0.0703125,0.9296875,Yes,0.9296875
24067,24067,100,6,50,56,0.10714285714285714,0.8928571428571429,Yes,0.8928571428571429
24068,24068,100,13,42,55,0.23636363636363636,0.7636363636363637,Yes,0.7636363636363637
24069,24069,100,9,38,47,0.19148936170212766,0.8085106382978723,Yes,0.8085106382978723
24070,24070,100,13,39,52,0.25,0.75,Yes,0.75
24071,24071,100,6,41,47,0.1276595744680851,0.8723404255319149,Yes,0.8723404255319149
24072,24072,100,4,30,34,0.11764705882352941,0.8823529411764706,Yes,0.8823529411764706
24073,24073,100,5,30,35,0.14285714285714285,0.8571428571428571,Yes,0.8571428571428571
24074,24074,100,3,32,35,0.08571428571428572,0.9142857142857143,Yes,0.9142857142857143
24075,24075,100,6,28,34,0.17647058823529413,0.8235294117647058,Yes,0.8235294117647058
24076,24076,100,6,30,36,0.16666666666666666,0.8333333333333334,Yes,0.8333333333333334
24077,24077,100,4,29,33,0.12121212121212122,0.8787878787878788,Yes,0.8787878787878788
24078,24078,100,12,71,83,0.14457831325301204,0.8554216867469879,Yes,0.8554216867469879
24079,24079,100,9,45,54,0.16666666666666666,0.8333333333333334,Yes,0.8333333333333334
24080,24080,100,0,0,0,0,0,n/a,0
24081,24060,100,0,0,0,0,0,n/a,0
24082,24082,100,0,0,0,0,0,n/a,0
24083,24080,100,0,0,0,0,0,n/a,0
25001,25001,100,45,125,170,0.2647058823529412,0.7352941176470589,Yes,0.7352941176470589
25002,25002,100,2,9,11,0.18181818181818182,0.8181818181818182,Yes,0.8181818181818182
25003,25003,100,41,110,151,0.271523178807947,0.7284768211920529,Yes,0.7284768211920529
25004,25004,100,22,94,116,0.1896551724137931,0.8103448275862069,Yes,0.8103448275862069
25005,25005,100,5,19,24,0.20833333333333334,0.7916666666666666,Yes,0.7916666666666666
25006,25006,100,14,78,92,0.15217391304347827,0.8478260869565217,Yes,0.8478260869565217
25007,25007,100,24,101,125,0.192,0.808,Yes,0.808
25008,25008,100,21,101,122,0.1721311475409836,0.8278688524590164,Yes,0.8278688524590164
25009,25009,100,17,23,40,0.425,0.575,Yes,0.575
25010,25010,100,71,132,203,0.3497536945812808,0.6502463054187192,Yes,0.6502463054187192
25011,25011,100,52,112,164,0.3170731707317073,0.6829268292682927,Yes,0.6829268292682927
25012,25012,100,74,159,233,0.31759656652360513,0.6824034334763949,Yes,0.6824034334763949
25013,25013,100,59,78,137,0.4306569343065693,0.5693430656934306,Yes,0.5693430656934306
25014,25014,100,48,87,135,0.35555555555555557,0.6444444444444445,Yes,0.6444444444444445
25015,25015,100,34,103,137,0.24817518248175183,0.7518248175182481,Yes,0.7518248175182481
25016,25016,100,60,141,201,0.29850746268656714,0.7014925373134329,Yes,0.7014925373134329
25017,25017,100,56,151,207,0.27053140096618356,0.7294685990338164,Yes,0.7294685990338164
25018,25018,100,58,209,267,0.21722846441947566,0.7827715355805244,Yes,0.7827715355805244
25019,25019,100,35,214,249,0.14056224899598393,0.8594377510040161,Yes,0.8594377510040161
25020,25020,100,34,166,200,0.17,0.83,Yes,0.83
25021,25021,100,52,109,161,0.32298136645962733,0.6770186335403726,Yes,0.6770186335403726
25022,25022,100,32,97,129,0.24806201550387597,0.751937984496124,Yes,0.751937984496124
25023,25023,100,19,47,66,0.2878787878787879,0.7121212121212122,Yes,0.7121212121212122
25024,25024,100,34,115,149,0.22818791946308725,0.7718120805369127,Yes,0.7718120805369127
25025,25025,100,49,110,159,0.3081761006289308,0.6918238993710691,Yes,0.6918238993710691
25026,25026,100,5,15,20,0.25,0.75,Yes,0.75
25027,25027,100,60,87,147,0.40816326530612246,0.5918367346938775,Yes,0.5918367346938775
25028,25028,100,55,74,129,0.4263565891472868,0.5736434108527132,Yes,0.5736434108527132
25029,25029,100,95,125,220,0.4318181818181818,0.5681818181818182,Yes,0.5681818181818182
25030,25030,100,55,135,190,0.2894736842105263,0.7105263157894737,Yes,0.7105263157894737
25031,25031,100,9,59,68,0.1323529411764706,0.8676470588235294,Yes,0.8676470588235294
25032,25032,100,39,76,115,0.3391304347826087,0.6608695652173913,Yes,0.6608695652173913
25033,25033,100,38,82,120,0.31666666666666665,0.6833333333333333,Yes,0.6833333333333333
25034,25034,100,5,8,13,0.38461538461538464,0.6153846153846154,Yes,0.6153846153846154
25035,25035,100,49,89,138,0.35507246376811596,0.644927536231884,Yes,0.644927536231884
25036,25036,100,52,126,178,0.29213483146067415,0.7078651685393258,Yes,0.7078651685393258
25037,25037,100,56,91,147,0.38095238095238093,0.6190476190476191,Yes,0.6190476190476191
25038,25038,100,34,70,104,0.3269230769230769,0.6730769230769231,Yes,0.6730769230769231
25039,25039,100,65,109,174,0.3735632183908046,0.6264367816091954,Yes,0.6264367816091954
25040,25040,100,73,169,242,0.30165289256198347,0.6983471074380165,Yes,0.6983471074380165
25041,25041,100,11,24,35,0.3142857142857143,0.6857142857142857,Yes,0.6857142857142857
25042,25042,100,36,44,80,0.45,0.55,Yes,0.55
25043,25043,100,35,79,114,0.30701754385964913,0.6929824561403509,Yes,0.6929824561403509
25044,25044,100,44,91,135,0.32592592592592595,0.674074074074074,Yes,0.674074074074074
25045,25045,100,35,74,109,0.3211009174311927,0.6788990825688074,Yes,0.6788990825688074
25046,25046,100,30,52,82,0.36585365853658536,0.6341463414634146,Yes,0.6341463414634146
25047,25047,100,31,44,75,0.41333333333333333,0.5866666666666667,Yes,0.5866666666666667
25048,25048,100,25,74,99,0.25252525252525254,0.7474747474747475,Yes,0.7474747474747475
25049,25049,100,33,77,110,0.3,0.7,Yes,0.7
25050,25050,100,16,42,58,0.27586206896551724,0.7241379310344828,Yes,0.7241379310344828
25051,25051,100,14,40,54,0.25925925925925924,0.7407407407407407,Yes,0.7407407407407407
25052,25052,100,18,56,74,0.24324324324324326,0.7567567567567568,Yes,0.7567567567567568
25053,25053,100,15,63,78,0.19230769230769232,0.8076923076923077,Yes,0.8076923076923077
25054,25054,100,5,63,68,0.07352941176470588,0.9264705882352942,Yes,0.9264705882352942
25055,25055,100,18,37,55,0.32727272727272727,0.6727272727272727,Yes,0.6727272727272727
25056,25056,100,33,52,85,0.38823529411764707,0.611764705882353,Yes,0.611764705882353
25057,25057,100,23,74,97,0.23711340206185566,0.7628865979381443,Yes,0.7628865979381443
25058,25058,100,45,122,167,0.2694610778443114,0.7305389221556886,Yes,0.7305389221556886
25059,25059,100,48,108,156,0.3076923076923077,0.6923076923076923,Yes,0.6923076923076923
25060,25060,100,30,50,80,0.375,0.625,Yes,0.625
25061,25061,100,33,85,118,0.2796610169491525,0.7203389830508474,Yes,0.7203389830508474
25062,25062,100,19,80,99,0.1919191919191919,0.8080808080808081,Yes,0.8080808080808081
25063,25063,100,51,87,138,0.3695652173913043,0.6304347826086957,Yes,0.6304347826086957
25064,25064,100,5,27,32,0.15625,0.84375,Yes,0.84375
25065,25065,100,25,61,86,0.29069767441860467,0.7093023255813954,Yes,0.7093023255813954
25066,25066,100,4,14,18,0.2222222222222222,0.7777777777777778,Yes,0.7777777777777778
25067,25067,100,0,0,0,0,0,n/a,0
26001,26001,100,20,44,64,0.3125,0.6875,Yes,0.6875
26002,26002,100,17,21,38,0.4473684210526316,0.5526315789473685,Yes,0.5526315789473685
26003,26003,100,86,174,260,0.33076923076923076,0.6692307692307692,Yes,0.6692307692307692
26004,26004,100,52,102,154,0.33766233766233766,0.6623376623376623,Yes,0.6623376623376623
26005,26005,100,77,135,212,0.3632075471698113,0.6367924528301887,Yes,0.6367924528301887
26006,26006,100,32,85,117,0.27350427350427353,0.7264957264957265,Yes,0.7264957264957265
26007,26007,100,29,74,103,0.2815533980582524,0.7184466019417476,Yes,0.7184466019417476
26008,26008,100,86,165,251,0.3426294820717131,0.6573705179282868,Yes,0.6573705179282868
26009,26009,100,61,163,224,0.27232142857142855,0.7276785714285714,Yes,0.7276785714285714
26010,26010,100,45,123,168,0.26785714285714285,0.7321428571428571,Yes,0.7321428571428571
26011,26011,100,68,85,153,0.4444444444444444,0.5555555555555556,Yes,0.5555555555555556
26012,26012,100,67,124,191,0.3507853403141361,0.6492146596858639,Yes,0.6492146596858639
26013,26013,100,63,130,193,0.32642487046632124,0.6735751295336787,Yes,0.6735751295336787
26014,26014,100,74,91,165,0.4484848484848485,0.5515151515151515,Yes,0.5515151515151515
26015,26015,100,80,156,236,0.3389830508474576,0.6610169491525424,Yes,0.6610169491525424
26016,26016,100,100,233,333,0.3003003003003003,0.6996996996996997,Yes,0.6996996996996997
26017,26017,100,68,174,242,0.2809917355371901,0.71900826446281,Yes,0.71900826446281
26018,26018,100,59,89,148,0.39864864864864863,0.6013513513513513,Yes,0.6013513513513513
26019,26019,100,80,196,276,0.2898550724637681,0.7101449275362319,Yes,0.7101449275362319
26020,26020,100,83,203,286,0.2902097902097902,0.7097902097902098,Yes,0.7097902097902098
26021,26021,100,46,148,194,0.23711340206185566,0.7628865979381443,Yes,0.7628865979381443
26022,26022,100,92,206,298,0.3087248322147651,0.6912751677852349,Yes,0.6912751677852349
26023,26023,100,57,151,208,0.27403846153846156,0.7259615384615384,Yes,0.7259615384615384
26024,26024,100,69,192,261,0.26436781609195403,0.735632183908046,Yes,0.735632183908046
26025,26025,100,65,146,211,0.3080568720379147,0.6919431279620853,Yes,0.6919431279620853
26026,26026,100,41,101,142,0.2887323943661972,0.7112676056338029,Yes,0.7112676056338029
26027,26027,100,80,215,295,0.2711864406779661,0.7288135593220338,Yes,0.7288135593220338
26028,26028,100,81,159,240,0.3375,0.6625,Yes,0.6625
26029,26029,100,114,188,302,0.37748344370860926,0.6225165562913907,Yes,0.6225165562913907
26030,26030,100,103,184,287,0.3588850174216028,0.6411149825783972,Yes,0.6411149825783972
26031,26031,100,140,187,327,0.42813455657492355,0.5718654434250765,Yes,0.5718654434250765
26032,26032,100,86,129,215,0.4,0.6,Yes,0.6
26033,26033,100,95,177,272,0.3492647058823529,0.6507352941176471,Yes,0.6507352941176471
26034,26034,100,58,88,146,0.3972602739726027,0.6027397260273972,Yes,0.6027397260273972
26035,26035,100,84,141,225,0.37333333333333335,0.6266666666666667,Yes,0.6266666666666667
26036,26036,100,18,55,73,0.2465753424657534,0.7534246575342466,Yes,0.7534246575342466
26037,26037,100,69,147,216,0.3194444444444444,0.6805555555555556,Yes,0.6805555555555556
26038,26038,100,4,9,13,0.3076923076923077,0.6923076923076923,Yes,0.6923076923076923
26039,26039,100,35,74,109,0.3211009174311927,0.6788990825688074,Yes,0.6788990825688074
26040,26040,100,38,68,106,0.3584905660377358,0.6415094339622641,Yes,0.6415094339622641
26041,26041,100,2,5,7,0.2857142857142857,0.7142857142857143,Yes,0.7142857142857143
26042,26042,100,38,73,111,0.34234234234234234,0.6576576576576577,Yes,0.6576576576576577
26043,26043,100,25,52,77,0.3246753246753247,0.6753246753246753,Yes,0.6753246753246753
26044,26044,100,12,55,67,0.1791044776119403,0.8208955223880597,Yes,0.8208955223880597
26045,26045,100,90,186,276,0.32608695652173914,0.6739130434782609,Yes,0.6739130434782609
26046,26046,100,82,144,226,0.36283185840707965,0.6371681415929203,Yes,0.6371681415929203
26047,26047,100,84,204,288,0.2916666666666667,0.7083333333333334,Yes,0.7083333333333334
26048,26048,100,34,95,129,0.26356589147286824,0.7364341085271318,Yes,0.7364341085271318
26049,26049,100,39,89,128,0.3046875,0.6953125,Yes,0.6953125
26050,26050,100,50,93,143,0.34965034965034963,0.6503496503496503,Yes,0.6503496503496503
26051,26051,100,27,68,95,0.28421052631578947,0.7157894736842105,Yes,0.7157894736842105
26052,26052,100,35,88,123,0.2845528455284553,0.7154471544715447,Yes,0.7154471544715447
26053,26053,100,52,121,173,0.30057803468208094,0.6994219653179191,Yes,0.6994219653179191
26054,26054,100,64,130,194,0.32989690721649484,0.6701030927835051,Yes,0.6701030927835051
26055,26055,100,29,87,116,0.25,0.75,Yes,0.75
26056,26056,100,73,141,214,0.3411214953271028,0.6588785046728972,Yes,0.6588785046728972
26057,26057,100,74,181,255,0.2901960784313726,0.7098039215686275,Yes,0.7098039215686275
26058,26058,100,45,108,153,0.29411764705882354,0.7058823529411765,Yes,0.7058823529411765
26059,26059,100,102,161,263,0.38783269961977185,0.6121673003802282,Yes,0.6121673003802282
26060,26060,100,80,175,255,0.3137254901960784,0.6862745098039216,Yes,0.6862745098039216
26061,26061,100,72,91,163,0.44171779141104295,0.558282208588957,Yes,0.558282208588957
26062,26062,100,63,134,197,0.3197969543147208,0.6802030456852792,Yes,0.6802030456852792
26063,26063,100,75,171,246,0.3048780487804878,0.6951219512195121,Yes,0.6951219512195121
26064,26064,100,75,124,199,0.3768844221105528,0.6231155778894473,Yes,0.6231155778894473
26065,26065,100,60,114,174,0.3448275862068966,0.6551724137931034,Yes,0.6551724137931034
26066,26066,100,91,193,284,0.3204225352112676,0.6795774647887324,Yes,0.6795774647887324
26067,26067,100,60,105,165,0.36363636363636365,0.6363636363636364,Yes,0.6363636363636364
26068,26068,100,83,122,205,0.40487804878048783,0.5951219512195122,Yes,0.5951219512195122
26069,26069,100,98,174,272,0.3602941176470588,0.6397058823529411,Yes,0.6397058823529411
26070,26070,100,66,168,234,0.28205128205128205,0.717948717948718,Yes,0.717948717948718
26071,26071,100,72,179,251,0.2868525896414343,0.7131474103585658,Yes,0.7131474103585658
26072,26072,100,66,134,200,0.33,0.67,Yes,0.67
26073,26073,100,137,343,480,0.28541666666666665,0.7145833333333333,Yes,0.7145833333333333
26074,26074,100,26,94,120,0.21666666666666667,0.7833333333333333,Yes,0.7833333333333333
26075,26075,100,61,86,147,0.41496598639455784,0.5850340136054422,Yes,0.5850340136054422
26076,26076,100,40,76,116,0.3448275862068966,0.6551724137931034,Yes,0.6551724137931034
26077,26077,100,0,0,0,0,0,n/a,0
26078,26078,100,0,0,0,0,0,n/a,0
27001,27001,100,69,153,222,0.3108108108108108,0.6891891891891891,Yes,0.6891891891891891
27002,27002,100,10,105,115,0.08695652173913043,0.9130434782608695,Yes,0.9130434782608695
27003,27003,100,41,120,161,0.2546583850931677,0.7453416149068323,Yes,0.7453416149068323
27004,27004,100,46,154,200,0.23,0.77,Yes,0.77
27005,27005,100,48,156,204,0.23529411764705882,0.7647058823529411,Yes,0.7647058823529411
27006,27006,100,41,144,185,0.22162162162162163,0.7783783783783784,Yes,0.7783783783783784
27007,27007,100,67,218,285,0.23508771929824562,0.7649122807017544,Yes,0.7649122807017544
27008,27008,100,34,96,130,0.26153846153846155,0.7384615384615385,Yes,0.7384615384615385
27009,27009,100,26,107,133,0.19548872180451127,0.8045112781954887,Yes,0.8045112781954887
27010,27010,100,1,2,3,0.3333333333333333,0.6666666666666666,Yes,0.6666666666666666
27011,27011,100,10,81,91,0.10989010989010989,0.8901098901098901,Yes,0.8901098901098901
27012,27012,100,31,145,176,0.17613636363636365,0.8238636363636364,Yes,0.8238636363636364
27013,27013,100,47,209,256,0.18359375,0.81640625,Yes,0.81640625
27014,27014,100,40,192,232,0.1724137931034483,0.8275862068965517,Yes,0.8275862068965517
27015,27015,100,22,139,161,0.13664596273291926,0.8633540372670807,Yes,0.8633540372670807
27016,27016,100,20,31,51,0.39215686274509803,0.6078431372549019,Yes,0.6078431372549019
27017,27017,100,26,103,129,0.20155038759689922,0.7984496124031008,Yes,0.7984496124031008
27018,27018,100,5,8,13,0.38461538461538464,0.6153846153846154,Yes,0.6153846153846154
27019,27019,100,53,176,229,0.2314410480349345,0.7685589519650655,Yes,0.7685589519650655
27020,27020,100,38,145,183,0.20765027322404372,0.7923497267759563,Yes,0.7923497267759563
27021,27021,100,55,191,246,0.22357723577235772,0.7764227642276422,Yes,0.7764227642276422
27022,27022,100,45,85,130,0.34615384615384615,0.6538461538461539,Yes,0.6538461538461539
27023,27023,100,67,120,187,0.3582887700534759,0.6417112299465241,Yes,0.6417112299465241
27024,27024,100,53,131,184,0.28804347826086957,0.7119565217391305,Yes,0.7119565217391305
27025,27025,100,75,184,259,0.28957528957528955,0.7104247104247104,Yes,0.7104247104247104
27026,27026,100,46,146,192,0.23958333333333334,0.7604166666666666,Yes,0.7604166666666666
27027,27027,100,59,146,205,0.28780487804878047,0.7121951219512195,Yes,0.7121951219512195
27028,27028,100,18,110,128,0.140625,0.859375,Yes,0.859375
27029,27029,100,13,74,87,0.14942528735632185,0.8505747126436781,Yes,0.8505747126436781
27030,27030,100,47,64,111,0.42342342342342343,0.5765765765765766,Yes,0.5765765765765766
27031,27031,100,1,6,7,0.14285714285714285,0.8571428571428571,Yes,0.8571428571428571
27032,27032,100,1,20,21,0.047619047619047616,0.9523809523809523,Yes,0.9523809523809523
27033,27033,100,1,11,12,0.08333333333333333,0.9166666666666666,Yes,0.9166666666666666
27034,27034,100,33,78,111,0.2972972972972973,0.7027027027027027,Yes,0.7027027027027027
27035,27035,100,35,146,181,0.19337016574585636,0.8066298342541437,Yes,0.8066298342541437
27036,27036,100,40,183,223,0.17937219730941703,0.820627802690583,Yes,0.820627802690583
27037,27037,100,45,161,206,0.21844660194174756,0.7815533980582524,Yes,0.7815533980582524
27038,27038,100,33,150,183,0.18032786885245902,0.819672131147541,Yes,0.819672131147541
27039,27039,100,17,182,199,0.08542713567839195,0.914572864321608,Yes,0.914572864321608
27040,27040,100,14,99,113,0.12389380530973451,0.8761061946902655,Yes,0.8761061946902655
27041,27041,100,7,56,63,0.1111111111111111,0.8888888888888888,Yes,0.8888888888888888
27042,27042,100,32,108,140,0.22857142857142856,0.7714285714285715,Yes,0.7714285714285715
27043,27043,100,38,82,120,0.31666666666666665,0.6833333333333333,Yes,0.6833333333333333
27044,27044,100,20,106,126,0.15873015873015872,0.8412698412698413,Yes,0.8412698412698413
27045,27045,100,39,125,164,0.23780487804878048,0.7621951219512195,Yes,0.7621951219512195
27046,27046,100,13,26,39,0.3333333333333333,0.6666666666666666,Yes,0.6666666666666666
27047,27047,100,17,82,99,0.1717171717171717,0.8282828282828283,Yes,0.8282828282828283
27048,27048,100,17,51,68,0.25,0.75,Yes,0.75
27049,27049,100,37,113,150,0.24666666666666667,0.7533333333333333,Yes,0.7533333333333333
27050,27050,100,34,95,129,0.26356589147286824,0.7364341085271318,Yes,0.7364341085271318
27051,27051,100,66,121,187,0.35294117647058826,0.6470588235294118,Yes,0.6470588235294118
27052,27052,100,31,69,100,0.31,0.69,Yes,0.69
27053,27053,100,14,40,54,0.25925925925925924,0.7407407407407407,Yes,0.7407407407407407
27054,27054,100,17,51,68,0.25,0.75,Yes,0.75
27055,27055,100,25,79,104,0.2403846153846154,0.7596153846153846,Yes,0.7596153846153846
27056,27056,100,14,56,70,0.2,0.8,Yes,0.8
27057,27057,100,22,34,56,0.39285714285714285,0.6071428571428571,Yes,0.6071428571428571
27058,27058,100,1,0,1,1.0,0.0,No,1.0
27059,27059,100,41,52,93,0.44086021505376344,0.5591397849462365,Yes,0.5591397849462365
27060,27060,100,30,95,125,0.24,0.76,Yes,0.76
27061,27061,100,70,124,194,0.36082474226804123,0.6391752577319587,Yes,0.6391752577319587
27062,27062,100,36,101,137,0.26277372262773724,0.7372262773722628,Yes,0.7372262773722628
27063,27063,100,39,97,136,0.2867647058823529,0.7132352941176471,Yes,0.7132352941176471
27064,27064,100,43,112,155,0.27741935483870966,0.7225806451612903,Yes,0.7225806451612903
27065,27065,100,52,119,171,0.30409356725146197,0.695906432748538,Yes,0.695906432748538
27066,27066,100,30,78,108,0.2777777777777778,0.7222222222222222,Yes,0.7222222222222222
27067,27067,100,59,74,133,0.44360902255639095,0.556390977443609,Yes,0.556390977443609
27068,27068,100,46,97,143,0.32167832167832167,0.6783216783216783,Yes,0.6783216783216783
27069,27069,100,0,0,0,0,0,n/a,0
27070,27070,100,0,0,0,0,0,n/a,0
27071,27071,100,0,0,0,0,0,n/a,0
27072,27072,100,0,0,0,0,0,n/a,0
27073,27073,100,0,0,0,0,0,n/a,0
27074,27074,100,0,0,0,0,0,n/a,0
27075,27074,100,0,0,0,0,0,n/a,0
27076,27076,100,0,0,0,0,0,n/a,0
27077,27077,100,0,0,0,0,0,n/a,0
27078,27077,100,0,0,0,0,0,n/a,0
28001,28001,100,13,44,57,0.22807017543859648,0.7719298245614035,Yes,0.7719298245614035
28002,28002,100,13,34,47,0.2765957446808511,0.723404255319149,Yes,0.723404255319149
28003,28003,100,40,107,147,0.272108843537415,0.7278911564625851,Yes,0.7278911564625851
28004,28004,100,16,31,47,0.3404255319148936,0.6595744680851063,Yes,0.6595744680851063
28005,28005,100,17,23,40,0.425,0.575,Yes,0.575
28006,28006,100,31,61,92,0.33695652173913043,0.6630434782608695,Yes,0.6630434782608695
28007,28007,100,20,59,79,0.25316455696202533,0.7468354430379747,Yes,0.7468354430379747
28008,28008,100,24,15,39,0.6153846153846154,0.38461538461538464,No,0.6153846153846154
28009,28009,100,39,71,110,0.35454545454545455,0.6454545454545455,Yes,0.6454545454545455
28010,28010,100,38,132,170,0.2235294117647059,0.7764705882352941,Yes,0.7764705882352941
28011,28011,100,17,53,70,0.24285714285714285,0.7571428571428571,Yes,0.7571428571428571
28012,28012,100,50,98,148,0.33783783783783783,0.6621621621621622,Yes,0.6621621621621622
28013,28013,100,6,5,11,0.5454545454545454,0.45454545454545453,No,0.5454545454545454
28014,28014,100,22,50,72,0.3055555555555556,0.6944444444444444,Yes,0.6944444444444444
28015,28015,100,57,146,203,0.28078817733990147,0.7192118226600985,Yes,0.7192118226600985
28016,28016,100,99,132,231,0.42857142857142855,0.5714285714285714,Yes,0.5714285714285714
28017,28017,100,58,132,190,0.30526315789473685,0.6947368421052632,Yes,0.6947368421052632
28018,28018,100,88,157,245,0.35918367346938773,0.6408163265306123,Yes,0.6408163265306123
28019,28019,100,86,191,277,0.3104693140794224,0.6895306859205776,Yes,0.6895306859205776
28020,28020,100,47,177,224,0.20982142857142858,0.7901785714285714,Yes,0.7901785714285714
28021,28021,100,102,177,279,0.3655913978494624,0.6344086021505376,Yes,0.6344086021505376
28022,28022,100,66,186,252,0.2619047619047619,0.7380952380952381,Yes,0.7380952380952381
28023,28023,100,52,134,186,0.27956989247311825,0.7204301075268817,Yes,0.7204301075268817
28024,28024,100,31,111,142,0.21830985915492956,0.7816901408450704,Yes,0.7816901408450704
28025,28025,100,50,148,198,0.25252525252525254,0.7474747474747475,Yes,0.7474747474747475
28026,28026,100,17,59,76,0.2236842105263158,0.7763157894736842,Yes,0.7763157894736842
28027,28027,100,19,59,78,0.24358974358974358,0.7564102564102564,Yes,0.7564102564102564
28028,28028,100,57,195,252,0.2261904761904762,0.7738095238095238,Yes,0.7738095238095238
28029,28029,100,59,149,208,0.28365384615384615,0.7163461538461539,Yes,0.7163461538461539
28030,28030,100,38,125,163,0.2331288343558282,0.7668711656441718,Yes,0.7668711656441718
28031,28031,100,72,163,235,0.30638297872340425,0.6936170212765957,Yes,0.6936170212765957
28032,28032,100,39,111,150,0.26,0.74,Yes,0.74
28033,28033,100,2,4,6,0.3333333333333333,0.6666666666666666,Yes,0.6666666666666666
28034,28034,100,4,21,25,0.16,0.84,Yes,0.84
28035,28035,100,54,172,226,0.23893805309734514,0.7610619469026548,Yes,0.7610619469026548
28036,28036,100,57,151,208,0.27403846153846156,0.7259615384615384,Yes,0.7259615384615384
28037,28037,100,35,124,159,0.22012578616352202,0.779874213836478,Yes,0.779874213836478
28038,28038,100,50,124,174,0.28735632183908044,0.7126436781609196,Yes,0.7126436781609196
28039,28039,100,61,168,229,0.2663755458515284,0.7336244541484717,Yes,0.7336244541484717
28040,28040,100,46,152,198,0.23232323232323232,0.7676767676767676,Yes,0.7676767676767676
28041,28041,100,52,135,187,0.27807486631016043,0.7219251336898396,Yes,0.7219251336898396
28042,28042,100,37,105,142,0.2605633802816901,0.7394366197183099,Yes,0.7394366197183099
28043,28043,100,44,130,174,0.25287356321839083,0.7471264367816092,Yes,0.7471264367816092
28044,28044,100,54,136,190,0.28421052631578947,0.7157894736842105,Yes,0.7157894736842105
28045,28045,100,53,101,154,0.34415584415584416,0.6558441558441559,Yes,0.6558441558441559
28046,28046,100,33,129,162,0.2037037037037037,0.7962962962962963,Yes,0.7962962962962963
28047,28047,100,64,216,280,0.22857142857142856,0.7714285714285715,Yes,0.7714285714285715
28048,28048,100,55,191,246,0.22357723577235772,0.7764227642276422,Yes,0.7764227642276422
28049,28049,100,32,95,127,0.25196850393700787,0.7480314960629921,Yes,0.7480314960629921
28050,28050,100,49,75,124,0.3951612903225806,0.6048387096774194,Yes,0.6048387096774194
28051,28051,100,27,86,113,0.23893805309734514,0.7610619469026548,Yes,0.7610619469026548
28052,28052,100,17,27,44,0.38636363636363635,0.6136363636363636,Yes,0.6136363636363636
28053,28053,100,21,71,92,0.22826086956521738,0.7717391304347826,Yes,0.7717391304347826
28054,28054,100,13,33,46,0.2826086956521739,0.717391304347826,Yes,0.717391304347826
28055,28055,100,6,31,37,0.16216216216216217,0.8378378378378378,Yes,0.8378378378378378
28056,28056,100,20,73,93,0.21505376344086022,0.7849462365591398,Yes,0.7849462365591398
28057,28057,100,14,48,62,0.22580645161290322,0.7741935483870968,Yes,0.7741935483870968
28058,28058,100,21,48,69,0.30434782608695654,0.6956521739130435,Yes,0.6956521739130435
28059,28059,100,2,9,11,0.18181818181818182,0.8181818181818182,Yes,0.8181818181818182
28060,28060,100,43,77,120,0.35833333333333334,0.6416666666666667,Yes,0.6416666666666667
28061,28061,100,48,88,136,0.35294117647058826,0.6470588235294118,Yes,0.6470588235294118
28062,28062,100,68,129,197,0.34517766497461927,0.6548223350253807,Yes,0.6548223350253807
28063,28063,100,67,143,210,0.319047619047619,0.680952380952381,Yes,0.680952380952381
28064,28064,100,50,124,174,0.28735632183908044,0.7126436781609196,Yes,0.7126436781609196
28065,28065,100,55,142,197,0.27918781725888325,0.7208121827411168,Yes,0.7208121827411168
28066,28066,100,85,150,235,0.3617021276595745,0.6382978723404256,Yes,0.6382978723404256
28067,28067,100,92,133,225,0.4088888888888889,0.5911111111111111,Yes,0.5911111111111111
28068,28068,100,71,113,184,0.3858695652173913,0.6141304347826086,Yes,0.6141304347826086
28069,28069,100,38,105,143,0.26573426573426573,0.7342657342657343,Yes,0.7342657342657343
28070,28070,100,77,148,225,0.3422222222222222,0.6577777777777778,Yes,0.6577777777777778
28071,28071,100,92,167,259,0.3552123552123552,0.6447876447876448,Yes,0.6447876447876448
28072,28072,100,33,87,120,0.275,0.725,Yes,0.725
28073,28073,100,56,88,144,0.3888888888888889,0.6111111111111112,Yes,0.6111111111111112
28074,28074,100,59,125,184,0.32065217391304346,0.6793478260869565,Yes,0.6793478260869565
28075,28075,100,70,112,182,0.38461538461538464,0.6153846153846154,Yes,0.6153846153846154
28076,28076,100,78,130,208,0.375,0.625,Yes,0.625
28077,28077,100,73,130,203,0.35960591133004927,0.6403940886699507,Yes,0.6403940886699507
28078,28078,100,30,74,104,0.28846153846153844,0.7115384615384616,Yes,0.7115384615384616
28079,28079,100,0,0,0,0,0,n/a,0
29001,29001,100,5,41,46,0.10869565217391304,0.8913043478260869,Yes,0.8913043478260869
29002,29002,100,5,80,85,0.058823529411764705,0.9411764705882353,Yes,0.9411764705882353
29003,29003,100,9,71,80,0.1125,0.8875,Yes,0.8875
29004,29004,100,8,115,123,0.06504065040650407,0.9349593495934959,Yes,0.9349593495934959
29005,29005,100,1,25,26,0.038461538461538464,0.9615384615384616,Yes,0.9615384615384616
29006,29006,100,15,93,108,0.1388888888888889,0.8611111111111112,Yes,0.8611111111111112
29007,29007,100,3,17,20,0.15,0.85,Yes,0.85
29008,29008,100,10,46,56,0.17857142857142858,0.8214285714285714,Yes,0.8214285714285714
29009,29009,100,14,85,99,0.1414141414141414,0.8585858585858586,Yes,0.8585858585858586
29010,29010,100,17,55,72,0.2361111111111111,0.7638888888888888,Yes,0.7638888888888888
29011,29011,100,5,73,78,0.0641025641025641,0.9358974358974359,Yes,0.9358974358974359
29012,29012,100,15,116,131,0.11450381679389313,0.8854961832061069,Yes,0.8854961832061069
29013,29013,100,13,90,103,0.1262135922330097,0.8737864077669902,Yes,0.8737864077669902
29014,29014,100,9,46,55,0.16363636363636364,0.8363636363636363,Yes,0.8363636363636363
29015,29015,100,9,69,78,0.11538461538461539,0.8846153846153846,Yes,0.8846153846153846
29016,29016,100,3,33,36,0.08333333333333333,0.9166666666666666,Yes,0.9166666666666666
29017,29017,100,7,91,98,0.07142857142857142,0.9285714285714286,Yes,0.9285714285714286
29018,29018,100,8,136,144,0.05555555555555555,0.9444444444444444,Yes,0.9444444444444444
29019,29019,100,4,81,85,0.047058823529411764,0.9529411764705882,Yes,0.9529411764705882
29020,29020,100,17,166,183,0.09289617486338798,0.907103825136612,Yes,0.907103825136612
29021,29021,100,11,203,214,0.0514018691588785,0.9485981308411215,Yes,0.9485981308411215
29022,29022,100,13,254,267,0.04868913857677903,0.951310861423221,Yes,0.951310861423221
29023,29023,100,13,204,217,0.059907834101382486,0.9400921658986175,Yes,0.9400921658986175
29024,29024,100,12,279,291,0.041237113402061855,0.9587628865979382,Yes,0.9587628865979382
29025,29025,100,10,189,199,0.05025125628140704,0.949748743718593,Yes,0.949748743718593
29026,29026,100,32,202,234,0.13675213675213677,0.8632478632478633,Yes,0.8632478632478633
29027,29027,100,18,226,244,0.07377049180327869,0.9262295081967213,Yes,0.9262295081967213
29028,29028,100,14,216,230,0.06086956521739131,0.9391304347826087,Yes,0.9391304347826087
29029,29029,100,21,213,234,0.08974358974358974,0.9102564102564102,Yes,0.9102564102564102
29030,29030,100,12,158,170,0.07058823529411765,0.9294117647058824,Yes,0.9294117647058824
29031,29031,100,14,276,290,0.04827586206896552,0.9517241379310345,Yes,0.9517241379310345
29032,29032,100,8,280,288,0.027777777777777776,0.9722222222222222,Yes,0.9722222222222222
29033,29033,100,14,225,239,0.058577405857740586,0.9414225941422594,Yes,0.9414225941422594
29034,29034,100,8,199,207,0.03864734299516908,0.961352657004831,Yes,0.961352657004831
29035,29035,100,11,166,177,0.062146892655367235,0.9378531073446328,Yes,0.9378531073446328
29036,29036,100,19,102,121,0.15702479338842976,0.8429752066115702,Yes,0.8429752066115702
29037,29037,100,18,139,157,0.11464968152866242,0.8853503184713376,Yes,0.8853503184713376
29038,29038,100,13,145,158,0.08227848101265822,0.9177215189873418,Yes,0.9177215189873418
29039,29039,100,12,66,78,0.15384615384615385,0.8461538461538461,Yes,0.8461538461538461
29040,29040,100,11,98,109,0.10091743119266056,0.8990825688073395,Yes,0.8990825688073395
29041,29041,100,9,135,144,0.0625,0.9375,Yes,0.9375
29042,29042,100,3,79,82,0.036585365853658534,0.9634146341463414,Yes,0.9634146341463414
29043,29043,100,7,77,84,0.08333333333333333,0.9166666666666666,Yes,0.9166666666666666
29044,29044,100,8,69,77,0.1038961038961039,0.8961038961038961,Yes,0.8961038961038961
29045,29045,100,15,181,196,0.07653061224489796,0.923469387755102,Yes,0.923469387755102
29046,29046,100,10,176,186,0.053763440860215055,0.946236559139785,Yes,0.946236559139785
29047,29047,100,24,163,187,0.12834224598930483,0.8716577540106952,Yes,0.8716577540106952
29048,29048,100,10,105,115,0.08695652173913043,0.9130434782608695,Yes,0.9130434782608695
29049,29049,100,8,60,68,0.11764705882352941,0.8823529411764706,Yes,0.8823529411764706
29050,29050,100,5,161,166,0.030120481927710843,0.9698795180722891,Yes,0.9698795180722891
29051,29051,100,14,270,284,0.04929577464788732,0.9507042253521126,Yes,0.9507042253521126
29052,29052,100,13,195,208,0.0625,0.9375,Yes,0.9375
29053,29053,100,13,169,182,0.07142857142857142,0.9285714285714286,Yes,0.9285714285714286
29054,29054,100,12,167,179,0.0670391061452514,0.9329608938547486,Yes,0.9329608938547486
29055,29055,100,29,255,284,0.10211267605633803,0.897887323943662,Yes,0.897887323943662
29056,29056,100,6,225,231,0.025974025974025976,0.974025974025974,Yes,0.974025974025974
29057,29057,100,12,167,179,0.0670391061452514,0.9329608938547486,Yes,0.9329608938547486
29058,29058,100,21,232,253,0.08300395256916997,0.9169960474308301,Yes,0.9169960474308301
29059,29059,100,23,297,320,0.071875,0.928125,Yes,0.928125
29060,29060,100,15,248,263,0.057034220532319393,0.9429657794676806,Yes,0.9429657794676806
29061,29061,100,29,266,295,0.09830508474576272,0.9016949152542373,Yes,0.9016949152542373
29062,29062,100,22,286,308,0.07142857142857142,0.9285714285714286,Yes,0.9285714285714286
29063,29063,100,17,208,225,0.07555555555555556,0.9244444444444444,Yes,0.9244444444444444
29064,29064,100,12,131,143,0.08391608391608392,0.916083916083916,Yes,0.916083916083916
29065,29065,100,14,128,142,0.09859154929577464,0.9014084507042254,Yes,0.9014084507042254
29066,29066,100,15,184,199,0.07537688442211055,0.9246231155778895,Yes,0.9246231155778895
29067,29067,100,8,161,169,0.047337278106508875,0.9526627218934911,Yes,0.9526627218934911
29068,29068,100,22,177,199,0.11055276381909548,0.8894472361809045,Yes,0.8894472361809045
29069,29069,100,6,33,39,0.15384615384615385,0.8461538461538461,Yes,0.8461538461538461
29070,29070,100,19,122,141,0.1347517730496454,0.8652482269503546,Yes,0.8652482269503546
29071,29071,100,14,98,112,0.125,0.875,Yes,0.875
30001,30001,100,12,42,54,0.2222222222222222,0.7777777777777778,Yes,0.7777777777777778
30002,30002,100,13,52,65,0.2,0.8,Yes,0.8
30003,30003,100,2,2,4,0.5,0.5,Tie,0.5
30004,30004,100,68,113,181,0.3756906077348066,0.6243093922651933,Yes,0.6243093922651933
30005,30005,100,109,141,250,0.436,0.564,Yes,0.564
30006,30006,100,94,141,235,0.4,0.6,Yes,0.6
30007,30007,100,72,104,176,0.4090909090909091,0.5909090909090909,Yes,0.5909090909090909
30008,30008,100,99,154,253,0.391304347826087,0.6086956521739131,Yes,0.6086956521739131
30009,30009,100,78,124,202,0.38613861386138615,0.6138613861386139,Yes,0.6138613861386139
30010,30010,100,72,155,227,0.31718061674008813,0.6828193832599119,Yes,0.6828193832599119
30011,30011,100,50,112,162,0.30864197530864196,0.691358024691358,Yes,0.691358024691358
30012,30012,100,95,130,225,0.4222222222222222,0.5777777777777777,Yes,0.5777777777777777
30013,30013,100,45,117,162,0.2777777777777778,0.7222222222222222,Yes,0.7222222222222222
30014,30014,100,75,100,175,0.42857142857142855,0.5714285714285714,Yes,0.5714285714285714
30015,30015,100,52,69,121,0.4297520661157025,0.5702479338842975,Yes,0.5702479338842975
30016,30016,100,46,117,163,0.2822085889570552,0.7177914110429447,Yes,0.7177914110429447
30017,30017,100,36,116,152,0.23684210526315788,0.7631578947368421,Yes,0.7631578947368421
30018,30018,100,58,101,159,0.36477987421383645,0.6352201257861635,Yes,0.6352201257861635
30019,30019,100,1,0,1,1.0,0.0,No,1.0
30020,30020,100,43,56,99,0.43434343434343436,0.5656565656565656,Yes,0.5656565656565656
30021,30021,100,49,129,178,0.2752808988764045,0.7247191011235955,Yes,0.7247191011235955
30022,30022,100,49,100,149,0.3288590604026846,0.6711409395973155,Yes,0.6711409395973155
30023,30023,100,51,78,129,0.3953488372093023,0.6046511627906976,Yes,0.6046511627906976
30024,30024,100,14,44,58,0.2413793103448276,0.7586206896551724,Yes,0.7586206896551724
30025,30025,100,52,119,171,0.30409356725146197,0.695906432748538,Yes,0.695906432748538
30026,30026,100,49,91,140,0.35,0.65,Yes,0.65
30027,30027,100,51,108,159,0.32075471698113206,0.6792452830188679,Yes,0.6792452830188679
30028,30028,100,1,0,1,1.0,0.0,No,1.0
30029,30029,100,4,7,11,0.36363636363636365,0.6363636363636364,Yes,0.6363636363636364
30030,30030,100,47,71,118,0.3983050847457627,0.6016949152542372,Yes,0.6016949152542372
30031,30031,100,20,38,58,0.3448275862068966,0.6551724137931034,Yes,0.6551724137931034
30032,30032,100,2,14,16,0.125,0.875,Yes,0.875
30033,30033,100,7,16,23,0.30434782608695654,0.6956521739130435,Yes,0.6956521739130435
30034,30034,100,0,1,1,0.0,1.0,Yes,1.0
30063,30063,100,11,41,52,0.21153846153846154,0.7884615384615384,Yes,0.7884615384615384
30035,30063,100,0,0,0,0,0,n/a,0
30036,30036,100,53,68,121,0.4380165289256198,0.5619834710743802,Yes,0.5619834710743802
30037,30037,100,45,93,138,0.32608695652173914,0.6739130434782609,Yes,0.6739130434782609
30038,30038,100,18,77,95,0.18947368421052632,0.8105263157894737,Yes,0.8105263157894737
30039,30039,100,70,124,194,0.36082474226804123,0.6391752577319587,Yes,0.6391752577319587
30040,30040,100,60,127,187,0.32085561497326204,0.679144385026738,Yes,0.679144385026738
30041,30041,100,8,42,50,0.16,0.84,Yes,0.84
30042,30042,100,30,88,118,0.2542372881355932,0.7457627118644068,Yes,0.7457627118644068
30043,30043,100,29,93,122,0.23770491803278687,0.7622950819672131,Yes,0.7622950819672131
30044,30044,100,35,101,136,0.25735294117647056,0.7426470588235294,Yes,0.7426470588235294
30045,30045,100,27,107,134,0.20149253731343283,0.7985074626865671,Yes,0.7985074626865671
30046,30046,100,43,145,188,0.22872340425531915,0.7712765957446809,Yes,0.7712765957446809
30047,30047,100,16,73,89,0.1797752808988764,0.8202247191011236,Yes,0.8202247191011236
30048,30048,100,86,183,269,0.31970260223048325,0.6802973977695167,Yes,0.6802973977695167
30049,30049,100,46,161,207,0.2222222222222222,0.7777777777777778,Yes,0.7777777777777778
30050,30050,100,53,147,200,0.265,0.735,Yes,0.735
30051,30051,100,36,126,162,0.2222222222222222,0.7777777777777778,Yes,0.7777777777777778
30052,30052,100,17,57,74,0.22972972972972974,0.7702702702702703,Yes,0.7702702702702703
30053,30053,100,18,53,71,0.2535211267605634,0.7464788732394366,Yes,0.7464788732394366
30054,30054,100,2,9,11,0.18181818181818182,0.8181818181818182,Yes,0.8181818181818182
30055,30055,100,29,92,121,0.2396694214876033,0.7603305785123967,Yes,0.7603305785123967
30056,30056,100,25,100,125,0.2,0.8,Yes,0.8
30057,30057,100,6,89,95,0.06315789473684211,0.9368421052631579,Yes,0.9368421052631579
30058,30058,100,13,58,71,0.18309859154929578,0.8169014084507042,Yes,0.8169014084507042
30059,30059,100,2,49,51,0.0392156862745098,0.9607843137254902,Yes,0.9607843137254902
30060,30060,100,35,88,123,0.2845528455284553,0.7154471544715447,Yes,0.7154471544715447
30061,30061,100,57,138,195,0.2923076923076923,0.7076923076923077,Yes,0.7076923076923077
30062,30062,100,20,38,58,0.3448275862068966,0.6551724137931034,Yes,0.6551724137931034
30064,30064,100,32,110,142,0.22535211267605634,0.7746478873239436,Yes,0.7746478873239436
30065,30065,100,61,177,238,0.25630252100840334,0.7436974789915967,Yes,0.7436974789915967
30066,30066,100,37,119,156,0.23717948717948717,0.7628205128205128,Yes,0.7628205128205128
30067,30067,100,24,96,120,0.2,0.8,Yes,0.8
30068,30068,100,20,88,108,0.18518518518518517,0.8148148148148148,Yes,0.8148148148148148
30069,30069,100,37,124,161,0.22981366459627328,0.7701863354037267,Yes,0.7701863354037267
30070,30070,100,0,0,0,0,0,n/a,0
30071,30071,100,0,0,0,0,0,n/a,0
30072,30024,100,0,0,0,0,0,n/a,0
31001,31001,100,22,72,94,0.23404255319148937,0.7659574468085106,Yes,0.7659574468085106
31002,31002,100,12,133,145,0.08275862068965517,0.9172413793103448,Yes,0.9172413793103448
31003,31003,100,16,84,100,0.16,0.84,Yes,0.84
31004,31004,100,12,53,65,0.18461538461538463,0.8153846153846154,Yes,0.8153846153846154
31005,31005,100,18,92,110,0.16363636363636364,0.8363636363636363,Yes,0.8363636363636363
31006,31006,100,0,5,5,0.0,1.0,Yes,1.0
31007,31007,100,3,37,40,0.075,0.925,Yes,0.925
31008,31008,100,33,51,84,0.39285714285714285,0.6071428571428571,Yes,0.6071428571428571
31009,31009,100,4,66,70,0.05714285714285714,0.9428571428571428,Yes,0.9428571428571428
31010,31010,100,20,108,128,0.15625,0.84375,Yes,0.84375
31011,31011,100,5,154,159,0.031446540880503145,0.9685534591194969,Yes,0.9685534591194969
31012,31012,100,8,77,85,0.09411764705882353,0.9058823529411765,Yes,0.9058823529411765
31013,31013,100,8,121,129,0.06201550387596899,0.937984496124031,Yes,0.937984496124031
31014,31014,100,10,160,170,0.058823529411764705,0.9411764705882353,Yes,0.9411764705882353
31015,31015,100,11,122,133,0.08270676691729323,0.9172932330827067,Yes,0.9172932330827067
31016,31016,100,2,48,50,0.04,0.96,Yes,0.96
31017,31017,100,7,93,100,0.07,0.93,Yes,0.93
31018,31018,100,17,136,153,0.1111111111111111,0.8888888888888888,Yes,0.8888888888888888
31019,31019,100,16,184,200,0.08,0.92,Yes,0.92
31020,31020,100,3,32,35,0.08571428571428572,0.9142857142857143,Yes,0.9142857142857143
31021,31021,100,0,4,4,0.0,1.0,Yes,1.0
31022,31022,100,23,84,107,0.21495327102803738,0.7850467289719626,Yes,0.7850467289719626
31023,31023,100,19,48,67,0.2835820895522388,0.7164179104477612,Yes,0.7164179104477612
31024,31024,100,10,165,175,0.05714285714285714,0.9428571428571428,Yes,0.9428571428571428
31025,31025,100,5,98,103,0.04854368932038835,0.9514563106796117,Yes,0.9514563106796117
31026,31026,100,14,85,99,0.1414141414141414,0.8585858585858586,Yes,0.8585858585858586
31027,31027,100,28,69,97,0.28865979381443296,0.711340206185567,Yes,0.711340206185567
31028,31028,100,18,61,79,0.22784810126582278,0.7721518987341772,Yes,0.7721518987341772
31029,31029,100,9,174,183,0.04918032786885246,0.9508196721311475,Yes,0.9508196721311475
31030,31030,100,3,1,4,0.75,0.25,No,0.75
31031,31030,100,0,0,0,0,0,n/a,0
31032,31032,100,25,176,201,0.12437810945273632,0.8756218905472637,Yes,0.8756218905472637
31033,31033,100,7,60,67,0.1044776119402985,0.8955223880597015,Yes,0.8955223880597015
31034,31034,100,11,180,191,0.05759162303664921,0.9424083769633508,Yes,0.9424083769633508
31035,31035,100,27,157,184,0.14673913043478262,0.8532608695652174,Yes,0.8532608695652174
31036,31036,100,3,183,186,0.016129032258064516,0.9838709677419355,Yes,0.9838709677419355
31037,31037,100,10,198,208,0.04807692307692308,0.9519230769230769,Yes,0.9519230769230769
31038,31038,100,15,196,211,0.07109004739336493,0.9289099526066351,Yes,0.9289099526066351
31039,31039,100,10,124,134,0.07462686567164178,0.9253731343283582,Yes,0.9253731343283582
31040,31040,100,13,171,184,0.07065217391304347,0.9293478260869565,Yes,0.9293478260869565
31041,31041,100,11,123,134,0.08208955223880597,0.917910447761194,Yes,0.917910447761194
31042,31042,100,18,181,199,0.09045226130653267,0.9095477386934674,Yes,0.9095477386934674
31043,31043,100,15,180,195,0.07692307692307693,0.9230769230769231,Yes,0.9230769230769231
31044,31044,100,14,140,154,0.09090909090909091,0.9090909090909091,Yes,0.9090909090909091
31045,31045,100,11,86,97,0.1134020618556701,0.8865979381443299,Yes,0.8865979381443299
31046,31046,100,12,112,124,0.0967741935483871,0.9032258064516129,Yes,0.9032258064516129
31047,31047,100,10,132,142,0.07042253521126761,0.9295774647887324,Yes,0.9295774647887324
31048,31048,100,6,103,109,0.05504587155963303,0.944954128440367,Yes,0.944954128440367
31049,31049,100,13,159,172,0.0755813953488372,0.9244186046511628,Yes,0.9244186046511628
31050,31050,100,1,95,96,0.010416666666666666,0.9895833333333334,Yes,0.9895833333333334
31051,31051,100,13,214,227,0.05726872246696035,0.9427312775330396,Yes,0.9427312775330396
31052,31052,100,16,189,205,0.07804878048780488,0.9219512195121952,Yes,0.9219512195121952
31053,31053,100,17,237,254,0.06692913385826772,0.9330708661417323,Yes,0.9330708661417323
31054,31054,100,22,175,197,0.1116751269035533,0.8883248730964467,Yes,0.8883248730964467
31055,31055,100,3,78,81,0.037037037037037035,0.9629629629629629,Yes,0.9629629629629629
31056,31056,100,5,47,52,0.09615384615384616,0.9038461538461539,Yes,0.9038461538461539
31057,31057,100,4,126,130,0.03076923076923077,0.9692307692307692,Yes,0.9692307692307692
31058,31058,100,11,121,132,0.08333333333333333,0.9166666666666666,Yes,0.9166666666666666
31059,31059,100,16,142,158,0.10126582278481013,0.8987341772151899,Yes,0.8987341772151899
31060,31060,100,0,0,0,0,0,n/a,0
31061,31061,100,6,122,128,0.046875,0.953125,Yes,0.953125
31062,31062,100,4,110,114,0.03508771929824561,0.9649122807017544,Yes,0.9649122807017544
31063,31063,100,6,196,202,0.0297029702970297,0.9702970297029703,Yes,0.9702970297029703
31064,31064,100,5,207,212,0.02358490566037736,0.9764150943396226,Yes,0.9764150943396226
31065,31020,100,0,0,0,0,0,n/a,0
31066,31020,100,0,0,0,0,0,n/a,0
31067,31020,100,0,0,0,0,0,n/a,0
31068,31020,100,0,0,0,0,0,n/a,0
31069,31020,100,0,0,0,0,0,n/a,0
31070,31020,100,0,0,0,0,0,n/a,0
31071,31071,100,0,0,0,0,0,n/a,0
31072,31072,100,0,0,0,0,0,n/a,0
31073,31073,100,0,0,0,0,0,n/a,0
31074,31074,100,0,0,0,0,0,n/a,0
31075,31020,100,0,0,0,0,0,n/a,0
31076,31020,100,0,0,0,0,0,n/a,0
31077,31077,100,0,0,0,0,0,n/a,0
32001,32001,100,10,114,124,0.08064516129032258,0.9193548387096774,Yes,0.9193548387096774
32002,32002,100,0,1,1,0.0,1.0,Yes,1.0
32003,32003,100,7,104,111,0.06306306306306306,0.9369369369369369,Yes,0.9369369369369369
32004,32004,100,15,170,185,0.08108108108108109,0.918918918918919,Yes,0.918918918918919
32005,32005,100,2,48,50,0.04,0.96,Yes,0.96
32006,32006,100,7,110,117,0.05982905982905983,0.9401709401709402,Yes,0.9401709401709402
32007,32007,100,1,5,6,0.16666666666666666,0.8333333333333334,Yes,0.8333333333333334
32008,32008,100,1,9,10,0.1,0.9,Yes,0.9
32009,32009,100,0,17,17,0.0,1.0,Yes,1.0
32010,32010,100,1,5,6,0.16666666666666666,0.8333333333333334,Yes,0.8333333333333334
32011,32011,100,3,64,67,0.04477611940298507,0.9552238805970149,Yes,0.9552238805970149
32013,32013,100,0,12,12,0.0,1.0,Yes,1.0
32012,32013,100,0,0,0,0,0,n/a,0
32014,32014,100,0,2,2,0.0,1.0,Yes,1.0
32015,32015,100,9,128,137,0.06569343065693431,0.9343065693430657,Yes,0.9343065693430657
32016,32016,100,6,99,105,0.05714285714285714,0.9428571428571428,Yes,0.9428571428571428
32017,32017,100,4,99,103,0.038834951456310676,0.9611650485436893,Yes,0.9611650485436893
32018,32018,100,6,74,80,0.075,0.925,Yes,0.925
32019,32019,100,8,75,83,0.0963855421686747,0.9036144578313253,Yes,0.9036144578313253
32020,32020,100,3,31,34,0.08823529411764706,0.9117647058823529,Yes,0.9117647058823529
32021,32021,100,5,88,93,0.053763440860215055,0.946236559139785,Yes,0.946236559139785
32022,32022,100,3,96,99,0.030303030303030304,0.9696969696969697,Yes,0.9696969696969697
32023,32023,100,14,89,103,0.13592233009708737,0.8640776699029126,Yes,0.8640776699029126
32024,32024,100,6,90,96,0.0625,0.9375,Yes,0.9375
32025,32025,100,8,80,88,0.09090909090909091,0.9090909090909091,Yes,0.9090909090909091
32026,32026,100,3,85,88,0.03409090909090909,0.9659090909090909,Yes,0.9659090909090909
32027,32027,100,7,115,122,0.05737704918032787,0.9426229508196722,Yes,0.9426229508196722
32028,32028,100,9,103,112,0.08035714285714286,0.9196428571428571,Yes,0.9196428571428571
32029,32029,100,13,126,139,0.09352517985611511,0.9064748201438849,Yes,0.9064748201438849
32030,32030,100,8,91,99,0.08080808080808081,0.9191919191919192,Yes,0.9191919191919192
32031,32031,100,7,132,139,0.050359712230215826,0.9496402877697842,Yes,0.9496402877697842
32032,32032,100,7,91,98,0.07142857142857142,0.9285714285714286,Yes,0.9285714285714286
32033,32033,100,11,138,149,0.0738255033557047,0.9261744966442953,Yes,0.9261744966442953
32034,32034,100,11,152,163,0.06748466257668712,0.9325153374233128,Yes,0.9325153374233128
32035,32035,100,11,107,118,0.09322033898305085,0.9067796610169492,Yes,0.9067796610169492
32036,32036,100,9,76,85,0.10588235294117647,0.8941176470588236,Yes,0.8941176470588236
32037,32037,100,2,37,39,0.05128205128205128,0.9487179487179487,Yes,0.9487179487179487
32038,32038,100,11,132,143,0.07692307692307693,0.9230769230769231,Yes,0.9230769230769231
32039,32039,100,14,170,184,0.07608695652173914,0.9239130434782609,Yes,0.9239130434782609
32040,32040,100,10,142,152,0.06578947368421052,0.9342105263157895,Yes,0.9342105263157895
32041,32041,100,14,173,187,0.0748663101604278,0.9251336898395722,Yes,0.9251336898395722
32042,32042,100,9,165,174,0.05172413793103448,0.9482758620689655,Yes,0.9482758620689655
32043,32043,100,8,89,97,0.08247422680412371,0.9175257731958762,Yes,0.9175257731958762
32044,32044,100,2,47,49,0.04081632653061224,0.9591836734693877,Yes,0.9591836734693877
32045,32045,100,15,172,187,0.08021390374331551,0.9197860962566845,Yes,0.9197860962566845
32046,32046,100,5,152,157,0.03184713375796178,0.9681528662420382,Yes,0.9681528662420382
32047,32047,100,11,115,126,0.0873015873015873,0.9126984126984127,Yes,0.9126984126984127
32048,32048,100,6,123,129,0.046511627906976744,0.9534883720930233,Yes,0.9534883720930233
32049,32049,100,11,155,166,0.06626506024096386,0.9337349397590361,Yes,0.9337349397590361
32050,32050,100,9,133,142,0.06338028169014084,0.9366197183098591,Yes,0.9366197183098591
32051,32051,100,4,118,122,0.03278688524590164,0.9672131147540983,Yes,0.9672131147540983
32052,32052,100,2,99,101,0.019801980198019802,0.9801980198019802,Yes,0.9801980198019802
32053,32053,100,10,193,203,0.04926108374384237,0.9507389162561576,Yes,0.9507389162561576
32054,32054,100,4,129,133,0.03007518796992481,0.9699248120300752,Yes,0.9699248120300752
32055,32055,100,8,162,170,0.047058823529411764,0.9529411764705882,Yes,0.9529411764705882
32056,32056,100,6,58,64,0.09375,0.90625,Yes,0.90625
32057,32057,100,11,249,260,0.04230769230769231,0.9576923076923077,Yes,0.9576923076923077
32058,32058,100,7,128,135,0.05185185185185185,0.9481481481481482,Yes,0.9481481481481482
32059,32059,100,10,177,187,0.053475935828877004,0.946524064171123,Yes,0.946524064171123
32060,32060,100,17,249,266,0.06390977443609022,0.9360902255639098,Yes,0.9360902255639098
32061,32061,100,18,224,242,0.0743801652892562,0.9256198347107438,Yes,0.9256198347107438
32062,32062,100,30,269,299,0.10033444816053512,0.8996655518394648,Yes,0.8996655518394648
32063,32063,100,18,239,257,0.07003891050583658,0.9299610894941635,Yes,0.9299610894941635
32064,32064,100,15,175,190,0.07894736842105263,0.9210526315789473,Yes,0.9210526315789473
32065,32065,100,30,150,180,0.16666666666666666,0.8333333333333334,Yes,0.8333333333333334
32066,32066,100,16,139,155,0.1032258064516129,0.896774193548387,Yes,0.896774193548387
32067,32067,100,38,197,235,0.16170212765957448,0.8382978723404255,Yes,0.8382978723404255
32068,32068,100,17,174,191,0.08900523560209424,0.9109947643979057,Yes,0.9109947643979057
32069,32069,100,19,185,204,0.09313725490196079,0.9068627450980392,Yes,0.9068627450980392
32070,32070,100,18,220,238,0.07563025210084033,0.9243697478991597,Yes,0.9243697478991597
32071,32071,100,43,153,196,0.2193877551020408,0.7806122448979592,Yes,0.7806122448979592
32072,32072,100,7,116,123,0.056910569105691054,0.943089430894309,Yes,0.943089430894309
32073,32073,100,23,166,189,0.12169312169312169,0.8783068783068783,Yes,0.8783068783068783
32074,32074,100,9,150,159,0.05660377358490566,0.9433962264150944,Yes,0.9433962264150944
32075,32075,100,6,124,130,0.046153846153846156,0.9538461538461539,Yes,0.9538461538461539
32076,32056,100,0,0,0,0,0,n/a,0
32077,32077,100,8,116,124,0.06451612903225806,0.9354838709677419,Yes,0.9354838709677419
32078,32078,100,7,160,167,0.041916167664670656,0.9580838323353293,Yes,0.9580838323353293
33001,33001,100,60,117,177,0.3389830508474576,0.6610169491525424,Yes,0.6610169491525424
33002,33002,100,62,162,224,0.2767857142857143,0.7232142857142857,Yes,0.7232142857142857
33003,33003,100,61,106,167,0.3652694610778443,0.6347305389221557,Yes,0.6347305389221557
33004,33004,100,51,81,132,0.38636363636363635,0.6136363636363636,Yes,0.6136363636363636
33005,33005,100,49,95,144,0.3402777777777778,0.6597222222222222,Yes,0.6597222222222222
33006,33006,100,77,126,203,0.3793103448275862,0.6206896551724138,Yes,0.6206896551724138
33007,33007,100,78,112,190,0.4105263157894737,0.5894736842105263,Yes,0.5894736842105263
33008,33008,100,50,93,143,0.34965034965034963,0.6503496503496503,Yes,0.6503496503496503
33009,33009,100,73,121,194,0.37628865979381443,0.6237113402061856,Yes,0.6237113402061856
33010,33010,100,42,87,129,0.32558139534883723,0.6744186046511628,Yes,0.6744186046511628
33011,33011,100,43,99,142,0.3028169014084507,0.6971830985915493,Yes,0.6971830985915493
33012,33012,100,58,137,195,0.29743589743589743,0.7025641025641025,Yes,0.7025641025641025
33013,33013,100,41,154,195,0.21025641025641026,0.7897435897435897,Yes,0.7897435897435897
33014,33014,100,26,76,102,0.2549019607843137,0.7450980392156863,Yes,0.7450980392156863
33015,33015,100,24,72,96,0.25,0.75,Yes,0.75
33016,33016,100,4,11,15,0.26666666666666666,0.7333333333333333,Yes,0.7333333333333333
33017,33017,100,20,88,108,0.18518518518518517,0.8148148148148148,Yes,0.8148148148148148
33018,33018,100,37,152,189,0.19576719576719576,0.8042328042328042,Yes,0.8042328042328042
33019,33019,100,23,96,119,0.19327731092436976,0.8067226890756303,Yes,0.8067226890756303
33020,33020,100,35,100,135,0.25925925925925924,0.7407407407407407,Yes,0.7407407407407407
33021,33021,100,20,106,126,0.15873015873015872,0.8412698412698413,Yes,0.8412698412698413
33022,33022,100,23,69,92,0.25,0.75,Yes,0.75
33023,33023,100,9,59,68,0.1323529411764706,0.8676470588235294,Yes,0.8676470588235294
33024,33024,100,13,94,107,0.12149532710280374,0.8785046728971962,Yes,0.8785046728971962
33025,33025,100,13,117,130,0.1,0.9,Yes,0.9
33026,33026,100,9,92,101,0.0891089108910891,0.9108910891089109,Yes,0.9108910891089109
33027,33027,100,26,152,178,0.14606741573033707,0.8539325842696629,Yes,0.8539325842696629
33028,33028,100,22,140,162,0.13580246913580246,0.8641975308641975,Yes,0.8641975308641975
33029,33029,100,10,116,126,0.07936507936507936,0.9206349206349206,Yes,0.9206349206349206
33030,33030,100,14,192,206,0.06796116504854369,0.9320388349514563,Yes,0.9320388349514563
33031,33031,100,11,121,132,0.08333333333333333,0.9166666666666666,Yes,0.9166666666666666
33032,33032,100,15,228,243,0.06172839506172839,0.9382716049382716,Yes,0.9382716049382716
33033,33033,100,7,167,174,0.040229885057471264,0.9597701149425287,Yes,0.9597701149425287
33034,33034,100,14,145,159,0.0880503144654088,0.9119496855345912,Yes,0.9119496855345912
33035,33035,100,12,153,165,0.07272727272727272,0.9272727272727272,Yes,0.9272727272727272
33036,33036,100,9,152,161,0.055900621118012424,0.9440993788819876,Yes,0.9440993788819876
33037,33037,100,20,185,205,0.0975609756097561,0.9024390243902439,Yes,0.9024390243902439
33038,33038,100,16,196,212,0.07547169811320754,0.9245283018867925,Yes,0.9245283018867925
33039,33039,100,1,133,134,0.007462686567164179,0.9925373134328358,Yes,0.9925373134328358
33040,33040,100,7,156,163,0.04294478527607362,0.9570552147239264,Yes,0.9570552147239264
33041,33041,100,12,179,191,0.06282722513089005,0.93717277486911,Yes,0.93717277486911
33042,33042,100,7,160,167,0.041916167664670656,0.9580838323353293,Yes,0.9580838323353293
33043,33043,100,8,72,80,0.1,0.9,Yes,0.9
33044,33044,100,8,133,141,0.05673758865248227,0.9432624113475178,Yes,0.9432624113475178
33045,33045,100,5,105,110,0.045454545454545456,0.9545454545454546,Yes,0.9545454545454546
33046,33046,100,12,111,123,0.0975609756097561,0.9024390243902439,Yes,0.9024390243902439
33047,33047,100,8,142,150,0.05333333333333334,0.9466666666666667,Yes,0.9466666666666667
33048,33048,100,10,150,160,0.0625,0.9375,Yes,0.9375
33049,33049,100,20,120,140,0.14285714285714285,0.8571428571428571,Yes,0.8571428571428571
33050,33050,100,12,141,153,0.0784313725490196,0.9215686274509803,Yes,0.9215686274509803
33051,33051,100,13,188,201,0.06467661691542288,0.9353233830845771,Yes,0.9353233830845771
33052,33052,100,12,180,192,0.0625,0.9375,Yes,0.9375
33053,33053,100,13,201,214,0.06074766355140187,0.9392523364485982,Yes,0.9392523364485982
33054,33054,100,9,152,161,0.055900621118012424,0.9440993788819876,Yes,0.9440993788819876
33055,33055,100,14,234,248,0.056451612903225805,0.9435483870967742,Yes,0.9435483870967742
33056,33056,100,26,244,270,0.0962962962962963,0.9037037037037037,Yes,0.9037037037037037
33057,33057,100,29,206,235,0.12340425531914893,0.8765957446808511,Yes,0.8765957446808511
33058,33058,100,28,122,150,0.18666666666666668,0.8133333333333334,Yes,0.8133333333333334
33059,33059,100,15,130,145,0.10344827586206896,0.896551724137931,Yes,0.896551724137931
33060,33060,100,8,139,147,0.05442176870748299,0.9455782312925171,Yes,0.9455782312925171
33061,33061,100,6,167,173,0.03468208092485549,0.9653179190751445,Yes,0.9653179190751445
33062,33062,100,8,148,156,0.05128205128205128,0.9487179487179487,Yes,0.9487179487179487
33063,33063,100,15,218,233,0.06437768240343347,0.9356223175965666,Yes,0.9356223175965666
33064,33064,100,11,123,134,0.08208955223880597,0.917910447761194,Yes,0.917910447761194
33065,33065,100,42,252,294,0.14285714285714285,0.8571428571428571,Yes,0.8571428571428571
33066,33066,100,22,210,232,0.09482758620689655,0.9051724137931034,Yes,0.9051724137931034
33067,33067,100,18,256,274,0.06569343065693431,0.9343065693430657,Yes,0.9343065693430657
33068,33068,100,20,307,327,0.06116207951070336,0.9388379204892966,Yes,0.9388379204892966
33069,33069,100,11,158,169,0.0650887573964497,0.9349112426035503,Yes,0.9349112426035503
33070,33070,100,14,182,196,0.07142857142857142,0.9285714285714286,Yes,0.9285714285714286
33071,33071,100,6,148,154,0.03896103896103896,0.961038961038961,Yes,0.961038961038961
33072,33072,100,6,166,172,0.03488372093023256,0.9651162790697675,Yes,0.9651162790697675
33073,33073,100,9,102,111,0.08108108108108109,0.918918918918919,Yes,0.918918918918919
34001,34001,100,6,89,95,0.06315789473684211,0.9368421052631579,Yes,0.9368421052631579
34002,34002,100,8,75,83,0.0963855421686747,0.9036144578313253,Yes,0.9036144578313253
34003,34003,100,7,74,81,0.08641975308641975,0.9135802469135802,Yes,0.9135802469135802
34004,34004,100,5,64,69,0.07246376811594203,0.927536231884058,Yes,0.927536231884058
34005,34005,100,11,66,77,0.14285714285714285,0.8571428571428571,Yes,0.8571428571428571
34006,34006,100,7,47,54,0.12962962962962962,0.8703703703703703,Yes,0.8703703703703703
34007,34007,100,3,101,104,0.028846153846153848,0.9711538461538461,Yes,0.9711538461538461
34008,34008,100,5,78,83,0.060240963855421686,0.9397590361445783,Yes,0.9397590361445783
34009,34009,100,6,61,67,0.08955223880597014,0.9104477611940298,Yes,0.9104477611940298
34010,34010,100,24,65,89,0.2696629213483146,0.7303370786516854,Yes,0.7303370786516854
34011,34011,100,13,77,90,0.14444444444444443,0.8555555555555555,Yes,0.8555555555555555
34012,34012,100,8,32,40,0.2,0.8,Yes,0.8
34013,34013,100,33,158,191,0.17277486910994763,0.8272251308900523,Yes,0.8272251308900523
34014,34014,100,2,46,48,0.041666666666666664,0.9583333333333334,Yes,0.9583333333333334
34015,34015,100,36,83,119,0.3025210084033613,0.6974789915966386,Yes,0.6974789915966386
34016,34016,100,64,148,212,0.3018867924528302,0.6981132075471698,Yes,0.6981132075471698
34017,34017,100,53,175,228,0.2324561403508772,0.7675438596491229,Yes,0.7675438596491229
34018,34018,100,32,170,202,0.15841584158415842,0.8415841584158416,Yes,0.8415841584158416
34019,34019,100,39,138,177,0.22033898305084745,0.7796610169491526,Yes,0.7796610169491526
34020,34020,100,26,122,148,0.17567567567567569,0.8243243243243243,Yes,0.8243243243243243
34021,34021,100,13,88,101,0.12871287128712872,0.8712871287128713,Yes,0.8712871287128713
34022,34022,100,44,114,158,0.27848101265822783,0.7215189873417721,Yes,0.7215189873417721
34023,34023,100,35,127,162,0.21604938271604937,0.7839506172839507,Yes,0.7839506172839507
34024,34024,100,35,173,208,0.16826923076923078,0.8317307692307693,Yes,0.8317307692307693
34025,34025,100,91,273,364,0.25,0.75,Yes,0.75
34026,34026,100,25,118,143,0.17482517482517482,0.8251748251748252,Yes,0.8251748251748252
34027,34027,100,26,103,129,0.20155038759689922,0.7984496124031008,Yes,0.7984496124031008
34028,34028,100,29,108,137,0.2116788321167883,0.7883211678832117,Yes,0.7883211678832117
34029,34029,100,21,87,108,0.19444444444444445,0.8055555555555556,Yes,0.8055555555555556
34030,34030,100,0,4,4,0.0,1.0,Yes,1.0
34031,34031,100,10,21,31,0.3225806451612903,0.6774193548387096,Yes,0.6774193548387096
34032,34032,100,5,17,22,0.22727272727272727,0.7727272727272727,Yes,0.7727272727272727
34033,34033,100,0,15,15,0.0,1.0,Yes,1.0
34034,34034,100,0,23,23,0.0,1.0,Yes,1.0
34035,34035,100,21,76,97,0.21649484536082475,0.7835051546391752,Yes,0.7835051546391752
34036,34036,100,25,94,119,0.21008403361344538,0.7899159663865546,Yes,0.7899159663865546
34037,34037,100,29,84,113,0.25663716814159293,0.7433628318584071,Yes,0.7433628318584071
34038,34038,100,20,36,56,0.35714285714285715,0.6428571428571429,Yes,0.6428571428571429
34039,34039,100,17,62,79,0.21518987341772153,0.7848101265822784,Yes,0.7848101265822784
34040,34040,100,32,111,143,0.22377622377622378,0.7762237762237763,Yes,0.7762237762237763
34041,34041,100,18,37,55,0.32727272727272727,0.6727272727272727,Yes,0.6727272727272727
34042,34042,100,14,43,57,0.24561403508771928,0.7543859649122807,Yes,0.7543859649122807
34043,34043,100,11,37,48,0.22916666666666666,0.7708333333333334,Yes,0.7708333333333334
34044,34044,100,4,33,37,0.10810810810810811,0.8918918918918919,Yes,0.8918918918918919
34045,34045,100,35,74,109,0.3211009174311927,0.6788990825688074,Yes,0.6788990825688074
34046,34046,100,8,30,38,0.21052631578947367,0.7894736842105263,Yes,0.7894736842105263
34047,34047,100,0,9,9,0.0,1.0,Yes,1.0
34048,34048,100,12,21,33,0.36363636363636365,0.6363636363636364,Yes,0.6363636363636364
34049,34049,100,25,92,117,0.21367521367521367,0.7863247863247863,Yes,0.7863247863247863
34050,34050,100,25,101,126,0.1984126984126984,0.8015873015873016,Yes,0.8015873015873016
34051,34051,100,21,135,156,0.1346153846153846,0.8653846153846154,Yes,0.8653846153846154
34052,34052,100,18,69,87,0.20689655172413793,0.7931034482758621,Yes,0.7931034482758621
34053,34053,100,1,11,12,0.08333333333333333,0.9166666666666666,Yes,0.9166666666666666
34056,34056,100,6,4,10,0.6,0.4,No,0.6
34054,34056,100,0,0,0,0,0,n/a,0
34055,34053,100,0,0,0,0,0,n/a,0
34057,34057,100,3,17,20,0.15,0.85,Yes,0.85
34058,34057,100,0,0,0,0,0,n/a,0
34059,34059,100,0,2,2,0.0,1.0,Yes,1.0
34060,34060,100,13,72,85,0.15294117647058825,0.8470588235294118,Yes,0.8470588235294118
34061,34061,100,1,0,1,1.0,0.0,No,1.0
34062,34062,100,10,19,29,0.3448275862068966,0.6551724137931034,Yes,0.6551724137931034
34063,34063,100,59,158,217,0.271889400921659,0.728110599078341,Yes,0.728110599078341
34064,34030,100,0,0,0,0,0,n/a,0
35001,35001,100,9,15,24,0.375,0.625,Yes,0.625
35002,35002,100,17,50,67,0.2537313432835821,0.746268656716418,Yes,0.746268656716418
35003,35003,100,17,79,96,0.17708333333333334,0.8229166666666666,Yes,0.8229166666666666
35004,35004,100,13,38,51,0.2549019607843137,0.7450980392156863,Yes,0.7450980392156863
35005,35005,100,24,71,95,0.25263157894736843,0.7473684210526316,Yes,0.7473684210526316
35006,35006,100,9,35,44,0.20454545454545456,0.7954545454545454,Yes,0.7954545454545454
35007,35007,100,28,111,139,0.2014388489208633,0.7985611510791367,Yes,0.7985611510791367
35008,35008,100,6,43,49,0.12244897959183673,0.8775510204081632,Yes,0.8775510204081632
35009,35009,100,23,89,112,0.20535714285714285,0.7946428571428571,Yes,0.7946428571428571
35010,35010,100,22,94,116,0.1896551724137931,0.8103448275862069,Yes,0.8103448275862069
35011,35011,100,13,35,48,0.2708333333333333,0.7291666666666666,Yes,0.7291666666666666
35012,35012,100,17,71,88,0.19318181818181818,0.8068181818181818,Yes,0.8068181818181818
35013,35013,100,7,74,81,0.08641975308641975,0.9135802469135802,Yes,0.9135802469135802
35014,35014,100,6,41,47,0.1276595744680851,0.8723404255319149,Yes,0.8723404255319149
35015,35015,100,14,187,201,0.06965174129353234,0.9303482587064676,Yes,0.9303482587064676
35016,35016,100,8,129,137,0.058394160583941604,0.9416058394160584,Yes,0.9416058394160584
35017,35017,100,11,131,142,0.07746478873239436,0.9225352112676056,Yes,0.9225352112676056
35018,35018,100,14,150,164,0.08536585365853659,0.9146341463414634,Yes,0.9146341463414634
35019,35019,100,8,97,105,0.0761904761904762,0.9238095238095239,Yes,0.9238095238095239
35020,35020,100,22,199,221,0.09954751131221719,0.9004524886877828,Yes,0.9004524886877828
35021,35021,100,42,195,237,0.17721518987341772,0.8227848101265823,Yes,0.8227848101265823
35022,35022,100,4,87,91,0.04395604395604396,0.9560439560439561,Yes,0.9560439560439561
35023,35023,100,32,132,164,0.1951219512195122,0.8048780487804879,Yes,0.8048780487804879
35024,35024,100,19,98,117,0.1623931623931624,0.8376068376068376,Yes,0.8376068376068376
35025,35025,100,15,180,195,0.07692307692307693,0.9230769230769231,Yes,0.9230769230769231
35026,35026,100,35,109,144,0.24305555555555555,0.7569444444444444,Yes,0.7569444444444444
35027,35027,100,41,96,137,0.29927007299270075,0.7007299270072993,Yes,0.7007299270072993
35028,35028,100,1,27,28,0.03571428571428571,0.9642857142857143,Yes,0.9642857142857143
35029,35029,100,0,3,3,0.0,1.0,Yes,1.0
35030,35030,100,6,30,36,0.16666666666666666,0.8333333333333334,Yes,0.8333333333333334
35034,35034,100,1,29,30,0.03333333333333333,0.9666666666666667,Yes,0.9666666666666667
35031,35034,100,0,0,0,0,0,n/a,0
35032,35032,100,7,89,96,0.07291666666666667,0.9270833333333334,Yes,0.9270833333333334
35033,35033,100,20,88,108,0.18518518518518517,0.8148148148148148,Yes,0.8148148148148148
35035,35035,100,6,42,48,0.125,0.875,Yes,0.875
35036,35036,100,1,5,6,0.16666666666666666,0.8333333333333334,Yes,0.8333333333333334
35037,35037,100,3,53,56,0.05357142857142857,0.9464285714285714,Yes,0.9464285714285714
35038,35038,100,3,71,74,0.04054054054054054,0.9594594594594594,Yes,0.9594594594594594
35039,35039,100,10,127,137,0.072992700729927,0.927007299270073,Yes,0.927007299270073
35040,35040,100,7,75,82,0.08536585365853659,0.9146341463414634,Yes,0.9146341463414634
35041,35041,100,11,128,139,0.07913669064748201,0.920863309352518,Yes,0.920863309352518
35042,35042,100,3,98,101,0.0297029702970297,0.9702970297029703,Yes,0.9702970297029703
35043,35043,100,12,133,145,0.08275862068965517,0.9172413793103448,Yes,0.9172413793103448
35044,35044,100,5,129,134,0.03731343283582089,0.9626865671641791,Yes,0.9626865671641791
35045,35045,100,8,87,95,0.08421052631578947,0.9157894736842105,Yes,0.9157894736842105
35046,35046,100,10,121,131,0.07633587786259542,0.9236641221374046,Yes,0.9236641221374046
35047,35047,100,9,79,88,0.10227272727272728,0.8977272727272727,Yes,0.8977272727272727
35048,35048,100,13,176,189,0.06878306878306878,0.9312169312169312,Yes,0.9312169312169312
35049,35049,100,8,34,42,0.19047619047619047,0.8095238095238095,Yes,0.8095238095238095
35050,35050,100,15,109,124,0.12096774193548387,0.8790322580645161,Yes,0.8790322580645161
35051,35051,100,20,178,198,0.10101010101010101,0.898989898989899,Yes,0.898989898989899
35052,35052,100,28,151,179,0.1564245810055866,0.8435754189944135,Yes,0.8435754189944135
35053,35053,100,16,179,195,0.08205128205128205,0.9179487179487179,Yes,0.9179487179487179
35054,35054,100,0,0,0,0,0,n/a,0
35055,35055,100,0,0,0,0,0,n/a,0
35056,35056,100,0,0,0,0,0,n/a,0
35057,35035,100,0,0,0,0,0,n/a,0
35058,35035,100,0,0,0,0,0,n/a,0
35059,35059,100,0,0,0,0,0,n/a,0
35060,35056,100,0,0,0,0,0,n/a,0
35061,35061,100,0,0,0,0,0,n/a,0
35062,35055,100,0,0,0,0,0,n/a,0
36001,36001,100,88,244,332,0.26506024096385544,0.7349397590361446,Yes,0.7349397590361446
36002,36002,100,77,184,261,0.2950191570881226,0.7049808429118773,Yes,0.7049808429118773
36003,36003,100,30,133,163,0.18404907975460122,0.8159509202453987,Yes,0.8159509202453987
36004,36004,100,40,116,156,0.2564102564102564,0.7435897435897436,Yes,0.7435897435897436
36005,36005,100,27,122,149,0.18120805369127516,0.8187919463087249,Yes,0.8187919463087249
36006,36006,100,27,113,140,0.19285714285714287,0.8071428571428572,Yes,0.8071428571428572
36007,36007,100,37,127,164,0.22560975609756098,0.774390243902439,Yes,0.774390243902439
36008,36008,100,33,165,198,0.16666666666666666,0.8333333333333334,Yes,0.8333333333333334
36009,36009,100,23,142,165,0.1393939393939394,0.8606060606060606,Yes,0.8606060606060606
36010,36010,100,40,132,172,0.23255813953488372,0.7674418604651163,Yes,0.7674418604651163
36011,36011,100,9,109,118,0.07627118644067797,0.923728813559322,Yes,0.923728813559322
36012,36012,100,32,124,156,0.20512820512820512,0.7948717948717948,Yes,0.7948717948717948
36013,36013,100,37,139,176,0.21022727272727273,0.7897727272727273,Yes,0.7897727272727273
36014,36014,100,37,109,146,0.2534246575342466,0.7465753424657534,Yes,0.7465753424657534
36015,36015,100,29,105,134,0.21641791044776118,0.7835820895522388,Yes,0.7835820895522388
36016,36016,100,30,129,159,0.18867924528301888,0.8113207547169812,Yes,0.8113207547169812
36017,36017,100,40,117,157,0.25477707006369427,0.7452229299363057,Yes,0.7452229299363057
36018,36018,100,40,125,165,0.24242424242424243,0.7575757575757576,Yes,0.7575757575757576
36019,36019,100,27,107,134,0.20149253731343283,0.7985074626865671,Yes,0.7985074626865671
36020,36020,100,36,169,205,0.17560975609756097,0.824390243902439,Yes,0.824390243902439
36021,36021,100,25,111,136,0.18382352941176472,0.8161764705882353,Yes,0.8161764705882353
36022,36022,100,37,96,133,0.2781954887218045,0.7218045112781954,Yes,0.7218045112781954
36023,36023,100,28,75,103,0.27184466019417475,0.7281553398058253,Yes,0.7281553398058253
36024,36024,100,23,95,118,0.19491525423728814,0.8050847457627118,Yes,0.8050847457627118
36025,36025,100,21,88,109,0.1926605504587156,0.8073394495412844,Yes,0.8073394495412844
36026,36026,100,21,72,93,0.22580645161290322,0.7741935483870968,Yes,0.7741935483870968
36027,36027,100,30,84,114,0.2631578947368421,0.7368421052631579,Yes,0.7368421052631579
36028,36028,100,32,77,109,0.29357798165137616,0.7064220183486238,Yes,0.7064220183486238
36029,36029,100,35,77,112,0.3125,0.6875,Yes,0.6875
36030,36030,100,19,66,85,0.2235294117647059,0.7764705882352941,Yes,0.7764705882352941
36031,36031,100,41,120,161,0.2546583850931677,0.7453416149068323,Yes,0.7453416149068323
36032,36032,100,25,96,121,0.2066115702479339,0.7933884297520661,Yes,0.7933884297520661
36033,36033,100,33,125,158,0.2088607594936709,0.7911392405063291,Yes,0.7911392405063291
36034,36034,100,32,93,125,0.256,0.744,Yes,0.744
36035,36035,100,45,129,174,0.25862068965517243,0.7413793103448276,Yes,0.7413793103448276
36036,36036,100,30,139,169,0.17751479289940827,0.8224852071005917,Yes,0.8224852071005917
36037,36037,100,44,136,180,0.24444444444444444,0.7555555555555555,Yes,0.7555555555555555
36038,36038,100,39,136,175,0.22285714285714286,0.7771428571428571,Yes,0.7771428571428571
36039,36039,100,35,135,170,0.20588235294117646,0.7941176470588235,Yes,0.7941176470588235
36040,36040,100,37,132,169,0.21893491124260356,0.7810650887573964,Yes,0.7810650887573964
36041,36041,100,41,133,174,0.23563218390804597,0.764367816091954,Yes,0.764367816091954
36042,36042,100,36,106,142,0.2535211267605634,0.7464788732394366,Yes,0.7464788732394366
36043,36043,100,10,23,33,0.30303030303030304,0.696969696969697,Yes,0.696969696969697
36044,36044,100,3,7,10,0.3,0.7,Yes,0.7
36045,36045,100,16,67,83,0.1927710843373494,0.8072289156626506,Yes,0.8072289156626506
36046,36046,100,43,75,118,0.3644067796610169,0.635593220338983,Yes,0.635593220338983
36047,36047,100,35,102,137,0.25547445255474455,0.7445255474452555,Yes,0.7445255474452555
36048,36048,100,39,107,146,0.2671232876712329,0.7328767123287672,Yes,0.7328767123287672
36049,36049,100,29,113,142,0.20422535211267606,0.795774647887324,Yes,0.795774647887324
36050,36050,100,7,19,26,0.2692307692307692,0.7307692307692307,Yes,0.7307692307692307
36051,36051,100,0,13,13,0.0,1.0,Yes,1.0
36052,36052,100,49,100,149,0.3288590604026846,0.6711409395973155,Yes,0.6711409395973155
36053,36053,100,57,128,185,0.3081081081081081,0.6918918918918919,Yes,0.6918918918918919
36054,36054,100,41,69,110,0.37272727272727274,0.6272727272727273,Yes,0.6272727272727273
36055,36055,100,44,153,197,0.2233502538071066,0.7766497461928934,Yes,0.7766497461928934
36056,36056,100,37,86,123,0.3008130081300813,0.6991869918699187,Yes,0.6991869918699187
36057,36057,100,31,95,126,0.24603174603174602,0.753968253968254,Yes,0.753968253968254
36058,36058,100,32,82,114,0.2807017543859649,0.7192982456140351,Yes,0.7192982456140351
36059,36059,100,35,80,115,0.30434782608695654,0.6956521739130435,Yes,0.6956521739130435
36060,36060,100,27,87,114,0.23684210526315788,0.7631578947368421,Yes,0.7631578947368421
36061,36061,100,30,116,146,0.2054794520547945,0.7945205479452054,Yes,0.7945205479452054
36062,36062,100,11,114,125,0.088,0.912,Yes,0.912
36063,36063,100,10,85,95,0.10526315789473684,0.8947368421052632,Yes,0.8947368421052632
36064,36064,100,17,151,168,0.10119047619047619,0.8988095238095238,Yes,0.8988095238095238
36065,36065,100,7,36,43,0.16279069767441862,0.8372093023255814,Yes,0.8372093023255814
36066,36066,100,12,75,87,0.13793103448275862,0.8620689655172413,Yes,0.8620689655172413
36067,36067,100,26,89,115,0.22608695652173913,0.7739130434782608,Yes,0.7739130434782608
36068,36068,100,0,0,0,0,0,n/a,0
36069,36050,100,0,0,0,0,0,n/a,0
36070,36044,100,0,0,0,0,0,n/a,0
36071,36071,100,0,0,0,0,0,n/a,0
37001,37001,100,43,152,195,0.2205128205128205,0.7794871794871795,Yes,0.7794871794871795
37002,37002,100,10,119,129,0.07751937984496124,0.9224806201550387,Yes,0.9224806201550387
37003,37003,100,4,112,116,0.034482758620689655,0.9655172413793104,Yes,0.9655172413793104
37004,37004,100,5,124,129,0.03875968992248062,0.9612403100775194,Yes,0.9612403100775194
37005,37005,100,16,102,118,0.13559322033898305,0.864406779661017,Yes,0.864406779661017
37006,37006,100,20,65,85,0.23529411764705882,0.7647058823529411,Yes,0.7647058823529411
37007,37007,100,11,44,55,0.2,0.8,Yes,0.8
37008,37008,100,9,85,94,0.09574468085106383,0.9042553191489362,Yes,0.9042553191489362
37009,37009,100,3,55,58,0.05172413793103448,0.9482758620689655,Yes,0.9482758620689655
37010,37010,100,14,101,115,0.12173913043478261,0.8782608695652174,Yes,0.8782608695652174
37011,37011,100,26,175,201,0.12935323383084577,0.8706467661691543,Yes,0.8706467661691543
37012,37012,100,5,74,79,0.06329113924050633,0.9367088607594937,Yes,0.9367088607594937
37013,37013,100,8,106,114,0.07017543859649122,0.9298245614035088,Yes,0.9298245614035088
37014,37014,100,9,127,136,0.0661764705882353,0.9338235294117647,Yes,0.9338235294117647
37015,37015,100,3,78,81,0.037037037037037035,0.9629629629629629,Yes,0.9629629629629629
37016,37016,100,3,111,114,0.02631578947368421,0.9736842105263158,Yes,0.9736842105263158
37017,37017,100,2,111,113,0.017699115044247787,0.9823008849557522,Yes,0.9823008849557522
37018,37018,100,29,156,185,0.15675675675675677,0.8432432432432433,Yes,0.8432432432432433
37019,37019,100,63,216,279,0.22580645161290322,0.7741935483870968,Yes,0.7741935483870968
37020,37020,100,35,125,160,0.21875,0.78125,Yes,0.78125
37021,37021,100,58,161,219,0.2648401826484018,0.7351598173515982,Yes,0.7351598173515982
37022,37022,100,48,188,236,0.2033898305084746,0.7966101694915254,Yes,0.7966101694915254
37023,37023,100,32,133,165,0.19393939393939394,0.806060606060606,Yes,0.806060606060606
37024,37024,100,38,157,195,0.19487179487179487,0.8051282051282052,Yes,0.8051282051282052
37025,37025,100,7,23,30,0.23333333333333334,0.7666666666666667,Yes,0.7666666666666667
37026,37025,100,0,0,0,0,0,n/a,0
37027,37027,100,91,223,314,0.2898089171974522,0.7101910828025477,Yes,0.7101910828025477
37028,37028,100,40,217,257,0.1556420233463035,0.8443579766536965,Yes,0.8443579766536965
37029,37029,100,56,178,234,0.23931623931623933,0.7606837606837606,Yes,0.7606837606837606
37030,37030,100,51,203,254,0.20078740157480315,0.7992125984251969,Yes,0.7992125984251969
37031,37031,100,48,145,193,0.24870466321243523,0.7512953367875648,Yes,0.7512953367875648
37032,37032,100,17,106,123,0.13821138211382114,0.8617886178861789,Yes,0.8617886178861789
37033,37033,100,11,100,111,0.0990990990990991,0.9009009009009009,Yes,0.9009009009009009
37034,37034,100,12,90,102,0.11764705882352941,0.8823529411764706,Yes,0.8823529411764706
37035,37035,100,23,102,125,0.184,0.816,Yes,0.816
37036,37036,100,26,121,147,0.17687074829931973,0.8231292517006803,Yes,0.8231292517006803
37037,37037,100,60,184,244,0.2459016393442623,0.7540983606557377,Yes,0.7540983606557377
37038,37038,100,39,153,192,0.203125,0.796875,Yes,0.796875
37039,37039,100,40,111,151,0.26490066225165565,0.7350993377483444,Yes,0.7350993377483444
37040,37040,100,0,0,0,0,0,n/a,0
37041,37041,100,6,23,29,0.20689655172413793,0.7931034482758621,Yes,0.7931034482758621
37042,37042,100,12,42,54,0.2222222222222222,0.7777777777777778,Yes,0.7777777777777778
37043,37043,100,38,119,157,0.24203821656050956,0.7579617834394905,Yes,0.7579617834394905
37044,37044,100,37,113,150,0.24666666666666667,0.7533333333333333,Yes,0.7533333333333333
37045,37045,100,22,64,86,0.2558139534883721,0.7441860465116279,Yes,0.7441860465116279
37046,37046,100,42,106,148,0.28378378378378377,0.7162162162162162,Yes,0.7162162162162162
37047,37047,100,29,77,106,0.27358490566037735,0.7264150943396226,Yes,0.7264150943396226
37048,37048,100,26,84,110,0.23636363636363636,0.7636363636363637,Yes,0.7636363636363637
37049,37049,100,19,59,78,0.24358974358974358,0.7564102564102564,Yes,0.7564102564102564
37050,37050,100,23,84,107,0.21495327102803738,0.7850467289719626,Yes,0.7850467289719626
37051,37051,100,2,4,6,0.3333333333333333,0.6666666666666666,Yes,0.6666666666666666
37052,37052,100,9,22,31,0.2903225806451613,0.7096774193548387,Yes,0.7096774193548387
37053,37053,100,10,21,31,0.3225806451612903,0.6774193548387096,Yes,0.6774193548387096
37054,37054,100,19,78,97,0.1958762886597938,0.8041237113402062,Yes,0.8041237113402062
37055,37051,100,0,0,0,0,0,n/a,0
37056,37056,100,19,68,87,0.21839080459770116,0.7816091954022989,Yes,0.7816091954022989
37057,37057,100,24,128,152,0.15789473684210525,0.8421052631578947,Yes,0.8421052631578947
37058,37058,100,26,130,156,0.16666666666666666,0.8333333333333334,Yes,0.8333333333333334
37059,37059,100,24,91,115,0.20869565217391303,0.7913043478260869,Yes,0.7913043478260869
37060,37060,100,4,10,14,0.2857142857142857,0.7142857142857143,Yes,0.7142857142857143
37061,37061,100,14,60,74,0.1891891891891892,0.8108108108108109,Yes,0.8108108108108109
37062,37062,100,23,91,114,0.20175438596491227,0.7982456140350878,Yes,0.7982456140350878
37063,37063,100,47,130,177,0.2655367231638418,0.7344632768361582,Yes,0.7344632768361582
37064,37064,100,81,201,282,0.2872340425531915,0.7127659574468085,Yes,0.7127659574468085
37065,37065,100,41,109,150,0.2733333333333333,0.7266666666666667,Yes,0.7266666666666667
37066,37066,100,0,0,0,0,0,n/a,0
37067,37067,100,26,87,113,0.23008849557522124,0.7699115044247787,Yes,0.7699115044247787
37068,37068,100,13,104,117,0.1111111111111111,0.8888888888888888,Yes,0.8888888888888888
37069,37069,100,0,0,0,0,0,n/a,0
37070,37070,100,0,0,0,0,0,n/a,0
37071,37071,100,0,0,0,0,0,n/a,0
37072,37071,100,0,0,0,0,0,n/a,0
37073,37073,100,0,0,0,0,0,n/a,0
37074,37070,100,0,0,0,0,0,n/a,0
38001,38001,100,15,112,127,0.11811023622047244,0.8818897637795275,Yes,0.8818897637795275
38002,38002,100,11,106,117,0.09401709401709402,0.905982905982906,Yes,0.905982905982906
38003,38003,100,10,68,78,0.1282051282051282,0.8717948717948718,Yes,0.8717948717948718
38004,38004,100,17,71,88,0.19318181818181818,0.8068181818181818,Yes,0.8068181818181818
38005,38005,100,13,51,64,0.203125,0.796875,Yes,0.796875
38006,38006,100,20,100,120,0.16666666666666666,0.8333333333333334,Yes,0.8333333333333334
38007,38007,100,9,96,105,0.08571428571428572,0.9142857142857143,Yes,0.9142857142857143
38008,38008,100,25,83,108,0.23148148148148148,0.7685185185185185,Yes,0.7685185185185185
38009,38009,100,35,119,154,0.22727272727272727,0.7727272727272727,Yes,0.7727272727272727
38010,38010,100,28,122,150,0.18666666666666668,0.8133333333333334,Yes,0.8133333333333334
38011,38011,100,0,0,0,0,0,n/a,0
38012,38012,100,21,58,79,0.26582278481012656,0.7341772151898734,Yes,0.7341772151898734
38013,38013,100,16,62,78,0.20512820512820512,0.7948717948717948,Yes,0.7948717948717948
38014,38014,100,57,108,165,0.34545454545454546,0.6545454545454545,Yes,0.6545454545454545
38015,38015,100,22,48,70,0.3142857142857143,0.6857142857142857,Yes,0.6857142857142857
38016,38016,100,56,123,179,0.3128491620111732,0.6871508379888268,Yes,0.6871508379888268
38017,38017,100,47,109,156,0.30128205128205127,0.6987179487179487,Yes,0.6987179487179487
38018,38018,100,60,114,174,0.3448275862068966,0.6551724137931034,Yes,0.6551724137931034
38019,38019,100,41,89,130,0.3153846153846154,0.6846153846153846,Yes,0.6846153846153846
38020,38020,100,3,23,26,0.11538461538461539,0.8846153846153846,Yes,0.8846153846153846
38021,38021,100,7,39,46,0.15217391304347827,0.8478260869565217,Yes,0.8478260869565217
38022,38022,100,78,174,252,0.30952380952380953,0.6904761904761905,Yes,0.6904761904761905
38023,38023,100,19,64,83,0.2289156626506024,0.7710843373493976,Yes,0.7710843373493976
38024,38024,100,7,57,64,0.109375,0.890625,Yes,0.890625
38025,38025,100,22,47,69,0.3188405797101449,0.6811594202898551,Yes,0.6811594202898551
38026,38026,100,9,62,71,0.1267605633802817,0.8732394366197183,Yes,0.8732394366197183
38027,38027,100,9,29,38,0.23684210526315788,0.7631578947368421,Yes,0.7631578947368421
38028,38028,100,46,141,187,0.24598930481283424,0.7540106951871658,Yes,0.7540106951871658
38029,38029,100,7,29,36,0.19444444444444445,0.8055555555555556,Yes,0.8055555555555556
38030,38030,100,9,46,55,0.16363636363636364,0.8363636363636363,Yes,0.8363636363636363
38031,38031,100,7,38,45,0.15555555555555556,0.8444444444444444,Yes,0.8444444444444444
38032,38032,100,15,45,60,0.25,0.75,Yes,0.75
38033,38033,100,10,21,31,0.3225806451612903,0.6774193548387096,Yes,0.6774193548387096
38034,38034,100,6,36,42,0.14285714285714285,0.8571428571428571,Yes,0.8571428571428571
38035,38035,100,2,11,13,0.15384615384615385,0.8461538461538461,Yes,0.8461538461538461
38036,38036,100,2,5,7,0.2857142857142857,0.7142857142857143,Yes,0.7142857142857143
38037,38037,100,4,10,14,0.2857142857142857,0.7142857142857143,Yes,0.7142857142857143
38038,38038,100,14,61,75,0.18666666666666668,0.8133333333333334,Yes,0.8133333333333334
38039,38039,100,15,95,110,0.13636363636363635,0.8636363636363636,Yes,0.8636363636363636
38040,38040,100,17,77,94,0.18085106382978725,0.8191489361702128,Yes,0.8191489361702128
38041,38041,100,8,53,61,0.13114754098360656,0.8688524590163934,Yes,0.8688524590163934
38042,38042,100,16,60,76,0.21052631578947367,0.7894736842105263,Yes,0.7894736842105263
38043,38043,100,18,53,71,0.2535211267605634,0.7464788732394366,Yes,0.7464788732394366
38044,38044,100,23,64,87,0.26436781609195403,0.735632183908046,Yes,0.735632183908046
38045,38045,100,2,13,15,0.13333333333333333,0.8666666666666667,Yes,0.8666666666666667
38046,38046,100,12,38,50,0.24,0.76,Yes,0.76
38047,38047,100,14,75,89,0.15730337078651685,0.8426966292134831,Yes,0.8426966292134831
38048,38048,100,49,138,187,0.2620320855614973,0.7379679144385026,Yes,0.7379679144385026
38049,38049,100,30,100,130,0.23076923076923078,0.7692307692307693,Yes,0.7692307692307693
38050,38050,100,20,68,88,0.22727272727272727,0.7727272727272727,Yes,0.7727272727272727
38051,38051,100,30,130,160,0.1875,0.8125,Yes,0.8125
38052,38052,100,35,119,154,0.22727272727272727,0.7727272727272727,Yes,0.7727272727272727
38053,38053,100,9,22,31,0.2903225806451613,0.7096774193548387,Yes,0.7096774193548387
38054,38054,100,8,31,39,0.20512820512820512,0.7948717948717948,Yes,0.7948717948717948
38055,38055,100,20,113,133,0.15037593984962405,0.849624060150376,Yes,0.849624060150376
38056,38056,100,42,113,155,0.2709677419354839,0.7290322580645161,Yes,0.7290322580645161
38057,38057,100,28,145,173,0.16184971098265896,0.838150289017341,Yes,0.838150289017341
38058,38058,100,44,158,202,0.21782178217821782,0.7821782178217822,Yes,0.7821782178217822
38059,38059,100,18,70,88,0.20454545454545456,0.7954545454545454,Yes,0.7954545454545454
38060,38060,100,0,0,0,0,0,n/a,0
38061,38061,100,0,0,0,0,0,n/a,0
39001,39001,100,9,69,78,0.11538461538461539,0.8846153846153846,Yes,0.8846153846153846
39002,39002,100,7,42,49,0.14285714285714285,0.8571428571428571,Yes,0.8571428571428571
39003,39003,100,17,91,108,0.1574074074074074,0.8425925925925926,Yes,0.8425925925925926
39004,39004,100,8,65,73,0.1095890410958904,0.8904109589041096,Yes,0.8904109589041096
39005,39005,100,7,60,67,0.1044776119402985,0.8955223880597015,Yes,0.8955223880597015
39006,39006,100,2,27,29,0.06896551724137931,0.9310344827586207,Yes,0.9310344827586207
39007,39007,100,8,87,95,0.08421052631578947,0.9157894736842105,Yes,0.9157894736842105
39008,39008,100,5,54,59,0.0847457627118644,0.9152542372881356,Yes,0.9152542372881356
39009,39009,100,9,50,59,0.15254237288135594,0.847457627118644,Yes,0.847457627118644
39010,39010,100,8,87,95,0.08421052631578947,0.9157894736842105,Yes,0.9157894736842105
39011,39011,100,3,67,70,0.04285714285714286,0.9571428571428572,Yes,0.9571428571428572
39012,39012,100,8,81,89,0.0898876404494382,0.9101123595505618,Yes,0.9101123595505618
39013,39013,100,6,83,89,0.06741573033707865,0.9325842696629213,Yes,0.9325842696629213
39014,39014,100,11,60,71,0.15492957746478872,0.8450704225352113,Yes,0.8450704225352113
39015,39015,100,5,27,32,0.15625,0.84375,Yes,0.84375
39016,39016,100,7,33,40,0.175,0.825,Yes,0.825
39017,39017,100,4,28,32,0.125,0.875,Yes,0.875
39018,39018,100,20,100,120,0.16666666666666666,0.8333333333333334,Yes,0.8333333333333334
39019,39019,100,15,84,99,0.15151515151515152,0.8484848484848485,Yes,0.8484848484848485
39020,39020,100,2,4,6,0.3333333333333333,0.6666666666666666,Yes,0.6666666666666666
39021,39021,100,2,11,13,0.15384615384615385,0.8461538461538461,Yes,0.8461538461538461
39022,39022,100,1,15,16,0.0625,0.9375,Yes,0.9375
39023,39023,100,7,51,58,0.1206896551724138,0.8793103448275862,Yes,0.8793103448275862
39024,39024,100,11,15,26,0.4230769230769231,0.5769230769230769,Yes,0.5769230769230769
39025,39025,100,7,41,48,0.14583333333333334,0.8541666666666666,Yes,0.8541666666666666
39026,39026,100,11,25,36,0.3055555555555556,0.6944444444444444,Yes,0.6944444444444444
39027,39027,100,5,21,26,0.19230769230769232,0.8076923076923077,Yes,0.8076923076923077
39028,39028,100,0,4,4,0.0,1.0,Yes,1.0
39029,39029,100,12,35,47,0.2553191489361702,0.7446808510638298,Yes,0.7446808510638298
39030,39030,100,16,36,52,0.3076923076923077,0.6923076923076923,Yes,0.6923076923076923
39031,39031,100,12,21,33,0.36363636363636365,0.6363636363636364,Yes,0.6363636363636364
39032,39032,100,5,23,28,0.17857142857142858,0.8214285714285714,Yes,0.8214285714285714
39033,39033,100,33,85,118,0.2796610169491525,0.7203389830508474,Yes,0.7203389830508474
39034,39034,100,22,68,90,0.24444444444444444,0.7555555555555555,Yes,0.7555555555555555
39035,39035,100,12,42,54,0.2222222222222222,0.7777777777777778,Yes,0.7777777777777778
39036,39036,100,4,8,12,0.3333333333333333,0.6666666666666666,Yes,0.6666666666666666
39037,39037,100,18,76,94,0.19148936170212766,0.8085106382978723,Yes,0.8085106382978723
39038,39038,100,11,38,49,0.22448979591836735,0.7755102040816326,Yes,0.7755102040816326
39039,39039,100,0,0,0,0,0,n/a,0
39040,39040,100,2,16,18,0.1111111111111111,0.8888888888888888,Yes,0.8888888888888888
39041,39041,100,5,49,54,0.09259259259259259,0.9074074074074074,Yes,0.9074074074074074
39042,39042,100,2,6,8,0.25,0.75,Yes,0.75
39043,39043,100,14,53,67,0.208955223880597,0.7910447761194029,Yes,0.7910447761194029
39044,39044,100,42,162,204,0.20588235294117646,0.7941176470588235,Yes,0.7941176470588235
39045,39045,100,50,163,213,0.2347417840375587,0.7652582159624414,Yes,0.7652582159624414
39046,39046,100,90,207,297,0.30303030303030304,0.696969696969697,Yes,0.696969696969697
39047,39047,100,62,140,202,0.3069306930693069,0.693069306930693,Yes,0.693069306930693
39048,39048,100,7,48,55,0.12727272727272726,0.8727272727272727,Yes,0.8727272727272727
39049,39049,100,18,49,67,0.26865671641791045,0.7313432835820896,Yes,0.7313432835820896
39050,39050,100,8,26,34,0.23529411764705882,0.7647058823529411,Yes,0.7647058823529411
39051,39051,100,21,80,101,0.2079207920792079,0.7920792079207921,Yes,0.7920792079207921
40001,40001,100,53,104,157,0.3375796178343949,0.6624203821656051,Yes,0.6624203821656051
40002,40002,100,35,112,147,0.23809523809523808,0.7619047619047619,Yes,0.7619047619047619
40003,40003,100,37,72,109,0.3394495412844037,0.6605504587155964,Yes,0.6605504587155964
40004,40004,100,46,70,116,0.39655172413793105,0.603448275862069,Yes,0.603448275862069
40005,40005,100,61,82,143,0.42657342657342656,0.5734265734265734,Yes,0.5734265734265734
40006,40006,100,61,134,195,0.3128205128205128,0.6871794871794872,Yes,0.6871794871794872
40007,40007,100,90,130,220,0.4090909090909091,0.5909090909090909,Yes,0.5909090909090909
40008,40008,100,16,56,72,0.2222222222222222,0.7777777777777778,Yes,0.7777777777777778
40009,40009,100,87,142,229,0.3799126637554585,0.6200873362445415,Yes,0.6200873362445415
40010,40010,100,0,0,0,0,0,n/a,0
40011,40011,100,4,18,22,0.18181818181818182,0.8181818181818182,Yes,0.8181818181818182
40012,40012,100,9,16,25,0.36,0.64,Yes,0.64
40013,40013,100,32,62,94,0.3404255319148936,0.6595744680851063,Yes,0.6595744680851063
40014,40014,100,29,97,126,0.23015873015873015,0.7698412698412699,Yes,0.7698412698412699
40015,40015,100,41,74,115,0.3565217391304348,0.6434782608695652,Yes,0.6434782608695652
40016,40016,100,44,114,158,0.27848101265822783,0.7215189873417721,Yes,0.7215189873417721
40017,40017,100,20,51,71,0.28169014084507044,0.7183098591549296,Yes,0.7183098591549296
40018,40018,100,22,66,88,0.25,0.75,Yes,0.75
40019,40019,100,28,86,114,0.24561403508771928,0.7543859649122807,Yes,0.7543859649122807
40020,40020,100,34,99,133,0.2556390977443609,0.7443609022556391,Yes,0.7443609022556391
40021,40021,100,12,35,47,0.2553191489361702,0.7446808510638298,Yes,0.7446808510638298
40022,40022,100,32,58,90,0.35555555555555557,0.6444444444444445,Yes,0.6444444444444445
40023,40023,100,24,50,74,0.32432432432432434,0.6756756756756757,Yes,0.6756756756756757
40024,40024,100,15,70,85,0.17647058823529413,0.8235294117647058,Yes,0.8235294117647058
40025,40025,100,7,44,51,0.13725490196078433,0.8627450980392157,Yes,0.8627450980392157
40026,40026,100,24,56,80,0.3,0.7,Yes,0.7
40027,40027,100,33,92,125,0.264,0.736,Yes,0.736
40028,40028,100,8,51,59,0.13559322033898305,0.864406779661017,Yes,0.864406779661017
40029,40029,100,34,108,142,0.23943661971830985,0.7605633802816901,Yes,0.7605633802816901
40030,40030,100,60,134,194,0.30927835051546393,0.6907216494845361,Yes,0.6907216494845361
40031,40031,100,27,96,123,0.21951219512195122,0.7804878048780488,Yes,0.7804878048780488
40032,40032,100,28,78,106,0.2641509433962264,0.7358490566037735,Yes,0.7358490566037735
40033,40033,100,38,114,152,0.25,0.75,Yes,0.75
40034,40034,100,27,79,106,0.25471698113207547,0.7452830188679245,Yes,0.7452830188679245
40035,40035,100,22,92,114,0.19298245614035087,0.8070175438596491,Yes,0.8070175438596491
40036,40036,100,23,59,82,0.2804878048780488,0.7195121951219512,Yes,0.7195121951219512
40037,40037,100,18,136,154,0.11688311688311688,0.8831168831168831,Yes,0.8831168831168831
40038,40038,100,31,65,96,0.3229166666666667,0.6770833333333334,Yes,0.6770833333333334
40039,40039,100,26,85,111,0.23423423423423423,0.7657657657657657,Yes,0.7657657657657657
40040,40040,100,19,67,86,0.22093023255813954,0.7790697674418605,Yes,0.7790697674418605
40041,40041,100,38,84,122,0.3114754098360656,0.6885245901639344,Yes,0.6885245901639344
40042,40042,100,34,75,109,0.3119266055045872,0.6880733944954128,Yes,0.6880733944954128
40043,40043,100,15,53,68,0.22058823529411764,0.7794117647058824,Yes,0.7794117647058824
40044,40044,100,8,43,51,0.1568627450980392,0.8431372549019608,Yes,0.8431372549019608
40045,40045,100,10,44,54,0.18518518518518517,0.8148148148148148,Yes,0.8148148148148148
40046,40046,100,4,24,28,0.14285714285714285,0.8571428571428571,Yes,0.8571428571428571
40047,40047,100,29,92,121,0.2396694214876033,0.7603305785123967,Yes,0.7603305785123967
40048,40048,100,73,163,236,0.3093220338983051,0.690677966101695,Yes,0.690677966101695
40049,40049,100,28,68,96,0.2916666666666667,0.7083333333333334,Yes,0.7083333333333334
40050,40050,100,10,42,52,0.19230769230769232,0.8076923076923077,Yes,0.8076923076923077
40051,40051,100,12,91,103,0.11650485436893204,0.883495145631068,Yes,0.883495145631068
40052,40052,100,15,53,68,0.22058823529411764,0.7794117647058824,Yes,0.7794117647058824
40053,40053,100,30,81,111,0.2702702702702703,0.7297297297297297,Yes,0.7297297297297297
40054,40054,100,0,0,0,0,0,n/a,0
40055,40054,100,0,0,0,0,0,n/a,0
61001,61001,100,84,229,313,0.268370607028754,0.731629392971246,Yes,0.731629392971246
61002,61002,100,13,113,126,0.10317460317460317,0.8968253968253969,Yes,0.8968253968253969
61003,61003,100,82,253,335,0.24477611940298508,0.755223880597015,Yes,0.755223880597015
61004,61004,100,103,226,329,0.3130699088145897,0.6869300911854104,Yes,0.6869300911854104
61005,61005,100,22,160,182,0.12087912087912088,0.8791208791208791,Yes,0.8791208791208791
61006,61006,100,44,100,144,0.3055555555555556,0.6944444444444444,Yes,0.6944444444444444
61007,61007,100,14,124,138,0.10144927536231885,0.8985507246376812,Yes,0.8985507246376812
61008,61008,100,24,210,234,0.10256410256410256,0.8974358974358975,Yes,0.8974358974358975
61009,61009,100,70,219,289,0.2422145328719723,0.7577854671280276,Yes,0.7577854671280276
61010,61010,100,35,153,188,0.18617021276595744,0.8138297872340425,Yes,0.8138297872340425
61011,61011,100,38,115,153,0.24836601307189543,0.7516339869281046,Yes,0.7516339869281046
61012,61012,100,141,244,385,0.36623376623376624,0.6337662337662338,Yes,0.6337662337662338
61013,61013,100,76,238,314,0.24203821656050956,0.7579617834394905,Yes,0.7579617834394905
61014,61014,100,92,159,251,0.3665338645418327,0.6334661354581673,Yes,0.6334661354581673
61015,61015,100,73,167,240,0.30416666666666664,0.6958333333333333,Yes,0.6958333333333333
61016,61016,100,17,144,161,0.10559006211180125,0.8944099378881988,Yes,0.8944099378881988
61017,61017,100,24,180,204,0.11764705882352941,0.8823529411764706,Yes,0.8823529411764706
61018,61018,100,58,208,266,0.21804511278195488,0.7819548872180451,Yes,0.7819548872180451
61019,61019,100,52,158,210,0.24761904761904763,0.7523809523809524,Yes,0.7523809523809524
61020,61020,100,50,205,255,0.19607843137254902,0.803921568627451,Yes,0.803921568627451
61021,61021,100,30,229,259,0.11583011583011583,0.8841698841698842,Yes,0.8841698841698842
61022,61022,100,48,133,181,0.26519337016574585,0.7348066298342542,Yes,0.7348066298342542
61023,61023,100,50,190,240,0.20833333333333334,0.7916666666666666,Yes,0.7916666666666666
61024,61024,100,83,143,226,0.3672566371681416,0.6327433628318584,Yes,0.6327433628318584
61025,61025,100,51,179,230,0.2217391304347826,0.7782608695652173,Yes,0.7782608695652173
61026,61026,100,31,187,218,0.14220183486238533,0.8577981651376146,Yes,0.8577981651376146
61027,61027,100,38,196,234,0.1623931623931624,0.8376068376068376,Yes,0.8376068376068376
61028,61028,100,42,149,191,0.2198952879581152,0.7801047120418848,Yes,0.7801047120418848
61029,61029,100,45,146,191,0.2356020942408377,0.7643979057591623,Yes,0.7643979057591623
61030,61030,100,49,189,238,0.20588235294117646,0.7941176470588235,Yes,0.7941176470588235
61031,61031,100,32,171,203,0.15763546798029557,0.8423645320197044,Yes,0.8423645320197044
61032,61032,100,23,147,170,0.13529411764705881,0.8647058823529412,Yes,0.8647058823529412
61033,61033,100,25,76,101,0.24752475247524752,0.7524752475247525,Yes,0.7524752475247525
61034,61034,100,109,145,254,0.42913385826771655,0.5708661417322834,Yes,0.5708661417322834
61035,61035,100,95,125,220,0.4318181818181818,0.5681818181818182,Yes,0.5681818181818182
61036,61036,100,56,84,140,0.4,0.6,Yes,0.6
61037,61037,100,88,155,243,0.36213991769547327,0.6378600823045267,Yes,0.6378600823045267
61038,61038,100,138,219,357,0.3865546218487395,0.6134453781512605,Yes,0.6134453781512605
61039,61039,100,161,216,377,0.4270557029177719,0.5729442970822282,Yes,0.5729442970822282
61040,61040,100,178,255,433,0.4110854503464203,0.5889145496535797,Yes,0.5889145496535797
61041,61041,100,146,228,374,0.39037433155080214,0.6096256684491979,Yes,0.6096256684491979
61042,61042,100,162,238,400,0.405,0.595,Yes,0.595
61043,61043,100,128,219,347,0.3688760806916426,0.6311239193083573,Yes,0.6311239193083573
61044,61044,100,94,114,208,0.4519230769230769,0.5480769230769231,Yes,0.5480769230769231
61045,61045,100,103,150,253,0.40711462450592883,0.5928853754940712,Yes,0.5928853754940712
61046,61046,100,94,224,318,0.29559748427672955,0.7044025157232704,Yes,0.7044025157232704
61047,61047,100,89,104,193,0.46113989637305697,0.538860103626943,Yes,0.538860103626943
61048,61048,100,84,148,232,0.3620689655172414,0.6379310344827587,Yes,0.6379310344827587
61049,61049,100,81,179,260,0.31153846153846154,0.6884615384615385,Yes,0.6884615384615385
61050,61050,100,43,166,209,0.20574162679425836,0.7942583732057417,Yes,0.7942583732057417
61051,61051,100,59,180,239,0.24686192468619247,0.7531380753138075,Yes,0.7531380753138075
61052,61052,100,64,98,162,0.3950617283950617,0.6049382716049383,Yes,0.6049382716049383
61053,61053,100,12,156,168,0.07142857142857142,0.9285714285714286,Yes,0.9285714285714286
61054,61054,100,30,108,138,0.21739130434782608,0.782608695652174,Yes,0.782608695652174
61055,61055,100,36,178,214,0.16822429906542055,0.8317757009345794,Yes,0.8317757009345794
61056,61056,100,30,192,222,0.13513513513513514,0.8648648648648649,Yes,0.8648648648648649
61057,61057,100,87,218,305,0.28524590163934427,0.7147540983606557,Yes,0.7147540983606557
61058,61058,100,12,145,157,0.07643312101910828,0.9235668789808917,Yes,0.9235668789808917
61059,61059,100,21,222,243,0.08641975308641975,0.9135802469135802,Yes,0.9135802469135802
61060,61060,100,18,114,132,0.13636363636363635,0.8636363636363636,Yes,0.8636363636363636
61061,61061,100,12,167,179,0.0670391061452514,0.9329608938547486,Yes,0.9329608938547486
61062,61062,100,77,116,193,0.39896373056994816,0.6010362694300518,Yes,0.6010362694300518
61063,61063,100,31,39,70,0.44285714285714284,0.5571428571428572,Yes,0.5571428571428572
61064,61064,100,17,68,85,0.2,0.8,Yes,0.8
61065,61065,100,37,109,146,0.2534246575342466,0.7465753424657534,Yes,0.7465753424657534
61066,61066,100,0,0,0,0,0,n/a,0
61067,61067,100,0,0,0,0,0,n/a,0
61068,61068,100,0,0,0,0,0,n/a,0
62001,62001,100,93,173,266,0.34962406015037595,0.650375939849624,Yes,0.650375939849624
62002,62002,100,136,177,313,0.43450479233226835,0.5654952076677316,Yes,0.5654952076677316
62003,62003,100,88,131,219,0.4018264840182648,0.5981735159817352,Yes,0.5981735159817352
62004,62004,100,90,179,269,0.3345724907063197,0.6654275092936803,Yes,0.6654275092936803
62005,62005,100,91,157,248,0.36693548387096775,0.6330645161290323,Yes,0.6330645161290323
62006,62006,100,113,177,290,0.3896551724137931,0.6103448275862069,Yes,0.6103448275862069
62007,62007,100,120,194,314,0.3821656050955414,0.6178343949044586,Yes,0.6178343949044586
62008,62008,100,101,173,274,0.3686131386861314,0.6313868613138686,Yes,0.6313868613138686
62009,62009,100,45,101,146,0.3082191780821918,0.6917808219178082,Yes,0.6917808219178082
62010,62010,100,56,97,153,0.3660130718954248,0.6339869281045751,Yes,0.6339869281045751
62011,62011,100,102,118,220,0.4636363636363636,0.5363636363636364,Yes,0.5363636363636364
62012,62012,100,51,132,183,0.2786885245901639,0.7213114754098361,Yes,0.7213114754098361
62013,62013,100,59,181,240,0.24583333333333332,0.7541666666666667,Yes,0.7541666666666667
62014,62014,100,52,118,170,0.3058823529411765,0.6941176470588235,Yes,0.6941176470588235
62015,62015,100,72,128,200,0.36,0.64,Yes,0.64
62016,62016,100,65,179,244,0.26639344262295084,0.7336065573770492,Yes,0.7336065573770492
62017,62017,100,64,145,209,0.3062200956937799,0.69377990430622,Yes,0.69377990430622
62018,62018,100,87,179,266,0.32706766917293234,0.6729323308270677,Yes,0.6729323308270677
62019,62019,100,113,160,273,0.4139194139194139,0.5860805860805861,Yes,0.5860805860805861
62020,62020,100,81,121,202,0.400990099009901,0.599009900990099,Yes,0.599009900990099
62021,62021,100,103,138,241,0.42738589211618255,0.5726141078838174,Yes,0.5726141078838174
62022,62022,100,95,113,208,0.4567307692307692,0.5432692307692307,Yes,0.5432692307692307
62023,62023,100,110,158,268,0.41044776119402987,0.5895522388059702,Yes,0.5895522388059702
62024,62024,100,64,155,219,0.2922374429223744,0.7077625570776256,Yes,0.7077625570776256
62025,62025,100,93,139,232,0.40086206896551724,0.5991379310344828,Yes,0.5991379310344828
62026,62026,100,88,193,281,0.31316725978647686,0.6868327402135231,Yes,0.6868327402135231
62027,62027,100,98,124,222,0.44144144144144143,0.5585585585585585,Yes,0.5585585585585585
62028,62028,100,82,171,253,0.3241106719367589,0.6758893280632411,Yes,0.6758893280632411
62029,62029,100,48,133,181,0.26519337016574585,0.7348066298342542,Yes,0.7348066298342542
62030,62030,100,112,118,230,0.48695652173913045,0.5130434782608696,Yes,0.5130434782608696
62031,62031,100,107,154,261,0.4099616858237548,0.5900383141762452,Yes,0.5900383141762452
62032,62032,100,108,120,228,0.47368421052631576,0.5263157894736842,Yes,0.5263157894736842
62033,62033,100,120,157,277,0.4332129963898917,0.5667870036101083,Yes,0.5667870036101083
62034,62034,100,124,143,267,0.46441947565543074,0.5355805243445693,Yes,0.5355805243445693
62035,62035,100,116,153,269,0.4312267657992565,0.5687732342007435,Yes,0.5687732342007435
62036,62036,100,133,222,355,0.37464788732394366,0.6253521126760564,Yes,0.6253521126760564
62037,62037,100,145,184,329,0.44072948328267475,0.5592705167173252,Yes,0.5592705167173252
62038,62038,100,127,172,299,0.42474916387959866,0.5752508361204013,Yes,0.5752508361204013
62039,62039,100,146,169,315,0.4634920634920635,0.5365079365079365,Yes,0.5365079365079365
62040,62040,100,103,132,235,0.43829787234042555,0.5617021276595745,Yes,0.5617021276595745
62041,62041,100,89,142,231,0.3852813852813853,0.6147186147186147,Yes,0.6147186147186147
62042,62042,100,108,178,286,0.3776223776223776,0.6223776223776224,Yes,0.6223776223776224
62043,62043,100,91,161,252,0.3611111111111111,0.6388888888888888,Yes,0.6388888888888888
62044,62044,100,80,112,192,0.4166666666666667,0.5833333333333334,Yes,0.5833333333333334
62045,62045,100,70,120,190,0.3684210526315789,0.631578947368421,Yes,0.631578947368421
62046,62046,100,104,175,279,0.3727598566308244,0.6272401433691757,Yes,0.6272401433691757
62047,62047,100,72,163,235,0.30638297872340425,0.6936170212765957,Yes,0.6936170212765957
62048,62048,100,79,153,232,0.34051724137931033,0.6594827586206896,Yes,0.6594827586206896
62049,62049,100,120,196,316,0.379746835443038,0.620253164556962,Yes,0.620253164556962
62050,62050,100,146,157,303,0.48184818481848185,0.5181518151815182,Yes,0.5181518151815182
62051,62051,100,73,161,234,0.31196581196581197,0.688034188034188,Yes,0.688034188034188
62052,62052,100,132,161,293,0.45051194539249145,0.5494880546075085,Yes,0.5494880546075085
62053,62053,100,107,173,280,0.3821428571428571,0.6178571428571429,Yes,0.6178571428571429
62054,62054,100,106,153,259,0.4092664092664093,0.5907335907335908,Yes,0.5907335907335908
62055,62055,100,113,162,275,0.4109090909090909,0.5890909090909091,Yes,0.5890909090909091
62056,62056,100,58,124,182,0.31868131868131866,0.6813186813186813,Yes,0.6813186813186813
62057,62057,100,95,138,233,0.40772532188841204,0.592274678111588,Yes,0.592274678111588
62058,62058,100,96,156,252,0.38095238095238093,0.6190476190476191,Yes,0.6190476190476191
62059,62059,100,96,99,195,0.49230769230769234,0.5076923076923077,Yes,0.5076923076923077
62060,62060,100,50,63,113,0.4424778761061947,0.5575221238938053,Yes,0.5575221238938053
62061,62061,100,61,118,179,0.3407821229050279,0.659217877094972,Yes,0.659217877094972
62062,62062,100,64,98,162,0.3950617283950617,0.6049382716049383,Yes,0.6049382716049383
62063,62063,100,63,76,139,0.45323741007194246,0.5467625899280576,Yes,0.5467625899280576
62064,62064,100,54,88,142,0.38028169014084506,0.6197183098591549,Yes,0.6197183098591549
62065,62065,100,135,195,330,0.4090909090909091,0.5909090909090909,Yes,0.5909090909090909
62066,62066,100,142,196,338,0.42011834319526625,0.5798816568047337,Yes,0.5798816568047337
62067,62067,100,108,208,316,0.34177215189873417,0.6582278481012658,Yes,0.6582278481012658
62068,62068,100,90,148,238,0.37815126050420167,0.6218487394957983,Yes,0.6218487394957983
62069,62069,100,98,132,230,0.4260869565217391,0.5739130434782609,Yes,0.5739130434782609
62070,62070,100,54,78,132,0.4090909090909091,0.5909090909090909,Yes,0.5909090909090909
62071,62071,100,139,165,304,0.45723684210526316,0.5427631578947368,Yes,0.5427631578947368
62072,62072,100,98,96,194,0.5051546391752577,0.4948453608247423,No,0.5051546391752577
62073,62073,100,113,163,276,0.40942028985507245,0.5905797101449275,Yes,0.5905797101449275
62074,62074,100,0,0,0,0,0,n/a,0
62075,62075,100,0,0,0,0,0,n/a,0
63001,63001,100,90,155,245,0.3673469387755102,0.6326530612244898,Yes,0.6326530612244898
63002,63002,100,54,141,195,0.27692307692307694,0.7230769230769231,Yes,0.7230769230769231
63003,63003,100,36,134,170,0.21176470588235294,0.788235294117647,Yes,0.788235294117647
63004,63004,100,72,126,198,0.36363636363636365,0.6363636363636364,Yes,0.6363636363636364
63005,63005,100,68,110,178,0.38202247191011235,0.6179775280898876,Yes,0.6179775280898876
63006,63006,100,64,127,191,0.33507853403141363,0.6649214659685864,Yes,0.6649214659685864
63007,63007,100,42,99,141,0.2978723404255319,0.7021276595744681,Yes,0.7021276595744681
63008,63008,100,39,100,139,0.2805755395683453,0.7194244604316546,Yes,0.7194244604316546
63009,63009,100,10,9,19,0.5263157894736842,0.47368421052631576,No,0.5263157894736842
63010,63010,100,36,58,94,0.3829787234042553,0.6170212765957447,Yes,0.6170212765957447
63011,63011,100,83,171,254,0.32677165354330706,0.6732283464566929,Yes,0.6732283464566929
63012,63012,100,88,200,288,0.3055555555555556,0.6944444444444444,Yes,0.6944444444444444
63013,63013,100,50,121,171,0.29239766081871343,0.7076023391812866,Yes,0.7076023391812866
63014,63014,100,42,119,161,0.2608695652173913,0.7391304347826086,Yes,0.7391304347826086
63015,63015,100,79,110,189,0.41798941798941797,0.582010582010582,Yes,0.582010582010582
63016,63016,100,52,132,184,0.2826086956521739,0.717391304347826,Yes,0.717391304347826
63017,63017,100,24,52,76,0.3157894736842105,0.6842105263157895,Yes,0.6842105263157895
63018,63018,100,65,148,213,0.3051643192488263,0.6948356807511737,Yes,0.6948356807511737
63019,63019,100,46,92,138,0.3333333333333333,0.6666666666666666,Yes,0.6666666666666666
63020,63020,100,63,149,212,0.2971698113207547,0.7028301886792453,Yes,0.7028301886792453
63021,63021,100,55,126,181,0.30386740331491713,0.6961325966850829,Yes,0.6961325966850829
63022,63022,100,65,150,215,0.3023255813953488,0.6976744186046512,Yes,0.6976744186046512
63023,63023,100,96,203,299,0.3210702341137124,0.6789297658862876,Yes,0.6789297658862876
63024,63024,100,88,147,235,0.37446808510638296,0.625531914893617,Yes,0.625531914893617
63025,63025,100,63,160,223,0.2825112107623318,0.7174887892376681,Yes,0.7174887892376681
63026,63026,100,128,164,292,0.4383561643835616,0.5616438356164384,Yes,0.5616438356164384
63027,63027,100,67,120,187,0.3582887700534759,0.6417112299465241,Yes,0.6417112299465241
63028,63028,100,117,182,299,0.391304347826087,0.6086956521739131,Yes,0.6086956521739131
63029,63029,100,104,197,301,0.34551495016611294,0.654485049833887,Yes,0.654485049833887
63030,63030,100,73,149,222,0.32882882882882886,0.6711711711711712,Yes,0.6711711711711712
63031,63031,100,68,197,265,0.25660377358490566,0.7433962264150943,Yes,0.7433962264150943
63032,63032,100,86,181,267,0.32209737827715357,0.6779026217228464,Yes,0.6779026217228464
63033,63033,100,90,169,259,0.3474903474903475,0.6525096525096525,Yes,0.6525096525096525
63034,63034,100,45,98,143,0.3146853146853147,0.6853146853146853,Yes,0.6853146853146853
63035,63035,100,107,116,223,0.4798206278026906,0.5201793721973094,Yes,0.5201793721973094
63036,63036,100,118,192,310,0.38064516129032255,0.6193548387096774,Yes,0.6193548387096774
63037,63037,100,47,169,216,0.2175925925925926,0.7824074074074074,Yes,0.7824074074074074
63038,63038,100,31,227,258,0.12015503875968993,0.8798449612403101,Yes,0.8798449612403101
63039,63039,100,49,159,208,0.23557692307692307,0.7644230769230769,Yes,0.7644230769230769
63040,63040,100,26,130,156,0.16666666666666666,0.8333333333333334,Yes,0.8333333333333334
63041,63041,100,10,97,107,0.09345794392523364,0.9065420560747663,Yes,0.9065420560747663
63042,63042,100,11,170,181,0.06077348066298342,0.9392265193370166,Yes,0.9392265193370166
63043,63043,100,18,143,161,0.11180124223602485,0.8881987577639752,Yes,0.8881987577639752
63044,63044,100,16,136,152,0.10526315789473684,0.8947368421052632,Yes,0.8947368421052632
63045,63045,100,16,123,139,0.11510791366906475,0.8848920863309353,Yes,0.8848920863309353
63046,63046,100,43,88,131,0.3282442748091603,0.6717557251908397,Yes,0.6717557251908397
63047,63047,100,116,138,254,0.4566929133858268,0.5433070866141733,Yes,0.5433070866141733
63048,63048,100,117,111,228,0.5131578947368421,0.4868421052631579,No,0.5131578947368421
63049,63049,100,126,124,250,0.504,0.496,No,0.504
63050,63050,100,84,184,268,0.31343283582089554,0.6865671641791045,Yes,0.6865671641791045
63051,63051,100,98,124,222,0.44144144144144143,0.5585585585585585,Yes,0.5585585585585585
63052,63052,100,69,128,197,0.350253807106599,0.649746192893401,Yes,0.649746192893401
63053,63053,100,49,103,152,0.3223684210526316,0.6776315789473685,Yes,0.6776315789473685
63054,63054,100,94,179,273,0.3443223443223443,0.6556776556776557,Yes,0.6556776556776557
63055,63055,100,73,149,222,0.32882882882882886,0.6711711711711712,Yes,0.6711711711711712
63056,63056,100,52,141,193,0.2694300518134715,0.7305699481865285,Yes,0.7305699481865285
63057,63057,100,137,186,323,0.4241486068111455,0.5758513931888545,Yes,0.5758513931888545
63058,63058,100,117,190,307,0.3811074918566775,0.6188925081433225,Yes,0.6188925081433225
63059,63059,100,137,204,341,0.40175953079178883,0.5982404692082112,Yes,0.5982404692082112
63060,63060,100,101,144,245,0.4122448979591837,0.5877551020408164,Yes,0.5877551020408164
63061,63061,100,87,166,253,0.3438735177865613,0.6561264822134387,Yes,0.6561264822134387
63062,63062,100,110,113,223,0.49327354260089684,0.5067264573991032,Yes,0.5067264573991032
63063,63063,100,144,191,335,0.4298507462686567,0.5701492537313433,Yes,0.5701492537313433
63064,63064,100,159,201,360,0.44166666666666665,0.5583333333333333,Yes,0.5583333333333333
63065,63065,100,90,204,294,0.30612244897959184,0.6938775510204082,Yes,0.6938775510204082
63066,63066,100,125,190,315,0.3968253968253968,0.6031746031746031,Yes,0.6031746031746031
63067,63067,100,99,139,238,0.41596638655462187,0.5840336134453782,Yes,0.5840336134453782
63068,63068,100,54,143,197,0.27411167512690354,0.7258883248730964,Yes,0.7258883248730964
63069,63069,100,32,79,111,0.2882882882882883,0.7117117117117117,Yes,0.7117117117117117
63070,63070,100,44,87,131,0.33587786259541985,0.6641221374045801,Yes,0.6641221374045801
63071,63071,100,14,116,130,0.1076923076923077,0.8923076923076924,Yes,0.8923076923076924
63072,63072,100,108,165,273,0.3956043956043956,0.6043956043956044,Yes,0.6043956043956044
63073,63073,100,70,109,179,0.39106145251396646,0.6089385474860335,Yes,0.6089385474860335
63074,63074,100,55,110,165,0.3333333333333333,0.6666666666666666,Yes,0.6666666666666666
63075,63075,100,11,100,111,0.0990990990990991,0.9009009009009009,Yes,0.9009009009009009
63076,63076,100,0,0,0,0,0,n/a,0
63077,63077,100,0,0,0,0,0,n/a,0
63078,63078,100,0,0,0,0,0,n/a,0
63079,63079,100,0,0,0,0,0,n/a,0
63080,62075,100,0,0,0,0,0,n/a,0
64001,64001,100,88,120,208,0.4230769230769231,0.5769230769230769,Yes,0.5769230769230769
64002,64002,100,119,141,260,0.4576923076923077,0.5423076923076923,Yes,0.5423076923076923
64003,64003,100,151,144,295,0.511864406779661,0.488135593220339,No,0.511864406779661
64004,64004,100,106,135,241,0.43983402489626555,0.5601659751037344,Yes,0.5601659751037344
64005,64005,100,111,155,266,0.41729323308270677,0.5827067669172933,Yes,0.5827067669172933
64006,64006,100,100,139,239,0.41841004184100417,0.5815899581589958,Yes,0.5815899581589958
64007,64007,100,139,169,308,0.4512987012987013,0.5487012987012987,Yes,0.5487012987012987
64008,64008,100,152,170,322,0.4720496894409938,0.5279503105590062,Yes,0.5279503105590062
64009,64009,100,100,142,242,0.4132231404958678,0.5867768595041323,Yes,0.5867768595041323
64010,64010,100,116,186,302,0.3841059602649007,0.6158940397350994,Yes,0.6158940397350994
64011,64011,100,48,41,89,0.5393258426966292,0.4606741573033708,No,0.5393258426966292
64012,64012,100,79,106,185,0.42702702702702705,0.572972972972973,Yes,0.572972972972973
64013,64013,100,29,47,76,0.3815789473684211,0.618421052631579,Yes,0.618421052631579
64014,64014,100,122,153,275,0.44363636363636366,0.5563636363636364,Yes,0.5563636363636364
64015,64015,100,146,156,302,0.48344370860927155,0.5165562913907285,Yes,0.5165562913907285
64016,64016,100,151,164,315,0.4793650793650794,0.5206349206349207,Yes,0.5206349206349207
64017,64017,100,145,218,363,0.39944903581267216,0.6005509641873278,Yes,0.6005509641873278
64018,64018,100,78,135,213,0.36619718309859156,0.6338028169014085,Yes,0.6338028169014085
64019,64019,100,51,147,198,0.25757575757575757,0.7424242424242424,Yes,0.7424242424242424
64020,64020,100,60,149,209,0.28708133971291866,0.7129186602870813,Yes,0.7129186602870813
64021,64021,100,76,133,209,0.36363636363636365,0.6363636363636364,Yes,0.6363636363636364
64022,64022,100,140,165,305,0.45901639344262296,0.5409836065573771,Yes,0.5409836065573771
64023,64023,100,119,158,277,0.4296028880866426,0.5703971119133574,Yes,0.5703971119133574
64024,64024,100,103,119,222,0.46396396396396394,0.536036036036036,Yes,0.536036036036036
64025,64025,100,88,132,220,0.4,0.6,Yes,0.6
64026,64026,100,117,194,311,0.3762057877813505,0.6237942122186495,Yes,0.6237942122186495
64027,64027,100,71,97,168,0.4226190476190476,0.5773809523809523,Yes,0.5773809523809523
64028,64028,100,59,110,169,0.34911242603550297,0.650887573964497,Yes,0.650887573964497
64029,64029,100,93,117,210,0.44285714285714284,0.5571428571428572,Yes,0.5571428571428572
64030,64030,100,49,113,162,0.30246913580246915,0.6975308641975309,Yes,0.6975308641975309
64031,64031,100,64,151,215,0.29767441860465116,0.7023255813953488,Yes,0.7023255813953488
64032,64032,100,83,142,225,0.3688888888888889,0.6311111111111111,Yes,0.6311111111111111
64033,64033,100,68,112,180,0.37777777777777777,0.6222222222222222,Yes,0.6222222222222222
64034,64034,100,73,128,201,0.36318407960199006,0.6368159203980099,Yes,0.6368159203980099
64035,64035,100,98,175,273,0.358974358974359,0.6410256410256411,Yes,0.6410256410256411
64036,64036,100,89,112,201,0.4427860696517413,0.5572139303482587,Yes,0.5572139303482587
64037,64037,100,108,125,233,0.463519313304721,0.5364806866952789,Yes,0.5364806866952789
64038,64038,100,37,108,145,0.25517241379310346,0.7448275862068966,Yes,0.7448275862068966
64039,64039,100,88,130,218,0.4036697247706422,0.5963302752293578,Yes,0.5963302752293578
64040,64040,100,28,91,119,0.23529411764705882,0.7647058823529411,Yes,0.7647058823529411
64041,64041,100,59,156,215,0.2744186046511628,0.7255813953488373,Yes,0.7255813953488373
64042,64042,100,74,135,209,0.35406698564593303,0.645933014354067,Yes,0.645933014354067
64043,64043,100,29,84,113,0.25663716814159293,0.7433628318584071,Yes,0.7433628318584071
64044,64044,100,57,119,176,0.32386363636363635,0.6761363636363636,Yes,0.6761363636363636
64045,64045,100,48,55,103,0.46601941747572817,0.5339805825242718,Yes,0.5339805825242718
64046,64046,100,63,96,159,0.39622641509433965,0.6037735849056604,Yes,0.6037735849056604
64047,64047,100,46,132,178,0.25842696629213485,0.7415730337078652,Yes,0.7415730337078652
64048,64048,100,64,83,147,0.43537414965986393,0.564625850340136,Yes,0.564625850340136
64049,64049,100,49,123,172,0.28488372093023256,0.7151162790697675,Yes,0.7151162790697675
64050,64050,100,95,176,271,0.3505535055350554,0.6494464944649446,Yes,0.6494464944649446
64051,64051,100,55,149,204,0.2696078431372549,0.7303921568627451,Yes,0.7303921568627451
64052,64052,100,88,164,252,0.3492063492063492,0.6507936507936508,Yes,0.6507936507936508
64053,64053,100,63,184,247,0.2550607287449393,0.7449392712550608,Yes,0.7449392712550608
64054,64054,100,0,0,0,0,0,n/a,0
64055,64054,100,0,0,0,0,0,n/a,0
64056,64056,100,0,0,0,0,0,n/a,0
64057,64054,100,0,0,0,0,0,n/a,0
64058,64058,100,0,0,0,0,0,n/a,0
64059,64059,100,0,0,0,0,0,n/a,0
64060,64058,100,0,0,0,0,0,n/a,0
64061,64059,100,0,0,0,0,0,n/a,0
