ED,Reported As,Reporting,Joseph Crowley (Democratic),Joseph Crowley (Working Families),Elizabeth Perri (Conservative),Scattered,Total Votes,Joseph Crowley RECAP,Elizabeth Perri RECAP,Scattered RECAP,p_Joseph Crowley (Democratic),p_Joseph Crowley (Working Families),p_Elizabeth Perri (Conservative),p_Scattered,p_Joseph Crowley RECAP,p_Elizabeth Perri RECAP,p_Scattered RECAP,winner,winner_p
78037,78037,100,24,1,2,0,27,25,2,0,0.8888888888888888,0.037037037037037035,0.07407407407407407,0.0,0.9259259259259259,0.07407407407407407,0.0,Joseph Crowley RECAP,0.9259259259259259
78040,78040,100,238,22,26,0,286,260,26,0,0.8321678321678322,0.07692307692307693,0.09090909090909091,0.0,0.9090909090909091,0.09090909090909091,0.0,Joseph Crowley RECAP,0.9090909090909091
78041,78041,100,131,13,15,0,159,144,15,0,0.8238993710691824,0.08176100628930817,0.09433962264150944,0.0,0.9056603773584906,0.09433962264150944,0.0,Joseph Crowley RECAP,0.9056603773584906
78055,78055,100,0,0,0,0,0,0,0,0,0,0,0,0,0,0,0,n/a,0
78056,78056,100,0,0,0,0,0,0,0,0,0,0,0,0,0,0,0,n/a,0
78058,78037,100,0,0,0,0,0,0,0,0,0,0,0,0,0,0,0,n/a,0
80001,80001,100,67,10,15,0,92,77,15,0,0.7282608695652174,0.10869565217391304,0.16304347826086957,0.0,0.8369565217391305,0.16304347826086957,0.0,Joseph Crowley RECAP,0.8369565217391305
80002,80002,100,42,4,4,0,50,46,4,0,0.84,0.08,0.08,0.0,0.92,0.08,0.0,Joseph Crowley RECAP,0.92
80003,80003,100,82,19,52,2,155,101,52,2,0.5290322580645161,0.12258064516129032,0.33548387096774196,0.012903225806451613,0.6516129032258065,0.33548387096774196,0.012903225806451613,Joseph Crowley RECAP,0.6516129032258065
80004,80004,100,73,9,23,1,106,82,23,1,0.6886792452830188,0.08490566037735849,0.2169811320754717,0.009433962264150943,0.7735849056603774,0.2169811320754717,0.009433962264150943,Joseph Crowley RECAP,0.7735849056603774
80005,80005,100,41,5,19,0,65,46,19,0,0.6307692307692307,0.07692307692307693,0.2923076923076923,0.0,0.7076923076923077,0.2923076923076923,0.0,Joseph Crowley RECAP,0.7076923076923077
80006,80006,100,74,7,26,0,107,81,26,0,0.6915887850467289,0.06542056074766354,0.24299065420560748,0.0,0.7570093457943925,0.24299065420560748,0.0,Joseph Crowley RECAP,0.7570093457943925
80007,80007,100,89,11,14,0,114,100,14,0,0.7807017543859649,0.09649122807017543,0.12280701754385964,0.0,0.8771929824561403,0.12280701754385964,0.0,Joseph Crowley RECAP,0.8771929824561403
80008,80008,100,76,11,6,0,93,87,6,0,0.8172043010752689,0.11827956989247312,0.06451612903225806,0.0,0.9354838709677419,0.06451612903225806,0.0,Joseph Crowley RECAP,0.9354838709677419
80009,80009,100,50,6,9,0,65,56,9,0,0.7692307692307693,0.09230769230769231,0.13846153846153847,0.0,0.8615384615384616,0.13846153846153847,0.0,Joseph Crowley RECAP,0.8615384615384616
80010,80010,100,96,7,13,0,116,103,13,0,0.8275862068965517,0.0603448275862069,0.11206896551724138,0.0,0.8879310344827587,0.11206896551724138,0.0,Joseph Crowley RECAP,0.8879310344827587
80011,80011,100,29,1,6,0,36,30,6,0,0.8055555555555556,0.027777777777777776,0.16666666666666666,0.0,0.8333333333333334,0.16666666666666666,0.0,Joseph Crowley RECAP,0.8333333333333334
80012,80012,100,39,2,2,0,43,41,2,0,0.9069767441860465,0.046511627906976744,0.046511627906976744,0.0,0.9534883720930233,0.046511627906976744,0.0,Joseph Crowley RECAP,0.9534883720930233
80013,80013,100,76,7,10,0,93,83,10,0,0.8172043010752689,0.07526881720430108,0.10752688172043011,0.0,0.8924731182795699,0.10752688172043011,0.0,Joseph Crowley RECAP,0.8924731182795699
80014,80014,100,150,3,7,2,162,153,7,2,0.9259259259259259,0.018518518518518517,0.043209876543209874,0.012345679012345678,0.9444444444444444,0.043209876543209874,0.012345679012345678,Joseph Crowley RECAP,0.9444444444444444
80015,80015,100,60,5,7,1,73,65,7,1,0.821917808219178,0.0684931506849315,0.0958904109589041,0.0136986301369863,0.8904109589041096,0.0958904109589041,0.0136986301369863,Joseph Crowley RECAP,0.8904109589041096
80016,80016,100,198,16,22,0,236,214,22,0,0.8389830508474576,0.06779661016949153,0.09322033898305085,0.0,0.9067796610169492,0.09322033898305085,0.0,Joseph Crowley RECAP,0.9067796610169492
80017,80017,100,152,9,4,0,165,161,4,0,0.9212121212121213,0.05454545454545454,0.024242424242424242,0.0,0.9757575757575757,0.024242424242424242,0.0,Joseph Crowley RECAP,0.9757575757575757
80018,80018,100,90,4,30,0,124,94,30,0,0.7258064516129032,0.03225806451612903,0.24193548387096775,0.0,0.7580645161290323,0.24193548387096775,0.0,Joseph Crowley RECAP,0.7580645161290323
80019,80019,100,54,5,21,4,84,59,21,4,0.6428571428571429,0.05952380952380952,0.25,0.047619047619047616,0.7023809523809523,0.25,0.047619047619047616,Joseph Crowley RECAP,0.7023809523809523
80020,80020,100,112,18,18,0,148,130,18,0,0.7567567567567568,0.12162162162162163,0.12162162162162163,0.0,0.8783783783783784,0.12162162162162163,0.0,Joseph Crowley RECAP,0.8783783783783784
80021,80021,100,193,8,9,0,210,201,9,0,0.919047619047619,0.0380952380952381,0.04285714285714286,0.0,0.9571428571428572,0.04285714285714286,0.0,Joseph Crowley RECAP,0.9571428571428572
80022,80022,100,103,6,8,0,117,109,8,0,0.8803418803418803,0.05128205128205128,0.06837606837606838,0.0,0.9316239316239316,0.06837606837606838,0.0,Joseph Crowley RECAP,0.9316239316239316
80023,80023,100,163,22,15,0,200,185,15,0,0.815,0.11,0.075,0.0,0.925,0.075,0.0,Joseph Crowley RECAP,0.925
80024,80024,100,222,17,15,0,254,239,15,0,0.8740157480314961,0.06692913385826772,0.05905511811023622,0.0,0.9409448818897638,0.05905511811023622,0.0,Joseph Crowley RECAP,0.9409448818897638
80025,80025,100,123,10,10,0,143,133,10,0,0.8601398601398601,0.06993006993006994,0.06993006993006994,0.0,0.9300699300699301,0.06993006993006994,0.0,Joseph Crowley RECAP,0.9300699300699301
80026,80026,100,113,15,8,0,136,128,8,0,0.8308823529411765,0.11029411764705882,0.058823529411764705,0.0,0.9411764705882353,0.058823529411764705,0.0,Joseph Crowley RECAP,0.9411764705882353
80027,80027,100,86,5,21,0,112,91,21,0,0.7678571428571429,0.044642857142857144,0.1875,0.0,0.8125,0.1875,0.0,Joseph Crowley RECAP,0.8125
80028,80028,100,97,8,24,2,131,105,24,2,0.7404580152671756,0.061068702290076333,0.183206106870229,0.015267175572519083,0.8015267175572519,0.183206106870229,0.015267175572519083,Joseph Crowley RECAP,0.8015267175572519
80029,80029,100,31,9,11,0,51,40,11,0,0.6078431372549019,0.17647058823529413,0.21568627450980393,0.0,0.7843137254901961,0.21568627450980393,0.0,Joseph Crowley RECAP,0.7843137254901961
80030,80030,100,107,9,38,0,154,116,38,0,0.6948051948051948,0.05844155844155844,0.24675324675324675,0.0,0.7532467532467533,0.24675324675324675,0.0,Joseph Crowley RECAP,0.7532467532467533
80031,80031,100,145,15,32,0,192,160,32,0,0.7552083333333334,0.078125,0.16666666666666666,0.0,0.8333333333333334,0.16666666666666666,0.0,Joseph Crowley RECAP,0.8333333333333334
80032,80032,100,70,8,36,0,114,78,36,0,0.6140350877192983,0.07017543859649122,0.3157894736842105,0.0,0.6842105263157895,0.3157894736842105,0.0,Joseph Crowley RECAP,0.6842105263157895
80033,80033,100,68,7,17,0,92,75,17,0,0.7391304347826086,0.07608695652173914,0.18478260869565216,0.0,0.8152173913043478,0.18478260869565216,0.0,Joseph Crowley RECAP,0.8152173913043478
80034,80034,100,96,9,23,0,128,105,23,0,0.75,0.0703125,0.1796875,0.0,0.8203125,0.1796875,0.0,Joseph Crowley RECAP,0.8203125
80035,80035,100,80,9,22,1,112,89,22,1,0.7142857142857143,0.08035714285714286,0.19642857142857142,0.008928571428571428,0.7946428571428571,0.19642857142857142,0.008928571428571428,Joseph Crowley RECAP,0.7946428571428571
80036,80036,100,132,10,22,0,164,142,22,0,0.8048780487804879,0.06097560975609756,0.13414634146341464,0.0,0.8658536585365854,0.13414634146341464,0.0,Joseph Crowley RECAP,0.8658536585365854
80037,80037,100,52,5,23,0,80,57,23,0,0.65,0.0625,0.2875,0.0,0.7125,0.2875,0.0,Joseph Crowley RECAP,0.7125
80038,80038,100,77,8,11,0,96,85,11,0,0.8020833333333334,0.08333333333333333,0.11458333333333333,0.0,0.8854166666666666,0.11458333333333333,0.0,Joseph Crowley RECAP,0.8854166666666666
80039,80039,100,104,9,23,0,136,113,23,0,0.7647058823529411,0.0661764705882353,0.16911764705882354,0.0,0.8308823529411765,0.16911764705882354,0.0,Joseph Crowley RECAP,0.8308823529411765
80040,80040,100,114,3,6,0,123,117,6,0,0.926829268292683,0.024390243902439025,0.04878048780487805,0.0,0.9512195121951219,0.04878048780487805,0.0,Joseph Crowley RECAP,0.9512195121951219
80041,80041,100,199,11,7,0,217,210,7,0,0.9170506912442397,0.05069124423963134,0.03225806451612903,0.0,0.967741935483871,0.03225806451612903,0.0,Joseph Crowley RECAP,0.967741935483871
80042,80042,100,135,7,0,0,142,142,0,0,0.9507042253521126,0.04929577464788732,0.0,0.0,1.0,0.0,0.0,Joseph Crowley RECAP,1.0
80043,80043,100,105,7,6,0,118,112,6,0,0.8898305084745762,0.059322033898305086,0.05084745762711865,0.0,0.9491525423728814,0.05084745762711865,0.0,Joseph Crowley RECAP,0.9491525423728814
80044,80044,100,81,4,5,0,90,85,5,0,0.9,0.044444444444444446,0.05555555555555555,0.0,0.9444444444444444,0.05555555555555555,0.0,Joseph Crowley RECAP,0.9444444444444444
80045,80045,100,161,11,10,0,182,172,10,0,0.8846153846153846,0.06043956043956044,0.054945054945054944,0.0,0.945054945054945,0.054945054945054944,0.0,Joseph Crowley RECAP,0.945054945054945
80046,80046,100,66,2,3,0,71,68,3,0,0.9295774647887324,0.028169014084507043,0.04225352112676056,0.0,0.9577464788732394,0.04225352112676056,0.0,Joseph Crowley RECAP,0.9577464788732394
80047,80047,100,107,10,13,0,130,117,13,0,0.823076923076923,0.07692307692307693,0.1,0.0,0.9,0.1,0.0,Joseph Crowley RECAP,0.9
80048,80048,100,94,4,6,0,104,98,6,0,0.9038461538461539,0.038461538461538464,0.057692307692307696,0.0,0.9423076923076923,0.057692307692307696,0.0,Joseph Crowley RECAP,0.9423076923076923
80049,80049,100,28,3,2,0,33,31,2,0,0.8484848484848485,0.09090909090909091,0.06060606060606061,0.0,0.9393939393939394,0.06060606060606061,0.0,Joseph Crowley RECAP,0.9393939393939394
80050,80050,100,157,11,4,0,172,168,4,0,0.9127906976744186,0.06395348837209303,0.023255813953488372,0.0,0.9767441860465116,0.023255813953488372,0.0,Joseph Crowley RECAP,0.9767441860465116
80051,80051,100,48,2,8,0,58,50,8,0,0.8275862068965517,0.034482758620689655,0.13793103448275862,0.0,0.8620689655172413,0.13793103448275862,0.0,Joseph Crowley RECAP,0.8620689655172413
80052,80052,100,72,1,6,0,79,73,6,0,0.9113924050632911,0.012658227848101266,0.0759493670886076,0.0,0.9240506329113924,0.0759493670886076,0.0,Joseph Crowley RECAP,0.9240506329113924
80053,80053,100,68,1,0,0,69,69,0,0,0.9855072463768116,0.014492753623188406,0.0,0.0,1.0,0.0,0.0,Joseph Crowley RECAP,1.0
80055,80055,100,165,4,5,1,175,169,5,1,0.9428571428571428,0.022857142857142857,0.02857142857142857,0.005714285714285714,0.9657142857142857,0.02857142857142857,0.005714285714285714,Joseph Crowley RECAP,0.9657142857142857
80057,80057,100,63,0,3,0,66,63,3,0,0.9545454545454546,0.0,0.045454545454545456,0.0,0.9545454545454546,0.045454545454545456,0.0,Joseph Crowley RECAP,0.9545454545454546
80058,80058,100,107,6,11,0,124,113,11,0,0.8629032258064516,0.04838709677419355,0.08870967741935484,0.0,0.9112903225806451,0.08870967741935484,0.0,Joseph Crowley RECAP,0.9112903225806451
80066,80066,100,84,2,13,1,100,86,13,1,0.84,0.02,0.13,0.01,0.86,0.13,0.01,Joseph Crowley RECAP,0.86
80067,80067,100,133,9,22,0,164,142,22,0,0.8109756097560976,0.054878048780487805,0.13414634146341464,0.0,0.8658536585365854,0.13414634146341464,0.0,Joseph Crowley RECAP,0.8658536585365854
80068,80068,100,111,10,21,1,143,121,21,1,0.7762237762237763,0.06993006993006994,0.14685314685314685,0.006993006993006993,0.8461538461538461,0.14685314685314685,0.006993006993006993,Joseph Crowley RECAP,0.8461538461538461
80069,80069,100,49,0,3,0,52,49,3,0,0.9423076923076923,0.0,0.057692307692307696,0.0,0.9423076923076923,0.057692307692307696,0.0,Joseph Crowley RECAP,0.9423076923076923
80070,80070,100,120,8,8,0,136,128,8,0,0.8823529411764706,0.058823529411764705,0.058823529411764705,0.0,0.9411764705882353,0.058823529411764705,0.0,Joseph Crowley RECAP,0.9411764705882353
80071,80071,100,106,3,14,0,123,109,14,0,0.8617886178861789,0.024390243902439025,0.11382113821138211,0.0,0.8861788617886179,0.11382113821138211,0.0,Joseph Crowley RECAP,0.8861788617886179
80074,80074,100,248,8,2,0,258,256,2,0,0.9612403100775194,0.031007751937984496,0.007751937984496124,0.0,0.9922480620155039,0.007751937984496124,0.0,Joseph Crowley RECAP,0.9922480620155039
80075,80075,100,2,0,0,0,2,2,0,0,1.0,0.0,0.0,0.0,1.0,0.0,0.0,Joseph Crowley RECAP,1.0
80088,80088,100,0,0,0,0,0,0,0,0,0,0,0,0,0,0,0,n/a,0
80091,80075,100,0,0,0,0,0,0,0,0,0,0,0,0,0,0,0,n/a,0
80092,80092,100,0,0,0,0,0,0,0,0,0,0,0,0,0,0,0,n/a,0
82001,82001,100,132,25,62,0,219,157,62,0,0.6027397260273972,0.1141552511415525,0.2831050228310502,0.0,0.7168949771689498,0.2831050228310502,0.0,Joseph Crowley RECAP,0.7168949771689498
82002,82002,100,99,18,63,1,181,117,63,1,0.5469613259668509,0.09944751381215469,0.34806629834254144,0.0055248618784530384,0.6464088397790055,0.34806629834254144,0.0055248618784530384,Joseph Crowley RECAP,0.6464088397790055
82003,82003,100,87,9,38,1,135,96,38,1,0.6444444444444445,0.06666666666666667,0.2814814814814815,0.007407407407407408,0.7111111111111111,0.2814814814814815,0.007407407407407408,Joseph Crowley RECAP,0.7111111111111111
82004,82004,100,112,30,46,0,188,142,46,0,0.5957446808510638,0.1595744680851064,0.24468085106382978,0.0,0.7553191489361702,0.24468085106382978,0.0,Joseph Crowley RECAP,0.7553191489361702
82005,82005,100,129,17,49,0,195,146,49,0,0.6615384615384615,0.08717948717948718,0.2512820512820513,0.0,0.7487179487179487,0.2512820512820513,0.0,Joseph Crowley RECAP,0.7487179487179487
82006,82006,100,94,5,30,0,129,99,30,0,0.7286821705426356,0.03875968992248062,0.23255813953488372,0.0,0.7674418604651163,0.23255813953488372,0.0,Joseph Crowley RECAP,0.7674418604651163
82007,82007,100,117,22,43,0,182,139,43,0,0.6428571428571429,0.12087912087912088,0.23626373626373626,0.0,0.7637362637362637,0.23626373626373626,0.0,Joseph Crowley RECAP,0.7637362637362637
82008,82008,100,129,15,26,0,170,144,26,0,0.7588235294117647,0.08823529411764706,0.15294117647058825,0.0,0.8470588235294118,0.15294117647058825,0.0,Joseph Crowley RECAP,0.8470588235294118
82009,82009,100,107,9,21,0,137,116,21,0,0.781021897810219,0.06569343065693431,0.15328467153284672,0.0,0.8467153284671532,0.15328467153284672,0.0,Joseph Crowley RECAP,0.8467153284671532
82010,82010,100,168,14,29,1,212,182,29,1,0.7924528301886793,0.0660377358490566,0.13679245283018868,0.0047169811320754715,0.8584905660377359,0.13679245283018868,0.0047169811320754715,Joseph Crowley RECAP,0.8584905660377359
82011,82011,100,107,4,24,0,135,111,24,0,0.7925925925925926,0.02962962962962963,0.17777777777777778,0.0,0.8222222222222222,0.17777777777777778,0.0,Joseph Crowley RECAP,0.8222222222222222
82012,82012,100,91,5,2,0,98,96,2,0,0.9285714285714286,0.05102040816326531,0.02040816326530612,0.0,0.9795918367346939,0.02040816326530612,0.0,Joseph Crowley RECAP,0.9795918367346939
82013,82013,100,122,1,0,0,123,123,0,0,0.991869918699187,0.008130081300813009,0.0,0.0,1.0,0.0,0.0,Joseph Crowley RECAP,1.0
82014,82014,100,55,2,5,0,62,57,5,0,0.8870967741935484,0.03225806451612903,0.08064516129032258,0.0,0.9193548387096774,0.08064516129032258,0.0,Joseph Crowley RECAP,0.9193548387096774
82015,82015,100,193,3,2,0,198,196,2,0,0.9747474747474747,0.015151515151515152,0.010101010101010102,0.0,0.98989898989899,0.010101010101010102,0.0,Joseph Crowley RECAP,0.98989898989899
82016,82016,100,105,9,23,0,137,114,23,0,0.7664233576642335,0.06569343065693431,0.1678832116788321,0.0,0.8321167883211679,0.1678832116788321,0.0,Joseph Crowley RECAP,0.8321167883211679
82017,82017,100,115,10,34,0,159,125,34,0,0.7232704402515723,0.06289308176100629,0.2138364779874214,0.0,0.7861635220125787,0.2138364779874214,0.0,Joseph Crowley RECAP,0.7861635220125787
82018,82018,100,54,5,7,0,66,59,7,0,0.8181818181818182,0.07575757575757576,0.10606060606060606,0.0,0.8939393939393939,0.10606060606060606,0.0,Joseph Crowley RECAP,0.8939393939393939
82019,82019,100,64,5,26,0,95,69,26,0,0.6736842105263158,0.05263157894736842,0.2736842105263158,0.0,0.7263157894736842,0.2736842105263158,0.0,Joseph Crowley RECAP,0.7263157894736842
82020,82020,100,92,16,33,1,142,108,33,1,0.647887323943662,0.11267605633802817,0.2323943661971831,0.007042253521126761,0.7605633802816901,0.2323943661971831,0.007042253521126761,Joseph Crowley RECAP,0.7605633802816901
82021,82021,100,71,7,17,0,95,78,17,0,0.7473684210526316,0.07368421052631578,0.17894736842105263,0.0,0.8210526315789474,0.17894736842105263,0.0,Joseph Crowley RECAP,0.8210526315789474
82022,82022,100,148,8,23,0,179,156,23,0,0.8268156424581006,0.0446927374301676,0.12849162011173185,0.0,0.8715083798882681,0.12849162011173185,0.0,Joseph Crowley RECAP,0.8715083798882681
82023,82023,100,109,3,5,0,117,112,5,0,0.9316239316239316,0.02564102564102564,0.042735042735042736,0.0,0.9572649572649573,0.042735042735042736,0.0,Joseph Crowley RECAP,0.9572649572649573
82024,82024,100,100,10,27,0,137,110,27,0,0.7299270072992701,0.072992700729927,0.19708029197080293,0.0,0.8029197080291971,0.19708029197080293,0.0,Joseph Crowley RECAP,0.8029197080291971
82025,82025,100,88,15,26,1,130,103,26,1,0.676923076923077,0.11538461538461539,0.2,0.007692307692307693,0.7923076923076923,0.2,0.007692307692307693,Joseph Crowley RECAP,0.7923076923076923
82026,82026,100,17,0,5,0,22,17,5,0,0.7727272727272727,0.0,0.22727272727272727,0.0,0.7727272727272727,0.22727272727272727,0.0,Joseph Crowley RECAP,0.7727272727272727
82027,82027,100,62,3,9,0,74,65,9,0,0.8378378378378378,0.04054054054054054,0.12162162162162163,0.0,0.8783783783783784,0.12162162162162163,0.0,Joseph Crowley RECAP,0.8783783783783784
82028,82028,100,93,4,12,0,109,97,12,0,0.8532110091743119,0.03669724770642202,0.11009174311926606,0.0,0.8899082568807339,0.11009174311926606,0.0,Joseph Crowley RECAP,0.8899082568807339
82029,82029,100,21,0,1,0,22,21,1,0,0.9545454545454546,0.0,0.045454545454545456,0.0,0.9545454545454546,0.045454545454545456,0.0,Joseph Crowley RECAP,0.9545454545454546
82030,82030,100,109,10,15,0,134,119,15,0,0.8134328358208955,0.07462686567164178,0.11194029850746269,0.0,0.8880597014925373,0.11194029850746269,0.0,Joseph Crowley RECAP,0.8880597014925373
82031,82031,100,215,10,9,1,235,225,9,1,0.9148936170212766,0.0425531914893617,0.03829787234042553,0.00425531914893617,0.9574468085106383,0.03829787234042553,0.00425531914893617,Joseph Crowley RECAP,0.9574468085106383
82032,82032,100,94,6,26,0,126,100,26,0,0.746031746031746,0.047619047619047616,0.20634920634920634,0.0,0.7936507936507936,0.20634920634920634,0.0,Joseph Crowley RECAP,0.7936507936507936
82033,82033,100,93,14,27,0,134,107,27,0,0.6940298507462687,0.1044776119402985,0.20149253731343283,0.0,0.7985074626865671,0.20149253731343283,0.0,Joseph Crowley RECAP,0.7985074626865671
82034,82034,100,74,8,19,0,101,82,19,0,0.7326732673267327,0.07920792079207921,0.18811881188118812,0.0,0.8118811881188119,0.18811881188118812,0.0,Joseph Crowley RECAP,0.8118811881188119
82035,82035,100,108,17,29,0,154,125,29,0,0.7012987012987013,0.11038961038961038,0.18831168831168832,0.0,0.8116883116883117,0.18831168831168832,0.0,Joseph Crowley RECAP,0.8116883116883117
82036,82036,100,125,20,41,0,186,145,41,0,0.6720430107526881,0.10752688172043011,0.22043010752688172,0.0,0.7795698924731183,0.22043010752688172,0.0,Joseph Crowley RECAP,0.7795698924731183
82037,82037,100,121,17,18,0,156,138,18,0,0.7756410256410257,0.10897435897435898,0.11538461538461539,0.0,0.8846153846153846,0.11538461538461539,0.0,Joseph Crowley RECAP,0.8846153846153846
82038,82038,100,122,7,16,1,146,129,16,1,0.8356164383561644,0.04794520547945205,0.1095890410958904,0.00684931506849315,0.8835616438356164,0.1095890410958904,0.00684931506849315,Joseph Crowley RECAP,0.8835616438356164
82039,82039,100,122,14,17,0,153,136,17,0,0.7973856209150327,0.0915032679738562,0.1111111111111111,0.0,0.8888888888888888,0.1111111111111111,0.0,Joseph Crowley RECAP,0.8888888888888888
82040,82040,100,77,15,39,0,131,92,39,0,0.5877862595419847,0.11450381679389313,0.29770992366412213,0.0,0.7022900763358778,0.29770992366412213,0.0,Joseph Crowley RECAP,0.7022900763358778
82041,82041,100,108,15,40,0,163,123,40,0,0.6625766871165644,0.09202453987730061,0.24539877300613497,0.0,0.754601226993865,0.24539877300613497,0.0,Joseph Crowley RECAP,0.754601226993865
82042,82042,100,52,6,23,0,81,58,23,0,0.6419753086419753,0.07407407407407407,0.2839506172839506,0.0,0.7160493827160493,0.2839506172839506,0.0,Joseph Crowley RECAP,0.7160493827160493
82043,82043,100,79,7,33,0,119,86,33,0,0.6638655462184874,0.058823529411764705,0.2773109243697479,0.0,0.7226890756302521,0.2773109243697479,0.0,Joseph Crowley RECAP,0.7226890756302521
82044,82044,100,81,11,35,0,127,92,35,0,0.6377952755905512,0.08661417322834646,0.2755905511811024,0.0,0.7244094488188977,0.2755905511811024,0.0,Joseph Crowley RECAP,0.7244094488188977
82045,82045,100,88,8,46,0,142,96,46,0,0.6197183098591549,0.056338028169014086,0.323943661971831,0.0,0.676056338028169,0.323943661971831,0.0,Joseph Crowley RECAP,0.676056338028169
82046,82046,100,107,13,58,0,178,120,58,0,0.601123595505618,0.07303370786516854,0.3258426966292135,0.0,0.6741573033707865,0.3258426966292135,0.0,Joseph Crowley RECAP,0.6741573033707865
82047,82047,100,68,10,30,0,108,78,30,0,0.6296296296296297,0.09259259259259259,0.2777777777777778,0.0,0.7222222222222222,0.2777777777777778,0.0,Joseph Crowley RECAP,0.7222222222222222
82048,82048,100,108,12,46,0,166,120,46,0,0.6506024096385542,0.07228915662650602,0.27710843373493976,0.0,0.7228915662650602,0.27710843373493976,0.0,Joseph Crowley RECAP,0.7228915662650602
82049,82049,100,131,18,57,1,207,149,57,1,0.6328502415458938,0.08695652173913043,0.2753623188405797,0.004830917874396135,0.7198067632850241,0.2753623188405797,0.004830917874396135,Joseph Crowley RECAP,0.7198067632850241
82050,82050,100,76,6,11,0,93,82,11,0,0.8172043010752689,0.06451612903225806,0.11827956989247312,0.0,0.8817204301075269,0.11827956989247312,0.0,Joseph Crowley RECAP,0.8817204301075269
82051,82051,100,113,11,16,0,140,124,16,0,0.8071428571428572,0.07857142857142857,0.11428571428571428,0.0,0.8857142857142857,0.11428571428571428,0.0,Joseph Crowley RECAP,0.8857142857142857
82052,82052,100,124,15,38,0,177,139,38,0,0.7005649717514124,0.0847457627118644,0.21468926553672316,0.0,0.7853107344632768,0.21468926553672316,0.0,Joseph Crowley RECAP,0.7853107344632768
82053,82053,100,79,11,29,1,120,90,29,1,0.6583333333333333,0.09166666666666666,0.24166666666666667,0.008333333333333333,0.75,0.24166666666666667,0.008333333333333333,Joseph Crowley RECAP,0.75
82055,82055,100,75,7,33,0,115,82,33,0,0.6521739130434783,0.06086956521739131,0.28695652173913044,0.0,0.7130434782608696,0.28695652173913044,0.0,Joseph Crowley RECAP,0.7130434782608696
82056,82056,100,136,10,57,0,203,146,57,0,0.6699507389162561,0.04926108374384237,0.28078817733990147,0.0,0.7192118226600985,0.28078817733990147,0.0,Joseph Crowley RECAP,0.7192118226600985
82057,82057,100,115,18,46,1,180,133,46,1,0.6388888888888888,0.1,0.25555555555555554,0.005555555555555556,0.7388888888888889,0.25555555555555554,0.005555555555555556,Joseph Crowley RECAP,0.7388888888888889
82058,82058,100,78,12,32,0,122,90,32,0,0.639344262295082,0.09836065573770492,0.26229508196721313,0.0,0.7377049180327869,0.26229508196721313,0.0,Joseph Crowley RECAP,0.7377049180327869
82059,82059,100,8,2,3,0,13,10,3,0,0.6153846153846154,0.15384615384615385,0.23076923076923078,0.0,0.7692307692307693,0.23076923076923078,0.0,Joseph Crowley RECAP,0.7692307692307693
82060,82060,100,156,20,51,0,227,176,51,0,0.6872246696035242,0.0881057268722467,0.22466960352422907,0.0,0.775330396475771,0.22466960352422907,0.0,Joseph Crowley RECAP,0.775330396475771
82061,82061,100,182,46,52,0,280,228,52,0,0.65,0.16428571428571428,0.18571428571428572,0.0,0.8142857142857143,0.18571428571428572,0.0,Joseph Crowley RECAP,0.8142857142857143
82062,82062,100,143,23,57,1,224,166,57,1,0.6383928571428571,0.10267857142857142,0.2544642857142857,0.004464285714285714,0.7410714285714286,0.2544642857142857,0.004464285714285714,Joseph Crowley RECAP,0.7410714285714286
82063,82063,100,125,28,40,0,193,153,40,0,0.6476683937823834,0.14507772020725387,0.20725388601036268,0.0,0.7927461139896373,0.20725388601036268,0.0,Joseph Crowley RECAP,0.7927461139896373
82064,82064,100,46,5,8,0,59,51,8,0,0.7796610169491526,0.0847457627118644,0.13559322033898305,0.0,0.864406779661017,0.13559322033898305,0.0,Joseph Crowley RECAP,0.864406779661017
82107,82107,100,49,3,15,0,67,52,15,0,0.7313432835820896,0.04477611940298507,0.22388059701492538,0.0,0.7761194029850746,0.22388059701492538,0.0,Joseph Crowley RECAP,0.7761194029850746
82108,82108,100,0,0,0,0,0,0,0,0,0,0,0,0,0,0,0,n/a,0
82111,82111,100,0,0,0,0,0,0,0,0,0,0,0,0,0,0,0,n/a,0
82112,82108,100,0,0,0,0,0,0,0,0,0,0,0,0,0,0,0,n/a,0
82113,82111,100,0,0,0,0,0,0,0,0,0,0,0,0,0,0,0,n/a,0
82114,82108,100,0,0,0,0,0,0,0,0,0,0,0,0,0,0,0,n/a,0
82115,82108,100,0,0,0,0,0,0,0,0,0,0,0,0,0,0,0,n/a,0
82116,82111,100,0,0,0,0,0,0,0,0,0,0,0,0,0,0,0,n/a,0
85035,85035,100,0,0,0,0,0,0,0,0,0,0,0,0,0,0,0,n/a,0
87018,87018,100,77,5,4,0,86,82,4,0,0.8953488372093024,0.05813953488372093,0.046511627906976744,0.0,0.9534883720930233,0.046511627906976744,0.0,Joseph Crowley RECAP,0.9534883720930233
87019,87019,100,73,6,6,0,85,79,6,0,0.8588235294117647,0.07058823529411765,0.07058823529411765,0.0,0.9294117647058824,0.07058823529411765,0.0,Joseph Crowley RECAP,0.9294117647058824
87020,87020,100,84,4,10,0,98,88,10,0,0.8571428571428571,0.04081632653061224,0.10204081632653061,0.0,0.8979591836734694,0.10204081632653061,0.0,Joseph Crowley RECAP,0.8979591836734694
87043,87043,100,0,0,0,0,0,0,0,0,0,0,0,0,0,0,0,n/a,0
87044,87044,100,29,4,3,0,36,33,3,0,0.8055555555555556,0.1111111111111111,0.08333333333333333,0.0,0.9166666666666666,0.08333333333333333,0.0,Joseph Crowley RECAP,0.9166666666666666
87045,87045,100,12,0,0,0,12,12,0,0,1.0,0.0,0.0,0.0,1.0,0.0,0.0,Joseph Crowley RECAP,1.0
87046,87046,100,93,9,6,0,108,102,6,0,0.8611111111111112,0.08333333333333333,0.05555555555555555,0.0,0.9444444444444444,0.05555555555555555,0.0,Joseph Crowley RECAP,0.9444444444444444
87047,87047,100,267,12,8,0,287,279,8,0,0.9303135888501742,0.041811846689895474,0.027874564459930314,0.0,0.9721254355400697,0.027874564459930314,0.0,Joseph Crowley RECAP,0.9721254355400697
87048,87048,100,258,11,6,0,275,269,6,0,0.9381818181818182,0.04,0.02181818181818182,0.0,0.9781818181818182,0.02181818181818182,0.0,Joseph Crowley RECAP,0.9781818181818182
87049,87049,100,202,13,15,0,230,215,15,0,0.8782608695652174,0.05652173913043478,0.06521739130434782,0.0,0.9347826086956522,0.06521739130434782,0.0,Joseph Crowley RECAP,0.9347826086956522
87050,87050,100,223,10,9,1,243,233,9,1,0.9176954732510288,0.0411522633744856,0.037037037037037035,0.00411522633744856,0.9588477366255144,0.037037037037037035,0.00411522633744856,Joseph Crowley RECAP,0.9588477366255144
87051,87051,100,255,16,10,1,282,271,10,1,0.9042553191489362,0.05673758865248227,0.03546099290780142,0.0035460992907801418,0.9609929078014184,0.03546099290780142,0.0035460992907801418,Joseph Crowley RECAP,0.9609929078014184
87052,87052,100,236,9,7,0,252,245,7,0,0.9365079365079365,0.03571428571428571,0.027777777777777776,0.0,0.9722222222222222,0.027777777777777776,0.0,Joseph Crowley RECAP,0.9722222222222222
87053,87053,100,247,8,8,3,266,255,8,3,0.9285714285714286,0.03007518796992481,0.03007518796992481,0.011278195488721804,0.9586466165413534,0.03007518796992481,0.011278195488721804,Joseph Crowley RECAP,0.9586466165413534
87054,87054,100,202,10,12,1,225,212,12,1,0.8977777777777778,0.044444444444444446,0.05333333333333334,0.0044444444444444444,0.9422222222222222,0.05333333333333334,0.0044444444444444444,Joseph Crowley RECAP,0.9422222222222222
87055,87055,100,162,11,5,0,178,173,5,0,0.9101123595505618,0.06179775280898876,0.028089887640449437,0.0,0.9719101123595506,0.028089887640449437,0.0,Joseph Crowley RECAP,0.9719101123595506
87056,87056,100,199,20,2,0,221,219,2,0,0.9004524886877828,0.09049773755656108,0.00904977375565611,0.0,0.9909502262443439,0.00904977375565611,0.0,Joseph Crowley RECAP,0.9909502262443439
87057,87057,100,253,12,11,0,276,265,11,0,0.9166666666666666,0.043478260869565216,0.03985507246376811,0.0,0.9601449275362319,0.03985507246376811,0.0,Joseph Crowley RECAP,0.9601449275362319
87058,87058,100,109,9,4,0,122,118,4,0,0.8934426229508197,0.07377049180327869,0.03278688524590164,0.0,0.9672131147540983,0.03278688524590164,0.0,Joseph Crowley RECAP,0.9672131147540983
87059,87059,100,256,13,9,0,278,269,9,0,0.920863309352518,0.046762589928057555,0.03237410071942446,0.0,0.9676258992805755,0.03237410071942446,0.0,Joseph Crowley RECAP,0.9676258992805755
87060,87060,100,166,9,2,0,177,175,2,0,0.9378531073446328,0.05084745762711865,0.011299435028248588,0.0,0.9887005649717514,0.011299435028248588,0.0,Joseph Crowley RECAP,0.9887005649717514
87061,87061,100,187,7,10,0,204,194,10,0,0.9166666666666666,0.03431372549019608,0.049019607843137254,0.0,0.9509803921568627,0.049019607843137254,0.0,Joseph Crowley RECAP,0.9509803921568627
87062,87062,100,229,17,9,0,255,246,9,0,0.8980392156862745,0.06666666666666667,0.03529411764705882,0.0,0.9647058823529412,0.03529411764705882,0.0,Joseph Crowley RECAP,0.9647058823529412
87064,87064,100,1,0,0,0,1,1,0,0,1.0,0.0,0.0,0.0,1.0,0.0,0.0,Joseph Crowley RECAP,1.0
87065,87065,100,71,3,9,0,83,74,9,0,0.8554216867469879,0.03614457831325301,0.10843373493975904,0.0,0.891566265060241,0.10843373493975904,0.0,Joseph Crowley RECAP,0.891566265060241
87066,87066,100,88,2,4,0,94,90,4,0,0.9361702127659575,0.02127659574468085,0.0425531914893617,0.0,0.9574468085106383,0.0425531914893617,0.0,Joseph Crowley RECAP,0.9574468085106383
87067,87067,100,70,5,6,0,81,75,6,0,0.8641975308641975,0.06172839506172839,0.07407407407407407,0.0,0.9259259259259259,0.07407407407407407,0.0,Joseph Crowley RECAP,0.9259259259259259
87068,87068,100,129,10,11,0,150,139,11,0,0.86,0.06666666666666667,0.07333333333333333,0.0,0.9266666666666666,0.07333333333333333,0.0,Joseph Crowley RECAP,0.9266666666666666
87069,87069,100,144,0,9,0,153,144,9,0,0.9411764705882353,0.0,0.058823529411764705,0.0,0.9411764705882353,0.058823529411764705,0.0,Joseph Crowley RECAP,0.9411764705882353
87093,87093,100,0,0,0,0,0,0,0,0,0,0,0,0,0,0,0,n/a,0
87094,87094,100,0,0,0,0,0,0,0,0,0,0,0,0,0,0,0,n/a,0
26001,26001,100,39,9,35,0,83,48,35,0,0.46987951807228917,0.10843373493975904,0.42168674698795183,0.0,0.5783132530120482,0.42168674698795183,0.0,Joseph Crowley RECAP,0.5783132530120482
27057,27057,100,50,10,48,0,108,60,48,0,0.46296296296296297,0.09259259259259259,0.4444444444444444,0.0,0.5555555555555556,0.4444444444444444,0.0,Joseph Crowley RECAP,0.5555555555555556
27058,27058,100,0,0,0,0,0,0,0,0,0,0,0,0,0,0,0,n/a,0
27059,27059,100,86,7,49,0,142,93,49,0,0.6056338028169014,0.04929577464788732,0.34507042253521125,0.0,0.6549295774647887,0.34507042253521125,0.0,Joseph Crowley RECAP,0.6549295774647887
27060,27060,100,151,11,35,0,197,162,35,0,0.766497461928934,0.05583756345177665,0.17766497461928935,0.0,0.8223350253807107,0.17766497461928935,0.0,Joseph Crowley RECAP,0.8223350253807107
27061,27061,100,124,17,53,0,194,141,53,0,0.6391752577319587,0.08762886597938144,0.27319587628865977,0.0,0.7268041237113402,0.27319587628865977,0.0,Joseph Crowley RECAP,0.7268041237113402
27062,27062,100,124,13,36,1,174,137,36,1,0.7126436781609196,0.07471264367816093,0.20689655172413793,0.005747126436781609,0.7873563218390804,0.20689655172413793,0.005747126436781609,Joseph Crowley RECAP,0.7873563218390804
27063,27063,100,110,8,37,2,157,118,37,2,0.7006369426751592,0.050955414012738856,0.2356687898089172,0.012738853503184714,0.7515923566878981,0.2356687898089172,0.012738853503184714,Joseph Crowley RECAP,0.7515923566878981
27064,27064,100,117,17,34,0,168,134,34,0,0.6964285714285714,0.10119047619047619,0.20238095238095238,0.0,0.7976190476190477,0.20238095238095238,0.0,Joseph Crowley RECAP,0.7976190476190477
27065,27065,100,110,19,42,0,171,129,42,0,0.6432748538011696,0.1111111111111111,0.24561403508771928,0.0,0.7543859649122807,0.24561403508771928,0.0,Joseph Crowley RECAP,0.7543859649122807
27066,27066,100,142,15,40,0,197,157,40,0,0.7208121827411168,0.07614213197969544,0.20304568527918782,0.0,0.7969543147208121,0.20304568527918782,0.0,Joseph Crowley RECAP,0.7969543147208121
27067,27067,100,123,5,40,0,168,128,40,0,0.7321428571428571,0.02976190476190476,0.23809523809523808,0.0,0.7619047619047619,0.23809523809523808,0.0,Joseph Crowley RECAP,0.7619047619047619
27068,27068,100,112,20,45,1,178,132,45,1,0.6292134831460674,0.11235955056179775,0.25280898876404495,0.0056179775280898875,0.7415730337078652,0.25280898876404495,0.0056179775280898875,Joseph Crowley RECAP,0.7415730337078652
27073,27073,100,0,0,0,0,0,0,0,0,0,0,0,0,0,0,0,n/a,0
27074,27074,100,0,0,0,0,0,0,0,0,0,0,0,0,0,0,0,n/a,0
27075,27074,100,0,0,0,0,0,0,0,0,0,0,0,0,0,0,0,n/a,0
27077,27077,100,0,0,0,0,0,0,0,0,0,0,0,0,0,0,0,n/a,0
27078,27077,100,0,0,0,0,0,0,0,0,0,0,0,0,0,0,0,n/a,0
30028,30028,100,0,0,1,0,1,0,1,0,0.0,0.0,1.0,0.0,0.0,1.0,0.0,Elizabeth Perri RECAP,1.0
30063,30063,100,42,11,11,0,64,53,11,0,0.65625,0.171875,0.171875,0.0,0.828125,0.171875,0.0,Joseph Crowley RECAP,0.828125
30035,30063,100,0,0,0,0,0,0,0,0,0,0,0,0,0,0,0,n/a,0
30036,30036,100,114,15,41,0,170,129,41,0,0.6705882352941176,0.08823529411764706,0.2411764705882353,0.0,0.7588235294117647,0.2411764705882353,0.0,Joseph Crowley RECAP,0.7588235294117647
30037,30037,100,117,12,24,0,153,129,24,0,0.7647058823529411,0.0784313725490196,0.1568627450980392,0.0,0.8431372549019608,0.1568627450980392,0.0,Joseph Crowley RECAP,0.8431372549019608
30039,30039,100,254,31,69,0,354,285,69,0,0.7175141242937854,0.08757062146892655,0.19491525423728814,0.0,0.8050847457627118,0.19491525423728814,0.0,Joseph Crowley RECAP,0.8050847457627118
30040,30040,100,208,18,36,0,262,226,36,0,0.7938931297709924,0.06870229007633588,0.13740458015267176,0.0,0.8625954198473282,0.13740458015267176,0.0,Joseph Crowley RECAP,0.8625954198473282
30041,30041,100,53,8,6,0,67,61,6,0,0.7910447761194029,0.11940298507462686,0.08955223880597014,0.0,0.9104477611940298,0.08955223880597014,0.0,Joseph Crowley RECAP,0.9104477611940298
30042,30042,100,107,18,24,1,150,125,24,1,0.7133333333333334,0.12,0.16,0.006666666666666667,0.8333333333333334,0.16,0.006666666666666667,Joseph Crowley RECAP,0.8333333333333334
30043,30043,100,178,13,39,3,233,191,39,3,0.7639484978540773,0.055793991416309016,0.16738197424892703,0.012875536480686695,0.8197424892703863,0.16738197424892703,0.012875536480686695,Joseph Crowley RECAP,0.8197424892703863
30044,30044,100,188,15,31,0,234,203,31,0,0.8034188034188035,0.0641025641025641,0.13247863247863248,0.0,0.8675213675213675,0.13247863247863248,0.0,Joseph Crowley RECAP,0.8675213675213675
30045,30045,100,161,16,29,0,206,177,29,0,0.7815533980582524,0.07766990291262135,0.1407766990291262,0.0,0.8592233009708737,0.1407766990291262,0.0,Joseph Crowley RECAP,0.8592233009708737
30046,30046,100,151,38,21,2,212,189,21,2,0.7122641509433962,0.1792452830188679,0.09905660377358491,0.009433962264150943,0.8915094339622641,0.09905660377358491,0.009433962264150943,Joseph Crowley RECAP,0.8915094339622641
30047,30047,100,92,15,13,1,121,107,13,1,0.7603305785123967,0.12396694214876033,0.10743801652892562,0.008264462809917356,0.8842975206611571,0.10743801652892562,0.008264462809917356,Joseph Crowley RECAP,0.8842975206611571
30048,30048,100,278,37,73,0,388,315,73,0,0.7164948453608248,0.09536082474226804,0.18814432989690721,0.0,0.8118556701030928,0.18814432989690721,0.0,Joseph Crowley RECAP,0.8118556701030928
30049,30049,100,238,36,35,0,309,274,35,0,0.7702265372168284,0.11650485436893204,0.11326860841423948,0.0,0.8867313915857605,0.11326860841423948,0.0,Joseph Crowley RECAP,0.8867313915857605
30050,30050,100,182,36,36,0,254,218,36,0,0.7165354330708661,0.14173228346456693,0.14173228346456693,0.0,0.8582677165354331,0.14173228346456693,0.0,Joseph Crowley RECAP,0.8582677165354331
30051,30051,100,179,30,29,0,238,209,29,0,0.7521008403361344,0.12605042016806722,0.12184873949579832,0.0,0.8781512605042017,0.12184873949579832,0.0,Joseph Crowley RECAP,0.8781512605042017
30052,30052,100,129,9,17,0,155,138,17,0,0.832258064516129,0.05806451612903226,0.10967741935483871,0.0,0.8903225806451613,0.10967741935483871,0.0,Joseph Crowley RECAP,0.8903225806451613
30053,30053,100,106,10,16,0,132,116,16,0,0.803030303030303,0.07575757575757576,0.12121212121212122,0.0,0.8787878787878788,0.12121212121212122,0.0,Joseph Crowley RECAP,0.8787878787878788
30054,30054,100,24,1,2,0,27,25,2,0,0.8888888888888888,0.037037037037037035,0.07407407407407407,0.0,0.9259259259259259,0.07407407407407407,0.0,Joseph Crowley RECAP,0.9259259259259259
30055,30055,100,92,8,27,0,127,100,27,0,0.7244094488188977,0.06299212598425197,0.2125984251968504,0.0,0.7874015748031497,0.2125984251968504,0.0,Joseph Crowley RECAP,0.7874015748031497
30057,30057,100,133,3,6,1,143,136,6,1,0.9300699300699301,0.02097902097902098,0.04195804195804196,0.006993006993006993,0.951048951048951,0.04195804195804196,0.006993006993006993,Joseph Crowley RECAP,0.951048951048951
30058,30058,100,140,11,12,1,164,151,12,1,0.8536585365853658,0.06707317073170732,0.07317073170731707,0.006097560975609756,0.9207317073170732,0.07317073170731707,0.006097560975609756,Joseph Crowley RECAP,0.9207317073170732
30059,30059,100,76,2,1,0,79,78,1,0,0.9620253164556962,0.02531645569620253,0.012658227848101266,0.0,0.9873417721518988,0.012658227848101266,0.0,Joseph Crowley RECAP,0.9873417721518988
30060,30060,100,89,19,24,0,132,108,24,0,0.6742424242424242,0.14393939393939395,0.18181818181818182,0.0,0.8181818181818182,0.18181818181818182,0.0,Joseph Crowley RECAP,0.8181818181818182
30061,30061,100,265,50,47,0,362,315,47,0,0.7320441988950276,0.13812154696132597,0.1298342541436464,0.0,0.8701657458563536,0.1298342541436464,0.0,Joseph Crowley RECAP,0.8701657458563536
30062,30062,100,64,11,9,1,85,75,9,1,0.7529411764705882,0.12941176470588237,0.10588235294117647,0.011764705882352941,0.8823529411764706,0.10588235294117647,0.011764705882352941,Joseph Crowley RECAP,0.8823529411764706
30065,30065,100,218,46,40,1,305,264,40,1,0.7147540983606557,0.15081967213114755,0.13114754098360656,0.003278688524590164,0.8655737704918033,0.13114754098360656,0.003278688524590164,Joseph Crowley RECAP,0.8655737704918033
34001,34001,100,155,6,6,0,167,161,6,0,0.9281437125748503,0.03592814371257485,0.03592814371257485,0.0,0.9640718562874252,0.03592814371257485,0.0,Joseph Crowley RECAP,0.9640718562874252
34002,34002,100,111,7,7,0,125,118,7,0,0.888,0.056,0.056,0.0,0.944,0.056,0.0,Joseph Crowley RECAP,0.944
34003,34003,100,118,4,7,0,129,122,7,0,0.9147286821705426,0.031007751937984496,0.05426356589147287,0.0,0.9457364341085271,0.05426356589147287,0.0,Joseph Crowley RECAP,0.9457364341085271
34004,34004,100,148,5,12,0,165,153,12,0,0.896969696969697,0.030303030303030304,0.07272727272727272,0.0,0.9272727272727272,0.07272727272727272,0.0,Joseph Crowley RECAP,0.9272727272727272
34005,34005,100,146,8,6,0,160,154,6,0,0.9125,0.05,0.0375,0.0,0.9625,0.0375,0.0,Joseph Crowley RECAP,0.9625
34006,34006,100,67,2,10,0,79,69,10,0,0.8481012658227848,0.02531645569620253,0.12658227848101267,0.0,0.8734177215189873,0.12658227848101267,0.0,Joseph Crowley RECAP,0.8734177215189873
34007,34007,100,120,7,5,0,132,127,5,0,0.9090909090909091,0.05303030303030303,0.03787878787878788,0.0,0.9621212121212122,0.03787878787878788,0.0,Joseph Crowley RECAP,0.9621212121212122
34008,34008,100,133,27,11,0,171,160,11,0,0.7777777777777778,0.15789473684210525,0.06432748538011696,0.0,0.935672514619883,0.06432748538011696,0.0,Joseph Crowley RECAP,0.935672514619883
34009,34009,100,160,13,13,1,187,173,13,1,0.8556149732620321,0.06951871657754011,0.06951871657754011,0.0053475935828877,0.9251336898395722,0.06951871657754011,0.0053475935828877,Joseph Crowley RECAP,0.9251336898395722
34010,34010,100,120,13,24,0,157,133,24,0,0.7643312101910829,0.08280254777070063,0.15286624203821655,0.0,0.8471337579617835,0.15286624203821655,0.0,Joseph Crowley RECAP,0.8471337579617835
34011,34011,100,78,7,6,0,91,85,6,0,0.8571428571428571,0.07692307692307693,0.06593406593406594,0.0,0.9340659340659341,0.06593406593406594,0.0,Joseph Crowley RECAP,0.9340659340659341
34012,34012,100,73,7,10,1,91,80,10,1,0.8021978021978022,0.07692307692307693,0.10989010989010989,0.01098901098901099,0.8791208791208791,0.10989010989010989,0.01098901098901099,Joseph Crowley RECAP,0.8791208791208791
34013,34013,100,192,21,26,0,239,213,26,0,0.803347280334728,0.08786610878661087,0.1087866108786611,0.0,0.891213389121339,0.1087866108786611,0.0,Joseph Crowley RECAP,0.891213389121339
34014,34014,100,99,10,9,0,118,109,9,0,0.8389830508474576,0.0847457627118644,0.07627118644067797,0.0,0.923728813559322,0.07627118644067797,0.0,Joseph Crowley RECAP,0.923728813559322
34015,34015,100,168,24,18,1,211,192,18,1,0.7962085308056872,0.11374407582938388,0.08530805687203792,0.004739336492890996,0.909952606635071,0.08530805687203792,0.004739336492890996,Joseph Crowley RECAP,0.909952606635071
34016,34016,100,221,50,38,1,310,271,38,1,0.7129032258064516,0.16129032258064516,0.12258064516129032,0.0032258064516129032,0.8741935483870967,0.12258064516129032,0.0032258064516129032,Joseph Crowley RECAP,0.8741935483870967
34017,34017,100,191,28,40,0,259,219,40,0,0.7374517374517374,0.10810810810810811,0.15444015444015444,0.0,0.8455598455598455,0.15444015444015444,0.0,Joseph Crowley RECAP,0.8455598455598455
34018,34018,100,188,33,25,1,247,221,25,1,0.7611336032388664,0.13360323886639677,0.10121457489878542,0.004048582995951417,0.8947368421052632,0.10121457489878542,0.004048582995951417,Joseph Crowley RECAP,0.8947368421052632
34019,34019,100,197,18,21,0,236,215,21,0,0.8347457627118644,0.07627118644067797,0.08898305084745763,0.0,0.9110169491525424,0.08898305084745763,0.0,Joseph Crowley RECAP,0.9110169491525424
34020,34020,100,170,17,15,1,203,187,15,1,0.8374384236453202,0.08374384236453201,0.07389162561576355,0.0049261083743842365,0.9211822660098522,0.07389162561576355,0.0049261083743842365,Joseph Crowley RECAP,0.9211822660098522
34021,34021,100,124,8,10,0,142,132,10,0,0.8732394366197183,0.056338028169014086,0.07042253521126761,0.0,0.9295774647887324,0.07042253521126761,0.0,Joseph Crowley RECAP,0.9295774647887324
34022,34022,100,131,28,34,3,196,159,34,3,0.6683673469387755,0.14285714285714285,0.17346938775510204,0.015306122448979591,0.8112244897959183,0.17346938775510204,0.015306122448979591,Joseph Crowley RECAP,0.8112244897959183
34023,34023,100,156,22,21,0,199,178,21,0,0.7839195979899497,0.11055276381909548,0.10552763819095477,0.0,0.8944723618090452,0.10552763819095477,0.0,Joseph Crowley RECAP,0.8944723618090452
34024,34024,100,192,27,30,0,249,219,30,0,0.7710843373493976,0.10843373493975904,0.12048192771084337,0.0,0.8795180722891566,0.12048192771084337,0.0,Joseph Crowley RECAP,0.8795180722891566
34025,34025,100,266,89,45,2,402,355,45,2,0.6616915422885572,0.22139303482587064,0.11194029850746269,0.004975124378109453,0.8830845771144279,0.11194029850746269,0.004975124378109453,Joseph Crowley RECAP,0.8830845771144279
34026,34026,100,150,26,20,1,197,176,20,1,0.7614213197969543,0.1319796954314721,0.10152284263959391,0.005076142131979695,0.8934010152284264,0.10152284263959391,0.005076142131979695,Joseph Crowley RECAP,0.8934010152284264
34027,34027,100,117,21,17,0,155,138,17,0,0.7548387096774194,0.13548387096774195,0.10967741935483871,0.0,0.8903225806451613,0.10967741935483871,0.0,Joseph Crowley RECAP,0.8903225806451613
34028,34028,100,159,31,21,0,211,190,21,0,0.7535545023696683,0.14691943127962084,0.0995260663507109,0.0,0.9004739336492891,0.0995260663507109,0.0,Joseph Crowley RECAP,0.9004739336492891
34029,34029,100,157,17,16,1,191,174,16,1,0.8219895287958116,0.08900523560209424,0.08376963350785341,0.005235602094240838,0.9109947643979057,0.08376963350785341,0.005235602094240838,Joseph Crowley RECAP,0.9109947643979057
34030,34030,100,4,0,0,0,4,4,0,0,1.0,0.0,0.0,0.0,1.0,0.0,0.0,Joseph Crowley RECAP,1.0
34031,34031,100,39,5,3,0,47,44,3,0,0.8297872340425532,0.10638297872340426,0.06382978723404255,0.0,0.9361702127659575,0.06382978723404255,0.0,Joseph Crowley RECAP,0.9361702127659575
34032,34032,100,25,0,1,0,26,25,1,0,0.9615384615384616,0.0,0.038461538461538464,0.0,0.9615384615384616,0.038461538461538464,0.0,Joseph Crowley RECAP,0.9615384615384616
34033,34033,100,16,1,1,0,18,17,1,0,0.8888888888888888,0.05555555555555555,0.05555555555555555,0.0,0.9444444444444444,0.05555555555555555,0.0,Joseph Crowley RECAP,0.9444444444444444
34034,34034,100,24,2,1,0,27,26,1,0,0.8888888888888888,0.07407407407407407,0.037037037037037035,0.0,0.9629629629629629,0.037037037037037035,0.0,Joseph Crowley RECAP,0.9629629629629629
34035,34035,100,148,8,16,0,172,156,16,0,0.8604651162790697,0.046511627906976744,0.09302325581395349,0.0,0.9069767441860465,0.09302325581395349,0.0,Joseph Crowley RECAP,0.9069767441860465
34036,34036,100,148,16,26,0,190,164,26,0,0.7789473684210526,0.08421052631578947,0.1368421052631579,0.0,0.8631578947368421,0.1368421052631579,0.0,Joseph Crowley RECAP,0.8631578947368421
34037,34037,100,114,7,21,0,142,121,21,0,0.8028169014084507,0.04929577464788732,0.14788732394366197,0.0,0.852112676056338,0.14788732394366197,0.0,Joseph Crowley RECAP,0.852112676056338
34038,34038,100,111,8,17,0,136,119,17,0,0.8161764705882353,0.058823529411764705,0.125,0.0,0.875,0.125,0.0,Joseph Crowley RECAP,0.875
34039,34039,100,134,9,16,0,159,143,16,0,0.8427672955974843,0.05660377358490566,0.10062893081761007,0.0,0.89937106918239,0.10062893081761007,0.0,Joseph Crowley RECAP,0.89937106918239
34040,34040,100,144,14,26,0,184,158,26,0,0.782608695652174,0.07608695652173914,0.14130434782608695,0.0,0.8586956521739131,0.14130434782608695,0.0,Joseph Crowley RECAP,0.8586956521739131
34041,34041,100,67,7,13,0,87,74,13,0,0.7701149425287356,0.08045977011494253,0.14942528735632185,0.0,0.8505747126436781,0.14942528735632185,0.0,Joseph Crowley RECAP,0.8505747126436781
34042,34042,100,80,0,7,0,87,80,7,0,0.9195402298850575,0.0,0.08045977011494253,0.0,0.9195402298850575,0.08045977011494253,0.0,Joseph Crowley RECAP,0.9195402298850575
34043,34043,100,58,6,8,0,72,64,8,0,0.8055555555555556,0.08333333333333333,0.1111111111111111,0.0,0.8888888888888888,0.1111111111111111,0.0,Joseph Crowley RECAP,0.8888888888888888
34044,34044,100,44,7,12,0,63,51,12,0,0.6984126984126984,0.1111111111111111,0.19047619047619047,0.0,0.8095238095238095,0.19047619047619047,0.0,Joseph Crowley RECAP,0.8095238095238095
34045,34045,100,141,17,24,1,183,158,24,1,0.7704918032786885,0.09289617486338798,0.13114754098360656,0.00546448087431694,0.8633879781420765,0.13114754098360656,0.00546448087431694,Joseph Crowley RECAP,0.8633879781420765
34046,34046,100,46,10,8,0,64,56,8,0,0.71875,0.15625,0.125,0.0,0.875,0.125,0.0,Joseph Crowley RECAP,0.875
34047,34047,100,11,1,2,0,14,12,2,0,0.7857142857142857,0.07142857142857142,0.14285714285714285,0.0,0.8571428571428571,0.14285714285714285,0.0,Joseph Crowley RECAP,0.8571428571428571
34048,34048,100,67,6,11,1,85,73,11,1,0.788235294117647,0.07058823529411765,0.12941176470588237,0.011764705882352941,0.8588235294117647,0.12941176470588237,0.011764705882352941,Joseph Crowley RECAP,0.8588235294117647
34049,34049,100,152,22,28,1,203,174,28,1,0.7487684729064039,0.10837438423645321,0.13793103448275862,0.0049261083743842365,0.8571428571428571,0.13793103448275862,0.0049261083743842365,Joseph Crowley RECAP,0.8571428571428571
34050,34050,100,161,16,11,1,189,177,11,1,0.8518518518518519,0.08465608465608465,0.0582010582010582,0.005291005291005291,0.9365079365079365,0.0582010582010582,0.005291005291005291,Joseph Crowley RECAP,0.9365079365079365
34051,34051,100,169,15,26,0,210,184,26,0,0.8047619047619048,0.07142857142857142,0.12380952380952381,0.0,0.8761904761904762,0.12380952380952381,0.0,Joseph Crowley RECAP,0.8761904761904762
34052,34052,100,97,8,14,0,119,105,14,0,0.8151260504201681,0.06722689075630252,0.11764705882352941,0.0,0.8823529411764706,0.11764705882352941,0.0,Joseph Crowley RECAP,0.8823529411764706
34053,34053,100,15,2,3,0,20,17,3,0,0.75,0.1,0.15,0.0,0.85,0.15,0.0,Joseph Crowley RECAP,0.85
34056,34056,100,15,3,2,0,20,18,2,0,0.75,0.15,0.1,0.0,0.9,0.1,0.0,Joseph Crowley RECAP,0.9
34054,34056,100,0,0,0,0,0,0,0,0,0,0,0,0,0,0,0,n/a,0
34055,34053,100,0,0,0,0,0,0,0,0,0,0,0,0,0,0,0,n/a,0
34063,34063,100,225,69,32,1,327,294,32,1,0.6880733944954128,0.21100917431192662,0.09785932721712538,0.0030581039755351682,0.8990825688073395,0.09785932721712538,0.0030581039755351682,Joseph Crowley RECAP,0.8990825688073395
34064,34030,100,0,0,0,0,0,0,0,0,0,0,0,0,0,0,0,n/a,0
35013,35013,100,121,3,5,0,129,124,5,0,0.937984496124031,0.023255813953488372,0.03875968992248062,0.0,0.9612403100775194,0.03875968992248062,0.0,Joseph Crowley RECAP,0.9612403100775194
35014,35014,100,93,10,9,0,112,103,9,0,0.8303571428571429,0.08928571428571429,0.08035714285714286,0.0,0.9196428571428571,0.08035714285714286,0.0,Joseph Crowley RECAP,0.9196428571428571
35015,35015,100,232,9,5,0,246,241,5,0,0.943089430894309,0.036585365853658534,0.02032520325203252,0.0,0.9796747967479674,0.02032520325203252,0.0,Joseph Crowley RECAP,0.9796747967479674
35016,35016,100,211,7,10,0,228,218,10,0,0.9254385964912281,0.03070175438596491,0.043859649122807015,0.0,0.956140350877193,0.043859649122807015,0.0,Joseph Crowley RECAP,0.956140350877193
35017,35017,100,213,4,5,1,223,217,5,1,0.9551569506726457,0.017937219730941704,0.02242152466367713,0.004484304932735426,0.9730941704035875,0.02242152466367713,0.004484304932735426,Joseph Crowley RECAP,0.9730941704035875
35018,35018,100,266,10,8,0,284,276,8,0,0.9366197183098591,0.035211267605633804,0.028169014084507043,0.0,0.971830985915493,0.028169014084507043,0.0,Joseph Crowley RECAP,0.971830985915493
35019,35019,100,172,10,9,1,192,182,9,1,0.8958333333333334,0.052083333333333336,0.046875,0.005208333333333333,0.9479166666666666,0.046875,0.005208333333333333,Joseph Crowley RECAP,0.9479166666666666
35020,35020,100,264,9,6,0,279,273,6,0,0.946236559139785,0.03225806451612903,0.021505376344086023,0.0,0.978494623655914,0.021505376344086023,0.0,Joseph Crowley RECAP,0.978494623655914
35021,35021,100,243,21,20,0,284,264,20,0,0.8556338028169014,0.07394366197183098,0.07042253521126761,0.0,0.9295774647887324,0.07042253521126761,0.0,Joseph Crowley RECAP,0.9295774647887324
35022,35022,100,82,5,8,0,95,87,8,0,0.8631578947368421,0.05263157894736842,0.08421052631578947,0.0,0.9157894736842105,0.08421052631578947,0.0,Joseph Crowley RECAP,0.9157894736842105
35025,35025,100,288,9,5,0,302,297,5,0,0.9536423841059603,0.029801324503311258,0.016556291390728478,0.0,0.9834437086092715,0.016556291390728478,0.0,Joseph Crowley RECAP,0.9834437086092715
35028,35028,100,33,3,4,0,40,36,4,0,0.825,0.075,0.1,0.0,0.9,0.1,0.0,Joseph Crowley RECAP,0.9
35029,35029,100,2,0,0,0,2,2,0,0,1.0,0.0,0.0,0.0,1.0,0.0,0.0,Joseph Crowley RECAP,1.0
35034,35034,100,27,1,3,0,31,28,3,0,0.8709677419354839,0.03225806451612903,0.0967741935483871,0.0,0.9032258064516129,0.0967741935483871,0.0,Joseph Crowley RECAP,0.9032258064516129
35031,35034,100,0,0,0,0,0,0,0,0,0,0,0,0,0,0,0,n/a,0
35032,35032,100,89,1,7,0,97,90,7,0,0.9175257731958762,0.010309278350515464,0.07216494845360824,0.0,0.9278350515463918,0.07216494845360824,0.0,Joseph Crowley RECAP,0.9278350515463918
35035,35035,100,104,2,5,0,111,106,5,0,0.9369369369369369,0.018018018018018018,0.04504504504504504,0.0,0.954954954954955,0.04504504504504504,0.0,Joseph Crowley RECAP,0.954954954954955
35037,35037,100,85,1,6,0,92,86,6,0,0.9239130434782609,0.010869565217391304,0.06521739130434782,0.0,0.9347826086956522,0.06521739130434782,0.0,Joseph Crowley RECAP,0.9347826086956522
35038,35038,100,121,2,5,0,128,123,5,0,0.9453125,0.015625,0.0390625,0.0,0.9609375,0.0390625,0.0,Joseph Crowley RECAP,0.9609375
35039,35039,100,203,7,4,0,214,210,4,0,0.9485981308411215,0.03271028037383177,0.018691588785046728,0.0,0.9813084112149533,0.018691588785046728,0.0,Joseph Crowley RECAP,0.9813084112149533
35040,35040,100,128,1,9,0,138,129,9,0,0.927536231884058,0.007246376811594203,0.06521739130434782,0.0,0.9347826086956522,0.06521739130434782,0.0,Joseph Crowley RECAP,0.9347826086956522
35041,35041,100,204,3,7,0,214,207,7,0,0.9532710280373832,0.014018691588785047,0.03271028037383177,0.0,0.9672897196261683,0.03271028037383177,0.0,Joseph Crowley RECAP,0.9672897196261683
35042,35042,100,126,6,1,0,133,132,1,0,0.9473684210526315,0.045112781954887216,0.007518796992481203,0.0,0.9924812030075187,0.007518796992481203,0.0,Joseph Crowley RECAP,0.9924812030075187
35043,35043,100,173,5,7,0,185,178,7,0,0.9351351351351351,0.02702702702702703,0.03783783783783784,0.0,0.9621621621621622,0.03783783783783784,0.0,Joseph Crowley RECAP,0.9621621621621622
35044,35044,100,136,3,5,0,144,139,5,0,0.9444444444444444,0.020833333333333332,0.034722222222222224,0.0,0.9652777777777778,0.034722222222222224,0.0,Joseph Crowley RECAP,0.9652777777777778
35045,35045,100,231,3,4,0,238,234,4,0,0.9705882352941176,0.012605042016806723,0.01680672268907563,0.0,0.9831932773109243,0.01680672268907563,0.0,Joseph Crowley RECAP,0.9831932773109243
35046,35046,100,144,6,7,0,157,150,7,0,0.9171974522292994,0.03821656050955414,0.044585987261146494,0.0,0.9554140127388535,0.044585987261146494,0.0,Joseph Crowley RECAP,0.9554140127388535
35047,35047,100,140,3,3,0,146,143,3,0,0.958904109589041,0.02054794520547945,0.02054794520547945,0.0,0.9794520547945206,0.02054794520547945,0.0,Joseph Crowley RECAP,0.9794520547945206
35048,35048,100,253,12,6,0,271,265,6,0,0.933579335793358,0.04428044280442804,0.02214022140221402,0.0,0.977859778597786,0.02214022140221402,0.0,Joseph Crowley RECAP,0.977859778597786
35049,35049,100,40,5,6,0,51,45,6,0,0.7843137254901961,0.09803921568627451,0.11764705882352941,0.0,0.8823529411764706,0.11764705882352941,0.0,Joseph Crowley RECAP,0.8823529411764706
35050,35050,100,126,6,8,0,140,132,8,0,0.9,0.04285714285714286,0.05714285714285714,0.0,0.9428571428571428,0.05714285714285714,0.0,Joseph Crowley RECAP,0.9428571428571428
35051,35051,100,175,7,14,1,197,182,14,1,0.8883248730964467,0.03553299492385787,0.07106598984771574,0.005076142131979695,0.9238578680203046,0.07106598984771574,0.005076142131979695,Joseph Crowley RECAP,0.9238578680203046
35052,35052,100,235,7,10,1,253,242,10,1,0.9288537549407114,0.02766798418972332,0.039525691699604744,0.003952569169960474,0.9565217391304348,0.039525691699604744,0.003952569169960474,Joseph Crowley RECAP,0.9565217391304348
35053,35053,100,233,11,4,0,248,244,4,0,0.9395161290322581,0.04435483870967742,0.016129032258064516,0.0,0.9838709677419355,0.016129032258064516,0.0,Joseph Crowley RECAP,0.9838709677419355
35054,35054,100,0,0,0,0,0,0,0,0,0,0,0,0,0,0,0,n/a,0
35056,35056,100,0,0,0,0,0,0,0,0,0,0,0,0,0,0,0,n/a,0
35057,35035,100,0,0,0,0,0,0,0,0,0,0,0,0,0,0,0,n/a,0
35058,35035,100,0,0,0,0,0,0,0,0,0,0,0,0,0,0,0,n/a,0
35059,35059,100,0,0,0,0,0,0,0,0,0,0,0,0,0,0,0,n/a,0
35060,35056,100,0,0,0,0,0,0,0,0,0,0,0,0,0,0,0,n/a,0
35061,35061,100,0,0,0,0,0,0,0,0,0,0,0,0,0,0,0,n/a,0
36026,36026,100,79,20,14,0,113,99,14,0,0.6991150442477876,0.17699115044247787,0.12389380530973451,0.0,0.8761061946902655,0.12389380530973451,0.0,Joseph Crowley RECAP,0.8761061946902655
36027,36027,100,95,18,22,0,135,113,22,0,0.7037037037037037,0.13333333333333333,0.16296296296296298,0.0,0.837037037037037,0.16296296296296298,0.0,Joseph Crowley RECAP,0.837037037037037
36028,36028,100,94,11,22,3,130,105,22,3,0.7230769230769231,0.08461538461538462,0.16923076923076924,0.023076923076923078,0.8076923076923077,0.16923076923076924,0.023076923076923078,Joseph Crowley RECAP,0.8076923076923077
36029,36029,100,80,11,24,0,115,91,24,0,0.6956521739130435,0.09565217391304348,0.20869565217391303,0.0,0.7913043478260869,0.20869565217391303,0.0,Joseph Crowley RECAP,0.7913043478260869
36030,36030,100,87,18,12,3,120,105,12,3,0.725,0.15,0.1,0.025,0.875,0.1,0.025,Joseph Crowley RECAP,0.875
36031,36031,100,135,21,25,0,181,156,25,0,0.7458563535911602,0.11602209944751381,0.13812154696132597,0.0,0.861878453038674,0.13812154696132597,0.0,Joseph Crowley RECAP,0.861878453038674
36032,36032,100,108,24,19,0,151,132,19,0,0.7152317880794702,0.15894039735099338,0.12582781456953643,0.0,0.8741721854304636,0.12582781456953643,0.0,Joseph Crowley RECAP,0.8741721854304636
36033,36033,100,176,20,16,1,213,196,16,1,0.8262910798122066,0.09389671361502347,0.07511737089201878,0.004694835680751174,0.92018779342723,0.07511737089201878,0.004694835680751174,Joseph Crowley RECAP,0.92018779342723
36034,36034,100,140,20,28,1,189,160,28,1,0.7407407407407407,0.10582010582010581,0.14814814814814814,0.005291005291005291,0.8465608465608465,0.14814814814814814,0.005291005291005291,Joseph Crowley RECAP,0.8465608465608465
36035,36035,100,151,30,25,0,206,181,25,0,0.7330097087378641,0.14563106796116504,0.12135922330097088,0.0,0.8786407766990292,0.12135922330097088,0.0,Joseph Crowley RECAP,0.8786407766990292
36036,36036,100,162,41,14,1,218,203,14,1,0.7431192660550459,0.18807339449541285,0.06422018348623854,0.0045871559633027525,0.9311926605504587,0.06422018348623854,0.0045871559633027525,Joseph Crowley RECAP,0.9311926605504587
36037,36037,100,167,38,29,2,236,205,29,2,0.7076271186440678,0.16101694915254236,0.1228813559322034,0.00847457627118644,0.8686440677966102,0.1228813559322034,0.00847457627118644,Joseph Crowley RECAP,0.8686440677966102
36038,36038,100,158,27,35,1,221,185,35,1,0.7149321266968326,0.12217194570135746,0.1583710407239819,0.004524886877828055,0.8371040723981901,0.1583710407239819,0.004524886877828055,Joseph Crowley RECAP,0.8371040723981901
36039,36039,100,171,29,29,1,230,200,29,1,0.7434782608695653,0.12608695652173912,0.12608695652173912,0.004347826086956522,0.8695652173913043,0.12608695652173912,0.004347826086956522,Joseph Crowley RECAP,0.8695652173913043
36040,36040,100,159,30,34,1,224,189,34,1,0.7098214285714286,0.13392857142857142,0.15178571428571427,0.004464285714285714,0.84375,0.15178571428571427,0.004464285714285714,Joseph Crowley RECAP,0.84375
36041,36041,100,171,41,34,0,246,212,34,0,0.6951219512195121,0.16666666666666666,0.13821138211382114,0.0,0.8617886178861789,0.13821138211382114,0.0,Joseph Crowley RECAP,0.8617886178861789
36042,36042,100,166,23,27,0,216,189,27,0,0.7685185185185185,0.10648148148148148,0.125,0.0,0.875,0.125,0.0,Joseph Crowley RECAP,0.875
36043,36043,100,24,8,3,0,35,32,3,0,0.6857142857142857,0.22857142857142856,0.08571428571428572,0.0,0.9142857142857143,0.08571428571428572,0.0,Joseph Crowley RECAP,0.9142857142857143
36044,36044,100,15,0,0,0,15,15,0,0,1.0,0.0,0.0,0.0,1.0,0.0,0.0,Joseph Crowley RECAP,1.0
36046,36046,100,94,7,33,2,136,101,33,2,0.6911764705882353,0.051470588235294115,0.2426470588235294,0.014705882352941176,0.7426470588235294,0.2426470588235294,0.014705882352941176,Joseph Crowley RECAP,0.7426470588235294
36047,36047,100,121,20,41,0,182,141,41,0,0.6648351648351648,0.10989010989010989,0.22527472527472528,0.0,0.7747252747252747,0.22527472527472528,0.0,Joseph Crowley RECAP,0.7747252747252747
36048,36048,100,100,16,42,0,158,116,42,0,0.6329113924050633,0.10126582278481013,0.26582278481012656,0.0,0.7341772151898734,0.26582278481012656,0.0,Joseph Crowley RECAP,0.7341772151898734
36050,36050,100,38,4,7,1,50,42,7,1,0.76,0.08,0.14,0.02,0.84,0.14,0.02,Joseph Crowley RECAP,0.84
36051,36051,100,14,1,1,0,16,15,1,0,0.875,0.0625,0.0625,0.0,0.9375,0.0625,0.0,Joseph Crowley RECAP,0.9375
36053,36053,100,144,19,59,0,222,163,59,0,0.6486486486486487,0.08558558558558559,0.26576576576576577,0.0,0.7342342342342343,0.26576576576576577,0.0,Joseph Crowley RECAP,0.7342342342342343
36054,36054,100,84,11,34,0,129,95,34,0,0.6511627906976745,0.08527131782945736,0.26356589147286824,0.0,0.7364341085271318,0.26356589147286824,0.0,Joseph Crowley RECAP,0.7364341085271318
36055,36055,100,144,25,38,0,207,169,38,0,0.6956521739130435,0.12077294685990338,0.18357487922705315,0.0,0.8164251207729468,0.18357487922705315,0.0,Joseph Crowley RECAP,0.8164251207729468
36056,36056,100,107,22,17,0,146,129,17,0,0.7328767123287672,0.1506849315068493,0.11643835616438356,0.0,0.8835616438356164,0.11643835616438356,0.0,Joseph Crowley RECAP,0.8835616438356164
36057,36057,100,130,24,21,0,175,154,21,0,0.7428571428571429,0.13714285714285715,0.12,0.0,0.88,0.12,0.0,Joseph Crowley RECAP,0.88
36058,36058,100,130,23,19,1,173,153,19,1,0.7514450867052023,0.1329479768786127,0.10982658959537572,0.005780346820809248,0.884393063583815,0.10982658959537572,0.005780346820809248,Joseph Crowley RECAP,0.884393063583815
36059,36059,100,104,34,32,1,171,138,32,1,0.6081871345029239,0.19883040935672514,0.1871345029239766,0.005847953216374269,0.8070175438596491,0.1871345029239766,0.005847953216374269,Joseph Crowley RECAP,0.8070175438596491
36060,36060,100,141,22,20,1,184,163,20,1,0.7663043478260869,0.11956521739130435,0.10869565217391304,0.005434782608695652,0.8858695652173914,0.10869565217391304,0.005434782608695652,Joseph Crowley RECAP,0.8858695652173914
36061,36061,100,129,15,22,1,167,144,22,1,0.7724550898203593,0.08982035928143713,0.1317365269461078,0.005988023952095809,0.8622754491017964,0.1317365269461078,0.005988023952095809,Joseph Crowley RECAP,0.8622754491017964
36062,36062,100,108,13,10,0,131,121,10,0,0.8244274809160306,0.09923664122137404,0.07633587786259542,0.0,0.9236641221374046,0.07633587786259542,0.0,Joseph Crowley RECAP,0.9236641221374046
36063,36063,100,122,10,11,0,143,132,11,0,0.8531468531468531,0.06993006993006994,0.07692307692307693,0.0,0.9230769230769231,0.07692307692307693,0.0,Joseph Crowley RECAP,0.9230769230769231
36067,36067,100,121,21,19,0,161,142,19,0,0.7515527950310559,0.13043478260869565,0.11801242236024845,0.0,0.8819875776397516,0.11801242236024845,0.0,Joseph Crowley RECAP,0.8819875776397516
36068,36068,100,0,0,0,0,0,0,0,0,0,0,0,0,0,0,0,n/a,0
36069,36050,100,0,0,0,0,0,0,0,0,0,0,0,0,0,0,0,n/a,0
36070,36044,100,0,0,0,0,0,0,0,0,0,0,0,0,0,0,0,n/a,0
36071,36071,100,0,0,0,0,0,0,0,0,0,0,0,0,0,0,0,n/a,0
37027,37027,100,234,119,30,0,383,353,30,0,0.6109660574412533,0.31070496083550914,0.0783289817232376,0.0,0.9216710182767625,0.0783289817232376,0.0,Joseph Crowley RECAP,0.9216710182767625
37028,37028,100,234,50,20,2,306,284,20,2,0.7647058823529411,0.16339869281045752,0.06535947712418301,0.006535947712418301,0.9281045751633987,0.06535947712418301,0.006535947712418301,Joseph Crowley RECAP,0.9281045751633987
37029,37029,100,193,42,36,1,272,235,36,1,0.7095588235294118,0.15441176470588236,0.1323529411764706,0.003676470588235294,0.8639705882352942,0.1323529411764706,0.003676470588235294,Joseph Crowley RECAP,0.8639705882352942
37030,37030,100,193,25,33,0,251,218,33,0,0.7689243027888446,0.099601593625498,0.13147410358565736,0.0,0.8685258964143426,0.13147410358565736,0.0,Joseph Crowley RECAP,0.8685258964143426
37031,37031,100,190,24,23,1,238,214,23,1,0.7983193277310925,0.10084033613445378,0.09663865546218488,0.004201680672268907,0.8991596638655462,0.09663865546218488,0.004201680672268907,Joseph Crowley RECAP,0.8991596638655462
37032,37032,100,154,21,20,2,197,175,20,2,0.7817258883248731,0.1065989847715736,0.10152284263959391,0.01015228426395939,0.8883248730964467,0.10152284263959391,0.01015228426395939,Joseph Crowley RECAP,0.8883248730964467
37033,37033,100,133,12,4,0,149,145,4,0,0.8926174496644296,0.08053691275167785,0.026845637583892617,0.0,0.9731543624161074,0.026845637583892617,0.0,Joseph Crowley RECAP,0.9731543624161074
37034,37034,100,135,14,12,0,161,149,12,0,0.8385093167701864,0.08695652173913043,0.07453416149068323,0.0,0.9254658385093167,0.07453416149068323,0.0,Joseph Crowley RECAP,0.9254658385093167
37035,37035,100,183,17,9,0,209,200,9,0,0.8755980861244019,0.08133971291866028,0.0430622009569378,0.0,0.9569377990430622,0.0430622009569378,0.0,Joseph Crowley RECAP,0.9569377990430622
37036,37036,100,177,45,20,1,243,222,20,1,0.7283950617283951,0.18518518518518517,0.0823045267489712,0.00411522633744856,0.9135802469135802,0.0823045267489712,0.00411522633744856,Joseph Crowley RECAP,0.9135802469135802
37037,37037,100,219,55,27,0,301,274,27,0,0.7275747508305648,0.18272425249169436,0.08970099667774087,0.0,0.9102990033222591,0.08970099667774087,0.0,Joseph Crowley RECAP,0.9102990033222591
37038,37038,100,177,44,27,1,249,221,27,1,0.7108433734939759,0.17670682730923695,0.10843373493975904,0.004016064257028112,0.8875502008032129,0.10843373493975904,0.004016064257028112,Joseph Crowley RECAP,0.8875502008032129
37039,37039,100,162,28,19,1,210,190,19,1,0.7714285714285715,0.13333333333333333,0.09047619047619047,0.004761904761904762,0.9047619047619048,0.09047619047619047,0.004761904761904762,Joseph Crowley RECAP,0.9047619047619048
37063,37063,100,208,28,32,1,269,236,32,1,0.7732342007434945,0.10408921933085502,0.11895910780669144,0.0037174721189591076,0.8773234200743495,0.11895910780669144,0.0037174721189591076,Joseph Crowley RECAP,0.8773234200743495
37064,37064,100,223,52,41,2,318,275,41,2,0.7012578616352201,0.16352201257861634,0.1289308176100629,0.006289308176100629,0.8647798742138365,0.1289308176100629,0.006289308176100629,Joseph Crowley RECAP,0.8647798742138365
37065,37065,100,153,27,27,1,208,180,27,1,0.7355769230769231,0.12980769230769232,0.12980769230769232,0.004807692307692308,0.8653846153846154,0.12980769230769232,0.004807692307692308,Joseph Crowley RECAP,0.8653846153846154
39001,39001,100,138,5,13,0,156,143,13,0,0.8846153846153846,0.03205128205128205,0.08333333333333333,0.0,0.9166666666666666,0.08333333333333333,0.0,Joseph Crowley RECAP,0.9166666666666666
39002,39002,100,134,13,7,0,154,147,7,0,0.8701298701298701,0.08441558441558442,0.045454545454545456,0.0,0.9545454545454546,0.045454545454545456,0.0,Joseph Crowley RECAP,0.9545454545454546
39003,39003,100,130,8,12,0,150,138,12,0,0.8666666666666667,0.05333333333333334,0.08,0.0,0.92,0.08,0.0,Joseph Crowley RECAP,0.92
39004,39004,100,126,8,9,0,143,134,9,0,0.8811188811188811,0.055944055944055944,0.06293706293706294,0.0,0.9370629370629371,0.06293706293706294,0.0,Joseph Crowley RECAP,0.9370629370629371
39005,39005,100,91,8,8,0,107,99,8,0,0.8504672897196262,0.07476635514018691,0.07476635514018691,0.0,0.9252336448598131,0.07476635514018691,0.0,Joseph Crowley RECAP,0.9252336448598131
39006,39006,100,74,3,0,0,77,77,0,0,0.961038961038961,0.03896103896103896,0.0,0.0,1.0,0.0,0.0,Joseph Crowley RECAP,1.0
39007,39007,100,192,7,13,1,213,199,13,1,0.9014084507042254,0.03286384976525822,0.06103286384976526,0.004694835680751174,0.9342723004694836,0.06103286384976526,0.004694835680751174,Joseph Crowley RECAP,0.9342723004694836
39008,39008,100,103,3,12,0,118,106,12,0,0.8728813559322034,0.025423728813559324,0.1016949152542373,0.0,0.8983050847457628,0.1016949152542373,0.0,Joseph Crowley RECAP,0.8983050847457628
39009,39009,100,124,5,9,0,138,129,9,0,0.8985507246376812,0.036231884057971016,0.06521739130434782,0.0,0.9347826086956522,0.06521739130434782,0.0,Joseph Crowley RECAP,0.9347826086956522
39010,39010,100,128,3,15,0,146,131,15,0,0.8767123287671232,0.02054794520547945,0.10273972602739725,0.0,0.8972602739726028,0.10273972602739725,0.0,Joseph Crowley RECAP,0.8972602739726028
39011,39011,100,81,5,13,0,99,86,13,0,0.8181818181818182,0.050505050505050504,0.13131313131313133,0.0,0.8686868686868687,0.13131313131313133,0.0,Joseph Crowley RECAP,0.8686868686868687
39012,39012,100,124,8,1,0,133,132,1,0,0.9323308270676691,0.06015037593984962,0.007518796992481203,0.0,0.9924812030075187,0.007518796992481203,0.0,Joseph Crowley RECAP,0.9924812030075187
39013,39013,100,79,7,5,1,92,86,5,1,0.8586956521739131,0.07608695652173914,0.05434782608695652,0.010869565217391304,0.9347826086956522,0.05434782608695652,0.010869565217391304,Joseph Crowley RECAP,0.9347826086956522
39014,39014,100,70,4,3,0,77,74,3,0,0.9090909090909091,0.05194805194805195,0.03896103896103896,0.0,0.961038961038961,0.03896103896103896,0.0,Joseph Crowley RECAP,0.961038961038961
39015,39015,100,126,7,11,1,145,133,11,1,0.8689655172413793,0.04827586206896552,0.07586206896551724,0.006896551724137931,0.9172413793103448,0.07586206896551724,0.006896551724137931,Joseph Crowley RECAP,0.9172413793103448
39016,39016,100,128,3,15,0,146,131,15,0,0.8767123287671232,0.02054794520547945,0.10273972602739725,0.0,0.8972602739726028,0.10273972602739725,0.0,Joseph Crowley RECAP,0.8972602739726028
39017,39017,100,109,15,9,1,134,124,9,1,0.8134328358208955,0.11194029850746269,0.06716417910447761,0.007462686567164179,0.9253731343283582,0.06716417910447761,0.007462686567164179,Joseph Crowley RECAP,0.9253731343283582
39018,39018,100,131,41,5,1,178,172,5,1,0.7359550561797753,0.2303370786516854,0.028089887640449437,0.0056179775280898875,0.9662921348314607,0.028089887640449437,0.0056179775280898875,Joseph Crowley RECAP,0.9662921348314607
39019,39019,100,153,20,16,3,192,173,16,3,0.796875,0.10416666666666667,0.08333333333333333,0.015625,0.9010416666666666,0.08333333333333333,0.015625,Joseph Crowley RECAP,0.9010416666666666
39022,39022,100,28,1,4,0,33,29,4,0,0.8484848484848485,0.030303030303030304,0.12121212121212122,0.0,0.8787878787878788,0.12121212121212122,0.0,Joseph Crowley RECAP,0.8787878787878788
39028,39028,100,21,2,2,0,25,23,2,0,0.84,0.08,0.08,0.0,0.92,0.08,0.0,Joseph Crowley RECAP,0.92
39040,39040,100,26,5,3,0,34,31,3,0,0.7647058823529411,0.14705882352941177,0.08823529411764706,0.0,0.9117647058823529,0.08823529411764706,0.0,Joseph Crowley RECAP,0.9117647058823529
39041,39041,100,125,4,9,0,138,129,9,0,0.9057971014492754,0.028985507246376812,0.06521739130434782,0.0,0.9347826086956522,0.06521739130434782,0.0,Joseph Crowley RECAP,0.9347826086956522
39042,39042,100,18,1,0,0,19,19,0,0,0.9473684210526315,0.05263157894736842,0.0,0.0,1.0,0.0,0.0,Joseph Crowley RECAP,1.0
39043,39043,100,103,19,9,0,131,122,9,0,0.7862595419847328,0.1450381679389313,0.06870229007633588,0.0,0.9312977099236641,0.06870229007633588,0.0,Joseph Crowley RECAP,0.9312977099236641
39044,39044,100,185,51,23,0,259,236,23,0,0.7142857142857143,0.1969111969111969,0.0888030888030888,0.0,0.9111969111969112,0.0888030888030888,0.0,Joseph Crowley RECAP,0.9111969111969112
39045,39045,100,185,54,17,1,257,239,17,1,0.7198443579766537,0.21011673151750973,0.06614785992217899,0.0038910505836575876,0.9299610894941635,0.06614785992217899,0.0038910505836575876,Joseph Crowley RECAP,0.9299610894941635
39046,39046,100,237,100,35,2,374,337,35,2,0.6336898395721925,0.26737967914438504,0.09358288770053476,0.0053475935828877,0.9010695187165776,0.09358288770053476,0.0053475935828877,Joseph Crowley RECAP,0.9010695187165776
39047,39047,100,217,42,23,0,282,259,23,0,0.7695035460992907,0.14893617021276595,0.08156028368794327,0.0,0.9184397163120568,0.08156028368794327,0.0,Joseph Crowley RECAP,0.9184397163120568
39048,39048,100,99,5,9,1,114,104,9,1,0.868421052631579,0.043859649122807015,0.07894736842105263,0.008771929824561403,0.9122807017543859,0.07894736842105263,0.008771929824561403,Joseph Crowley RECAP,0.9122807017543859
39049,39049,100,147,10,13,1,171,157,13,1,0.8596491228070176,0.05847953216374269,0.07602339181286549,0.005847953216374269,0.9181286549707602,0.07602339181286549,0.005847953216374269,Joseph Crowley RECAP,0.9181286549707602
39050,39050,100,47,1,6,0,54,48,6,0,0.8703703703703703,0.018518518518518517,0.1111111111111111,0.0,0.8888888888888888,0.1111111111111111,0.0,Joseph Crowley RECAP,0.8888888888888888
39051,39051,100,115,22,16,0,153,137,16,0,0.7516339869281046,0.1437908496732026,0.10457516339869281,0.0,0.8954248366013072,0.10457516339869281,0.0,Joseph Crowley RECAP,0.8954248366013072
40054,40054,100,0,0,0,0,0,0,0,0,0,0,0,0,0,0,0,n/a,0
40055,40054,100,0,0,0,0,0,0,0,0,0,0,0,0,0,0,0,n/a,0
