ED,Reported As,Reporting,Hakeem S. Jeffries (Working Families),Alan Bellone (Conservative),Hakeem S. Jeffries (Democratic),Scattered,Total Votes,Hakeem S. Jeffries RECAP,Alan Bellone RECAP,Scattered RECAP,p_Hakeem S. Jeffries (Working Families),p_Alan Bellone (Conservative),p_Hakeem S. Jeffries (Democratic),p_Scattered,p_Hakeem S. Jeffries RECAP,p_Alan Bellone RECAP,p_Scattered RECAP,winner,winner_p
41022,41022,100,7,22,27,0,56,34,22,0,0.125,0.39285714285714285,0.48214285714285715,0.0,0.6071428571428571,0.39285714285714285,0.0,Hakeem S. Jeffries RECAP,0.6071428571428571
41023,41023,100,1,4,27,0,32,28,4,0,0.03125,0.125,0.84375,0.0,0.875,0.125,0.0,Hakeem S. Jeffries RECAP,0.875
41028,41028,100,12,30,191,0,233,203,30,0,0.05150214592274678,0.12875536480686695,0.8197424892703863,0.0,0.871244635193133,0.12875536480686695,0.0,Hakeem S. Jeffries RECAP,0.871244635193133
41029,41029,100,0,0,5,0,5,5,0,0,0.0,0.0,1.0,0.0,1.0,0.0,0.0,Hakeem S. Jeffries RECAP,1.0
41037,41037,100,8,1,215,0,224,223,1,0,0.03571428571428571,0.004464285714285714,0.9598214285714286,0.0,0.9955357142857143,0.004464285714285714,0.0,Hakeem S. Jeffries RECAP,0.9955357142857143
41038,41038,100,8,1,335,0,344,343,1,0,0.023255813953488372,0.0029069767441860465,0.9738372093023255,0.0,0.997093023255814,0.0029069767441860465,0.0,Hakeem S. Jeffries RECAP,0.997093023255814
41039,41039,100,7,4,207,0,218,214,4,0,0.03211009174311927,0.01834862385321101,0.9495412844036697,0.0,0.981651376146789,0.01834862385321101,0.0,Hakeem S. Jeffries RECAP,0.981651376146789
41040,41040,100,6,3,184,0,193,190,3,0,0.031088082901554404,0.015544041450777202,0.9533678756476683,0.0,0.9844559585492227,0.015544041450777202,0.0,Hakeem S. Jeffries RECAP,0.9844559585492227
41041,41041,100,2,6,272,0,280,274,6,0,0.007142857142857143,0.02142857142857143,0.9714285714285714,0.0,0.9785714285714285,0.02142857142857143,0.0,Hakeem S. Jeffries RECAP,0.9785714285714285
41043,41043,100,4,6,158,0,168,162,6,0,0.023809523809523808,0.03571428571428571,0.9404761904761905,0.0,0.9642857142857143,0.03571428571428571,0.0,Hakeem S. Jeffries RECAP,0.9642857142857143
41049,41049,100,8,3,245,0,256,253,3,0,0.03125,0.01171875,0.95703125,0.0,0.98828125,0.01171875,0.0,Hakeem S. Jeffries RECAP,0.98828125
41056,41056,100,1,51,51,0,103,52,51,0,0.009708737864077669,0.49514563106796117,0.49514563106796117,0.0,0.5048543689320388,0.49514563106796117,0.0,Hakeem S. Jeffries RECAP,0.5048543689320388
41088,41088,100,5,71,42,1,119,47,71,1,0.04201680672268908,0.5966386554621849,0.35294117647058826,0.008403361344537815,0.3949579831932773,0.5966386554621849,0.008403361344537815,Alan Bellone RECAP,0.5966386554621849
41089,41089,100,7,34,56,1,98,63,34,1,0.07142857142857142,0.3469387755102041,0.5714285714285714,0.01020408163265306,0.6428571428571429,0.3469387755102041,0.01020408163265306,Hakeem S. Jeffries RECAP,0.6428571428571429
41090,41090,100,3,10,22,0,35,25,10,0,0.08571428571428572,0.2857142857142857,0.6285714285714286,0.0,0.7142857142857143,0.2857142857142857,0.0,Hakeem S. Jeffries RECAP,0.7142857142857143
41092,41092,100,0,0,0,0,0,0,0,0,0,0,0,0,0,0,0,n/a,0
41093,41090,100,0,0,0,0,0,0,0,0,0,0,0,0,0,0,0,n/a,0
45058,45058,100,10,31,40,0,81,50,31,0,0.12345679012345678,0.38271604938271603,0.49382716049382713,0.0,0.6172839506172839,0.38271604938271603,0.0,Hakeem S. Jeffries RECAP,0.6172839506172839
45059,45059,100,9,36,57,0,102,66,36,0,0.08823529411764706,0.35294117647058826,0.5588235294117647,0.0,0.6470588235294118,0.35294117647058826,0.0,Hakeem S. Jeffries RECAP,0.6470588235294118
45060,45060,100,4,15,63,0,82,67,15,0,0.04878048780487805,0.18292682926829268,0.7682926829268293,0.0,0.8170731707317073,0.18292682926829268,0.0,Hakeem S. Jeffries RECAP,0.8170731707317073
45061,45061,100,2,13,30,1,46,32,13,1,0.043478260869565216,0.2826086956521739,0.6521739130434783,0.021739130434782608,0.6956521739130435,0.2826086956521739,0.021739130434782608,Hakeem S. Jeffries RECAP,0.6956521739130435
45062,45062,100,6,31,87,1,125,93,31,1,0.048,0.248,0.696,0.008,0.744,0.248,0.008,Hakeem S. Jeffries RECAP,0.744
45063,45063,100,1,9,41,0,51,42,9,0,0.0196078431372549,0.17647058823529413,0.803921568627451,0.0,0.8235294117647058,0.17647058823529413,0.0,Hakeem S. Jeffries RECAP,0.8235294117647058
45064,45064,100,9,48,77,0,134,86,48,0,0.06716417910447761,0.3582089552238806,0.5746268656716418,0.0,0.6417910447761194,0.3582089552238806,0.0,Hakeem S. Jeffries RECAP,0.6417910447761194
45065,45065,100,5,30,37,0,72,42,30,0,0.06944444444444445,0.4166666666666667,0.5138888888888888,0.0,0.5833333333333334,0.4166666666666667,0.0,Hakeem S. Jeffries RECAP,0.5833333333333334
45066,45066,100,9,54,62,0,125,71,54,0,0.072,0.432,0.496,0.0,0.568,0.432,0.0,Hakeem S. Jeffries RECAP,0.568
45067,45067,100,5,30,64,0,99,69,30,0,0.050505050505050504,0.30303030303030304,0.6464646464646465,0.0,0.696969696969697,0.30303030303030304,0.0,Hakeem S. Jeffries RECAP,0.696969696969697
45068,45068,100,8,74,62,0,144,70,74,0,0.05555555555555555,0.5138888888888888,0.4305555555555556,0.0,0.4861111111111111,0.5138888888888888,0.0,Alan Bellone RECAP,0.5138888888888888
45069,45069,100,6,84,75,0,165,81,84,0,0.03636363636363636,0.509090909090909,0.45454545454545453,0.0,0.4909090909090909,0.509090909090909,0.0,Alan Bellone RECAP,0.509090909090909
45070,45070,100,12,77,73,0,162,85,77,0,0.07407407407407407,0.47530864197530864,0.4506172839506173,0.0,0.5246913580246914,0.47530864197530864,0.0,Hakeem S. Jeffries RECAP,0.5246913580246914
45072,45072,100,3,29,51,1,84,54,29,1,0.03571428571428571,0.34523809523809523,0.6071428571428571,0.011904761904761904,0.6428571428571429,0.34523809523809523,0.011904761904761904,Hakeem S. Jeffries RECAP,0.6428571428571429
45073,45073,100,11,24,67,0,102,78,24,0,0.10784313725490197,0.23529411764705882,0.6568627450980392,0.0,0.7647058823529411,0.23529411764705882,0.0,Hakeem S. Jeffries RECAP,0.7647058823529411
45074,45074,100,6,101,79,0,186,85,101,0,0.03225806451612903,0.543010752688172,0.42473118279569894,0.0,0.45698924731182794,0.543010752688172,0.0,Alan Bellone RECAP,0.543010752688172
45075,45075,100,10,72,87,0,169,97,72,0,0.05917159763313609,0.4260355029585799,0.514792899408284,0.0,0.5739644970414202,0.4260355029585799,0.0,Hakeem S. Jeffries RECAP,0.5739644970414202
45076,45076,100,0,0,0,0,0,0,0,0,0,0,0,0,0,0,0,n/a,0
45077,45077,100,0,0,0,0,0,0,0,0,0,0,0,0,0,0,0,n/a,0
46001,46001,100,14,33,84,0,131,98,33,0,0.10687022900763359,0.25190839694656486,0.6412213740458015,0.0,0.7480916030534351,0.25190839694656486,0.0,Hakeem S. Jeffries RECAP,0.7480916030534351
46002,46002,100,6,32,111,1,150,117,32,1,0.04,0.21333333333333335,0.74,0.006666666666666667,0.78,0.21333333333333335,0.006666666666666667,Hakeem S. Jeffries RECAP,0.78
46003,46003,100,1,19,34,0,54,35,19,0,0.018518518518518517,0.35185185185185186,0.6296296296296297,0.0,0.6481481481481481,0.35185185185185186,0.0,Hakeem S. Jeffries RECAP,0.6481481481481481
46004,46004,100,8,11,151,0,170,159,11,0,0.047058823529411764,0.06470588235294118,0.888235294117647,0.0,0.9352941176470588,0.06470588235294118,0.0,Hakeem S. Jeffries RECAP,0.9352941176470588
46005,46005,100,9,7,150,0,166,159,7,0,0.05421686746987952,0.04216867469879518,0.9036144578313253,0.0,0.9578313253012049,0.04216867469879518,0.0,Hakeem S. Jeffries RECAP,0.9578313253012049
46006,46006,100,5,1,65,0,71,70,1,0,0.07042253521126761,0.014084507042253521,0.9154929577464789,0.0,0.9859154929577465,0.014084507042253521,0.0,Hakeem S. Jeffries RECAP,0.9859154929577465
46007,46007,100,3,27,152,0,182,155,27,0,0.016483516483516484,0.14835164835164835,0.8351648351648352,0.0,0.8516483516483516,0.14835164835164835,0.0,Hakeem S. Jeffries RECAP,0.8516483516483516
46008,46008,100,11,15,137,0,163,148,15,0,0.06748466257668712,0.09202453987730061,0.8404907975460123,0.0,0.9079754601226994,0.09202453987730061,0.0,Hakeem S. Jeffries RECAP,0.9079754601226994
46009,46009,100,3,2,126,0,131,129,2,0,0.022900763358778626,0.015267175572519083,0.9618320610687023,0.0,0.9847328244274809,0.015267175572519083,0.0,Hakeem S. Jeffries RECAP,0.9847328244274809
46010,46010,100,3,1,138,0,142,141,1,0,0.02112676056338028,0.007042253521126761,0.971830985915493,0.0,0.9929577464788732,0.007042253521126761,0.0,Hakeem S. Jeffries RECAP,0.9929577464788732
46011,46011,100,2,24,185,0,211,187,24,0,0.009478672985781991,0.11374407582938388,0.8767772511848341,0.0,0.8862559241706162,0.11374407582938388,0.0,Hakeem S. Jeffries RECAP,0.8862559241706162
46012,46012,100,7,4,149,0,160,156,4,0,0.04375,0.025,0.93125,0.0,0.975,0.025,0.0,Hakeem S. Jeffries RECAP,0.975
46013,46013,100,5,0,110,0,115,115,0,0,0.043478260869565216,0.0,0.9565217391304348,0.0,1.0,0.0,0.0,Hakeem S. Jeffries RECAP,1.0
46014,46014,100,4,5,132,0,141,136,5,0,0.028368794326241134,0.03546099290780142,0.9361702127659575,0.0,0.9645390070921985,0.03546099290780142,0.0,Hakeem S. Jeffries RECAP,0.9645390070921985
46015,46015,100,4,9,112,0,125,116,9,0,0.032,0.072,0.896,0.0,0.928,0.072,0.0,Hakeem S. Jeffries RECAP,0.928
46016,46016,100,7,7,94,0,108,101,7,0,0.06481481481481481,0.06481481481481481,0.8703703703703703,0.0,0.9351851851851852,0.06481481481481481,0.0,Hakeem S. Jeffries RECAP,0.9351851851851852
46017,46017,100,4,43,45,0,92,49,43,0,0.043478260869565216,0.4673913043478261,0.4891304347826087,0.0,0.532608695652174,0.4673913043478261,0.0,Hakeem S. Jeffries RECAP,0.532608695652174
46018,46018,100,2,44,64,0,110,66,44,0,0.01818181818181818,0.4,0.5818181818181818,0.0,0.6,0.4,0.0,Hakeem S. Jeffries RECAP,0.6
46019,46019,100,7,52,108,1,168,115,52,1,0.041666666666666664,0.30952380952380953,0.6428571428571429,0.005952380952380952,0.6845238095238095,0.30952380952380953,0.005952380952380952,Hakeem S. Jeffries RECAP,0.6845238095238095
46020,46020,100,4,51,80,0,135,84,51,0,0.02962962962962963,0.37777777777777777,0.5925925925925926,0.0,0.6222222222222222,0.37777777777777777,0.0,Hakeem S. Jeffries RECAP,0.6222222222222222
46021,46021,100,15,56,72,0,143,87,56,0,0.1048951048951049,0.3916083916083916,0.5034965034965035,0.0,0.6083916083916084,0.3916083916083916,0.0,Hakeem S. Jeffries RECAP,0.6083916083916084
46022,46022,100,6,57,84,0,147,90,57,0,0.04081632653061224,0.3877551020408163,0.5714285714285714,0.0,0.6122448979591837,0.3877551020408163,0.0,Hakeem S. Jeffries RECAP,0.6122448979591837
46023,46023,100,10,40,57,0,107,67,40,0,0.09345794392523364,0.37383177570093457,0.5327102803738317,0.0,0.6261682242990654,0.37383177570093457,0.0,Hakeem S. Jeffries RECAP,0.6261682242990654
46024,46024,100,5,39,97,1,142,102,39,1,0.035211267605633804,0.2746478873239437,0.6830985915492958,0.007042253521126761,0.7183098591549296,0.2746478873239437,0.007042253521126761,Hakeem S. Jeffries RECAP,0.7183098591549296
46025,46025,100,6,60,96,0,162,102,60,0,0.037037037037037035,0.37037037037037035,0.5925925925925926,0.0,0.6296296296296297,0.37037037037037035,0.0,Hakeem S. Jeffries RECAP,0.6296296296296297
46026,46026,100,12,54,116,2,184,128,54,2,0.06521739130434782,0.29347826086956524,0.6304347826086957,0.010869565217391304,0.6956521739130435,0.29347826086956524,0.010869565217391304,Hakeem S. Jeffries RECAP,0.6956521739130435
46027,46027,100,18,40,87,0,145,105,40,0,0.12413793103448276,0.27586206896551724,0.6,0.0,0.7241379310344828,0.27586206896551724,0.0,Hakeem S. Jeffries RECAP,0.7241379310344828
46028,46028,100,9,51,82,0,142,91,51,0,0.06338028169014084,0.3591549295774648,0.5774647887323944,0.0,0.6408450704225352,0.3591549295774648,0.0,Hakeem S. Jeffries RECAP,0.6408450704225352
46029,46029,100,9,54,94,1,158,103,54,1,0.056962025316455694,0.34177215189873417,0.5949367088607594,0.006329113924050633,0.6518987341772152,0.34177215189873417,0.006329113924050633,Hakeem S. Jeffries RECAP,0.6518987341772152
46030,46030,100,11,48,90,0,149,101,48,0,0.0738255033557047,0.3221476510067114,0.6040268456375839,0.0,0.6778523489932886,0.3221476510067114,0.0,Hakeem S. Jeffries RECAP,0.6778523489932886
46032,46032,100,1,6,55,0,62,56,6,0,0.016129032258064516,0.0967741935483871,0.8870967741935484,0.0,0.9032258064516129,0.0967741935483871,0.0,Hakeem S. Jeffries RECAP,0.9032258064516129
46033,46033,100,4,6,130,0,140,134,6,0,0.02857142857142857,0.04285714285714286,0.9285714285714286,0.0,0.9571428571428572,0.04285714285714286,0.0,Hakeem S. Jeffries RECAP,0.9571428571428572
46043,46043,100,13,48,78,0,139,91,48,0,0.09352517985611511,0.34532374100719426,0.5611510791366906,0.0,0.6546762589928058,0.34532374100719426,0.0,Hakeem S. Jeffries RECAP,0.6546762589928058
46044,46044,100,10,63,69,0,142,79,63,0,0.07042253521126761,0.44366197183098594,0.4859154929577465,0.0,0.5563380281690141,0.44366197183098594,0.0,Hakeem S. Jeffries RECAP,0.5563380281690141
46045,46045,100,5,36,75,0,116,80,36,0,0.04310344827586207,0.3103448275862069,0.646551724137931,0.0,0.6896551724137931,0.3103448275862069,0.0,Hakeem S. Jeffries RECAP,0.6896551724137931
46046,46046,100,3,32,39,0,74,42,32,0,0.04054054054054054,0.43243243243243246,0.527027027027027,0.0,0.5675675675675675,0.43243243243243246,0.0,Hakeem S. Jeffries RECAP,0.5675675675675675
46073,46073,100,7,27,54,0,88,61,27,0,0.07954545454545454,0.3068181818181818,0.6136363636363636,0.0,0.6931818181818182,0.3068181818181818,0.0,Hakeem S. Jeffries RECAP,0.6931818181818182
46077,46077,100,0,0,0,0,0,0,0,0,0,0,0,0,0,0,0,n/a,0
50014,50014,100,6,1,85,0,92,91,1,0,0.06521739130434782,0.010869565217391304,0.9239130434782609,0.0,0.9891304347826086,0.010869565217391304,0.0,Hakeem S. Jeffries RECAP,0.9891304347826086
50084,50084,100,1,1,19,0,21,20,1,0,0.047619047619047616,0.047619047619047616,0.9047619047619048,0.0,0.9523809523809523,0.047619047619047616,0.0,Hakeem S. Jeffries RECAP,0.9523809523809523
50085,50085,100,22,1,22,0,45,44,1,0,0.4888888888888889,0.022222222222222223,0.4888888888888889,0.0,0.9777777777777777,0.022222222222222223,0.0,Hakeem S. Jeffries RECAP,0.9777777777777777
50086,50084,100,0,0,0,0,0,0,0,0,0,0,0,0,0,0,0,n/a,0
50087,50087,100,8,2,23,0,33,31,2,0,0.24242424242424243,0.06060606060606061,0.696969696969697,0.0,0.9393939393939394,0.06060606060606061,0.0,Hakeem S. Jeffries RECAP,0.9393939393939394
50089,50089,100,71,9,124,1,205,195,9,1,0.3463414634146341,0.04390243902439024,0.6048780487804878,0.004878048780487805,0.9512195121951219,0.04390243902439024,0.004878048780487805,Hakeem S. Jeffries RECAP,0.9512195121951219
50090,50090,100,27,1,89,1,118,116,1,1,0.2288135593220339,0.00847457627118644,0.7542372881355932,0.00847457627118644,0.9830508474576272,0.00847457627118644,0.00847457627118644,Hakeem S. Jeffries RECAP,0.9830508474576272
50091,50091,100,65,6,173,0,244,238,6,0,0.26639344262295084,0.02459016393442623,0.7090163934426229,0.0,0.9754098360655737,0.02459016393442623,0.0,Hakeem S. Jeffries RECAP,0.9754098360655737
50092,50092,100,47,7,148,0,202,195,7,0,0.23267326732673269,0.034653465346534656,0.7326732673267327,0.0,0.9653465346534653,0.034653465346534656,0.0,Hakeem S. Jeffries RECAP,0.9653465346534653
50093,50093,100,9,0,29,0,38,38,0,0,0.23684210526315788,0.0,0.7631578947368421,0.0,1.0,0.0,0.0,Hakeem S. Jeffries RECAP,1.0
50094,50094,100,1,0,13,0,14,14,0,0,0.07142857142857142,0.0,0.9285714285714286,0.0,1.0,0.0,0.0,Hakeem S. Jeffries RECAP,1.0
50096,50096,100,0,0,0,0,0,0,0,0,0,0,0,0,0,0,0,n/a,0
52003,52003,100,14,10,39,0,63,53,10,0,0.2222222222222222,0.15873015873015872,0.6190476190476191,0.0,0.8412698412698413,0.15873015873015872,0.0,Hakeem S. Jeffries RECAP,0.8412698412698413
52024,52024,100,13,8,27,0,48,40,8,0,0.2708333333333333,0.16666666666666666,0.5625,0.0,0.8333333333333334,0.16666666666666666,0.0,Hakeem S. Jeffries RECAP,0.8333333333333334
52025,52025,100,21,18,107,1,147,128,18,1,0.14285714285714285,0.12244897959183673,0.7278911564625851,0.006802721088435374,0.8707482993197279,0.12244897959183673,0.006802721088435374,Hakeem S. Jeffries RECAP,0.8707482993197279
52027,52027,100,21,6,72,0,99,93,6,0,0.21212121212121213,0.06060606060606061,0.7272727272727273,0.0,0.9393939393939394,0.06060606060606061,0.0,Hakeem S. Jeffries RECAP,0.9393939393939394
52030,52030,100,55,10,206,0,271,261,10,0,0.2029520295202952,0.03690036900369004,0.7601476014760148,0.0,0.9630996309963099,0.03690036900369004,0.0,Hakeem S. Jeffries RECAP,0.9630996309963099
52031,52031,100,83,22,222,0,327,305,22,0,0.25382262996941896,0.0672782874617737,0.6788990825688074,0.0,0.9327217125382263,0.0672782874617737,0.0,Hakeem S. Jeffries RECAP,0.9327217125382263
52032,52032,100,72,15,179,0,266,251,15,0,0.2706766917293233,0.05639097744360902,0.6729323308270677,0.0,0.943609022556391,0.05639097744360902,0.0,Hakeem S. Jeffries RECAP,0.943609022556391
52033,52033,100,101,14,196,2,313,297,14,2,0.3226837060702875,0.04472843450479233,0.6261980830670927,0.006389776357827476,0.9488817891373802,0.04472843450479233,0.006389776357827476,Hakeem S. Jeffries RECAP,0.9488817891373802
52114,52114,100,0,0,0,0,0,0,0,0,0,0,0,0,0,0,0,n/a,0
54001,54001,100,1,0,40,0,41,41,0,0,0.024390243902439025,0.0,0.975609756097561,0.0,1.0,0.0,0.0,Hakeem S. Jeffries RECAP,1.0
54002,54002,100,1,0,64,1,66,65,0,1,0.015151515151515152,0.0,0.9696969696969697,0.015151515151515152,0.9848484848484849,0.0,0.015151515151515152,Hakeem S. Jeffries RECAP,0.9848484848484849
54003,54003,100,3,4,87,1,95,90,4,1,0.031578947368421054,0.042105263157894736,0.9157894736842105,0.010526315789473684,0.9473684210526315,0.042105263157894736,0.010526315789473684,Hakeem S. Jeffries RECAP,0.9473684210526315
54004,54004,100,1,6,97,0,104,98,6,0,0.009615384615384616,0.057692307692307696,0.9326923076923077,0.0,0.9423076923076923,0.057692307692307696,0.0,Hakeem S. Jeffries RECAP,0.9423076923076923
54005,54005,100,0,0,16,0,16,16,0,0,0.0,0.0,1.0,0.0,1.0,0.0,0.0,Hakeem S. Jeffries RECAP,1.0
54007,54007,100,22,1,149,0,172,171,1,0,0.12790697674418605,0.005813953488372093,0.8662790697674418,0.0,0.9941860465116279,0.005813953488372093,0.0,Hakeem S. Jeffries RECAP,0.9941860465116279
54008,54008,100,3,0,143,0,146,146,0,0,0.02054794520547945,0.0,0.9794520547945206,0.0,1.0,0.0,0.0,Hakeem S. Jeffries RECAP,1.0
54009,54009,100,7,2,79,0,88,86,2,0,0.07954545454545454,0.022727272727272728,0.8977272727272727,0.0,0.9772727272727273,0.022727272727272728,0.0,Hakeem S. Jeffries RECAP,0.9772727272727273
54010,54010,100,0,0,103,0,103,103,0,0,0.0,0.0,1.0,0.0,1.0,0.0,0.0,Hakeem S. Jeffries RECAP,1.0
54011,54011,100,13,4,118,0,135,131,4,0,0.0962962962962963,0.02962962962962963,0.8740740740740741,0.0,0.9703703703703703,0.02962962962962963,0.0,Hakeem S. Jeffries RECAP,0.9703703703703703
54012,54012,100,9,2,79,0,90,88,2,0,0.1,0.022222222222222223,0.8777777777777778,0.0,0.9777777777777777,0.022222222222222223,0.0,Hakeem S. Jeffries RECAP,0.9777777777777777
54015,54015,100,14,0,66,0,80,80,0,0,0.175,0.0,0.825,0.0,1.0,0.0,0.0,Hakeem S. Jeffries RECAP,1.0
54016,54016,100,1,0,5,0,6,6,0,0,0.16666666666666666,0.0,0.8333333333333334,0.0,1.0,0.0,0.0,Hakeem S. Jeffries RECAP,1.0
54017,54017,100,2,0,22,0,24,24,0,0,0.08333333333333333,0.0,0.9166666666666666,0.0,1.0,0.0,0.0,Hakeem S. Jeffries RECAP,1.0
54018,54018,100,0,0,3,0,3,3,0,0,0.0,0.0,1.0,0.0,1.0,0.0,0.0,Hakeem S. Jeffries RECAP,1.0
54026,54026,100,1,0,10,0,11,11,0,0,0.09090909090909091,0.0,0.9090909090909091,0.0,1.0,0.0,0.0,Hakeem S. Jeffries RECAP,1.0
54027,54027,100,9,0,93,0,102,102,0,0,0.08823529411764706,0.0,0.9117647058823529,0.0,1.0,0.0,0.0,Hakeem S. Jeffries RECAP,1.0
54028,54028,100,8,0,145,0,153,153,0,0,0.05228758169934641,0.0,0.9477124183006536,0.0,1.0,0.0,0.0,Hakeem S. Jeffries RECAP,1.0
54029,54029,100,5,1,83,0,89,88,1,0,0.056179775280898875,0.011235955056179775,0.9325842696629213,0.0,0.9887640449438202,0.011235955056179775,0.0,Hakeem S. Jeffries RECAP,0.9887640449438202
54060,54060,100,14,3,238,0,255,252,3,0,0.054901960784313725,0.011764705882352941,0.9333333333333333,0.0,0.9882352941176471,0.011764705882352941,0.0,Hakeem S. Jeffries RECAP,0.9882352941176471
54061,54061,100,5,3,147,0,155,152,3,0,0.03225806451612903,0.01935483870967742,0.9483870967741935,0.0,0.9806451612903225,0.01935483870967742,0.0,Hakeem S. Jeffries RECAP,0.9806451612903225
54062,54062,100,13,2,110,0,125,123,2,0,0.104,0.016,0.88,0.0,0.984,0.016,0.0,Hakeem S. Jeffries RECAP,0.984
54063,54063,100,12,1,148,0,161,160,1,0,0.07453416149068323,0.006211180124223602,0.9192546583850931,0.0,0.9937888198757764,0.006211180124223602,0.0,Hakeem S. Jeffries RECAP,0.9937888198757764
54064,54064,100,6,2,98,0,106,104,2,0,0.05660377358490566,0.018867924528301886,0.9245283018867925,0.0,0.9811320754716981,0.018867924528301886,0.0,Hakeem S. Jeffries RECAP,0.9811320754716981
54065,54065,100,7,6,122,0,135,129,6,0,0.05185185185185185,0.044444444444444446,0.9037037037037037,0.0,0.9555555555555556,0.044444444444444446,0.0,Hakeem S. Jeffries RECAP,0.9555555555555556
54066,54066,100,2,0,35,0,37,37,0,0,0.05405405405405406,0.0,0.9459459459459459,0.0,1.0,0.0,0.0,Hakeem S. Jeffries RECAP,1.0
54067,54067,100,6,4,145,0,155,151,4,0,0.03870967741935484,0.025806451612903226,0.9354838709677419,0.0,0.9741935483870968,0.025806451612903226,0.0,Hakeem S. Jeffries RECAP,0.9741935483870968
54068,54068,100,6,2,91,0,99,97,2,0,0.06060606060606061,0.020202020202020204,0.9191919191919192,0.0,0.9797979797979798,0.020202020202020204,0.0,Hakeem S. Jeffries RECAP,0.9797979797979798
54069,54069,100,8,3,98,0,109,106,3,0,0.07339449541284404,0.027522935779816515,0.8990825688073395,0.0,0.9724770642201835,0.027522935779816515,0.0,Hakeem S. Jeffries RECAP,0.9724770642201835
54070,54070,100,7,2,76,0,85,83,2,0,0.08235294117647059,0.023529411764705882,0.8941176470588236,0.0,0.9764705882352941,0.023529411764705882,0.0,Hakeem S. Jeffries RECAP,0.9764705882352941
54071,54071,100,4,0,87,1,92,91,0,1,0.043478260869565216,0.0,0.9456521739130435,0.010869565217391304,0.9891304347826086,0.0,0.010869565217391304,Hakeem S. Jeffries RECAP,0.9891304347826086
54072,54072,100,1,0,7,0,8,8,0,0,0.125,0.0,0.875,0.0,1.0,0.0,0.0,Hakeem S. Jeffries RECAP,1.0
54074,54074,100,7,5,104,0,116,111,5,0,0.0603448275862069,0.04310344827586207,0.896551724137931,0.0,0.9568965517241379,0.04310344827586207,0.0,Hakeem S. Jeffries RECAP,0.9568965517241379
54075,54075,100,1,1,28,0,30,29,1,0,0.03333333333333333,0.03333333333333333,0.9333333333333333,0.0,0.9666666666666667,0.03333333333333333,0.0,Hakeem S. Jeffries RECAP,0.9666666666666667
54076,54076,100,10,2,109,0,121,119,2,0,0.08264462809917356,0.01652892561983471,0.9008264462809917,0.0,0.9834710743801653,0.01652892561983471,0.0,Hakeem S. Jeffries RECAP,0.9834710743801653
54078,54078,100,0,0,0,0,0,0,0,0,0,0,0,0,0,0,0,n/a,0
55003,55003,100,5,0,30,0,35,35,0,0,0.14285714285714285,0.0,0.8571428571428571,0.0,1.0,0.0,0.0,Hakeem S. Jeffries RECAP,1.0
55001,55003,100,0,0,0,0,0,0,0,0,0,0,0,0,0,0,0,n/a,0
55002,55002,100,9,0,51,0,60,60,0,0,0.15,0.0,0.85,0.0,1.0,0.0,0.0,Hakeem S. Jeffries RECAP,1.0
55004,55004,100,21,3,212,0,236,233,3,0,0.08898305084745763,0.012711864406779662,0.8983050847457628,0.0,0.9872881355932204,0.012711864406779662,0.0,Hakeem S. Jeffries RECAP,0.9872881355932204
55005,55005,100,2,0,19,0,21,21,0,0,0.09523809523809523,0.0,0.9047619047619048,0.0,1.0,0.0,0.0,Hakeem S. Jeffries RECAP,1.0
55006,55006,100,2,0,127,0,129,129,0,0,0.015503875968992248,0.0,0.9844961240310077,0.0,1.0,0.0,0.0,Hakeem S. Jeffries RECAP,1.0
55007,55007,100,7,3,130,0,140,137,3,0,0.05,0.02142857142857143,0.9285714285714286,0.0,0.9785714285714285,0.02142857142857143,0.0,Hakeem S. Jeffries RECAP,0.9785714285714285
55008,55008,100,5,0,31,0,36,36,0,0,0.1388888888888889,0.0,0.8611111111111112,0.0,1.0,0.0,0.0,Hakeem S. Jeffries RECAP,1.0
55009,55009,100,5,4,126,0,135,131,4,0,0.037037037037037035,0.02962962962962963,0.9333333333333333,0.0,0.9703703703703703,0.02962962962962963,0.0,Hakeem S. Jeffries RECAP,0.9703703703703703
55010,55010,100,11,5,172,0,188,183,5,0,0.05851063829787234,0.026595744680851064,0.9148936170212766,0.0,0.973404255319149,0.026595744680851064,0.0,Hakeem S. Jeffries RECAP,0.973404255319149
55011,55011,100,9,1,162,1,173,171,1,1,0.05202312138728324,0.005780346820809248,0.9364161849710982,0.005780346820809248,0.9884393063583815,0.005780346820809248,0.005780346820809248,Hakeem S. Jeffries RECAP,0.9884393063583815
55012,55012,100,20,3,180,0,203,200,3,0,0.09852216748768473,0.014778325123152709,0.8866995073891626,0.0,0.9852216748768473,0.014778325123152709,0.0,Hakeem S. Jeffries RECAP,0.9852216748768473
55013,55013,100,0,0,7,0,7,7,0,0,0.0,0.0,1.0,0.0,1.0,0.0,0.0,Hakeem S. Jeffries RECAP,1.0
55014,55014,100,21,5,146,0,172,167,5,0,0.12209302325581395,0.029069767441860465,0.8488372093023255,0.0,0.9709302325581395,0.029069767441860465,0.0,Hakeem S. Jeffries RECAP,0.9709302325581395
55015,55015,100,0,0,4,0,4,4,0,0,0.0,0.0,1.0,0.0,1.0,0.0,0.0,Hakeem S. Jeffries RECAP,1.0
55016,55016,100,14,1,172,0,187,186,1,0,0.0748663101604278,0.0053475935828877,0.9197860962566845,0.0,0.9946524064171123,0.0053475935828877,0.0,Hakeem S. Jeffries RECAP,0.9946524064171123
55017,55017,100,0,0,85,0,85,85,0,0,0.0,0.0,1.0,0.0,1.0,0.0,0.0,Hakeem S. Jeffries RECAP,1.0
55018,55018,100,12,3,236,0,251,248,3,0,0.04780876494023904,0.01195219123505976,0.9402390438247012,0.0,0.9880478087649402,0.01195219123505976,0.0,Hakeem S. Jeffries RECAP,0.9880478087649402
55019,55019,100,16,3,221,0,240,237,3,0,0.06666666666666667,0.0125,0.9208333333333333,0.0,0.9875,0.0125,0.0,Hakeem S. Jeffries RECAP,0.9875
55020,55020,100,3,0,156,0,159,159,0,0,0.018867924528301886,0.0,0.9811320754716981,0.0,1.0,0.0,0.0,Hakeem S. Jeffries RECAP,1.0
55021,55021,100,8,0,115,0,123,123,0,0,0.06504065040650407,0.0,0.9349593495934959,0.0,1.0,0.0,0.0,Hakeem S. Jeffries RECAP,1.0
55022,55022,100,2,0,116,0,118,118,0,0,0.01694915254237288,0.0,0.9830508474576272,0.0,1.0,0.0,0.0,Hakeem S. Jeffries RECAP,1.0
55023,55023,100,14,0,179,0,193,193,0,0,0.07253886010362694,0.0,0.927461139896373,0.0,1.0,0.0,0.0,Hakeem S. Jeffries RECAP,1.0
55024,55024,100,4,0,127,0,131,131,0,0,0.030534351145038167,0.0,0.9694656488549618,0.0,1.0,0.0,0.0,Hakeem S. Jeffries RECAP,1.0
55025,55025,100,6,1,149,0,156,155,1,0,0.038461538461538464,0.00641025641025641,0.9551282051282052,0.0,0.9935897435897436,0.00641025641025641,0.0,Hakeem S. Jeffries RECAP,0.9935897435897436
55026,55026,100,2,2,30,0,34,32,2,0,0.058823529411764705,0.058823529411764705,0.8823529411764706,0.0,0.9411764705882353,0.058823529411764705,0.0,Hakeem S. Jeffries RECAP,0.9411764705882353
55027,55027,100,8,4,85,0,97,93,4,0,0.08247422680412371,0.041237113402061855,0.8762886597938144,0.0,0.9587628865979382,0.041237113402061855,0.0,Hakeem S. Jeffries RECAP,0.9587628865979382
55028,55028,100,1,0,63,0,64,64,0,0,0.015625,0.0,0.984375,0.0,1.0,0.0,0.0,Hakeem S. Jeffries RECAP,1.0
55029,55029,100,1,0,59,0,60,60,0,0,0.016666666666666666,0.0,0.9833333333333333,0.0,1.0,0.0,0.0,Hakeem S. Jeffries RECAP,1.0
55030,55030,100,1,0,64,0,65,65,0,0,0.015384615384615385,0.0,0.9846153846153847,0.0,1.0,0.0,0.0,Hakeem S. Jeffries RECAP,1.0
55031,55031,100,19,4,369,0,392,388,4,0,0.04846938775510204,0.01020408163265306,0.9413265306122449,0.0,0.9897959183673469,0.01020408163265306,0.0,Hakeem S. Jeffries RECAP,0.9897959183673469
55032,55032,100,6,0,74,0,80,80,0,0,0.075,0.0,0.925,0.0,1.0,0.0,0.0,Hakeem S. Jeffries RECAP,1.0
55033,55033,100,8,1,153,0,162,161,1,0,0.04938271604938271,0.006172839506172839,0.9444444444444444,0.0,0.9938271604938271,0.006172839506172839,0.0,Hakeem S. Jeffries RECAP,0.9938271604938271
55034,55034,100,12,1,192,0,205,204,1,0,0.05853658536585366,0.004878048780487805,0.9365853658536586,0.0,0.9951219512195122,0.004878048780487805,0.0,Hakeem S. Jeffries RECAP,0.9951219512195122
55035,55035,100,2,1,138,0,141,140,1,0,0.014184397163120567,0.0070921985815602835,0.9787234042553191,0.0,0.9929078014184397,0.0070921985815602835,0.0,Hakeem S. Jeffries RECAP,0.9929078014184397
55036,55036,100,1,0,14,0,15,15,0,0,0.06666666666666667,0.0,0.9333333333333333,0.0,1.0,0.0,0.0,Hakeem S. Jeffries RECAP,1.0
55037,55037,100,7,1,47,0,55,54,1,0,0.12727272727272726,0.01818181818181818,0.8545454545454545,0.0,0.9818181818181818,0.01818181818181818,0.0,Hakeem S. Jeffries RECAP,0.9818181818181818
55038,55038,100,1,0,22,0,23,23,0,0,0.043478260869565216,0.0,0.9565217391304348,0.0,1.0,0.0,0.0,Hakeem S. Jeffries RECAP,1.0
55046,55046,100,5,7,135,0,147,140,7,0,0.034013605442176874,0.047619047619047616,0.9183673469387755,0.0,0.9523809523809523,0.047619047619047616,0.0,Hakeem S. Jeffries RECAP,0.9523809523809523
55047,55047,100,1,0,62,0,63,63,0,0,0.015873015873015872,0.0,0.9841269841269841,0.0,1.0,0.0,0.0,Hakeem S. Jeffries RECAP,1.0
55048,55048,100,6,3,149,1,159,155,3,1,0.03773584905660377,0.018867924528301886,0.9371069182389937,0.006289308176100629,0.9748427672955975,0.018867924528301886,0.006289308176100629,Hakeem S. Jeffries RECAP,0.9748427672955975
55049,55049,100,3,4,86,0,93,89,4,0,0.03225806451612903,0.043010752688172046,0.9247311827956989,0.0,0.956989247311828,0.043010752688172046,0.0,Hakeem S. Jeffries RECAP,0.956989247311828
55050,55050,100,2,1,24,0,27,26,1,0,0.07407407407407407,0.037037037037037035,0.8888888888888888,0.0,0.9629629629629629,0.037037037037037035,0.0,Hakeem S. Jeffries RECAP,0.9629629629629629
55051,55051,100,0,0,10,0,10,10,0,0,0.0,0.0,1.0,0.0,1.0,0.0,0.0,Hakeem S. Jeffries RECAP,1.0
55052,55052,100,3,0,46,0,49,49,0,0,0.061224489795918366,0.0,0.9387755102040817,0.0,1.0,0.0,0.0,Hakeem S. Jeffries RECAP,1.0
55054,55052,100,0,0,0,0,0,0,0,0,0,0,0,0,0,0,0,n/a,0
55055,55055,100,10,4,140,0,154,150,4,0,0.06493506493506493,0.025974025974025976,0.9090909090909091,0.0,0.974025974025974,0.025974025974025976,0.0,Hakeem S. Jeffries RECAP,0.974025974025974
55056,55056,100,0,0,17,0,17,17,0,0,0.0,0.0,1.0,0.0,1.0,0.0,0.0,Hakeem S. Jeffries RECAP,1.0
55057,55057,100,6,0,133,0,139,139,0,0,0.04316546762589928,0.0,0.9568345323741008,0.0,1.0,0.0,0.0,Hakeem S. Jeffries RECAP,1.0
55058,55058,100,1,0,63,0,64,64,0,0,0.015625,0.0,0.984375,0.0,1.0,0.0,0.0,Hakeem S. Jeffries RECAP,1.0
55059,55059,100,7,3,118,0,128,125,3,0,0.0546875,0.0234375,0.921875,0.0,0.9765625,0.0234375,0.0,Hakeem S. Jeffries RECAP,0.9765625
55060,55060,100,1,0,38,0,39,39,0,0,0.02564102564102564,0.0,0.9743589743589743,0.0,1.0,0.0,0.0,Hakeem S. Jeffries RECAP,1.0
55061,55061,100,0,0,0,0,0,0,0,0,0,0,0,0,0,0,0,n/a,0
55062,55062,100,4,1,149,0,154,153,1,0,0.025974025974025976,0.006493506493506494,0.9675324675324676,0.0,0.9935064935064936,0.006493506493506494,0.0,Hakeem S. Jeffries RECAP,0.9935064935064936
55106,55106,100,0,0,0,0,0,0,0,0,0,0,0,0,0,0,0,n/a,0
55107,55107,100,0,0,0,0,0,0,0,0,0,0,0,0,0,0,0,n/a,0
55108,55108,100,0,0,0,0,0,0,0,0,0,0,0,0,0,0,0,n/a,0
56005,56005,100,10,0,109,0,119,119,0,0,0.08403361344537816,0.0,0.9159663865546218,0.0,1.0,0.0,0.0,Hakeem S. Jeffries RECAP,1.0
56006,56006,100,4,4,121,0,129,125,4,0,0.031007751937984496,0.031007751937984496,0.937984496124031,0.0,0.9689922480620154,0.031007751937984496,0.0,Hakeem S. Jeffries RECAP,0.9689922480620154
56007,56007,100,5,2,135,0,142,140,2,0,0.035211267605633804,0.014084507042253521,0.9507042253521126,0.0,0.9859154929577465,0.014084507042253521,0.0,Hakeem S. Jeffries RECAP,0.9859154929577465
56008,56008,100,4,1,162,0,167,166,1,0,0.023952095808383235,0.005988023952095809,0.9700598802395209,0.0,0.9940119760479041,0.005988023952095809,0.0,Hakeem S. Jeffries RECAP,0.9940119760479041
56009,56009,100,4,1,68,0,73,72,1,0,0.0547945205479452,0.0136986301369863,0.9315068493150684,0.0,0.9863013698630136,0.0136986301369863,0.0,Hakeem S. Jeffries RECAP,0.9863013698630136
56010,56010,100,7,1,144,0,152,151,1,0,0.046052631578947366,0.006578947368421052,0.9473684210526315,0.0,0.993421052631579,0.006578947368421052,0.0,Hakeem S. Jeffries RECAP,0.993421052631579
56011,56011,100,20,5,116,1,142,136,5,1,0.14084507042253522,0.035211267605633804,0.8169014084507042,0.007042253521126761,0.9577464788732394,0.035211267605633804,0.007042253521126761,Hakeem S. Jeffries RECAP,0.9577464788732394
56012,56012,100,34,3,183,1,221,217,3,1,0.15384615384615385,0.013574660633484163,0.8280542986425339,0.004524886877828055,0.9819004524886877,0.013574660633484163,0.004524886877828055,Hakeem S. Jeffries RECAP,0.9819004524886877
56013,56013,100,12,0,149,0,161,161,0,0,0.07453416149068323,0.0,0.9254658385093167,0.0,1.0,0.0,0.0,Hakeem S. Jeffries RECAP,1.0
56014,56014,100,23,3,171,0,197,194,3,0,0.116751269035533,0.015228426395939087,0.868020304568528,0.0,0.9847715736040609,0.015228426395939087,0.0,Hakeem S. Jeffries RECAP,0.9847715736040609
56015,56015,100,17,1,165,0,183,182,1,0,0.09289617486338798,0.00546448087431694,0.9016393442622951,0.0,0.994535519125683,0.00546448087431694,0.0,Hakeem S. Jeffries RECAP,0.994535519125683
56016,56016,100,32,5,232,0,269,264,5,0,0.11895910780669144,0.01858736059479554,0.862453531598513,0.0,0.9814126394052045,0.01858736059479554,0.0,Hakeem S. Jeffries RECAP,0.9814126394052045
56017,56017,100,3,0,100,0,103,103,0,0,0.02912621359223301,0.0,0.970873786407767,0.0,1.0,0.0,0.0,Hakeem S. Jeffries RECAP,1.0
56018,56018,100,36,3,183,0,222,219,3,0,0.16216216216216217,0.013513513513513514,0.8243243243243243,0.0,0.9864864864864865,0.013513513513513514,0.0,Hakeem S. Jeffries RECAP,0.9864864864864865
56019,56019,100,13,0,206,0,219,219,0,0,0.0593607305936073,0.0,0.9406392694063926,0.0,1.0,0.0,0.0,Hakeem S. Jeffries RECAP,1.0
56020,56020,100,5,3,89,0,97,94,3,0,0.05154639175257732,0.030927835051546393,0.9175257731958762,0.0,0.9690721649484536,0.030927835051546393,0.0,Hakeem S. Jeffries RECAP,0.9690721649484536
56021,56021,100,14,1,160,0,175,174,1,0,0.08,0.005714285714285714,0.9142857142857143,0.0,0.9942857142857143,0.005714285714285714,0.0,Hakeem S. Jeffries RECAP,0.9942857142857143
56022,56022,100,13,1,218,0,232,231,1,0,0.05603448275862069,0.004310344827586207,0.9396551724137931,0.0,0.9956896551724138,0.004310344827586207,0.0,Hakeem S. Jeffries RECAP,0.9956896551724138
56023,56023,100,18,4,178,0,200,196,4,0,0.09,0.02,0.89,0.0,0.98,0.02,0.0,Hakeem S. Jeffries RECAP,0.98
56024,56024,100,11,0,173,0,184,184,0,0,0.059782608695652176,0.0,0.9402173913043478,0.0,1.0,0.0,0.0,Hakeem S. Jeffries RECAP,1.0
56025,56025,100,12,3,185,0,200,197,3,0,0.06,0.015,0.925,0.0,0.985,0.015,0.0,Hakeem S. Jeffries RECAP,0.985
56026,56026,100,20,0,211,0,231,231,0,0,0.08658008658008658,0.0,0.9134199134199135,0.0,1.0,0.0,0.0,Hakeem S. Jeffries RECAP,1.0
56027,56027,100,19,0,164,0,183,183,0,0,0.10382513661202186,0.0,0.8961748633879781,0.0,1.0,0.0,0.0,Hakeem S. Jeffries RECAP,1.0
56028,56028,100,19,3,184,0,206,203,3,0,0.09223300970873786,0.014563106796116505,0.8932038834951457,0.0,0.9854368932038835,0.014563106796116505,0.0,Hakeem S. Jeffries RECAP,0.9854368932038835
56029,56029,100,7,1,126,0,134,133,1,0,0.05223880597014925,0.007462686567164179,0.9402985074626866,0.0,0.9925373134328358,0.007462686567164179,0.0,Hakeem S. Jeffries RECAP,0.9925373134328358
56030,56030,100,8,0,207,0,215,215,0,0,0.037209302325581395,0.0,0.9627906976744186,0.0,1.0,0.0,0.0,Hakeem S. Jeffries RECAP,1.0
56031,56031,100,12,1,142,0,155,154,1,0,0.07741935483870968,0.0064516129032258064,0.9161290322580645,0.0,0.9935483870967742,0.0064516129032258064,0.0,Hakeem S. Jeffries RECAP,0.9935483870967742
56032,56032,100,13,3,219,0,235,232,3,0,0.05531914893617021,0.01276595744680851,0.9319148936170213,0.0,0.9872340425531915,0.01276595744680851,0.0,Hakeem S. Jeffries RECAP,0.9872340425531915
56033,56033,100,28,3,214,0,245,242,3,0,0.11428571428571428,0.012244897959183673,0.8734693877551021,0.0,0.9877551020408163,0.012244897959183673,0.0,Hakeem S. Jeffries RECAP,0.9877551020408163
56034,56034,100,21,0,141,0,162,162,0,0,0.12962962962962962,0.0,0.8703703703703703,0.0,1.0,0.0,0.0,Hakeem S. Jeffries RECAP,1.0
56035,56035,100,25,4,201,0,230,226,4,0,0.10869565217391304,0.017391304347826087,0.8739130434782608,0.0,0.9826086956521739,0.017391304347826087,0.0,Hakeem S. Jeffries RECAP,0.9826086956521739
56036,56036,100,31,2,198,0,231,229,2,0,0.1341991341991342,0.008658008658008658,0.8571428571428571,0.0,0.9913419913419913,0.008658008658008658,0.0,Hakeem S. Jeffries RECAP,0.9913419913419913
56037,56037,100,41,2,224,0,267,265,2,0,0.15355805243445692,0.00749063670411985,0.8389513108614233,0.0,0.9925093632958801,0.00749063670411985,0.0,Hakeem S. Jeffries RECAP,0.9925093632958801
56038,56038,100,35,2,214,0,251,249,2,0,0.1394422310756972,0.00796812749003984,0.852589641434263,0.0,0.9920318725099602,0.00796812749003984,0.0,Hakeem S. Jeffries RECAP,0.9920318725099602
56039,56039,100,27,0,183,0,210,210,0,0,0.12857142857142856,0.0,0.8714285714285714,0.0,1.0,0.0,0.0,Hakeem S. Jeffries RECAP,1.0
56040,56040,100,28,1,214,0,243,242,1,0,0.11522633744855967,0.00411522633744856,0.8806584362139918,0.0,0.9958847736625515,0.00411522633744856,0.0,Hakeem S. Jeffries RECAP,0.9958847736625515
56041,56041,100,19,2,151,0,172,170,2,0,0.11046511627906977,0.011627906976744186,0.877906976744186,0.0,0.9883720930232558,0.011627906976744186,0.0,Hakeem S. Jeffries RECAP,0.9883720930232558
56042,56042,100,30,3,233,1,267,263,3,1,0.11235955056179775,0.011235955056179775,0.8726591760299626,0.003745318352059925,0.9850187265917603,0.011235955056179775,0.003745318352059925,Hakeem S. Jeffries RECAP,0.9850187265917603
56043,56043,100,23,4,250,3,280,273,4,3,0.08214285714285714,0.014285714285714285,0.8928571428571429,0.010714285714285714,0.975,0.014285714285714285,0.010714285714285714,Hakeem S. Jeffries RECAP,0.975
56044,56044,100,22,5,250,0,277,272,5,0,0.07942238267148015,0.018050541516245487,0.9025270758122743,0.0,0.9819494584837545,0.018050541516245487,0.0,Hakeem S. Jeffries RECAP,0.9819494584837545
56045,56045,100,20,2,183,0,205,203,2,0,0.0975609756097561,0.00975609756097561,0.8926829268292683,0.0,0.9902439024390244,0.00975609756097561,0.0,Hakeem S. Jeffries RECAP,0.9902439024390244
56046,56046,100,19,5,258,0,282,277,5,0,0.0673758865248227,0.01773049645390071,0.9148936170212766,0.0,0.9822695035460993,0.01773049645390071,0.0,Hakeem S. Jeffries RECAP,0.9822695035460993
56047,56047,100,29,3,235,0,267,264,3,0,0.10861423220973783,0.011235955056179775,0.8801498127340824,0.0,0.9887640449438202,0.011235955056179775,0.0,Hakeem S. Jeffries RECAP,0.9887640449438202
56048,56048,100,14,1,204,0,219,218,1,0,0.0639269406392694,0.0045662100456621,0.9315068493150684,0.0,0.9954337899543378,0.0045662100456621,0.0,Hakeem S. Jeffries RECAP,0.9954337899543378
56049,56049,100,43,5,289,0,337,332,5,0,0.12759643916913946,0.01483679525222552,0.857566765578635,0.0,0.9851632047477745,0.01483679525222552,0.0,Hakeem S. Jeffries RECAP,0.9851632047477745
56050,56050,100,46,1,263,0,310,309,1,0,0.14838709677419354,0.0032258064516129032,0.8483870967741935,0.0,0.9967741935483871,0.0032258064516129032,0.0,Hakeem S. Jeffries RECAP,0.9967741935483871
56051,56051,100,20,2,237,0,259,257,2,0,0.07722007722007722,0.007722007722007722,0.915057915057915,0.0,0.9922779922779923,0.007722007722007722,0.0,Hakeem S. Jeffries RECAP,0.9922779922779923
56052,56052,100,39,3,227,0,269,266,3,0,0.1449814126394052,0.011152416356877323,0.8438661710037175,0.0,0.9888475836431226,0.011152416356877323,0.0,Hakeem S. Jeffries RECAP,0.9888475836431226
56053,56053,100,21,1,207,0,229,228,1,0,0.09170305676855896,0.004366812227074236,0.9039301310043668,0.0,0.9956331877729258,0.004366812227074236,0.0,Hakeem S. Jeffries RECAP,0.9956331877729258
56054,56054,100,18,4,186,0,208,204,4,0,0.08653846153846154,0.019230769230769232,0.8942307692307693,0.0,0.9807692307692307,0.019230769230769232,0.0,Hakeem S. Jeffries RECAP,0.9807692307692307
56055,56055,100,29,3,274,0,306,303,3,0,0.09477124183006536,0.00980392156862745,0.8954248366013072,0.0,0.9901960784313726,0.00980392156862745,0.0,Hakeem S. Jeffries RECAP,0.9901960784313726
56057,56057,100,17,1,189,0,207,206,1,0,0.0821256038647343,0.004830917874396135,0.9130434782608695,0.0,0.9951690821256038,0.004830917874396135,0.0,Hakeem S. Jeffries RECAP,0.9951690821256038
56058,56058,100,35,1,229,1,266,264,1,1,0.13157894736842105,0.0037593984962406013,0.8609022556390977,0.0037593984962406013,0.9924812030075187,0.0037593984962406013,0.0037593984962406013,Hakeem S. Jeffries RECAP,0.9924812030075187
56059,56059,100,7,2,146,0,155,153,2,0,0.04516129032258064,0.012903225806451613,0.9419354838709677,0.0,0.9870967741935484,0.012903225806451613,0.0,Hakeem S. Jeffries RECAP,0.9870967741935484
56060,56060,100,2,0,60,0,62,62,0,0,0.03225806451612903,0.0,0.967741935483871,0.0,1.0,0.0,0.0,Hakeem S. Jeffries RECAP,1.0
56061,56061,100,3,2,110,0,115,113,2,0,0.02608695652173913,0.017391304347826087,0.9565217391304348,0.0,0.9826086956521739,0.017391304347826087,0.0,Hakeem S. Jeffries RECAP,0.9826086956521739
56062,56062,100,9,1,200,0,210,209,1,0,0.04285714285714286,0.004761904761904762,0.9523809523809523,0.0,0.9952380952380953,0.004761904761904762,0.0,Hakeem S. Jeffries RECAP,0.9952380952380953
56063,56063,100,5,1,155,0,161,160,1,0,0.031055900621118012,0.006211180124223602,0.9627329192546584,0.0,0.9937888198757764,0.006211180124223602,0.0,Hakeem S. Jeffries RECAP,0.9937888198757764
56064,56064,100,11,3,224,0,238,235,3,0,0.046218487394957986,0.012605042016806723,0.9411764705882353,0.0,0.9873949579831933,0.012605042016806723,0.0,Hakeem S. Jeffries RECAP,0.9873949579831933
56065,56065,100,11,1,105,0,117,116,1,0,0.09401709401709402,0.008547008547008548,0.8974358974358975,0.0,0.9914529914529915,0.008547008547008548,0.0,Hakeem S. Jeffries RECAP,0.9914529914529915
56079,56079,100,29,5,120,0,154,149,5,0,0.18831168831168832,0.032467532467532464,0.7792207792207793,0.0,0.9675324675324676,0.032467532467532464,0.0,Hakeem S. Jeffries RECAP,0.9675324675324676
56080,56080,100,21,4,107,0,132,128,4,0,0.1590909090909091,0.030303030303030304,0.8106060606060606,0.0,0.9696969696969697,0.030303030303030304,0.0,Hakeem S. Jeffries RECAP,0.9696969696969697
56082,56082,100,8,2,126,0,136,134,2,0,0.058823529411764705,0.014705882352941176,0.9264705882352942,0.0,0.9852941176470589,0.014705882352941176,0.0,Hakeem S. Jeffries RECAP,0.9852941176470589
57001,57001,100,5,2,123,0,130,128,2,0,0.038461538461538464,0.015384615384615385,0.9461538461538461,0.0,0.9846153846153847,0.015384615384615385,0.0,Hakeem S. Jeffries RECAP,0.9846153846153847
57002,57002,100,4,2,155,0,161,159,2,0,0.024844720496894408,0.012422360248447204,0.9627329192546584,0.0,0.9875776397515528,0.012422360248447204,0.0,Hakeem S. Jeffries RECAP,0.9875776397515528
57003,57003,100,6,3,149,0,158,155,3,0,0.0379746835443038,0.0189873417721519,0.9430379746835443,0.0,0.9810126582278481,0.0189873417721519,0.0,Hakeem S. Jeffries RECAP,0.9810126582278481
57004,57004,100,17,2,57,0,76,74,2,0,0.2236842105263158,0.02631578947368421,0.75,0.0,0.9736842105263158,0.02631578947368421,0.0,Hakeem S. Jeffries RECAP,0.9736842105263158
57005,57005,100,2,0,38,0,40,40,0,0,0.05,0.0,0.95,0.0,1.0,0.0,0.0,Hakeem S. Jeffries RECAP,1.0
57006,57006,100,9,2,169,0,180,178,2,0,0.05,0.011111111111111112,0.9388888888888889,0.0,0.9888888888888889,0.011111111111111112,0.0,Hakeem S. Jeffries RECAP,0.9888888888888889
57007,57007,100,9,2,166,0,177,175,2,0,0.05084745762711865,0.011299435028248588,0.9378531073446328,0.0,0.9887005649717514,0.011299435028248588,0.0,Hakeem S. Jeffries RECAP,0.9887005649717514
57008,57008,100,8,2,125,0,135,133,2,0,0.05925925925925926,0.014814814814814815,0.9259259259259259,0.0,0.9851851851851852,0.014814814814814815,0.0,Hakeem S. Jeffries RECAP,0.9851851851851852
57009,57009,100,29,9,131,1,170,160,9,1,0.17058823529411765,0.052941176470588235,0.7705882352941177,0.0058823529411764705,0.9411764705882353,0.052941176470588235,0.0058823529411764705,Hakeem S. Jeffries RECAP,0.9411764705882353
57010,57010,100,53,11,223,0,287,276,11,0,0.18466898954703834,0.03832752613240418,0.7770034843205574,0.0,0.9616724738675958,0.03832752613240418,0.0,Hakeem S. Jeffries RECAP,0.9616724738675958
57011,57011,100,19,5,240,0,264,259,5,0,0.07196969696969698,0.01893939393939394,0.9090909090909091,0.0,0.9810606060606061,0.01893939393939394,0.0,Hakeem S. Jeffries RECAP,0.9810606060606061
57012,57012,100,13,1,170,0,184,183,1,0,0.07065217391304347,0.005434782608695652,0.9239130434782609,0.0,0.9945652173913043,0.005434782608695652,0.0,Hakeem S. Jeffries RECAP,0.9945652173913043
57013,57013,100,2,0,68,0,70,70,0,0,0.02857142857142857,0.0,0.9714285714285714,0.0,1.0,0.0,0.0,Hakeem S. Jeffries RECAP,1.0
57014,57014,100,33,4,87,0,124,120,4,0,0.2661290322580645,0.03225806451612903,0.7016129032258065,0.0,0.967741935483871,0.03225806451612903,0.0,Hakeem S. Jeffries RECAP,0.967741935483871
57015,57015,100,66,3,174,1,244,240,3,1,0.27049180327868855,0.012295081967213115,0.7131147540983607,0.004098360655737705,0.9836065573770492,0.012295081967213115,0.004098360655737705,Hakeem S. Jeffries RECAP,0.9836065573770492
57016,57016,100,83,11,218,0,312,301,11,0,0.266025641025641,0.035256410256410256,0.6987179487179487,0.0,0.9647435897435898,0.035256410256410256,0.0,Hakeem S. Jeffries RECAP,0.9647435897435898
57017,57017,100,88,6,300,0,394,388,6,0,0.2233502538071066,0.015228426395939087,0.7614213197969543,0.0,0.9847715736040609,0.015228426395939087,0.0,Hakeem S. Jeffries RECAP,0.9847715736040609
57018,57018,100,49,11,363,0,423,412,11,0,0.11583924349881797,0.026004728132387706,0.8581560283687943,0.0,0.9739952718676123,0.026004728132387706,0.0,Hakeem S. Jeffries RECAP,0.9739952718676123
57019,57019,100,5,5,25,0,35,30,5,0,0.14285714285714285,0.14285714285714285,0.7142857142857143,0.0,0.8571428571428571,0.14285714285714285,0.0,Hakeem S. Jeffries RECAP,0.8571428571428571
57020,57019,100,0,0,0,0,0,0,0,0,0,0,0,0,0,0,0,n/a,0
57021,57021,100,24,11,183,1,219,207,11,1,0.1095890410958904,0.0502283105022831,0.8356164383561644,0.0045662100456621,0.9452054794520548,0.0502283105022831,0.0045662100456621,Hakeem S. Jeffries RECAP,0.9452054794520548
57022,57022,100,32,4,145,0,181,177,4,0,0.17679558011049723,0.022099447513812154,0.8011049723756906,0.0,0.9779005524861878,0.022099447513812154,0.0,Hakeem S. Jeffries RECAP,0.9779005524861878
57023,57023,100,3,3,35,0,41,38,3,0,0.07317073170731707,0.07317073170731707,0.8536585365853658,0.0,0.926829268292683,0.07317073170731707,0.0,Hakeem S. Jeffries RECAP,0.926829268292683
57024,57024,100,67,17,220,0,304,287,17,0,0.22039473684210525,0.05592105263157895,0.7236842105263158,0.0,0.944078947368421,0.05592105263157895,0.0,Hakeem S. Jeffries RECAP,0.944078947368421
57025,57025,100,72,7,162,0,241,234,7,0,0.2987551867219917,0.029045643153526972,0.6721991701244814,0.0,0.970954356846473,0.029045643153526972,0.0,Hakeem S. Jeffries RECAP,0.970954356846473
57026,57026,100,80,9,223,3,315,303,9,3,0.25396825396825395,0.02857142857142857,0.707936507936508,0.009523809523809525,0.9619047619047619,0.02857142857142857,0.009523809523809525,Hakeem S. Jeffries RECAP,0.9619047619047619
57027,57027,100,64,5,163,0,232,227,5,0,0.27586206896551724,0.021551724137931036,0.7025862068965517,0.0,0.978448275862069,0.021551724137931036,0.0,Hakeem S. Jeffries RECAP,0.978448275862069
57028,57028,100,50,2,179,2,233,229,2,2,0.2145922746781116,0.008583690987124463,0.7682403433476395,0.008583690987124463,0.9828326180257511,0.008583690987124463,0.008583690987124463,Hakeem S. Jeffries RECAP,0.9828326180257511
57029,57029,100,78,8,176,0,262,254,8,0,0.29770992366412213,0.030534351145038167,0.6717557251908397,0.0,0.9694656488549618,0.030534351145038167,0.0,Hakeem S. Jeffries RECAP,0.9694656488549618
57030,57030,100,36,0,243,0,279,279,0,0,0.12903225806451613,0.0,0.8709677419354839,0.0,1.0,0.0,0.0,Hakeem S. Jeffries RECAP,1.0
57031,57031,100,29,4,400,1,434,429,4,1,0.06682027649769585,0.009216589861751152,0.9216589861751152,0.002304147465437788,0.988479262672811,0.009216589861751152,0.002304147465437788,Hakeem S. Jeffries RECAP,0.988479262672811
57032,57032,100,3,0,120,0,123,123,0,0,0.024390243902439025,0.0,0.975609756097561,0.0,1.0,0.0,0.0,Hakeem S. Jeffries RECAP,1.0
57033,57033,100,4,1,187,0,192,191,1,0,0.020833333333333332,0.005208333333333333,0.9739583333333334,0.0,0.9947916666666666,0.005208333333333333,0.0,Hakeem S. Jeffries RECAP,0.9947916666666666
57034,57034,100,100,5,300,0,405,400,5,0,0.24691358024691357,0.012345679012345678,0.7407407407407407,0.0,0.9876543209876543,0.012345679012345678,0.0,Hakeem S. Jeffries RECAP,0.9876543209876543
57035,57035,100,75,3,225,0,303,300,3,0,0.24752475247524752,0.009900990099009901,0.7425742574257426,0.0,0.9900990099009901,0.009900990099009901,0.0,Hakeem S. Jeffries RECAP,0.9900990099009901
57036,57036,100,44,3,198,0,245,242,3,0,0.17959183673469387,0.012244897959183673,0.8081632653061225,0.0,0.9877551020408163,0.012244897959183673,0.0,Hakeem S. Jeffries RECAP,0.9877551020408163
57037,57037,100,29,1,178,0,208,207,1,0,0.13942307692307693,0.004807692307692308,0.8557692307692307,0.0,0.9951923076923077,0.004807692307692308,0.0,Hakeem S. Jeffries RECAP,0.9951923076923077
57038,57038,100,68,5,223,0,296,291,5,0,0.22972972972972974,0.016891891891891893,0.7533783783783784,0.0,0.9831081081081081,0.016891891891891893,0.0,Hakeem S. Jeffries RECAP,0.9831081081081081
57039,57039,100,67,1,257,0,325,324,1,0,0.20615384615384616,0.003076923076923077,0.7907692307692308,0.0,0.9969230769230769,0.003076923076923077,0.0,Hakeem S. Jeffries RECAP,0.9969230769230769
57040,57040,100,77,7,221,2,307,298,7,2,0.250814332247557,0.02280130293159609,0.7198697068403909,0.006514657980456026,0.9706840390879479,0.02280130293159609,0.006514657980456026,Hakeem S. Jeffries RECAP,0.9706840390879479
57041,57041,100,67,1,216,0,284,283,1,0,0.23591549295774647,0.0035211267605633804,0.7605633802816901,0.0,0.9964788732394366,0.0035211267605633804,0.0,Hakeem S. Jeffries RECAP,0.9964788732394366
57042,57042,100,74,4,199,0,277,273,4,0,0.26714801444043323,0.01444043321299639,0.7184115523465704,0.0,0.9855595667870036,0.01444043321299639,0.0,Hakeem S. Jeffries RECAP,0.9855595667870036
57043,57043,100,88,5,193,1,287,281,5,1,0.30662020905923343,0.017421602787456445,0.6724738675958188,0.003484320557491289,0.9790940766550522,0.017421602787456445,0.003484320557491289,Hakeem S. Jeffries RECAP,0.9790940766550522
57044,57044,100,44,6,234,0,284,278,6,0,0.15492957746478872,0.02112676056338028,0.823943661971831,0.0,0.9788732394366197,0.02112676056338028,0.0,Hakeem S. Jeffries RECAP,0.9788732394366197
57045,57045,100,26,3,223,0,252,249,3,0,0.10317460317460317,0.011904761904761904,0.8849206349206349,0.0,0.9880952380952381,0.011904761904761904,0.0,Hakeem S. Jeffries RECAP,0.9880952380952381
57046,57046,100,5,0,147,0,152,152,0,0,0.03289473684210526,0.0,0.9671052631578947,0.0,1.0,0.0,0.0,Hakeem S. Jeffries RECAP,1.0
57047,57047,100,85,5,218,0,308,303,5,0,0.275974025974026,0.016233766233766232,0.7077922077922078,0.0,0.9837662337662337,0.016233766233766232,0.0,Hakeem S. Jeffries RECAP,0.9837662337662337
57048,57048,100,73,5,234,1,313,307,5,1,0.23322683706070288,0.01597444089456869,0.7476038338658147,0.003194888178913738,0.9808306709265175,0.01597444089456869,0.003194888178913738,Hakeem S. Jeffries RECAP,0.9808306709265175
57049,57049,100,38,2,107,0,147,145,2,0,0.2585034013605442,0.013605442176870748,0.7278911564625851,0.0,0.9863945578231292,0.013605442176870748,0.0,Hakeem S. Jeffries RECAP,0.9863945578231292
57050,57050,100,79,3,244,1,327,323,3,1,0.2415902140672783,0.009174311926605505,0.746177370030581,0.0030581039755351682,0.9877675840978594,0.009174311926605505,0.0030581039755351682,Hakeem S. Jeffries RECAP,0.9877675840978594
57051,57051,100,39,2,214,0,255,253,2,0,0.15294117647058825,0.00784313725490196,0.8392156862745098,0.0,0.9921568627450981,0.00784313725490196,0.0,Hakeem S. Jeffries RECAP,0.9921568627450981
57052,57052,100,24,5,188,0,217,212,5,0,0.11059907834101383,0.02304147465437788,0.8663594470046083,0.0,0.9769585253456221,0.02304147465437788,0.0,Hakeem S. Jeffries RECAP,0.9769585253456221
57053,57053,100,36,0,269,0,305,305,0,0,0.1180327868852459,0.0,0.8819672131147541,0.0,1.0,0.0,0.0,Hakeem S. Jeffries RECAP,1.0
57054,57054,100,28,2,132,0,162,160,2,0,0.1728395061728395,0.012345679012345678,0.8148148148148148,0.0,0.9876543209876543,0.012345679012345678,0.0,Hakeem S. Jeffries RECAP,0.9876543209876543
57055,57055,100,46,4,263,2,315,309,4,2,0.14603174603174604,0.012698412698412698,0.834920634920635,0.006349206349206349,0.9809523809523809,0.012698412698412698,0.006349206349206349,Hakeem S. Jeffries RECAP,0.9809523809523809
57056,57056,100,58,3,220,1,282,278,3,1,0.20567375886524822,0.010638297872340425,0.7801418439716312,0.0035460992907801418,0.9858156028368794,0.010638297872340425,0.0035460992907801418,Hakeem S. Jeffries RECAP,0.9858156028368794
57057,57057,100,41,3,195,0,239,236,3,0,0.17154811715481172,0.012552301255230125,0.8158995815899581,0.0,0.9874476987447699,0.012552301255230125,0.0,Hakeem S. Jeffries RECAP,0.9874476987447699
57059,57059,100,24,2,113,0,139,137,2,0,0.17266187050359713,0.014388489208633094,0.8129496402877698,0.0,0.9856115107913669,0.014388489208633094,0.0,Hakeem S. Jeffries RECAP,0.9856115107913669
57060,57060,100,49,5,146,1,201,195,5,1,0.24378109452736318,0.024875621890547265,0.7263681592039801,0.004975124378109453,0.9701492537313433,0.024875621890547265,0.004975124378109453,Hakeem S. Jeffries RECAP,0.9701492537313433
57094,57094,100,48,4,163,2,217,211,4,2,0.22119815668202766,0.018433179723502304,0.7511520737327189,0.009216589861751152,0.9723502304147466,0.018433179723502304,0.009216589861751152,Hakeem S. Jeffries RECAP,0.9723502304147466
57095,57095,100,57,4,98,0,159,155,4,0,0.3584905660377358,0.025157232704402517,0.6163522012578616,0.0,0.9748427672955975,0.025157232704402517,0.0,Hakeem S. Jeffries RECAP,0.9748427672955975
57096,57096,100,0,0,0,0,0,0,0,0,0,0,0,0,0,0,0,n/a,0
58044,58044,100,2,0,120,0,122,122,0,0,0.01639344262295082,0.0,0.9836065573770492,0.0,1.0,0.0,0.0,Hakeem S. Jeffries RECAP,1.0
58049,58049,100,8,1,188,0,197,196,1,0,0.04060913705583756,0.005076142131979695,0.9543147208121827,0.0,0.9949238578680203,0.005076142131979695,0.0,Hakeem S. Jeffries RECAP,0.9949238578680203
58050,58050,100,9,0,178,0,187,187,0,0,0.0481283422459893,0.0,0.9518716577540107,0.0,1.0,0.0,0.0,Hakeem S. Jeffries RECAP,1.0
58051,58051,100,8,2,148,0,158,156,2,0,0.05063291139240506,0.012658227848101266,0.9367088607594937,0.0,0.9873417721518988,0.012658227848101266,0.0,Hakeem S. Jeffries RECAP,0.9873417721518988
58057,58057,100,3,3,160,0,166,163,3,0,0.018072289156626505,0.018072289156626505,0.963855421686747,0.0,0.9819277108433735,0.018072289156626505,0.0,Hakeem S. Jeffries RECAP,0.9819277108433735
58058,58058,100,6,4,78,0,88,84,4,0,0.06818181818181818,0.045454545454545456,0.8863636363636364,0.0,0.9545454545454546,0.045454545454545456,0.0,Hakeem S. Jeffries RECAP,0.9545454545454546
58059,58059,100,9,13,285,3,310,294,13,3,0.02903225806451613,0.041935483870967745,0.9193548387096774,0.00967741935483871,0.9483870967741935,0.041935483870967745,0.00967741935483871,Hakeem S. Jeffries RECAP,0.9483870967741935
58060,58060,100,5,8,199,0,212,204,8,0,0.02358490566037736,0.03773584905660377,0.9386792452830188,0.0,0.9622641509433962,0.03773584905660377,0.0,Hakeem S. Jeffries RECAP,0.9622641509433962
58061,58061,100,9,2,246,0,257,255,2,0,0.03501945525291829,0.007782101167315175,0.9571984435797666,0.0,0.9922178988326849,0.007782101167315175,0.0,Hakeem S. Jeffries RECAP,0.9922178988326849
58062,58062,100,9,4,239,0,252,248,4,0,0.03571428571428571,0.015873015873015872,0.9484126984126984,0.0,0.9841269841269841,0.015873015873015872,0.0,Hakeem S. Jeffries RECAP,0.9841269841269841
58063,58063,100,3,0,162,0,165,165,0,0,0.01818181818181818,0.0,0.9818181818181818,0.0,1.0,0.0,0.0,Hakeem S. Jeffries RECAP,1.0
58064,58064,100,5,6,138,0,149,143,6,0,0.03355704697986577,0.040268456375838924,0.9261744966442953,0.0,0.959731543624161,0.040268456375838924,0.0,Hakeem S. Jeffries RECAP,0.959731543624161
58065,58065,100,4,5,153,1,163,157,5,1,0.024539877300613498,0.03067484662576687,0.9386503067484663,0.006134969325153374,0.9631901840490797,0.03067484662576687,0.006134969325153374,Hakeem S. Jeffries RECAP,0.9631901840490797
58067,58067,100,16,3,282,0,301,298,3,0,0.053156146179401995,0.009966777408637873,0.9368770764119602,0.0,0.9900332225913622,0.009966777408637873,0.0,Hakeem S. Jeffries RECAP,0.9900332225913622
58068,58068,100,3,3,249,0,255,252,3,0,0.011764705882352941,0.011764705882352941,0.9764705882352941,0.0,0.9882352941176471,0.011764705882352941,0.0,Hakeem S. Jeffries RECAP,0.9882352941176471
58069,58069,100,1,2,55,0,58,56,2,0,0.017241379310344827,0.034482758620689655,0.9482758620689655,0.0,0.9655172413793104,0.034482758620689655,0.0,Hakeem S. Jeffries RECAP,0.9655172413793104
58070,58070,100,2,10,209,0,221,211,10,0,0.00904977375565611,0.04524886877828054,0.9457013574660633,0.0,0.9547511312217195,0.04524886877828054,0.0,Hakeem S. Jeffries RECAP,0.9547511312217195
58071,58071,100,8,7,156,0,171,164,7,0,0.04678362573099415,0.04093567251461988,0.9122807017543859,0.0,0.9590643274853801,0.04093567251461988,0.0,Hakeem S. Jeffries RECAP,0.9590643274853801
58072,58072,100,7,3,140,0,150,147,3,0,0.04666666666666667,0.02,0.9333333333333333,0.0,0.98,0.02,0.0,Hakeem S. Jeffries RECAP,0.98
58073,58073,100,6,1,80,0,87,86,1,0,0.06896551724137931,0.011494252873563218,0.9195402298850575,0.0,0.9885057471264368,0.011494252873563218,0.0,Hakeem S. Jeffries RECAP,0.9885057471264368
58074,58074,100,15,11,248,0,274,263,11,0,0.05474452554744526,0.040145985401459854,0.9051094890510949,0.0,0.9598540145985401,0.040145985401459854,0.0,Hakeem S. Jeffries RECAP,0.9598540145985401
58075,58075,100,13,0,274,0,287,287,0,0,0.04529616724738676,0.0,0.9547038327526133,0.0,1.0,0.0,0.0,Hakeem S. Jeffries RECAP,1.0
58076,58076,100,6,2,204,0,212,210,2,0,0.02830188679245283,0.009433962264150943,0.9622641509433962,0.0,0.9905660377358491,0.009433962264150943,0.0,Hakeem S. Jeffries RECAP,0.9905660377358491
58077,58077,100,6,5,240,0,251,246,5,0,0.02390438247011952,0.0199203187250996,0.9561752988047809,0.0,0.9800796812749004,0.0199203187250996,0.0,Hakeem S. Jeffries RECAP,0.9800796812749004
58078,58078,100,7,4,204,0,215,211,4,0,0.03255813953488372,0.018604651162790697,0.9488372093023256,0.0,0.9813953488372092,0.018604651162790697,0.0,Hakeem S. Jeffries RECAP,0.9813953488372092
58079,58079,100,6,10,165,0,181,171,10,0,0.03314917127071823,0.055248618784530384,0.9116022099447514,0.0,0.9447513812154696,0.055248618784530384,0.0,Hakeem S. Jeffries RECAP,0.9447513812154696
59001,59001,100,0,1,126,0,127,126,1,0,0.0,0.007874015748031496,0.9921259842519685,0.0,0.9921259842519685,0.007874015748031496,0.0,Hakeem S. Jeffries RECAP,0.9921259842519685
59002,59002,100,2,4,110,0,116,112,4,0,0.017241379310344827,0.034482758620689655,0.9482758620689655,0.0,0.9655172413793104,0.034482758620689655,0.0,Hakeem S. Jeffries RECAP,0.9655172413793104
59003,59003,100,4,0,131,0,135,135,0,0,0.02962962962962963,0.0,0.9703703703703703,0.0,1.0,0.0,0.0,Hakeem S. Jeffries RECAP,1.0
59004,59004,100,7,3,133,0,143,140,3,0,0.04895104895104895,0.02097902097902098,0.9300699300699301,0.0,0.9790209790209791,0.02097902097902098,0.0,Hakeem S. Jeffries RECAP,0.9790209790209791
59005,59005,100,7,5,233,0,245,240,5,0,0.02857142857142857,0.02040816326530612,0.9510204081632653,0.0,0.9795918367346939,0.02040816326530612,0.0,Hakeem S. Jeffries RECAP,0.9795918367346939
59006,59006,100,9,3,300,0,312,309,3,0,0.028846153846153848,0.009615384615384616,0.9615384615384616,0.0,0.9903846153846154,0.009615384615384616,0.0,Hakeem S. Jeffries RECAP,0.9903846153846154
59007,59007,100,5,7,180,0,192,185,7,0,0.026041666666666668,0.036458333333333336,0.9375,0.0,0.9635416666666666,0.036458333333333336,0.0,Hakeem S. Jeffries RECAP,0.9635416666666666
59008,59008,100,5,4,164,0,173,169,4,0,0.028901734104046242,0.023121387283236993,0.9479768786127167,0.0,0.976878612716763,0.023121387283236993,0.0,Hakeem S. Jeffries RECAP,0.976878612716763
59009,59009,100,0,0,3,0,3,3,0,0,0.0,0.0,1.0,0.0,1.0,0.0,0.0,Hakeem S. Jeffries RECAP,1.0
59010,59010,100,4,1,89,0,94,93,1,0,0.0425531914893617,0.010638297872340425,0.9468085106382979,0.0,0.9893617021276596,0.010638297872340425,0.0,Hakeem S. Jeffries RECAP,0.9893617021276596
59011,59011,100,6,10,197,0,213,203,10,0,0.028169014084507043,0.046948356807511735,0.9248826291079812,0.0,0.9530516431924883,0.046948356807511735,0.0,Hakeem S. Jeffries RECAP,0.9530516431924883
59012,59012,100,7,7,242,0,256,249,7,0,0.02734375,0.02734375,0.9453125,0.0,0.97265625,0.02734375,0.0,Hakeem S. Jeffries RECAP,0.97265625
59013,59013,100,12,5,187,0,204,199,5,0,0.058823529411764705,0.024509803921568627,0.9166666666666666,0.0,0.9754901960784313,0.024509803921568627,0.0,Hakeem S. Jeffries RECAP,0.9754901960784313
59014,59014,100,12,8,226,0,246,238,8,0,0.04878048780487805,0.032520325203252036,0.9186991869918699,0.0,0.967479674796748,0.032520325203252036,0.0,Hakeem S. Jeffries RECAP,0.967479674796748
59015,59015,100,9,3,252,0,264,261,3,0,0.03409090909090909,0.011363636363636364,0.9545454545454546,0.0,0.9886363636363636,0.011363636363636364,0.0,Hakeem S. Jeffries RECAP,0.9886363636363636
59016,59016,100,12,3,281,0,296,293,3,0,0.04054054054054054,0.010135135135135136,0.9493243243243243,0.0,0.9898648648648649,0.010135135135135136,0.0,Hakeem S. Jeffries RECAP,0.9898648648648649
59017,59017,100,3,4,241,0,248,244,4,0,0.012096774193548387,0.016129032258064516,0.9717741935483871,0.0,0.9838709677419355,0.016129032258064516,0.0,Hakeem S. Jeffries RECAP,0.9838709677419355
59018,59018,100,3,4,200,0,207,203,4,0,0.014492753623188406,0.01932367149758454,0.966183574879227,0.0,0.9806763285024155,0.01932367149758454,0.0,Hakeem S. Jeffries RECAP,0.9806763285024155
59019,59019,100,4,6,52,0,62,56,6,0,0.06451612903225806,0.0967741935483871,0.8387096774193549,0.0,0.9032258064516129,0.0967741935483871,0.0,Hakeem S. Jeffries RECAP,0.9032258064516129
59020,59020,100,6,5,161,0,172,167,5,0,0.03488372093023256,0.029069767441860465,0.936046511627907,0.0,0.9709302325581395,0.029069767441860465,0.0,Hakeem S. Jeffries RECAP,0.9709302325581395
59021,59021,100,5,11,183,0,199,188,11,0,0.02512562814070352,0.05527638190954774,0.9195979899497487,0.0,0.9447236180904522,0.05527638190954774,0.0,Hakeem S. Jeffries RECAP,0.9447236180904522
59022,59022,100,7,16,192,0,215,199,16,0,0.03255813953488372,0.07441860465116279,0.8930232558139535,0.0,0.9255813953488372,0.07441860465116279,0.0,Hakeem S. Jeffries RECAP,0.9255813953488372
59023,59023,100,7,11,100,0,118,107,11,0,0.059322033898305086,0.09322033898305085,0.847457627118644,0.0,0.9067796610169492,0.09322033898305085,0.0,Hakeem S. Jeffries RECAP,0.9067796610169492
59024,59024,100,14,9,182,0,205,196,9,0,0.06829268292682927,0.04390243902439024,0.8878048780487805,0.0,0.9560975609756097,0.04390243902439024,0.0,Hakeem S. Jeffries RECAP,0.9560975609756097
59025,59025,100,6,2,172,0,180,178,2,0,0.03333333333333333,0.011111111111111112,0.9555555555555556,0.0,0.9888888888888889,0.011111111111111112,0.0,Hakeem S. Jeffries RECAP,0.9888888888888889
59026,59026,100,11,34,266,0,311,277,34,0,0.03536977491961415,0.10932475884244373,0.8553054662379421,0.0,0.8906752411575563,0.10932475884244373,0.0,Hakeem S. Jeffries RECAP,0.8906752411575563
59027,59027,100,7,32,204,0,243,211,32,0,0.02880658436213992,0.13168724279835392,0.8395061728395061,0.0,0.8683127572016461,0.13168724279835392,0.0,Hakeem S. Jeffries RECAP,0.8683127572016461
59028,59028,100,7,35,157,2,201,164,35,2,0.03482587064676617,0.17412935323383086,0.7810945273631841,0.009950248756218905,0.8159203980099502,0.17412935323383086,0.009950248756218905,Hakeem S. Jeffries RECAP,0.8159203980099502
59029,59029,100,17,33,130,1,181,147,33,1,0.09392265193370165,0.18232044198895028,0.7182320441988951,0.0055248618784530384,0.8121546961325967,0.18232044198895028,0.0055248618784530384,Hakeem S. Jeffries RECAP,0.8121546961325967
59030,59030,100,8,27,162,0,197,170,27,0,0.04060913705583756,0.13705583756345177,0.8223350253807107,0.0,0.8629441624365483,0.13705583756345177,0.0,Hakeem S. Jeffries RECAP,0.8629441624365483
59031,59031,100,10,52,226,0,288,236,52,0,0.034722222222222224,0.18055555555555555,0.7847222222222222,0.0,0.8194444444444444,0.18055555555555555,0.0,Hakeem S. Jeffries RECAP,0.8194444444444444
59032,59032,100,6,24,178,0,208,184,24,0,0.028846153846153848,0.11538461538461539,0.8557692307692307,0.0,0.8846153846153846,0.11538461538461539,0.0,Hakeem S. Jeffries RECAP,0.8846153846153846
59033,59033,100,11,101,75,0,187,86,101,0,0.058823529411764705,0.5401069518716578,0.40106951871657753,0.0,0.45989304812834225,0.5401069518716578,0.0,Alan Bellone RECAP,0.5401069518716578
59036,59036,100,16,105,89,0,210,105,105,0,0.0761904761904762,0.5,0.4238095238095238,0.0,0.5,0.5,0.0,Tie,0.5
59037,59037,100,8,93,81,0,182,89,93,0,0.04395604395604396,0.510989010989011,0.44505494505494503,0.0,0.489010989010989,0.510989010989011,0.0,Alan Bellone RECAP,0.510989010989011
59038,59038,100,16,135,123,1,275,139,135,1,0.05818181818181818,0.4909090909090909,0.44727272727272727,0.0036363636363636364,0.5054545454545455,0.4909090909090909,0.0036363636363636364,Hakeem S. Jeffries RECAP,0.5054545454545455
59039,59039,100,10,97,72,0,179,82,97,0,0.055865921787709494,0.5418994413407822,0.4022346368715084,0.0,0.4581005586592179,0.5418994413407822,0.0,Alan Bellone RECAP,0.5418994413407822
59040,59040,100,20,140,114,0,274,134,140,0,0.072992700729927,0.5109489051094891,0.41605839416058393,0.0,0.48905109489051096,0.5109489051094891,0.0,Alan Bellone RECAP,0.5109489051094891
59041,59041,100,3,4,120,0,127,123,4,0,0.023622047244094488,0.031496062992125984,0.9448818897637795,0.0,0.968503937007874,0.031496062992125984,0.0,Hakeem S. Jeffries RECAP,0.968503937007874
59047,59047,100,3,9,176,0,188,179,9,0,0.015957446808510637,0.047872340425531915,0.9361702127659575,0.0,0.9521276595744681,0.047872340425531915,0.0,Hakeem S. Jeffries RECAP,0.9521276595744681
59048,59048,100,0,4,11,0,15,11,4,0,0.0,0.26666666666666666,0.7333333333333333,0.0,0.7333333333333333,0.26666666666666666,0.0,Hakeem S. Jeffries RECAP,0.7333333333333333
59049,59049,100,9,1,206,0,216,215,1,0,0.041666666666666664,0.004629629629629629,0.9537037037037037,0.0,0.9953703703703703,0.004629629629629629,0.0,Hakeem S. Jeffries RECAP,0.9953703703703703
59050,59050,100,13,45,150,0,208,163,45,0,0.0625,0.21634615384615385,0.7211538461538461,0.0,0.7836538461538461,0.21634615384615385,0.0,Hakeem S. Jeffries RECAP,0.7836538461538461
59051,59051,100,16,108,113,0,237,129,108,0,0.06751054852320675,0.45569620253164556,0.4767932489451477,0.0,0.5443037974683544,0.45569620253164556,0.0,Hakeem S. Jeffries RECAP,0.5443037974683544
59052,59052,100,5,117,96,0,218,101,117,0,0.022935779816513763,0.536697247706422,0.44036697247706424,0.0,0.463302752293578,0.536697247706422,0.0,Alan Bellone RECAP,0.536697247706422
59053,59053,100,6,110,86,0,202,92,110,0,0.0297029702970297,0.5445544554455446,0.42574257425742573,0.0,0.45544554455445546,0.5445544554455446,0.0,Alan Bellone RECAP,0.5445544554455446
59054,59054,100,3,50,72,0,125,75,50,0,0.024,0.4,0.576,0.0,0.6,0.4,0.0,Hakeem S. Jeffries RECAP,0.6
59055,59055,100,7,87,86,0,180,93,87,0,0.03888888888888889,0.48333333333333334,0.4777777777777778,0.0,0.5166666666666667,0.48333333333333334,0.0,Hakeem S. Jeffries RECAP,0.5166666666666667
59056,59056,100,10,38,188,0,236,198,38,0,0.0423728813559322,0.16101694915254236,0.7966101694915254,0.0,0.8389830508474576,0.16101694915254236,0.0,Hakeem S. Jeffries RECAP,0.8389830508474576
59057,59057,100,4,52,168,0,224,172,52,0,0.017857142857142856,0.23214285714285715,0.75,0.0,0.7678571428571429,0.23214285714285715,0.0,Hakeem S. Jeffries RECAP,0.7678571428571429
59058,59058,100,8,56,103,0,167,111,56,0,0.04790419161676647,0.33532934131736525,0.6167664670658682,0.0,0.6646706586826348,0.33532934131736525,0.0,Hakeem S. Jeffries RECAP,0.6646706586826348
59059,59059,100,13,84,112,0,209,125,84,0,0.06220095693779904,0.4019138755980861,0.5358851674641149,0.0,0.5980861244019139,0.4019138755980861,0.0,Hakeem S. Jeffries RECAP,0.5980861244019139
59060,59060,100,10,74,60,0,144,70,74,0,0.06944444444444445,0.5138888888888888,0.4166666666666667,0.0,0.4861111111111111,0.5138888888888888,0.0,Alan Bellone RECAP,0.5138888888888888
59061,59061,100,2,90,68,1,161,70,90,1,0.012422360248447204,0.5590062111801242,0.422360248447205,0.006211180124223602,0.43478260869565216,0.5590062111801242,0.006211180124223602,Alan Bellone RECAP,0.5590062111801242
59062,59062,100,3,66,39,0,108,42,66,0,0.027777777777777776,0.6111111111111112,0.3611111111111111,0.0,0.3888888888888889,0.6111111111111112,0.0,Alan Bellone RECAP,0.6111111111111112
59063,59063,100,4,6,104,0,114,108,6,0,0.03508771929824561,0.05263157894736842,0.9122807017543859,0.0,0.9473684210526315,0.05263157894736842,0.0,Hakeem S. Jeffries RECAP,0.9473684210526315
59064,59064,100,6,7,282,0,295,288,7,0,0.020338983050847456,0.023728813559322035,0.9559322033898305,0.0,0.976271186440678,0.023728813559322035,0.0,Hakeem S. Jeffries RECAP,0.976271186440678
59065,59065,100,13,4,251,0,268,264,4,0,0.048507462686567165,0.014925373134328358,0.9365671641791045,0.0,0.9850746268656716,0.014925373134328358,0.0,Hakeem S. Jeffries RECAP,0.9850746268656716
59066,59066,100,3,3,214,0,220,217,3,0,0.013636363636363636,0.013636363636363636,0.9727272727272728,0.0,0.9863636363636363,0.013636363636363636,0.0,Hakeem S. Jeffries RECAP,0.9863636363636363
59067,59067,100,10,13,243,0,266,253,13,0,0.03759398496240601,0.04887218045112782,0.9135338345864662,0.0,0.9511278195488722,0.04887218045112782,0.0,Hakeem S. Jeffries RECAP,0.9511278195488722
59068,59068,100,6,8,212,0,226,218,8,0,0.02654867256637168,0.035398230088495575,0.9380530973451328,0.0,0.9646017699115044,0.035398230088495575,0.0,Hakeem S. Jeffries RECAP,0.9646017699115044
59069,59069,100,5,6,257,1,269,262,6,1,0.01858736059479554,0.022304832713754646,0.9553903345724907,0.0037174721189591076,0.9739776951672863,0.022304832713754646,0.0037174721189591076,Hakeem S. Jeffries RECAP,0.9739776951672863
59070,59070,100,15,13,237,0,265,252,13,0,0.05660377358490566,0.04905660377358491,0.8943396226415095,0.0,0.9509433962264151,0.04905660377358491,0.0,Hakeem S. Jeffries RECAP,0.9509433962264151
59071,59071,100,4,3,247,0,254,251,3,0,0.015748031496062992,0.011811023622047244,0.9724409448818898,0.0,0.9881889763779528,0.011811023622047244,0.0,Hakeem S. Jeffries RECAP,0.9881889763779528
59072,59072,100,8,5,196,0,209,204,5,0,0.03827751196172249,0.023923444976076555,0.937799043062201,0.0,0.9760765550239234,0.023923444976076555,0.0,Hakeem S. Jeffries RECAP,0.9760765550239234
59073,59073,100,7,2,249,0,258,256,2,0,0.027131782945736434,0.007751937984496124,0.9651162790697675,0.0,0.9922480620155039,0.007751937984496124,0.0,Hakeem S. Jeffries RECAP,0.9922480620155039
59074,59074,100,8,5,213,0,226,221,5,0,0.035398230088495575,0.022123893805309734,0.9424778761061947,0.0,0.9778761061946902,0.022123893805309734,0.0,Hakeem S. Jeffries RECAP,0.9778761061946902
59075,59075,100,6,6,214,0,226,220,6,0,0.02654867256637168,0.02654867256637168,0.9469026548672567,0.0,0.9734513274336283,0.02654867256637168,0.0,Hakeem S. Jeffries RECAP,0.9734513274336283
59076,59076,100,5,3,249,0,257,254,3,0,0.019455252918287938,0.011673151750972763,0.9688715953307393,0.0,0.9883268482490273,0.011673151750972763,0.0,Hakeem S. Jeffries RECAP,0.9883268482490273
59077,59077,100,0,0,0,0,0,0,0,0,0,0,0,0,0,0,0,n/a,0
59078,59078,100,0,0,0,0,0,0,0,0,0,0,0,0,0,0,0,n/a,0
59079,59079,100,0,0,0,0,0,0,0,0,0,0,0,0,0,0,0,n/a,0
59080,59080,100,0,0,0,0,0,0,0,0,0,0,0,0,0,0,0,n/a,0
59081,59081,100,0,0,0,0,0,0,0,0,0,0,0,0,0,0,0,n/a,0
60001,60001,100,6,1,162,0,169,168,1,0,0.03550295857988166,0.005917159763313609,0.9585798816568047,0.0,0.9940828402366864,0.005917159763313609,0.0,Hakeem S. Jeffries RECAP,0.9940828402366864
60002,60002,100,12,1,171,0,184,183,1,0,0.06521739130434782,0.005434782608695652,0.9293478260869565,0.0,0.9945652173913043,0.005434782608695652,0.0,Hakeem S. Jeffries RECAP,0.9945652173913043
60003,60003,100,13,0,191,0,204,204,0,0,0.06372549019607843,0.0,0.9362745098039216,0.0,1.0,0.0,0.0,Hakeem S. Jeffries RECAP,1.0
60004,60004,100,2,5,129,0,136,131,5,0,0.014705882352941176,0.03676470588235294,0.9485294117647058,0.0,0.9632352941176471,0.03676470588235294,0.0,Hakeem S. Jeffries RECAP,0.9632352941176471
60005,60005,100,6,5,180,0,191,186,5,0,0.031413612565445025,0.02617801047120419,0.9424083769633508,0.0,0.9738219895287958,0.02617801047120419,0.0,Hakeem S. Jeffries RECAP,0.9738219895287958
60006,60006,100,3,0,45,0,48,48,0,0,0.0625,0.0,0.9375,0.0,1.0,0.0,0.0,Hakeem S. Jeffries RECAP,1.0
60007,60007,100,9,2,243,0,254,252,2,0,0.03543307086614173,0.007874015748031496,0.9566929133858267,0.0,0.9921259842519685,0.007874015748031496,0.0,Hakeem S. Jeffries RECAP,0.9921259842519685
60008,60008,100,9,1,252,0,262,261,1,0,0.03435114503816794,0.003816793893129771,0.9618320610687023,0.0,0.9961832061068703,0.003816793893129771,0.0,Hakeem S. Jeffries RECAP,0.9961832061068703
60009,60009,100,1,0,125,0,126,126,0,0,0.007936507936507936,0.0,0.9920634920634921,0.0,1.0,0.0,0.0,Hakeem S. Jeffries RECAP,1.0
60010,60010,100,5,0,104,0,109,109,0,0,0.045871559633027525,0.0,0.9541284403669725,0.0,1.0,0.0,0.0,Hakeem S. Jeffries RECAP,1.0
60011,60011,100,0,0,15,0,15,15,0,0,0.0,0.0,1.0,0.0,1.0,0.0,0.0,Hakeem S. Jeffries RECAP,1.0
60012,60012,100,8,2,97,0,107,105,2,0,0.07476635514018691,0.018691588785046728,0.9065420560747663,0.0,0.9813084112149533,0.018691588785046728,0.0,Hakeem S. Jeffries RECAP,0.9813084112149533
60013,60013,100,19,4,215,0,238,234,4,0,0.07983193277310924,0.01680672268907563,0.9033613445378151,0.0,0.9831932773109243,0.01680672268907563,0.0,Hakeem S. Jeffries RECAP,0.9831932773109243
60014,60014,100,9,3,214,0,226,223,3,0,0.03982300884955752,0.01327433628318584,0.9469026548672567,0.0,0.9867256637168141,0.01327433628318584,0.0,Hakeem S. Jeffries RECAP,0.9867256637168141
60015,60015,100,6,1,98,0,105,104,1,0,0.05714285714285714,0.009523809523809525,0.9333333333333333,0.0,0.9904761904761905,0.009523809523809525,0.0,Hakeem S. Jeffries RECAP,0.9904761904761905
60016,60016,100,1,0,65,0,66,66,0,0,0.015151515151515152,0.0,0.9848484848484849,0.0,1.0,0.0,0.0,Hakeem S. Jeffries RECAP,1.0
60017,60017,100,12,9,201,0,222,213,9,0,0.05405405405405406,0.04054054054054054,0.9054054054054054,0.0,0.9594594594594594,0.04054054054054054,0.0,Hakeem S. Jeffries RECAP,0.9594594594594594
60018,60018,100,3,3,103,0,109,106,3,0,0.027522935779816515,0.027522935779816515,0.944954128440367,0.0,0.9724770642201835,0.027522935779816515,0.0,Hakeem S. Jeffries RECAP,0.9724770642201835
60019,60019,100,2,0,53,0,55,55,0,0,0.03636363636363636,0.0,0.9636363636363636,0.0,1.0,0.0,0.0,Hakeem S. Jeffries RECAP,1.0
60020,60020,100,2,0,22,0,24,24,0,0,0.08333333333333333,0.0,0.9166666666666666,0.0,1.0,0.0,0.0,Hakeem S. Jeffries RECAP,1.0
60021,60021,100,11,1,147,0,159,158,1,0,0.06918238993710692,0.006289308176100629,0.9245283018867925,0.0,0.9937106918238994,0.006289308176100629,0.0,Hakeem S. Jeffries RECAP,0.9937106918238994
60022,60022,100,9,4,125,0,138,134,4,0,0.06521739130434782,0.028985507246376812,0.9057971014492754,0.0,0.9710144927536232,0.028985507246376812,0.0,Hakeem S. Jeffries RECAP,0.9710144927536232
60023,60023,100,0,0,33,0,33,33,0,0,0.0,0.0,1.0,0.0,1.0,0.0,0.0,Hakeem S. Jeffries RECAP,1.0
60024,60024,100,6,1,113,0,120,119,1,0,0.05,0.008333333333333333,0.9416666666666667,0.0,0.9916666666666667,0.008333333333333333,0.0,Hakeem S. Jeffries RECAP,0.9916666666666667
60025,60025,100,3,1,120,0,124,123,1,0,0.024193548387096774,0.008064516129032258,0.967741935483871,0.0,0.9919354838709677,0.008064516129032258,0.0,Hakeem S. Jeffries RECAP,0.9919354838709677
60026,60026,100,3,1,164,0,168,167,1,0,0.017857142857142856,0.005952380952380952,0.9761904761904762,0.0,0.9940476190476191,0.005952380952380952,0.0,Hakeem S. Jeffries RECAP,0.9940476190476191
60027,60027,100,12,0,145,0,157,157,0,0,0.07643312101910828,0.0,0.9235668789808917,0.0,1.0,0.0,0.0,Hakeem S. Jeffries RECAP,1.0
60028,60028,100,11,1,259,0,271,270,1,0,0.04059040590405904,0.0036900369003690036,0.955719557195572,0.0,0.996309963099631,0.0036900369003690036,0.0,Hakeem S. Jeffries RECAP,0.996309963099631
60029,60029,100,7,0,142,1,150,149,0,1,0.04666666666666667,0.0,0.9466666666666667,0.006666666666666667,0.9933333333333333,0.0,0.006666666666666667,Hakeem S. Jeffries RECAP,0.9933333333333333
60030,60030,100,5,0,95,0,100,100,0,0,0.05,0.0,0.95,0.0,1.0,0.0,0.0,Hakeem S. Jeffries RECAP,1.0
60031,60031,100,7,1,131,0,139,138,1,0,0.050359712230215826,0.007194244604316547,0.9424460431654677,0.0,0.9928057553956835,0.007194244604316547,0.0,Hakeem S. Jeffries RECAP,0.9928057553956835
60032,60032,100,7,2,181,0,190,188,2,0,0.03684210526315789,0.010526315789473684,0.9526315789473684,0.0,0.9894736842105263,0.010526315789473684,0.0,Hakeem S. Jeffries RECAP,0.9894736842105263
60033,60033,100,4,3,178,0,185,182,3,0,0.021621621621621623,0.016216216216216217,0.9621621621621622,0.0,0.9837837837837838,0.016216216216216217,0.0,Hakeem S. Jeffries RECAP,0.9837837837837838
60034,60034,100,6,4,211,1,222,217,4,1,0.02702702702702703,0.018018018018018018,0.9504504504504504,0.0045045045045045045,0.9774774774774775,0.018018018018018018,0.0045045045045045045,Hakeem S. Jeffries RECAP,0.9774774774774775
60035,60035,100,9,4,204,0,217,213,4,0,0.041474654377880185,0.018433179723502304,0.9400921658986175,0.0,0.9815668202764977,0.018433179723502304,0.0,Hakeem S. Jeffries RECAP,0.9815668202764977
60036,60036,100,11,2,217,1,231,228,2,1,0.047619047619047616,0.008658008658008658,0.9393939393939394,0.004329004329004329,0.987012987012987,0.008658008658008658,0.004329004329004329,Hakeem S. Jeffries RECAP,0.987012987012987
60037,60037,100,8,3,218,0,229,226,3,0,0.034934497816593885,0.013100436681222707,0.9519650655021834,0.0,0.9868995633187773,0.013100436681222707,0.0,Hakeem S. Jeffries RECAP,0.9868995633187773
60038,60038,100,5,1,118,0,124,123,1,0,0.04032258064516129,0.008064516129032258,0.9516129032258065,0.0,0.9919354838709677,0.008064516129032258,0.0,Hakeem S. Jeffries RECAP,0.9919354838709677
60039,60039,100,6,0,136,0,142,142,0,0,0.04225352112676056,0.0,0.9577464788732394,0.0,1.0,0.0,0.0,Hakeem S. Jeffries RECAP,1.0
60040,60040,100,4,3,154,0,161,158,3,0,0.024844720496894408,0.018633540372670808,0.9565217391304348,0.0,0.9813664596273292,0.018633540372670808,0.0,Hakeem S. Jeffries RECAP,0.9813664596273292
60041,60041,100,12,0,219,0,231,231,0,0,0.05194805194805195,0.0,0.948051948051948,0.0,1.0,0.0,0.0,Hakeem S. Jeffries RECAP,1.0
60042,60042,100,15,0,196,0,211,211,0,0,0.07109004739336493,0.0,0.9289099526066351,0.0,1.0,0.0,0.0,Hakeem S. Jeffries RECAP,1.0
60043,60043,100,9,2,181,0,192,190,2,0,0.046875,0.010416666666666666,0.9427083333333334,0.0,0.9895833333333334,0.010416666666666666,0.0,Hakeem S. Jeffries RECAP,0.9895833333333334
60044,60044,100,2,1,117,0,120,119,1,0,0.016666666666666666,0.008333333333333333,0.975,0.0,0.9916666666666667,0.008333333333333333,0.0,Hakeem S. Jeffries RECAP,0.9916666666666667
60048,60048,100,4,0,71,0,75,75,0,0,0.05333333333333334,0.0,0.9466666666666667,0.0,1.0,0.0,0.0,Hakeem S. Jeffries RECAP,1.0
60049,60049,100,5,0,146,0,151,151,0,0,0.033112582781456956,0.0,0.9668874172185431,0.0,1.0,0.0,0.0,Hakeem S. Jeffries RECAP,1.0
60050,60050,100,1,2,63,0,66,64,2,0,0.015151515151515152,0.030303030303030304,0.9545454545454546,0.0,0.9696969696969697,0.030303030303030304,0.0,Hakeem S. Jeffries RECAP,0.9696969696969697
60051,60051,100,15,0,216,0,231,231,0,0,0.06493506493506493,0.0,0.935064935064935,0.0,1.0,0.0,0.0,Hakeem S. Jeffries RECAP,1.0
60052,60052,100,4,2,105,0,111,109,2,0,0.036036036036036036,0.018018018018018018,0.9459459459459459,0.0,0.9819819819819819,0.018018018018018018,0.0,Hakeem S. Jeffries RECAP,0.9819819819819819
60053,60053,100,14,2,151,1,168,165,2,1,0.08333333333333333,0.011904761904761904,0.8988095238095238,0.005952380952380952,0.9821428571428571,0.011904761904761904,0.005952380952380952,Hakeem S. Jeffries RECAP,0.9821428571428571
60054,60054,100,7,0,178,2,187,185,0,2,0.0374331550802139,0.0,0.9518716577540107,0.0106951871657754,0.9893048128342246,0.0,0.0106951871657754,Hakeem S. Jeffries RECAP,0.9893048128342246
60055,60055,100,6,1,122,0,129,128,1,0,0.046511627906976744,0.007751937984496124,0.9457364341085271,0.0,0.9922480620155039,0.007751937984496124,0.0,Hakeem S. Jeffries RECAP,0.9922480620155039
60056,60056,100,5,3,171,0,179,176,3,0,0.027932960893854747,0.01675977653631285,0.9553072625698324,0.0,0.9832402234636871,0.01675977653631285,0.0,Hakeem S. Jeffries RECAP,0.9832402234636871
60057,60057,100,7,5,209,0,221,216,5,0,0.03167420814479638,0.02262443438914027,0.9457013574660633,0.0,0.9773755656108597,0.02262443438914027,0.0,Hakeem S. Jeffries RECAP,0.9773755656108597
60058,60058,100,4,2,117,1,124,121,2,1,0.03225806451612903,0.016129032258064516,0.9435483870967742,0.008064516129032258,0.9758064516129032,0.016129032258064516,0.008064516129032258,Hakeem S. Jeffries RECAP,0.9758064516129032
60059,60059,100,5,3,90,0,98,95,3,0,0.05102040816326531,0.030612244897959183,0.9183673469387755,0.0,0.9693877551020408,0.030612244897959183,0.0,Hakeem S. Jeffries RECAP,0.9693877551020408
60060,60060,100,3,1,105,0,109,108,1,0,0.027522935779816515,0.009174311926605505,0.963302752293578,0.0,0.9908256880733946,0.009174311926605505,0.0,Hakeem S. Jeffries RECAP,0.9908256880733946
60061,60061,100,3,4,149,0,156,152,4,0,0.019230769230769232,0.02564102564102564,0.9551282051282052,0.0,0.9743589743589743,0.02564102564102564,0.0,Hakeem S. Jeffries RECAP,0.9743589743589743
60062,60062,100,10,11,208,0,229,218,11,0,0.043668122270742356,0.048034934497816595,0.9082969432314411,0.0,0.9519650655021834,0.048034934497816595,0.0,Hakeem S. Jeffries RECAP,0.9519650655021834
60063,60063,100,5,2,211,0,218,216,2,0,0.022935779816513763,0.009174311926605505,0.9678899082568807,0.0,0.9908256880733946,0.009174311926605505,0.0,Hakeem S. Jeffries RECAP,0.9908256880733946
60064,60064,100,16,3,199,0,218,215,3,0,0.07339449541284404,0.013761467889908258,0.9128440366972477,0.0,0.9862385321100917,0.013761467889908258,0.0,Hakeem S. Jeffries RECAP,0.9862385321100917
60065,60065,100,10,1,191,0,202,201,1,0,0.04950495049504951,0.0049504950495049506,0.9455445544554455,0.0,0.995049504950495,0.0049504950495049506,0.0,Hakeem S. Jeffries RECAP,0.995049504950495
60066,60066,100,3,2,84,0,89,87,2,0,0.033707865168539325,0.02247191011235955,0.9438202247191011,0.0,0.9775280898876404,0.02247191011235955,0.0,Hakeem S. Jeffries RECAP,0.9775280898876404
60067,60067,100,0,3,106,0,109,106,3,0,0.0,0.027522935779816515,0.9724770642201835,0.0,0.9724770642201835,0.027522935779816515,0.0,Hakeem S. Jeffries RECAP,0.9724770642201835
60068,60068,100,6,3,108,0,117,114,3,0,0.05128205128205128,0.02564102564102564,0.9230769230769231,0.0,0.9743589743589743,0.02564102564102564,0.0,Hakeem S. Jeffries RECAP,0.9743589743589743
60069,60069,100,3,3,36,0,42,39,3,0,0.07142857142857142,0.07142857142857142,0.8571428571428571,0.0,0.9285714285714286,0.07142857142857142,0.0,Hakeem S. Jeffries RECAP,0.9285714285714286
60070,60070,100,5,1,74,0,80,79,1,0,0.0625,0.0125,0.925,0.0,0.9875,0.0125,0.0,Hakeem S. Jeffries RECAP,0.9875
60071,60071,100,7,2,132,0,141,139,2,0,0.04964539007092199,0.014184397163120567,0.9361702127659575,0.0,0.9858156028368794,0.014184397163120567,0.0,Hakeem S. Jeffries RECAP,0.9858156028368794
60072,60072,100,9,0,165,0,174,174,0,0,0.05172413793103448,0.0,0.9482758620689655,0.0,1.0,0.0,0.0,Hakeem S. Jeffries RECAP,1.0
60073,60073,100,2,0,127,0,129,129,0,0,0.015503875968992248,0.0,0.9844961240310077,0.0,1.0,0.0,0.0,Hakeem S. Jeffries RECAP,1.0
60074,60074,100,7,11,271,1,290,278,11,1,0.02413793103448276,0.03793103448275862,0.9344827586206896,0.0034482758620689655,0.9586206896551724,0.03793103448275862,0.0034482758620689655,Hakeem S. Jeffries RECAP,0.9586206896551724
60075,60075,100,11,4,242,0,257,253,4,0,0.042801556420233464,0.01556420233463035,0.9416342412451362,0.0,0.9844357976653697,0.01556420233463035,0.0,Hakeem S. Jeffries RECAP,0.9844357976653697
60076,60076,100,7,11,150,0,168,157,11,0,0.041666666666666664,0.06547619047619048,0.8928571428571429,0.0,0.9345238095238095,0.06547619047619048,0.0,Hakeem S. Jeffries RECAP,0.9345238095238095
60077,60077,100,13,4,158,0,175,171,4,0,0.07428571428571429,0.022857142857142857,0.9028571428571428,0.0,0.9771428571428571,0.022857142857142857,0.0,Hakeem S. Jeffries RECAP,0.9771428571428571
60078,60078,100,5,10,203,0,218,208,10,0,0.022935779816513763,0.045871559633027525,0.9311926605504587,0.0,0.9541284403669725,0.045871559633027525,0.0,Hakeem S. Jeffries RECAP,0.9541284403669725
60079,60079,100,6,3,139,0,148,145,3,0,0.04054054054054054,0.02027027027027027,0.9391891891891891,0.0,0.9797297297297297,0.02027027027027027,0.0,Hakeem S. Jeffries RECAP,0.9797297297297297
60080,60080,100,6,1,194,0,201,200,1,0,0.029850746268656716,0.004975124378109453,0.9651741293532339,0.0,0.9950248756218906,0.004975124378109453,0.0,Hakeem S. Jeffries RECAP,0.9950248756218906
60081,60081,100,11,1,225,0,237,236,1,0,0.046413502109704644,0.004219409282700422,0.9493670886075949,0.0,0.9957805907172996,0.004219409282700422,0.0,Hakeem S. Jeffries RECAP,0.9957805907172996
60082,60082,100,19,2,345,0,366,364,2,0,0.05191256830601093,0.00546448087431694,0.9426229508196722,0.0,0.994535519125683,0.00546448087431694,0.0,Hakeem S. Jeffries RECAP,0.994535519125683
60083,60083,100,15,8,298,0,321,313,8,0,0.04672897196261682,0.024922118380062305,0.9283489096573209,0.0,0.9750778816199377,0.024922118380062305,0.0,Hakeem S. Jeffries RECAP,0.9750778816199377
60084,60084,100,2,0,99,0,101,101,0,0,0.019801980198019802,0.0,0.9801980198019802,0.0,1.0,0.0,0.0,Hakeem S. Jeffries RECAP,1.0
60085,60085,100,7,4,186,0,197,193,4,0,0.03553299492385787,0.02030456852791878,0.9441624365482234,0.0,0.9796954314720813,0.02030456852791878,0.0,Hakeem S. Jeffries RECAP,0.9796954314720813
60086,60086,100,3,1,81,0,85,84,1,0,0.03529411764705882,0.011764705882352941,0.9529411764705882,0.0,0.9882352941176471,0.011764705882352941,0.0,Hakeem S. Jeffries RECAP,0.9882352941176471
23044,23044,100,4,80,79,0,163,83,80,0,0.024539877300613498,0.49079754601226994,0.48466257668711654,0.0,0.50920245398773,0.49079754601226994,0.0,Hakeem S. Jeffries RECAP,0.50920245398773
23045,23045,100,7,107,94,0,208,101,107,0,0.03365384615384615,0.5144230769230769,0.4519230769230769,0.0,0.4855769230769231,0.5144230769230769,0.0,Alan Bellone RECAP,0.5144230769230769
23046,23046,100,10,116,77,0,203,87,116,0,0.04926108374384237,0.5714285714285714,0.3793103448275862,0.0,0.42857142857142855,0.5714285714285714,0.0,Alan Bellone RECAP,0.5714285714285714
23047,23047,100,6,56,56,0,118,62,56,0,0.05084745762711865,0.4745762711864407,0.4745762711864407,0.0,0.5254237288135594,0.4745762711864407,0.0,Hakeem S. Jeffries RECAP,0.5254237288135594
23048,23048,100,6,40,64,0,110,70,40,0,0.05454545454545454,0.36363636363636365,0.5818181818181818,0.0,0.6363636363636364,0.36363636363636365,0.0,Hakeem S. Jeffries RECAP,0.6363636363636364
23049,23049,100,8,113,99,2,222,107,113,2,0.036036036036036036,0.509009009009009,0.44594594594594594,0.009009009009009009,0.481981981981982,0.509009009009009,0.009009009009009009,Alan Bellone RECAP,0.509009009009009
23050,23050,100,12,92,122,0,226,134,92,0,0.05309734513274336,0.40707964601769914,0.5398230088495575,0.0,0.5929203539823009,0.40707964601769914,0.0,Hakeem S. Jeffries RECAP,0.5929203539823009
23051,23051,100,6,128,82,0,216,88,128,0,0.027777777777777776,0.5925925925925926,0.37962962962962965,0.0,0.4074074074074074,0.5925925925925926,0.0,Alan Bellone RECAP,0.5925925925925926
23052,23052,100,5,68,49,1,123,54,68,1,0.04065040650406504,0.5528455284552846,0.3983739837398374,0.008130081300813009,0.43902439024390244,0.5528455284552846,0.008130081300813009,Alan Bellone RECAP,0.5528455284552846
23053,23053,100,9,43,113,0,165,122,43,0,0.05454545454545454,0.2606060606060606,0.6848484848484848,0.0,0.7393939393939394,0.2606060606060606,0.0,Hakeem S. Jeffries RECAP,0.7393939393939394
23054,23054,100,17,70,105,1,193,122,70,1,0.08808290155440414,0.3626943005181347,0.5440414507772021,0.0051813471502590676,0.6321243523316062,0.3626943005181347,0.0051813471502590676,Hakeem S. Jeffries RECAP,0.6321243523316062
23055,23055,100,2,8,35,0,45,37,8,0,0.044444444444444446,0.17777777777777778,0.7777777777777778,0.0,0.8222222222222222,0.17777777777777778,0.0,Hakeem S. Jeffries RECAP,0.8222222222222222
23056,23056,100,13,27,111,0,151,124,27,0,0.08609271523178808,0.17880794701986755,0.7350993377483444,0.0,0.8211920529801324,0.17880794701986755,0.0,Hakeem S. Jeffries RECAP,0.8211920529801324
23057,23057,100,8,54,123,0,185,131,54,0,0.043243243243243246,0.2918918918918919,0.6648648648648648,0.0,0.7081081081081081,0.2918918918918919,0.0,Hakeem S. Jeffries RECAP,0.7081081081081081
23058,23058,100,9,41,127,0,177,136,41,0,0.05084745762711865,0.23163841807909605,0.7175141242937854,0.0,0.768361581920904,0.23163841807909605,0.0,Hakeem S. Jeffries RECAP,0.768361581920904
23059,23059,100,3,25,117,0,145,120,25,0,0.020689655172413793,0.1724137931034483,0.8068965517241379,0.0,0.8275862068965517,0.1724137931034483,0.0,Hakeem S. Jeffries RECAP,0.8275862068965517
23060,23060,100,6,23,74,0,103,80,23,0,0.05825242718446602,0.22330097087378642,0.7184466019417476,0.0,0.7766990291262136,0.22330097087378642,0.0,Hakeem S. Jeffries RECAP,0.7766990291262136
23061,23061,100,12,67,154,0,233,166,67,0,0.05150214592274678,0.2875536480686695,0.6609442060085837,0.0,0.7124463519313304,0.2875536480686695,0.0,Hakeem S. Jeffries RECAP,0.7124463519313304
23062,23062,100,12,98,195,0,305,207,98,0,0.03934426229508197,0.32131147540983607,0.639344262295082,0.0,0.6786885245901639,0.32131147540983607,0.0,Hakeem S. Jeffries RECAP,0.6786885245901639
23063,23063,100,20,76,196,0,292,216,76,0,0.0684931506849315,0.2602739726027397,0.6712328767123288,0.0,0.7397260273972602,0.2602739726027397,0.0,Hakeem S. Jeffries RECAP,0.7397260273972602
23064,23064,100,12,119,183,0,314,195,119,0,0.03821656050955414,0.37898089171974525,0.5828025477707006,0.0,0.6210191082802548,0.37898089171974525,0.0,Hakeem S. Jeffries RECAP,0.6210191082802548
23065,23065,100,10,58,121,0,189,131,58,0,0.05291005291005291,0.30687830687830686,0.6402116402116402,0.0,0.6931216931216931,0.30687830687830686,0.0,Hakeem S. Jeffries RECAP,0.6931216931216931
23066,23066,100,4,4,73,0,81,77,4,0,0.04938271604938271,0.04938271604938271,0.9012345679012346,0.0,0.9506172839506173,0.04938271604938271,0.0,Hakeem S. Jeffries RECAP,0.9506172839506173
23067,23067,100,0,5,65,0,70,65,5,0,0.0,0.07142857142857142,0.9285714285714286,0.0,0.9285714285714286,0.07142857142857142,0.0,Hakeem S. Jeffries RECAP,0.9285714285714286
23075,23075,100,0,0,0,0,0,0,0,0,0,0,0,0,0,0,0,n/a,0
38035,38035,100,0,0,21,1,22,21,0,1,0.0,0.0,0.9545454545454546,0.045454545454545456,0.9545454545454546,0.0,0.045454545454545456,Hakeem S. Jeffries RECAP,0.9545454545454546
