ED,Reported As,Reporting,Diane J. Savino (Democratic),Diane J. Savino (Independence),Scattered,Total Votes,Diane J. Savino RECAP,Scattered RECAP,p_Diane J. Savino (Democratic),p_Diane J. Savino (Independence),p_Scattered,p_Diane J. Savino RECAP,p_Scattered RECAP,winner,winner_p
41044,41044,100,47,12,1,60,59,1,0.7833333333333333,0.2,0.016666666666666666,0.9833333333333333,0.016666666666666666,Diane J. Savino RECAP,0.9833333333333333
41085,41085,100,85,7,0,92,92,0,0.9239130434782609,0.07608695652173914,0.0,1.0,0.0,Diane J. Savino RECAP,1.0
41087,41087,100,79,18,2,99,97,2,0.797979797979798,0.18181818181818182,0.020202020202020204,0.9797979797979798,0.020202020202020204,Diane J. Savino RECAP,0.9797979797979798
41088,41088,100,61,18,1,80,79,1,0.7625,0.225,0.0125,0.9875,0.0125,Diane J. Savino RECAP,0.9875
41089,41089,100,68,15,0,83,83,0,0.8192771084337349,0.18072289156626506,0.0,1.0,0.0,Diane J. Savino RECAP,1.0
45040,45040,100,113,22,1,136,135,1,0.8308823529411765,0.16176470588235295,0.007352941176470588,0.9926470588235294,0.007352941176470588,Diane J. Savino RECAP,0.9926470588235294
45042,45042,100,94,17,1,112,111,1,0.8392857142857143,0.15178571428571427,0.008928571428571428,0.9910714285714286,0.008928571428571428,Diane J. Savino RECAP,0.9910714285714286
45043,45043,100,118,15,2,135,133,2,0.8740740740740741,0.1111111111111111,0.014814814814814815,0.9851851851851852,0.014814814814814815,Diane J. Savino RECAP,0.9851851851851852
45044,45044,100,31,6,0,37,37,0,0.8378378378378378,0.16216216216216217,0.0,1.0,0.0,Diane J. Savino RECAP,1.0
45045,45045,100,176,3,0,179,179,0,0.9832402234636871,0.01675977653631285,0.0,1.0,0.0,Diane J. Savino RECAP,1.0
45046,45046,100,191,3,2,196,194,2,0.9744897959183674,0.015306122448979591,0.01020408163265306,0.9897959183673469,0.01020408163265306,Diane J. Savino RECAP,0.9897959183673469
45047,45047,100,10,0,0,10,10,0,1.0,0.0,0.0,1.0,0.0,Diane J. Savino RECAP,1.0
45048,45048,100,171,41,1,213,212,1,0.8028169014084507,0.19248826291079812,0.004694835680751174,0.9953051643192489,0.004694835680751174,Diane J. Savino RECAP,0.9953051643192489
45050,45050,100,116,19,0,135,135,0,0.8592592592592593,0.14074074074074075,0.0,1.0,0.0,Diane J. Savino RECAP,1.0
45053,45053,100,76,14,1,91,90,1,0.8351648351648352,0.15384615384615385,0.01098901098901099,0.989010989010989,0.01098901098901099,Diane J. Savino RECAP,0.989010989010989
45054,45054,100,54,9,1,64,63,1,0.84375,0.140625,0.015625,0.984375,0.015625,Diane J. Savino RECAP,0.984375
45058,45058,100,52,11,4,67,63,4,0.7761194029850746,0.16417910447761194,0.05970149253731343,0.9402985074626866,0.05970149253731343,Diane J. Savino RECAP,0.9402985074626866
45059,45059,100,68,16,0,84,84,0,0.8095238095238095,0.19047619047619047,0.0,1.0,0.0,Diane J. Savino RECAP,1.0
45060,45060,100,73,4,0,77,77,0,0.948051948051948,0.05194805194805195,0.0,1.0,0.0,Diane J. Savino RECAP,1.0
45061,45061,100,38,5,0,43,43,0,0.8837209302325582,0.11627906976744186,0.0,1.0,0.0,Diane J. Savino RECAP,1.0
45062,45062,100,95,10,0,105,105,0,0.9047619047619048,0.09523809523809523,0.0,1.0,0.0,Diane J. Savino RECAP,1.0
45063,45063,100,47,2,1,50,49,1,0.94,0.04,0.02,0.98,0.02,Diane J. Savino RECAP,0.98
45064,45064,100,99,14,0,113,113,0,0.8761061946902655,0.12389380530973451,0.0,1.0,0.0,Diane J. Savino RECAP,1.0
45065,45065,100,55,11,0,66,66,0,0.8333333333333334,0.16666666666666666,0.0,1.0,0.0,Diane J. Savino RECAP,1.0
45066,45066,100,93,16,1,110,109,1,0.8454545454545455,0.14545454545454545,0.00909090909090909,0.990909090909091,0.00909090909090909,Diane J. Savino RECAP,0.990909090909091
45067,45067,100,47,15,0,62,62,0,0.7580645161290323,0.24193548387096775,0.0,1.0,0.0,Diane J. Savino RECAP,1.0
45073,45073,100,57,13,1,71,70,1,0.8028169014084507,0.18309859154929578,0.014084507042253521,0.9859154929577465,0.014084507042253521,Diane J. Savino RECAP,0.9859154929577465
45074,45074,100,89,32,1,122,121,1,0.7295081967213115,0.26229508196721313,0.00819672131147541,0.9918032786885246,0.00819672131147541,Diane J. Savino RECAP,0.9918032786885246
45075,45075,100,110,23,0,133,133,0,0.8270676691729323,0.17293233082706766,0.0,1.0,0.0,Diane J. Savino RECAP,1.0
45076,45076,100,0,0,0,0,0,0,0,0,0,0,0,n/a,0
46001,46001,100,93,18,0,111,111,0,0.8378378378378378,0.16216216216216217,0.0,1.0,0.0,Diane J. Savino RECAP,1.0
46002,46002,100,117,12,0,129,129,0,0.9069767441860465,0.09302325581395349,0.0,1.0,0.0,Diane J. Savino RECAP,1.0
46003,46003,100,42,4,0,46,46,0,0.9130434782608695,0.08695652173913043,0.0,1.0,0.0,Diane J. Savino RECAP,1.0
46004,46004,100,173,4,0,177,177,0,0.9774011299435028,0.022598870056497175,0.0,1.0,0.0,Diane J. Savino RECAP,1.0
46005,46005,100,163,5,0,168,168,0,0.9702380952380952,0.02976190476190476,0.0,1.0,0.0,Diane J. Savino RECAP,1.0
46006,46006,100,70,2,0,72,72,0,0.9722222222222222,0.027777777777777776,0.0,1.0,0.0,Diane J. Savino RECAP,1.0
46007,46007,100,178,9,1,188,187,1,0.9468085106382979,0.047872340425531915,0.005319148936170213,0.9946808510638298,0.005319148936170213,Diane J. Savino RECAP,0.9946808510638298
46008,46008,100,172,8,0,180,180,0,0.9555555555555556,0.044444444444444446,0.0,1.0,0.0,Diane J. Savino RECAP,1.0
46009,46009,100,134,2,0,136,136,0,0.9852941176470589,0.014705882352941176,0.0,1.0,0.0,Diane J. Savino RECAP,1.0
46010,46010,100,147,2,0,149,149,0,0.9865771812080537,0.013422818791946308,0.0,1.0,0.0,Diane J. Savino RECAP,1.0
46011,46011,100,208,10,0,218,218,0,0.9541284403669725,0.045871559633027525,0.0,1.0,0.0,Diane J. Savino RECAP,1.0
46012,46012,100,156,1,0,157,157,0,0.9936305732484076,0.006369426751592357,0.0,1.0,0.0,Diane J. Savino RECAP,1.0
46013,46013,100,113,2,0,115,115,0,0.9826086956521739,0.017391304347826087,0.0,1.0,0.0,Diane J. Savino RECAP,1.0
46014,46014,100,139,6,0,145,145,0,0.9586206896551724,0.041379310344827586,0.0,1.0,0.0,Diane J. Savino RECAP,1.0
46015,46015,100,130,3,0,133,133,0,0.9774436090225563,0.022556390977443608,0.0,1.0,0.0,Diane J. Savino RECAP,1.0
46016,46016,100,104,9,0,113,113,0,0.9203539823008849,0.07964601769911504,0.0,1.0,0.0,Diane J. Savino RECAP,1.0
46017,46017,100,78,12,1,91,90,1,0.8571428571428571,0.13186813186813187,0.01098901098901099,0.989010989010989,0.01098901098901099,Diane J. Savino RECAP,0.989010989010989
46018,46018,100,97,15,0,112,112,0,0.8660714285714286,0.13392857142857142,0.0,1.0,0.0,Diane J. Savino RECAP,1.0
46019,46019,100,120,23,4,147,143,4,0.8163265306122449,0.1564625850340136,0.027210884353741496,0.9727891156462585,0.027210884353741496,Diane J. Savino RECAP,0.9727891156462585
46020,46020,100,96,19,1,116,115,1,0.8275862068965517,0.16379310344827586,0.008620689655172414,0.9913793103448276,0.008620689655172414,Diane J. Savino RECAP,0.9913793103448276
46021,46021,100,96,25,0,121,121,0,0.7933884297520661,0.2066115702479339,0.0,1.0,0.0,Diane J. Savino RECAP,1.0
46022,46022,100,103,16,0,119,119,0,0.865546218487395,0.13445378151260504,0.0,1.0,0.0,Diane J. Savino RECAP,1.0
46023,46023,100,70,20,0,90,90,0,0.7777777777777778,0.2222222222222222,0.0,1.0,0.0,Diane J. Savino RECAP,1.0
46024,46024,100,104,15,1,120,119,1,0.8666666666666667,0.125,0.008333333333333333,0.9916666666666667,0.008333333333333333,Diane J. Savino RECAP,0.9916666666666667
46025,46025,100,114,15,1,130,129,1,0.8769230769230769,0.11538461538461539,0.007692307692307693,0.9923076923076923,0.007692307692307693,Diane J. Savino RECAP,0.9923076923076923
46026,46026,100,127,22,1,150,149,1,0.8466666666666667,0.14666666666666667,0.006666666666666667,0.9933333333333333,0.006666666666666667,Diane J. Savino RECAP,0.9933333333333333
46027,46027,100,102,19,2,123,121,2,0.8292682926829268,0.15447154471544716,0.016260162601626018,0.983739837398374,0.016260162601626018,Diane J. Savino RECAP,0.983739837398374
46028,46028,100,95,18,2,115,113,2,0.8260869565217391,0.1565217391304348,0.017391304347826087,0.9826086956521739,0.017391304347826087,Diane J. Savino RECAP,0.9826086956521739
46029,46029,100,107,24,1,132,131,1,0.8106060606060606,0.18181818181818182,0.007575757575757576,0.9924242424242424,0.007575757575757576,Diane J. Savino RECAP,0.9924242424242424
46030,46030,100,95,17,1,113,112,1,0.8407079646017699,0.1504424778761062,0.008849557522123894,0.9911504424778761,0.008849557522123894,Diane J. Savino RECAP,0.9911504424778761
46032,46032,100,67,1,0,68,68,0,0.9852941176470589,0.014705882352941176,0.0,1.0,0.0,Diane J. Savino RECAP,1.0
46033,46033,100,132,6,1,139,138,1,0.9496402877697842,0.04316546762589928,0.007194244604316547,0.9928057553956835,0.007194244604316547,Diane J. Savino RECAP,0.9928057553956835
46037,46037,100,0,0,0,0,0,0,0,0,0,0,0,n/a,0
46038,46038,100,128,22,2,152,150,2,0.8421052631578947,0.14473684210526316,0.013157894736842105,0.9868421052631579,0.013157894736842105,Diane J. Savino RECAP,0.9868421052631579
46039,46039,100,100,13,1,114,113,1,0.8771929824561403,0.11403508771929824,0.008771929824561403,0.9912280701754386,0.008771929824561403,Diane J. Savino RECAP,0.9912280701754386
46040,46040,100,34,7,0,41,41,0,0.8292682926829268,0.17073170731707318,0.0,1.0,0.0,Diane J. Savino RECAP,1.0
46043,46043,100,99,15,0,114,114,0,0.868421052631579,0.13157894736842105,0.0,1.0,0.0,Diane J. Savino RECAP,1.0
46044,46044,100,87,27,0,114,114,0,0.7631578947368421,0.23684210526315788,0.0,1.0,0.0,Diane J. Savino RECAP,1.0
46045,46045,100,94,13,0,107,107,0,0.8785046728971962,0.12149532710280374,0.0,1.0,0.0,Diane J. Savino RECAP,1.0
46046,46046,100,50,17,1,68,67,1,0.7352941176470589,0.25,0.014705882352941176,0.9852941176470589,0.014705882352941176,Diane J. Savino RECAP,0.9852941176470589
46073,46073,100,68,13,0,81,81,0,0.8395061728395061,0.16049382716049382,0.0,1.0,0.0,Diane J. Savino RECAP,1.0
46075,46075,100,0,0,0,0,0,0,0,0,0,0,0,n/a,0
46076,46075,100,0,0,0,0,0,0,0,0,0,0,0,n/a,0
46077,46077,100,0,0,0,0,0,0,0,0,0,0,0,n/a,0
47004,47004,100,3,0,0,3,3,0,1.0,0.0,0.0,1.0,0.0,Diane J. Savino RECAP,1.0
47011,47011,100,81,18,0,99,99,0,0.8181818181818182,0.18181818181818182,0.0,1.0,0.0,Diane J. Savino RECAP,1.0
47012,47012,100,82,14,0,96,96,0,0.8541666666666666,0.14583333333333334,0.0,1.0,0.0,Diane J. Savino RECAP,1.0
47013,47013,100,122,22,0,144,144,0,0.8472222222222222,0.1527777777777778,0.0,1.0,0.0,Diane J. Savino RECAP,1.0
47014,47014,100,119,26,4,149,145,4,0.7986577181208053,0.174496644295302,0.026845637583892617,0.9731543624161074,0.026845637583892617,Diane J. Savino RECAP,0.9731543624161074
47015,47015,100,137,20,0,157,157,0,0.8726114649681529,0.12738853503184713,0.0,1.0,0.0,Diane J. Savino RECAP,1.0
47016,47016,100,67,6,2,75,73,2,0.8933333333333333,0.08,0.02666666666666667,0.9733333333333334,0.02666666666666667,Diane J. Savino RECAP,0.9733333333333334
47017,47017,100,87,9,2,98,96,2,0.8877551020408163,0.09183673469387756,0.02040816326530612,0.9795918367346939,0.02040816326530612,Diane J. Savino RECAP,0.9795918367346939
47018,47018,100,107,16,3,126,123,3,0.8492063492063492,0.12698412698412698,0.023809523809523808,0.9761904761904762,0.023809523809523808,Diane J. Savino RECAP,0.9761904761904762
47035,47035,100,1,0,0,1,1,0,1.0,0.0,0.0,1.0,0.0,Diane J. Savino RECAP,1.0
47036,47036,100,72,6,1,79,78,1,0.9113924050632911,0.0759493670886076,0.012658227848101266,0.9873417721518988,0.012658227848101266,Diane J. Savino RECAP,0.9873417721518988
47037,47037,100,44,5,0,49,49,0,0.8979591836734694,0.10204081632653061,0.0,1.0,0.0,Diane J. Savino RECAP,1.0
47040,47040,100,36,3,0,39,39,0,0.9230769230769231,0.07692307692307693,0.0,1.0,0.0,Diane J. Savino RECAP,1.0
47041,47041,100,110,12,0,122,122,0,0.9016393442622951,0.09836065573770492,0.0,1.0,0.0,Diane J. Savino RECAP,1.0
47042,47042,100,29,5,2,36,34,2,0.8055555555555556,0.1388888888888889,0.05555555555555555,0.9444444444444444,0.05555555555555555,Diane J. Savino RECAP,0.9444444444444444
47053,47053,100,125,2,0,127,127,0,0.984251968503937,0.015748031496062992,0.0,1.0,0.0,Diane J. Savino RECAP,1.0
47054,47054,100,107,1,1,109,108,1,0.981651376146789,0.009174311926605505,0.009174311926605505,0.9908256880733946,0.009174311926605505,Diane J. Savino RECAP,0.9908256880733946
47057,47057,100,170,17,2,189,187,2,0.8994708994708994,0.08994708994708994,0.010582010582010581,0.9894179894179894,0.010582010582010581,Diane J. Savino RECAP,0.9894179894179894
47058,47058,100,85,10,2,97,95,2,0.8762886597938144,0.10309278350515463,0.020618556701030927,0.979381443298969,0.020618556701030927,Diane J. Savino RECAP,0.979381443298969
47059,47059,100,113,5,0,118,118,0,0.9576271186440678,0.0423728813559322,0.0,1.0,0.0,Diane J. Savino RECAP,1.0
47060,47060,100,53,3,0,56,56,0,0.9464285714285714,0.05357142857142857,0.0,1.0,0.0,Diane J. Savino RECAP,1.0
47061,47061,100,84,10,2,96,94,2,0.875,0.10416666666666667,0.020833333333333332,0.9791666666666666,0.020833333333333332,Diane J. Savino RECAP,0.9791666666666666
47062,47062,100,70,19,2,91,89,2,0.7692307692307693,0.2087912087912088,0.02197802197802198,0.978021978021978,0.02197802197802198,Diane J. Savino RECAP,0.978021978021978
47063,47063,100,102,20,2,124,122,2,0.8225806451612904,0.16129032258064516,0.016129032258064516,0.9838709677419355,0.016129032258064516,Diane J. Savino RECAP,0.9838709677419355
47064,47064,100,84,20,1,105,104,1,0.8,0.19047619047619047,0.009523809523809525,0.9904761904761905,0.009523809523809525,Diane J. Savino RECAP,0.9904761904761905
47068,47068,100,29,4,1,34,33,1,0.8529411764705882,0.11764705882352941,0.029411764705882353,0.9705882352941176,0.029411764705882353,Diane J. Savino RECAP,0.9705882352941176
47070,47070,100,0,0,0,0,0,0,0,0,0,0,0,n/a,0
49015,49015,100,0,0,0,0,0,0,0,0,0,0,0,n/a,0
49034,49034,100,26,2,0,28,28,0,0.9285714285714286,0.07142857142857142,0.0,1.0,0.0,Diane J. Savino RECAP,1.0
49036,49036,100,32,6,0,38,38,0,0.8421052631578947,0.15789473684210525,0.0,1.0,0.0,Diane J. Savino RECAP,1.0
49044,49044,100,27,7,1,35,34,1,0.7714285714285715,0.2,0.02857142857142857,0.9714285714285714,0.02857142857142857,Diane J. Savino RECAP,0.9714285714285714
49055,49055,100,25,5,0,30,30,0,0.8333333333333334,0.16666666666666666,0.0,1.0,0.0,Diane J. Savino RECAP,1.0
49065,49065,100,0,0,0,0,0,0,0,0,0,0,0,n/a,0
51024,51024,100,116,18,0,134,134,0,0.8656716417910447,0.13432835820895522,0.0,1.0,0.0,Diane J. Savino RECAP,1.0
51025,51025,100,1,0,0,1,1,0,1.0,0.0,0.0,1.0,0.0,Diane J. Savino RECAP,1.0
51026,51026,100,141,21,1,163,162,1,0.8650306748466258,0.12883435582822086,0.006134969325153374,0.9938650306748467,0.006134969325153374,Diane J. Savino RECAP,0.9938650306748467
51027,51027,100,49,2,0,51,51,0,0.9607843137254902,0.0392156862745098,0.0,1.0,0.0,Diane J. Savino RECAP,1.0
51047,51047,100,56,6,1,63,62,1,0.8888888888888888,0.09523809523809523,0.015873015873015872,0.9841269841269841,0.015873015873015872,Diane J. Savino RECAP,0.9841269841269841
51056,51056,100,5,0,0,5,5,0,1.0,0.0,0.0,1.0,0.0,Diane J. Savino RECAP,1.0
51057,51057,100,17,1,0,18,18,0,0.9444444444444444,0.05555555555555555,0.0,1.0,0.0,Diane J. Savino RECAP,1.0
51058,51058,100,26,6,0,32,32,0,0.8125,0.1875,0.0,1.0,0.0,Diane J. Savino RECAP,1.0
51060,51060,100,51,10,2,63,61,2,0.8095238095238095,0.15873015873015872,0.031746031746031744,0.9682539682539683,0.031746031746031744,Diane J. Savino RECAP,0.9682539682539683
51076,51076,100,0,0,0,0,0,0,0,0,0,0,0,n/a,0
64081,64081,100,68,9,2,79,77,2,0.8607594936708861,0.11392405063291139,0.02531645569620253,0.9746835443037974,0.02531645569620253,Diane J. Savino RECAP,0.9746835443037974
64082,64082,100,23,3,0,26,26,0,0.8846153846153846,0.11538461538461539,0.0,1.0,0.0,Diane J. Savino RECAP,1.0
64092,64092,100,0,0,0,0,0,0,0,0,0,0,0,n/a,0
64093,64092,100,0,0,0,0,0,0,0,0,0,0,0,n/a,0
64094,64094,100,0,0,0,0,0,0,0,0,0,0,0,n/a,0
64096,64092,100,0,0,0,0,0,0,0,0,0,0,0,n/a,0
61001,61001,100,262,29,6,297,291,6,0.8821548821548821,0.09764309764309764,0.020202020202020204,0.9797979797979798,0.020202020202020204,Diane J. Savino RECAP,0.9797979797979798
61002,61002,100,225,5,0,230,230,0,0.9782608695652174,0.021739130434782608,0.0,1.0,0.0,Diane J. Savino RECAP,1.0
61003,61003,100,290,31,6,327,321,6,0.8868501529051988,0.09480122324159021,0.01834862385321101,0.981651376146789,0.01834862385321101,Diane J. Savino RECAP,0.981651376146789
61004,61004,100,311,36,2,349,347,2,0.8911174785100286,0.10315186246418338,0.0057306590257879654,0.994269340974212,0.0057306590257879654,Diane J. Savino RECAP,0.994269340974212
61005,61005,100,178,17,0,195,195,0,0.9128205128205128,0.08717948717948718,0.0,1.0,0.0,Diane J. Savino RECAP,1.0
61006,61006,100,185,20,3,208,205,3,0.8894230769230769,0.09615384615384616,0.014423076923076924,0.9855769230769231,0.014423076923076924,Diane J. Savino RECAP,0.9855769230769231
61007,61007,100,234,11,0,245,245,0,0.9551020408163265,0.044897959183673466,0.0,1.0,0.0,Diane J. Savino RECAP,1.0
61008,61008,100,264,11,3,278,275,3,0.9496402877697842,0.039568345323741004,0.01079136690647482,0.9892086330935251,0.01079136690647482,Diane J. Savino RECAP,0.9892086330935251
61009,61009,100,350,29,7,386,379,7,0.9067357512953368,0.07512953367875648,0.018134715025906734,0.9818652849740933,0.018134715025906734,Diane J. Savino RECAP,0.9818652849740933
61010,61010,100,267,25,3,295,292,3,0.9050847457627119,0.0847457627118644,0.010169491525423728,0.9898305084745763,0.010169491525423728,Diane J. Savino RECAP,0.9898305084745763
61011,61011,100,137,22,2,161,159,2,0.8509316770186336,0.13664596273291926,0.012422360248447204,0.9875776397515528,0.012422360248447204,Diane J. Savino RECAP,0.9875776397515528
61012,61012,100,303,63,7,373,366,7,0.8123324396782842,0.16890080428954424,0.01876675603217158,0.9812332439678284,0.01876675603217158,Diane J. Savino RECAP,0.9812332439678284
61013,61013,100,318,42,2,362,360,2,0.8784530386740331,0.11602209944751381,0.0055248618784530384,0.994475138121547,0.0055248618784530384,Diane J. Savino RECAP,0.994475138121547
61014,61014,100,226,51,2,279,277,2,0.8100358422939068,0.1827956989247312,0.007168458781362007,0.992831541218638,0.007168458781362007,Diane J. Savino RECAP,0.992831541218638
61015,61015,100,244,37,2,283,281,2,0.8621908127208481,0.13074204946996468,0.007067137809187279,0.9929328621908127,0.007067137809187279,Diane J. Savino RECAP,0.9929328621908127
61016,61016,100,202,9,1,212,211,1,0.9528301886792453,0.04245283018867924,0.0047169811320754715,0.9952830188679245,0.0047169811320754715,Diane J. Savino RECAP,0.9952830188679245
61017,61017,100,227,20,2,249,247,2,0.9116465863453815,0.08032128514056225,0.008032128514056224,0.9919678714859438,0.008032128514056224,Diane J. Savino RECAP,0.9919678714859438
61018,61018,100,226,30,6,262,256,6,0.8625954198473282,0.11450381679389313,0.022900763358778626,0.9770992366412213,0.022900763358778626,Diane J. Savino RECAP,0.9770992366412213
61019,61019,100,177,26,6,209,203,6,0.84688995215311,0.12440191387559808,0.028708133971291867,0.9712918660287081,0.028708133971291867,Diane J. Savino RECAP,0.9712918660287081
61020,61020,100,211,39,3,253,250,3,0.83399209486166,0.1541501976284585,0.011857707509881422,0.9881422924901185,0.011857707509881422,Diane J. Savino RECAP,0.9881422924901185
61021,61021,100,255,19,2,276,274,2,0.9239130434782609,0.06884057971014493,0.007246376811594203,0.9927536231884058,0.007246376811594203,Diane J. Savino RECAP,0.9927536231884058
61022,61022,100,261,22,3,286,283,3,0.9125874125874126,0.07692307692307693,0.01048951048951049,0.9895104895104895,0.01048951048951049,Diane J. Savino RECAP,0.9895104895104895
61023,61023,100,209,24,2,235,233,2,0.8893617021276595,0.10212765957446808,0.00851063829787234,0.9914893617021276,0.00851063829787234,Diane J. Savino RECAP,0.9914893617021276
61024,61024,100,212,52,3,267,264,3,0.7940074906367042,0.1947565543071161,0.011235955056179775,0.9887640449438202,0.011235955056179775,Diane J. Savino RECAP,0.9887640449438202
61025,61025,100,263,26,0,289,289,0,0.9100346020761245,0.08996539792387544,0.0,1.0,0.0,Diane J. Savino RECAP,1.0
61026,61026,100,242,20,0,262,262,0,0.9236641221374046,0.07633587786259542,0.0,1.0,0.0,Diane J. Savino RECAP,1.0
61027,61027,100,217,14,2,233,231,2,0.9313304721030042,0.060085836909871244,0.008583690987124463,0.9914163090128756,0.008583690987124463,Diane J. Savino RECAP,0.9914163090128756
61028,61028,100,202,23,2,227,225,2,0.8898678414096917,0.1013215859030837,0.00881057268722467,0.9911894273127754,0.00881057268722467,Diane J. Savino RECAP,0.9911894273127754
61029,61029,100,160,28,3,191,188,3,0.837696335078534,0.14659685863874344,0.015706806282722512,0.9842931937172775,0.015706806282722512,Diane J. Savino RECAP,0.9842931937172775
61030,61030,100,252,23,1,276,275,1,0.9130434782608695,0.08333333333333333,0.0036231884057971015,0.9963768115942029,0.0036231884057971015,Diane J. Savino RECAP,0.9963768115942029
61031,61031,100,201,16,1,218,217,1,0.9220183486238532,0.07339449541284404,0.0045871559633027525,0.9954128440366973,0.0045871559633027525,Diane J. Savino RECAP,0.9954128440366973
61032,61032,100,163,13,0,176,176,0,0.9261363636363636,0.07386363636363637,0.0,1.0,0.0,Diane J. Savino RECAP,1.0
61033,61033,100,147,10,0,157,157,0,0.9363057324840764,0.06369426751592357,0.0,1.0,0.0,Diane J. Savino RECAP,1.0
61049,61049,100,299,37,1,337,336,1,0.887240356083086,0.10979228486646884,0.002967359050445104,0.9970326409495549,0.002967359050445104,Diane J. Savino RECAP,0.9970326409495549
61050,61050,100,240,28,7,275,268,7,0.8727272727272727,0.10181818181818182,0.025454545454545455,0.9745454545454545,0.025454545454545455,Diane J. Savino RECAP,0.9745454545454545
61051,61051,100,209,34,0,243,243,0,0.8600823045267489,0.13991769547325103,0.0,1.0,0.0,Diane J. Savino RECAP,1.0
61052,61052,100,113,24,1,138,137,1,0.8188405797101449,0.17391304347826086,0.007246376811594203,0.9927536231884058,0.007246376811594203,Diane J. Savino RECAP,0.9927536231884058
61053,61053,100,285,11,0,296,296,0,0.9628378378378378,0.037162162162162164,0.0,1.0,0.0,Diane J. Savino RECAP,1.0
61054,61054,100,193,9,0,202,202,0,0.9554455445544554,0.04455445544554455,0.0,1.0,0.0,Diane J. Savino RECAP,1.0
61055,61055,100,265,17,2,284,282,2,0.9330985915492958,0.05985915492957746,0.007042253521126761,0.9929577464788732,0.007042253521126761,Diane J. Savino RECAP,0.9929577464788732
61056,61056,100,267,12,1,280,279,1,0.9535714285714286,0.04285714285714286,0.0035714285714285713,0.9964285714285714,0.0035714285714285713,Diane J. Savino RECAP,0.9964285714285714
61057,61057,100,251,28,1,280,279,1,0.8964285714285715,0.1,0.0035714285714285713,0.9964285714285714,0.0035714285714285713,Diane J. Savino RECAP,0.9964285714285714
61058,61058,100,346,9,0,355,355,0,0.9746478873239437,0.02535211267605634,0.0,1.0,0.0,Diane J. Savino RECAP,1.0
61059,61059,100,308,9,1,318,317,1,0.9685534591194969,0.02830188679245283,0.0031446540880503146,0.9968553459119497,0.0031446540880503146,Diane J. Savino RECAP,0.9968553459119497
61060,61060,100,195,15,1,211,210,1,0.9241706161137441,0.07109004739336493,0.004739336492890996,0.995260663507109,0.004739336492890996,Diane J. Savino RECAP,0.995260663507109
61061,61061,100,344,3,0,347,347,0,0.9913544668587896,0.008645533141210375,0.0,1.0,0.0,Diane J. Savino RECAP,1.0
61063,61063,100,44,8,1,53,52,1,0.8301886792452831,0.1509433962264151,0.018867924528301886,0.9811320754716981,0.018867924528301886,Diane J. Savino RECAP,0.9811320754716981
61064,61064,100,107,11,3,121,118,3,0.8842975206611571,0.09090909090909091,0.024793388429752067,0.9752066115702479,0.024793388429752067,Diane J. Savino RECAP,0.9752066115702479
61065,61065,100,163,24,6,193,187,6,0.844559585492228,0.12435233160621761,0.031088082901554404,0.9689119170984456,0.031088082901554404,Diane J. Savino RECAP,0.9689119170984456
61066,61066,100,0,0,0,0,0,0,0,0,0,0,0,n/a,0
61067,61067,100,0,0,0,0,0,0,0,0,0,0,0,n/a,0
61068,61068,100,0,0,0,0,0,0,0,0,0,0,0,n/a,0
63010,63010,100,97,12,2,111,109,2,0.8738738738738738,0.10810810810810811,0.018018018018018018,0.9819819819819819,0.018018018018018018,Diane J. Savino RECAP,0.9819819819819819
63017,63017,100,59,13,1,73,72,1,0.8082191780821918,0.1780821917808219,0.0136986301369863,0.9863013698630136,0.0136986301369863,Diane J. Savino RECAP,0.9863013698630136
63037,63037,100,211,16,1,228,227,1,0.9254385964912281,0.07017543859649122,0.0043859649122807015,0.9956140350877193,0.0043859649122807015,Diane J. Savino RECAP,0.9956140350877193
63038,63038,100,239,22,5,266,261,5,0.8984962406015038,0.08270676691729323,0.018796992481203006,0.981203007518797,0.018796992481203006,Diane J. Savino RECAP,0.981203007518797
63039,63039,100,185,20,0,205,205,0,0.9024390243902439,0.0975609756097561,0.0,1.0,0.0,Diane J. Savino RECAP,1.0
63040,63040,100,166,12,0,178,178,0,0.9325842696629213,0.06741573033707865,0.0,1.0,0.0,Diane J. Savino RECAP,1.0
63041,63041,100,120,4,0,124,124,0,0.967741935483871,0.03225806451612903,0.0,1.0,0.0,Diane J. Savino RECAP,1.0
63042,63042,100,229,8,0,237,237,0,0.9662447257383966,0.03375527426160337,0.0,1.0,0.0,Diane J. Savino RECAP,1.0
63043,63043,100,232,10,2,244,242,2,0.9508196721311475,0.040983606557377046,0.00819672131147541,0.9918032786885246,0.00819672131147541,Diane J. Savino RECAP,0.9918032786885246
63044,63044,100,175,4,1,180,179,1,0.9722222222222222,0.022222222222222223,0.005555555555555556,0.9944444444444445,0.005555555555555556,Diane J. Savino RECAP,0.9944444444444445
63045,63045,100,180,3,2,185,183,2,0.972972972972973,0.016216216216216217,0.010810810810810811,0.9891891891891892,0.010810810810810811,Diane J. Savino RECAP,0.9891891891891892
63076,63076,100,0,0,0,0,0,0,0,0,0,0,0,n/a,0
63079,63079,100,0,0,0,0,0,0,0,0,0,0,0,n/a,0
64039,64039,100,128,31,0,159,159,0,0.8050314465408805,0.1949685534591195,0.0,1.0,0.0,Diane J. Savino RECAP,1.0
64040,64040,100,161,20,0,181,181,0,0.8895027624309392,0.11049723756906077,0.0,1.0,0.0,Diane J. Savino RECAP,1.0
64041,64041,100,151,26,4,181,177,4,0.8342541436464088,0.143646408839779,0.022099447513812154,0.9779005524861878,0.022099447513812154,Diane J. Savino RECAP,0.9779005524861878
64042,64042,100,131,30,6,167,161,6,0.7844311377245509,0.17964071856287425,0.03592814371257485,0.9640718562874252,0.03592814371257485,Diane J. Savino RECAP,0.9640718562874252
64043,64043,100,107,28,1,136,135,1,0.7867647058823529,0.20588235294117646,0.007352941176470588,0.9926470588235294,0.007352941176470588,Diane J. Savino RECAP,0.9926470588235294
64044,64044,100,163,32,2,197,195,2,0.8274111675126904,0.16243654822335024,0.01015228426395939,0.9898477157360406,0.01015228426395939,Diane J. Savino RECAP,0.9898477157360406
64045,64045,100,103,18,1,122,121,1,0.8442622950819673,0.14754098360655737,0.00819672131147541,0.9918032786885246,0.00819672131147541,Diane J. Savino RECAP,0.9918032786885246
64046,64046,100,95,21,4,120,116,4,0.7916666666666666,0.175,0.03333333333333333,0.9666666666666667,0.03333333333333333,Diane J. Savino RECAP,0.9666666666666667
64047,64047,100,104,34,3,141,138,3,0.7375886524822695,0.24113475177304963,0.02127659574468085,0.9787234042553191,0.02127659574468085,Diane J. Savino RECAP,0.9787234042553191
64049,64049,100,241,48,3,292,289,3,0.8253424657534246,0.1643835616438356,0.010273972602739725,0.9897260273972602,0.010273972602739725,Diane J. Savino RECAP,0.9897260273972602
64050,64050,100,198,35,6,239,233,6,0.8284518828451883,0.14644351464435146,0.02510460251046025,0.9748953974895398,0.02510460251046025,Diane J. Savino RECAP,0.9748953974895398
64051,64051,100,163,18,3,184,181,3,0.8858695652173914,0.09782608695652174,0.016304347826086956,0.9836956521739131,0.016304347826086956,Diane J. Savino RECAP,0.9836956521739131
64052,64052,100,183,22,3,208,205,3,0.8798076923076923,0.10576923076923077,0.014423076923076924,0.9855769230769231,0.014423076923076924,Diane J. Savino RECAP,0.9855769230769231
64053,64053,100,167,31,3,201,198,3,0.8308457711442786,0.15422885572139303,0.014925373134328358,0.9850746268656716,0.014925373134328358,Diane J. Savino RECAP,0.9850746268656716
64057,64054,100,0,0,0,0,0,0,0,0,0,0,0,n/a,0
64059,64059,100,0,0,0,0,0,0,0,0,0,0,0,n/a,0
64061,64059,100,0,0,0,0,0,0,0,0,0,0,0,n/a,0
