ED,Reported As,Reporting,Daniel Squadron (Working Families),Daniel Squadron (Democratic),Wave Chan (Republican),Scattered,Total Votes,Daniel Squadron RECAP,Wave Chan RECAP,Scattered RECAP,p_Daniel Squadron (Working Families),p_Daniel Squadron (Democratic),p_Wave Chan (Republican),p_Scattered,p_Daniel Squadron RECAP,p_Wave Chan RECAP,p_Scattered RECAP,winner,winner_p
65001,65001,100,6,66,20,0,92,72,20,0,0.06521739130434782,0.717391304347826,0.21739130434782608,0.0,0.782608695652174,0.21739130434782608,0.0,Daniel Squadron RECAP,0.782608695652174
65002,65002,100,14,116,69,0,199,130,69,0,0.07035175879396985,0.5829145728643216,0.34673366834170855,0.0,0.6532663316582915,0.34673366834170855,0.0,Daniel Squadron RECAP,0.6532663316582915
65003,65003,100,9,53,20,0,82,62,20,0,0.10975609756097561,0.6463414634146342,0.24390243902439024,0.0,0.7560975609756098,0.24390243902439024,0.0,Daniel Squadron RECAP,0.7560975609756098
65004,65004,100,10,93,31,1,135,103,31,1,0.07407407407407407,0.6888888888888889,0.22962962962962963,0.007407407407407408,0.762962962962963,0.22962962962962963,0.007407407407407408,Daniel Squadron RECAP,0.762962962962963
65005,65005,100,6,92,19,0,117,98,19,0,0.05128205128205128,0.7863247863247863,0.1623931623931624,0.0,0.8376068376068376,0.1623931623931624,0.0,Daniel Squadron RECAP,0.8376068376068376
65006,65006,100,34,200,59,0,293,234,59,0,0.11604095563139932,0.6825938566552902,0.20136518771331058,0.0,0.7986348122866894,0.20136518771331058,0.0,Daniel Squadron RECAP,0.7986348122866894
65007,65007,100,26,151,44,0,221,177,44,0,0.11764705882352941,0.6832579185520362,0.19909502262443438,0.0,0.8009049773755657,0.19909502262443438,0.0,Daniel Squadron RECAP,0.8009049773755657
65008,65008,100,42,206,89,4,341,248,89,4,0.12316715542521994,0.6041055718475073,0.26099706744868034,0.011730205278592375,0.7272727272727273,0.26099706744868034,0.011730205278592375,Daniel Squadron RECAP,0.7272727272727273
65009,65009,100,8,67,28,1,104,75,28,1,0.07692307692307693,0.6442307692307693,0.2692307692307692,0.009615384615384616,0.7211538461538461,0.2692307692307692,0.009615384615384616,Daniel Squadron RECAP,0.7211538461538461
65010,65010,100,17,112,22,0,151,129,22,0,0.11258278145695365,0.7417218543046358,0.1456953642384106,0.0,0.8543046357615894,0.1456953642384106,0.0,Daniel Squadron RECAP,0.8543046357615894
65011,65011,100,14,67,31,0,112,81,31,0,0.125,0.5982142857142857,0.2767857142857143,0.0,0.7232142857142857,0.2767857142857143,0.0,Daniel Squadron RECAP,0.7232142857142857
65012,65012,100,13,113,49,0,175,126,49,0,0.07428571428571429,0.6457142857142857,0.28,0.0,0.72,0.28,0.0,Daniel Squadron RECAP,0.72
65013,65013,100,18,150,42,0,210,168,42,0,0.08571428571428572,0.7142857142857143,0.2,0.0,0.8,0.2,0.0,Daniel Squadron RECAP,0.8
65014,65014,100,29,181,84,1,295,210,84,1,0.09830508474576272,0.6135593220338983,0.2847457627118644,0.003389830508474576,0.711864406779661,0.2847457627118644,0.003389830508474576,Daniel Squadron RECAP,0.711864406779661
65015,65015,100,15,100,30,1,146,115,30,1,0.10273972602739725,0.684931506849315,0.2054794520547945,0.00684931506849315,0.7876712328767124,0.2054794520547945,0.00684931506849315,Daniel Squadron RECAP,0.7876712328767124
65016,65016,100,20,173,45,0,238,193,45,0,0.08403361344537816,0.726890756302521,0.18907563025210083,0.0,0.8109243697478992,0.18907563025210083,0.0,Daniel Squadron RECAP,0.8109243697478992
65017,65017,100,2,1,1,0,4,3,1,0,0.5,0.25,0.25,0.0,0.75,0.25,0.0,Daniel Squadron RECAP,0.75
65018,65018,100,3,85,9,0,97,88,9,0,0.030927835051546393,0.8762886597938144,0.09278350515463918,0.0,0.9072164948453608,0.09278350515463918,0.0,Daniel Squadron RECAP,0.9072164948453608
65019,65019,100,6,99,16,0,121,105,16,0,0.049586776859504134,0.8181818181818182,0.1322314049586777,0.0,0.8677685950413223,0.1322314049586777,0.0,Daniel Squadron RECAP,0.8677685950413223
65020,65020,100,7,99,15,0,121,106,15,0,0.05785123966942149,0.8181818181818182,0.12396694214876033,0.0,0.8760330578512396,0.12396694214876033,0.0,Daniel Squadron RECAP,0.8760330578512396
65021,65021,100,14,121,21,0,156,135,21,0,0.08974358974358974,0.7756410256410257,0.1346153846153846,0.0,0.8653846153846154,0.1346153846153846,0.0,Daniel Squadron RECAP,0.8653846153846154
65022,65022,100,22,132,60,0,214,154,60,0,0.102803738317757,0.616822429906542,0.2803738317757009,0.0,0.719626168224299,0.2803738317757009,0.0,Daniel Squadron RECAP,0.719626168224299
65023,65023,100,6,70,13,0,89,76,13,0,0.06741573033707865,0.7865168539325843,0.14606741573033707,0.0,0.8539325842696629,0.14606741573033707,0.0,Daniel Squadron RECAP,0.8539325842696629
65024,65024,100,6,91,36,0,133,97,36,0,0.045112781954887216,0.6842105263157895,0.2706766917293233,0.0,0.7293233082706767,0.2706766917293233,0.0,Daniel Squadron RECAP,0.7293233082706767
65025,65025,100,5,48,29,0,82,53,29,0,0.06097560975609756,0.5853658536585366,0.35365853658536583,0.0,0.6463414634146342,0.35365853658536583,0.0,Daniel Squadron RECAP,0.6463414634146342
65026,65026,100,8,52,37,0,97,60,37,0,0.08247422680412371,0.5360824742268041,0.38144329896907214,0.0,0.6185567010309279,0.38144329896907214,0.0,Daniel Squadron RECAP,0.6185567010309279
65027,65027,100,10,112,55,0,177,122,55,0,0.05649717514124294,0.632768361581921,0.3107344632768362,0.0,0.6892655367231638,0.3107344632768362,0.0,Daniel Squadron RECAP,0.6892655367231638
65028,65028,100,5,41,10,0,56,46,10,0,0.08928571428571429,0.7321428571428571,0.17857142857142858,0.0,0.8214285714285714,0.17857142857142858,0.0,Daniel Squadron RECAP,0.8214285714285714
65029,65029,100,6,45,20,0,71,51,20,0,0.08450704225352113,0.6338028169014085,0.28169014084507044,0.0,0.7183098591549296,0.28169014084507044,0.0,Daniel Squadron RECAP,0.7183098591549296
65030,65030,100,9,138,41,0,188,147,41,0,0.047872340425531915,0.7340425531914894,0.21808510638297873,0.0,0.7819148936170213,0.21808510638297873,0.0,Daniel Squadron RECAP,0.7819148936170213
65031,65031,100,8,177,59,0,244,185,59,0,0.03278688524590164,0.7254098360655737,0.24180327868852458,0.0,0.7581967213114754,0.24180327868852458,0.0,Daniel Squadron RECAP,0.7581967213114754
65032,65032,100,16,95,28,0,139,111,28,0,0.11510791366906475,0.6834532374100719,0.2014388489208633,0.0,0.7985611510791367,0.2014388489208633,0.0,Daniel Squadron RECAP,0.7985611510791367
65033,65033,100,5,126,26,0,157,131,26,0,0.03184713375796178,0.802547770700637,0.16560509554140126,0.0,0.8343949044585988,0.16560509554140126,0.0,Daniel Squadron RECAP,0.8343949044585988
65034,65034,100,5,98,30,0,133,103,30,0,0.03759398496240601,0.7368421052631579,0.22556390977443608,0.0,0.7744360902255639,0.22556390977443608,0.0,Daniel Squadron RECAP,0.7744360902255639
65035,65035,100,4,101,14,0,119,105,14,0,0.03361344537815126,0.8487394957983193,0.11764705882352941,0.0,0.8823529411764706,0.11764705882352941,0.0,Daniel Squadron RECAP,0.8823529411764706
65036,65036,100,2,127,18,0,147,129,18,0,0.013605442176870748,0.8639455782312925,0.12244897959183673,0.0,0.8775510204081632,0.12244897959183673,0.0,Daniel Squadron RECAP,0.8775510204081632
65037,65037,100,6,118,10,0,134,124,10,0,0.04477611940298507,0.8805970149253731,0.07462686567164178,0.0,0.9253731343283582,0.07462686567164178,0.0,Daniel Squadron RECAP,0.9253731343283582
65038,65038,100,8,126,17,0,151,134,17,0,0.052980132450331126,0.8344370860927153,0.11258278145695365,0.0,0.8874172185430463,0.11258278145695365,0.0,Daniel Squadron RECAP,0.8874172185430463
65039,65039,100,19,89,24,1,133,108,24,1,0.14285714285714285,0.6691729323308271,0.18045112781954886,0.007518796992481203,0.8120300751879699,0.18045112781954886,0.007518796992481203,Daniel Squadron RECAP,0.8120300751879699
65040,65040,100,7,97,7,0,111,104,7,0,0.06306306306306306,0.8738738738738738,0.06306306306306306,0.0,0.9369369369369369,0.06306306306306306,0.0,Daniel Squadron RECAP,0.9369369369369369
65041,65041,100,9,83,25,0,117,92,25,0,0.07692307692307693,0.7094017094017094,0.21367521367521367,0.0,0.7863247863247863,0.21367521367521367,0.0,Daniel Squadron RECAP,0.7863247863247863
65042,65042,100,10,106,7,0,123,116,7,0,0.08130081300813008,0.8617886178861789,0.056910569105691054,0.0,0.943089430894309,0.056910569105691054,0.0,Daniel Squadron RECAP,0.943089430894309
65043,65043,100,8,151,13,0,172,159,13,0,0.046511627906976744,0.877906976744186,0.0755813953488372,0.0,0.9244186046511628,0.0755813953488372,0.0,Daniel Squadron RECAP,0.9244186046511628
65044,65044,100,53,251,48,2,354,304,48,2,0.1497175141242938,0.7090395480225988,0.13559322033898305,0.005649717514124294,0.8587570621468926,0.13559322033898305,0.005649717514124294,Daniel Squadron RECAP,0.8587570621468926
65045,65045,100,42,256,36,0,334,298,36,0,0.12574850299401197,0.7664670658682635,0.10778443113772455,0.0,0.8922155688622755,0.10778443113772455,0.0,Daniel Squadron RECAP,0.8922155688622755
65046,65046,100,32,189,35,0,256,221,35,0,0.125,0.73828125,0.13671875,0.0,0.86328125,0.13671875,0.0,Daniel Squadron RECAP,0.86328125
65047,65047,100,25,184,19,1,229,209,19,1,0.1091703056768559,0.8034934497816594,0.08296943231441048,0.004366812227074236,0.9126637554585153,0.08296943231441048,0.004366812227074236,Daniel Squadron RECAP,0.9126637554585153
65048,65048,100,49,207,31,0,287,256,31,0,0.17073170731707318,0.7212543554006968,0.10801393728222997,0.0,0.89198606271777,0.10801393728222997,0.0,Daniel Squadron RECAP,0.89198606271777
65049,65049,100,15,183,29,0,227,198,29,0,0.06607929515418502,0.8061674008810573,0.1277533039647577,0.0,0.8722466960352423,0.1277533039647577,0.0,Daniel Squadron RECAP,0.8722466960352423
65050,65050,100,22,165,17,0,204,187,17,0,0.10784313725490197,0.8088235294117647,0.08333333333333333,0.0,0.9166666666666666,0.08333333333333333,0.0,Daniel Squadron RECAP,0.9166666666666666
65051,65051,100,36,218,32,2,288,254,32,2,0.125,0.7569444444444444,0.1111111111111111,0.006944444444444444,0.8819444444444444,0.1111111111111111,0.006944444444444444,Daniel Squadron RECAP,0.8819444444444444
65052,65052,100,47,170,24,1,242,217,24,1,0.19421487603305784,0.7024793388429752,0.09917355371900827,0.004132231404958678,0.8966942148760331,0.09917355371900827,0.004132231404958678,Daniel Squadron RECAP,0.8966942148760331
65053,65053,100,33,189,31,0,253,222,31,0,0.13043478260869565,0.7470355731225297,0.1225296442687747,0.0,0.8774703557312253,0.1225296442687747,0.0,Daniel Squadron RECAP,0.8774703557312253
65054,65054,100,38,167,46,0,251,205,46,0,0.15139442231075698,0.6653386454183267,0.18326693227091634,0.0,0.8167330677290837,0.18326693227091634,0.0,Daniel Squadron RECAP,0.8167330677290837
65055,65055,100,26,182,31,0,239,208,31,0,0.1087866108786611,0.7615062761506276,0.1297071129707113,0.0,0.8702928870292888,0.1297071129707113,0.0,Daniel Squadron RECAP,0.8702928870292888
65056,65056,100,9,124,9,0,142,133,9,0,0.06338028169014084,0.8732394366197183,0.06338028169014084,0.0,0.9366197183098591,0.06338028169014084,0.0,Daniel Squadron RECAP,0.9366197183098591
65057,65057,100,8,93,8,0,109,101,8,0,0.07339449541284404,0.8532110091743119,0.07339449541284404,0.0,0.926605504587156,0.07339449541284404,0.0,Daniel Squadron RECAP,0.926605504587156
65058,65058,100,11,68,7,1,87,79,7,1,0.12643678160919541,0.7816091954022989,0.08045977011494253,0.011494252873563218,0.9080459770114943,0.08045977011494253,0.011494252873563218,Daniel Squadron RECAP,0.9080459770114943
65059,65059,100,19,117,18,0,154,136,18,0,0.12337662337662338,0.7597402597402597,0.11688311688311688,0.0,0.8831168831168831,0.11688311688311688,0.0,Daniel Squadron RECAP,0.8831168831168831
65060,65060,100,10,72,18,0,100,82,18,0,0.1,0.72,0.18,0.0,0.82,0.18,0.0,Daniel Squadron RECAP,0.82
65061,65061,100,17,102,11,0,130,119,11,0,0.13076923076923078,0.7846153846153846,0.08461538461538462,0.0,0.9153846153846154,0.08461538461538462,0.0,Daniel Squadron RECAP,0.9153846153846154
65062,65062,100,18,61,12,0,91,79,12,0,0.1978021978021978,0.6703296703296703,0.13186813186813187,0.0,0.8681318681318682,0.13186813186813187,0.0,Daniel Squadron RECAP,0.8681318681318682
65063,65063,100,11,100,31,0,142,111,31,0,0.07746478873239436,0.704225352112676,0.21830985915492956,0.0,0.7816901408450704,0.21830985915492956,0.0,Daniel Squadron RECAP,0.7816901408450704
65064,65064,100,14,61,24,0,99,75,24,0,0.1414141414141414,0.6161616161616161,0.24242424242424243,0.0,0.7575757575757576,0.24242424242424243,0.0,Daniel Squadron RECAP,0.7575757575757576
65065,65065,100,9,45,7,0,61,54,7,0,0.14754098360655737,0.7377049180327869,0.11475409836065574,0.0,0.8852459016393442,0.11475409836065574,0.0,Daniel Squadron RECAP,0.8852459016393442
65066,65066,100,12,48,17,0,77,60,17,0,0.15584415584415584,0.6233766233766234,0.22077922077922077,0.0,0.7792207792207793,0.22077922077922077,0.0,Daniel Squadron RECAP,0.7792207792207793
65067,65067,100,11,23,4,0,38,34,4,0,0.2894736842105263,0.6052631578947368,0.10526315789473684,0.0,0.8947368421052632,0.10526315789473684,0.0,Daniel Squadron RECAP,0.8947368421052632
65068,65068,100,27,108,26,0,161,135,26,0,0.16770186335403728,0.6708074534161491,0.16149068322981366,0.0,0.8385093167701864,0.16149068322981366,0.0,Daniel Squadron RECAP,0.8385093167701864
65069,65069,100,14,83,12,1,110,97,12,1,0.12727272727272726,0.7545454545454545,0.10909090909090909,0.00909090909090909,0.8818181818181818,0.10909090909090909,0.00909090909090909,Daniel Squadron RECAP,0.8818181818181818
65070,65070,100,6,12,2,0,20,18,2,0,0.3,0.6,0.1,0.0,0.9,0.1,0.0,Daniel Squadron RECAP,0.9
65071,65071,100,25,98,19,0,142,123,19,0,0.176056338028169,0.6901408450704225,0.13380281690140844,0.0,0.8661971830985915,0.13380281690140844,0.0,Daniel Squadron RECAP,0.8661971830985915
65072,65072,100,19,95,20,1,135,114,20,1,0.14074074074074075,0.7037037037037037,0.14814814814814814,0.007407407407407408,0.8444444444444444,0.14814814814814814,0.007407407407407408,Daniel Squadron RECAP,0.8444444444444444
65073,65073,100,27,162,16,0,205,189,16,0,0.13170731707317074,0.7902439024390244,0.07804878048780488,0.0,0.9219512195121952,0.07804878048780488,0.0,Daniel Squadron RECAP,0.9219512195121952
65074,65074,100,33,151,10,0,194,184,10,0,0.17010309278350516,0.7783505154639175,0.05154639175257732,0.0,0.9484536082474226,0.05154639175257732,0.0,Daniel Squadron RECAP,0.9484536082474226
65075,65075,100,18,89,11,0,118,107,11,0,0.15254237288135594,0.7542372881355932,0.09322033898305085,0.0,0.9067796610169492,0.09322033898305085,0.0,Daniel Squadron RECAP,0.9067796610169492
65076,65076,100,27,117,13,0,157,144,13,0,0.17197452229299362,0.7452229299363057,0.08280254777070063,0.0,0.9171974522292994,0.08280254777070063,0.0,Daniel Squadron RECAP,0.9171974522292994
65077,65077,100,42,153,20,1,216,195,20,1,0.19444444444444445,0.7083333333333334,0.09259259259259259,0.004629629629629629,0.9027777777777778,0.09259259259259259,0.004629629629629629,Daniel Squadron RECAP,0.9027777777777778
65078,65078,100,37,76,10,0,123,113,10,0,0.3008130081300813,0.6178861788617886,0.08130081300813008,0.0,0.9186991869918699,0.08130081300813008,0.0,Daniel Squadron RECAP,0.9186991869918699
65080,65080,100,36,115,13,1,165,151,13,1,0.21818181818181817,0.696969696969697,0.07878787878787878,0.006060606060606061,0.9151515151515152,0.07878787878787878,0.006060606060606061,Daniel Squadron RECAP,0.9151515151515152
65081,65081,100,29,122,18,0,169,151,18,0,0.17159763313609466,0.7218934911242604,0.10650887573964497,0.0,0.893491124260355,0.10650887573964497,0.0,Daniel Squadron RECAP,0.893491124260355
65082,65082,100,0,0,0,0,0,0,0,0,0,0,0,0,0,0,0,n/a,0
65083,65083,100,4,46,3,0,53,50,3,0,0.07547169811320754,0.8679245283018868,0.05660377358490566,0.0,0.9433962264150944,0.05660377358490566,0.0,Daniel Squadron RECAP,0.9433962264150944
65084,65082,100,0,0,0,0,0,0,0,0,0,0,0,0,0,0,0,n/a,0
65085,65085,100,7,57,30,0,94,64,30,0,0.07446808510638298,0.6063829787234043,0.3191489361702128,0.0,0.6808510638297872,0.3191489361702128,0.0,Daniel Squadron RECAP,0.6808510638297872
65086,65086,100,16,50,14,1,81,66,14,1,0.19753086419753085,0.6172839506172839,0.1728395061728395,0.012345679012345678,0.8148148148148148,0.1728395061728395,0.012345679012345678,Daniel Squadron RECAP,0.8148148148148148
65087,65087,100,9,66,24,0,99,75,24,0,0.09090909090909091,0.6666666666666666,0.24242424242424243,0.0,0.7575757575757576,0.24242424242424243,0.0,Daniel Squadron RECAP,0.7575757575757576
65088,65088,100,21,129,34,0,184,150,34,0,0.11413043478260869,0.7010869565217391,0.18478260869565216,0.0,0.8152173913043478,0.18478260869565216,0.0,Daniel Squadron RECAP,0.8152173913043478
65089,65089,100,9,63,18,0,90,72,18,0,0.1,0.7,0.2,0.0,0.8,0.2,0.0,Daniel Squadron RECAP,0.8
65090,65090,100,22,114,45,0,181,136,45,0,0.12154696132596685,0.6298342541436464,0.24861878453038674,0.0,0.7513812154696132,0.24861878453038674,0.0,Daniel Squadron RECAP,0.7513812154696132
65091,65091,100,11,42,14,0,67,53,14,0,0.16417910447761194,0.6268656716417911,0.208955223880597,0.0,0.7910447761194029,0.208955223880597,0.0,Daniel Squadron RECAP,0.7910447761194029
65092,65092,100,11,47,24,0,82,58,24,0,0.13414634146341464,0.573170731707317,0.2926829268292683,0.0,0.7073170731707317,0.2926829268292683,0.0,Daniel Squadron RECAP,0.7073170731707317
65093,65093,100,15,75,13,0,103,90,13,0,0.14563106796116504,0.7281553398058253,0.1262135922330097,0.0,0.8737864077669902,0.1262135922330097,0.0,Daniel Squadron RECAP,0.8737864077669902
65200,65200,100,0,0,0,0,0,0,0,0,0,0,0,0,0,0,0,n/a,0
65201,65201,100,0,0,0,0,0,0,0,0,0,0,0,0,0,0,0,n/a,0
65202,65202,100,0,0,0,0,0,0,0,0,0,0,0,0,0,0,0,n/a,0
65203,65203,100,0,0,0,0,0,0,0,0,0,0,0,0,0,0,0,n/a,0
65204,65204,100,0,0,0,0,0,0,0,0,0,0,0,0,0,0,0,n/a,0
66001,66001,100,17,111,54,0,182,128,54,0,0.09340659340659341,0.6098901098901099,0.2967032967032967,0.0,0.7032967032967034,0.2967032967032967,0.0,Daniel Squadron RECAP,0.7032967032967034
66002,66002,100,23,188,46,1,258,211,46,1,0.08914728682170543,0.7286821705426356,0.17829457364341086,0.003875968992248062,0.8178294573643411,0.17829457364341086,0.003875968992248062,Daniel Squadron RECAP,0.8178294573643411
66003,66003,100,28,178,60,1,267,206,60,1,0.10486891385767791,0.6666666666666666,0.2247191011235955,0.003745318352059925,0.7715355805243446,0.2247191011235955,0.003745318352059925,Daniel Squadron RECAP,0.7715355805243446
66004,66004,100,19,115,42,0,176,134,42,0,0.10795454545454546,0.6534090909090909,0.23863636363636365,0.0,0.7613636363636364,0.23863636363636365,0.0,Daniel Squadron RECAP,0.7613636363636364
66005,66005,100,24,93,36,0,153,117,36,0,0.1568627450980392,0.6078431372549019,0.23529411764705882,0.0,0.7647058823529411,0.23529411764705882,0.0,Daniel Squadron RECAP,0.7647058823529411
66006,66006,100,52,229,70,0,351,281,70,0,0.14814814814814814,0.6524216524216524,0.19943019943019943,0.0,0.8005698005698005,0.19943019943019943,0.0,Daniel Squadron RECAP,0.8005698005698005
66007,66007,100,26,116,47,0,189,142,47,0,0.13756613756613756,0.6137566137566137,0.24867724867724866,0.0,0.7513227513227513,0.24867724867724866,0.0,Daniel Squadron RECAP,0.7513227513227513
66008,66008,100,99,235,36,0,370,334,36,0,0.26756756756756755,0.6351351351351351,0.0972972972972973,0.0,0.9027027027027027,0.0972972972972973,0.0,Daniel Squadron RECAP,0.9027027027027027
66009,66009,100,57,181,50,0,288,238,50,0,0.19791666666666666,0.6284722222222222,0.1736111111111111,0.0,0.8263888888888888,0.1736111111111111,0.0,Daniel Squadron RECAP,0.8263888888888888
66010,66010,100,54,187,34,0,275,241,34,0,0.19636363636363635,0.68,0.12363636363636364,0.0,0.8763636363636363,0.12363636363636364,0.0,Daniel Squadron RECAP,0.8763636363636363
66011,66011,100,82,198,22,1,303,280,22,1,0.2706270627062706,0.6534653465346535,0.07260726072607261,0.0033003300330033004,0.9240924092409241,0.07260726072607261,0.0033003300330033004,Daniel Squadron RECAP,0.9240924092409241
66012,66012,100,43,146,61,1,251,189,61,1,0.17131474103585656,0.5816733067729084,0.24302788844621515,0.00398406374501992,0.7529880478087649,0.24302788844621515,0.00398406374501992,Daniel Squadron RECAP,0.7529880478087649
66013,66013,100,17,77,14,0,108,94,14,0,0.1574074074074074,0.7129629629629629,0.12962962962962962,0.0,0.8703703703703703,0.12962962962962962,0.0,Daniel Squadron RECAP,0.8703703703703703
66014,66014,100,28,89,8,0,125,117,8,0,0.224,0.712,0.064,0.0,0.936,0.064,0.0,Daniel Squadron RECAP,0.936
66015,66015,100,32,81,15,0,128,113,15,0,0.25,0.6328125,0.1171875,0.0,0.8828125,0.1171875,0.0,Daniel Squadron RECAP,0.8828125
66016,66016,100,2,6,0,0,8,8,0,0,0.25,0.75,0.0,0.0,1.0,0.0,0.0,Daniel Squadron RECAP,1.0
66017,66017,100,1,2,1,0,4,3,1,0,0.25,0.5,0.25,0.0,0.75,0.25,0.0,Daniel Squadron RECAP,0.75
66018,66018,100,60,197,30,0,287,257,30,0,0.20905923344947736,0.686411149825784,0.10452961672473868,0.0,0.8954703832752613,0.10452961672473868,0.0,Daniel Squadron RECAP,0.8954703832752613
66019,66019,100,57,169,23,0,249,226,23,0,0.2289156626506024,0.678714859437751,0.09236947791164658,0.0,0.9076305220883534,0.09236947791164658,0.0,Daniel Squadron RECAP,0.9076305220883534
66020,66020,100,35,105,7,0,147,140,7,0,0.23809523809523808,0.7142857142857143,0.047619047619047616,0.0,0.9523809523809523,0.047619047619047616,0.0,Daniel Squadron RECAP,0.9523809523809523
66021,66021,100,47,167,20,0,234,214,20,0,0.20085470085470086,0.7136752136752137,0.08547008547008547,0.0,0.9145299145299145,0.08547008547008547,0.0,Daniel Squadron RECAP,0.9145299145299145
66022,66022,100,84,265,52,0,401,349,52,0,0.20947630922693267,0.6608478802992519,0.12967581047381546,0.0,0.8703241895261845,0.12967581047381546,0.0,Daniel Squadron RECAP,0.8703241895261845
66023,66023,100,50,150,23,1,224,200,23,1,0.22321428571428573,0.6696428571428571,0.10267857142857142,0.004464285714285714,0.8928571428571429,0.10267857142857142,0.004464285714285714,Daniel Squadron RECAP,0.8928571428571429
66024,66024,100,27,122,13,0,162,149,13,0,0.16666666666666666,0.7530864197530864,0.08024691358024691,0.0,0.9197530864197531,0.08024691358024691,0.0,Daniel Squadron RECAP,0.9197530864197531
66025,66025,100,32,90,9,0,131,122,9,0,0.24427480916030533,0.6870229007633588,0.06870229007633588,0.0,0.9312977099236641,0.06870229007633588,0.0,Daniel Squadron RECAP,0.9312977099236641
66026,66026,100,15,56,9,0,80,71,9,0,0.1875,0.7,0.1125,0.0,0.8875,0.1125,0.0,Daniel Squadron RECAP,0.8875
66027,66027,100,46,133,6,0,185,179,6,0,0.24864864864864866,0.7189189189189189,0.032432432432432434,0.0,0.9675675675675676,0.032432432432432434,0.0,Daniel Squadron RECAP,0.9675675675675676
66040,66040,100,8,18,2,0,28,26,2,0,0.2857142857142857,0.6428571428571429,0.07142857142857142,0.0,0.9285714285714286,0.07142857142857142,0.0,Daniel Squadron RECAP,0.9285714285714286
66041,66041,100,36,154,34,0,224,190,34,0,0.16071428571428573,0.6875,0.15178571428571427,0.0,0.8482142857142857,0.15178571428571427,0.0,Daniel Squadron RECAP,0.8482142857142857
66042,66042,100,14,34,8,0,56,48,8,0,0.25,0.6071428571428571,0.14285714285714285,0.0,0.8571428571428571,0.14285714285714285,0.0,Daniel Squadron RECAP,0.8571428571428571
66043,66043,100,23,102,23,0,148,125,23,0,0.1554054054054054,0.6891891891891891,0.1554054054054054,0.0,0.8445945945945946,0.1554054054054054,0.0,Daniel Squadron RECAP,0.8445945945945946
66044,66044,100,43,127,13,0,183,170,13,0,0.23497267759562843,0.6939890710382514,0.07103825136612021,0.0,0.9289617486338798,0.07103825136612021,0.0,Daniel Squadron RECAP,0.9289617486338798
66070,66070,100,2,32,18,0,52,34,18,0,0.038461538461538464,0.6153846153846154,0.34615384615384615,0.0,0.6538461538461539,0.34615384615384615,0.0,Daniel Squadron RECAP,0.6538461538461539
66092,66092,100,3,46,41,1,91,49,41,1,0.03296703296703297,0.5054945054945055,0.45054945054945056,0.01098901098901099,0.5384615384615384,0.45054945054945056,0.01098901098901099,Daniel Squadron RECAP,0.5384615384615384
66093,66093,100,23,125,31,1,180,148,31,1,0.12777777777777777,0.6944444444444444,0.17222222222222222,0.005555555555555556,0.8222222222222222,0.17222222222222222,0.005555555555555556,Daniel Squadron RECAP,0.8222222222222222
66094,66094,100,4,46,16,0,66,50,16,0,0.06060606060606061,0.696969696969697,0.24242424242424243,0.0,0.7575757575757576,0.24242424242424243,0.0,Daniel Squadron RECAP,0.7575757575757576
66200,66200,100,0,0,0,0,0,0,0,0,0,0,0,0,0,0,0,n/a,0
66201,66201,100,0,0,0,0,0,0,0,0,0,0,0,0,0,0,0,n/a,0
74001,74001,100,7,130,5,2,144,137,5,2,0.04861111111111111,0.9027777777777778,0.034722222222222224,0.013888888888888888,0.9513888888888888,0.034722222222222224,0.013888888888888888,Daniel Squadron RECAP,0.9513888888888888
74002,74002,100,5,125,7,0,137,130,7,0,0.0364963503649635,0.9124087591240876,0.051094890510948905,0.0,0.948905109489051,0.051094890510948905,0.0,Daniel Squadron RECAP,0.948905109489051
74003,74003,100,5,149,10,0,164,154,10,0,0.03048780487804878,0.9085365853658537,0.06097560975609756,0.0,0.9390243902439024,0.06097560975609756,0.0,Daniel Squadron RECAP,0.9390243902439024
74004,74004,100,5,149,5,0,159,154,5,0,0.031446540880503145,0.9371069182389937,0.031446540880503145,0.0,0.9685534591194969,0.031446540880503145,0.0,Daniel Squadron RECAP,0.9685534591194969
74005,74005,100,0,52,0,0,52,52,0,0,0.0,1.0,0.0,0.0,1.0,0.0,0.0,Daniel Squadron RECAP,1.0
74006,74006,100,6,98,4,0,108,104,4,0,0.05555555555555555,0.9074074074074074,0.037037037037037035,0.0,0.9629629629629629,0.037037037037037035,0.0,Daniel Squadron RECAP,0.9629629629629629
74007,74007,100,23,99,7,0,129,122,7,0,0.17829457364341086,0.7674418604651163,0.05426356589147287,0.0,0.9457364341085271,0.05426356589147287,0.0,Daniel Squadron RECAP,0.9457364341085271
74008,74008,100,26,87,12,2,127,113,12,2,0.2047244094488189,0.6850393700787402,0.09448818897637795,0.015748031496062992,0.889763779527559,0.09448818897637795,0.015748031496062992,Daniel Squadron RECAP,0.889763779527559
74009,74009,100,9,50,3,0,62,59,3,0,0.14516129032258066,0.8064516129032258,0.04838709677419355,0.0,0.9516129032258065,0.04838709677419355,0.0,Daniel Squadron RECAP,0.9516129032258065
74010,74010,100,52,156,12,0,220,208,12,0,0.23636363636363636,0.7090909090909091,0.05454545454545454,0.0,0.9454545454545454,0.05454545454545454,0.0,Daniel Squadron RECAP,0.9454545454545454
74011,74011,100,5,117,16,0,138,122,16,0,0.036231884057971016,0.8478260869565217,0.11594202898550725,0.0,0.8840579710144928,0.11594202898550725,0.0,Daniel Squadron RECAP,0.8840579710144928
74012,74012,100,2,73,12,0,87,75,12,0,0.022988505747126436,0.8390804597701149,0.13793103448275862,0.0,0.8620689655172413,0.13793103448275862,0.0,Daniel Squadron RECAP,0.8620689655172413
74013,74013,100,4,104,8,0,116,108,8,0,0.034482758620689655,0.896551724137931,0.06896551724137931,0.0,0.9310344827586207,0.06896551724137931,0.0,Daniel Squadron RECAP,0.9310344827586207
74014,74014,100,6,105,3,0,114,111,3,0,0.05263157894736842,0.9210526315789473,0.02631578947368421,0.0,0.9736842105263158,0.02631578947368421,0.0,Daniel Squadron RECAP,0.9736842105263158
74015,74015,100,32,120,18,0,170,152,18,0,0.18823529411764706,0.7058823529411765,0.10588235294117647,0.0,0.8941176470588236,0.10588235294117647,0.0,Daniel Squadron RECAP,0.8941176470588236
74016,74016,100,16,61,4,0,81,77,4,0,0.19753086419753085,0.7530864197530864,0.04938271604938271,0.0,0.9506172839506173,0.04938271604938271,0.0,Daniel Squadron RECAP,0.9506172839506173
74017,74017,100,21,64,3,0,88,85,3,0,0.23863636363636365,0.7272727272727273,0.03409090909090909,0.0,0.9659090909090909,0.03409090909090909,0.0,Daniel Squadron RECAP,0.9659090909090909
74018,74018,100,7,61,12,0,80,68,12,0,0.0875,0.7625,0.15,0.0,0.85,0.15,0.0,Daniel Squadron RECAP,0.85
74204,74204,100,0,0,0,0,0,0,0,0,0,0,0,0,0,0,0,n/a,0
50002,50002,100,39,156,23,0,218,195,23,0,0.17889908256880735,0.7155963302752294,0.10550458715596331,0.0,0.8944954128440367,0.10550458715596331,0.0,Daniel Squadron RECAP,0.8944954128440367
50013,50013,100,0,5,0,0,5,5,0,0,0.0,1.0,0.0,0.0,1.0,0.0,0.0,Daniel Squadron RECAP,1.0
50024,50024,100,0,4,0,0,4,4,0,0,0.0,1.0,0.0,0.0,1.0,0.0,0.0,Daniel Squadron RECAP,1.0
50026,50026,100,57,120,16,0,193,177,16,0,0.29533678756476683,0.6217616580310881,0.08290155440414508,0.0,0.917098445595855,0.08290155440414508,0.0,Daniel Squadron RECAP,0.917098445595855
50027,50027,100,72,188,34,0,294,260,34,0,0.24489795918367346,0.6394557823129252,0.11564625850340136,0.0,0.8843537414965986,0.11564625850340136,0.0,Daniel Squadron RECAP,0.8843537414965986
50028,50028,100,57,130,29,1,217,187,29,1,0.2626728110599078,0.5990783410138248,0.1336405529953917,0.004608294930875576,0.8617511520737328,0.1336405529953917,0.004608294930875576,Daniel Squadron RECAP,0.8617511520737328
50029,50029,100,61,137,22,1,221,198,22,1,0.27601809954751133,0.6199095022624435,0.09954751131221719,0.004524886877828055,0.8959276018099548,0.09954751131221719,0.004524886877828055,Daniel Squadron RECAP,0.8959276018099548
50030,50030,100,43,121,37,0,201,164,37,0,0.21393034825870647,0.6019900497512438,0.18407960199004975,0.0,0.8159203980099502,0.18407960199004975,0.0,Daniel Squadron RECAP,0.8159203980099502
50031,50031,100,58,147,25,0,230,205,25,0,0.25217391304347825,0.6391304347826087,0.10869565217391304,0.0,0.8913043478260869,0.10869565217391304,0.0,Daniel Squadron RECAP,0.8913043478260869
50032,50032,100,58,146,38,0,242,204,38,0,0.2396694214876033,0.6033057851239669,0.15702479338842976,0.0,0.8429752066115702,0.15702479338842976,0.0,Daniel Squadron RECAP,0.8429752066115702
50033,50033,100,67,141,30,0,238,208,30,0,0.2815126050420168,0.592436974789916,0.12605042016806722,0.0,0.8739495798319328,0.12605042016806722,0.0,Daniel Squadron RECAP,0.8739495798319328
50034,50034,100,51,130,34,0,215,181,34,0,0.2372093023255814,0.6046511627906976,0.15813953488372093,0.0,0.8418604651162791,0.15813953488372093,0.0,Daniel Squadron RECAP,0.8418604651162791
50035,50035,100,66,153,26,1,246,219,26,1,0.2682926829268293,0.6219512195121951,0.10569105691056911,0.0040650406504065045,0.8902439024390244,0.10569105691056911,0.0040650406504065045,Daniel Squadron RECAP,0.8902439024390244
50036,50036,100,2,11,4,0,17,13,4,0,0.11764705882352941,0.6470588235294118,0.23529411764705882,0.0,0.7647058823529411,0.23529411764705882,0.0,Daniel Squadron RECAP,0.7647058823529411
50037,50037,100,32,175,15,0,222,207,15,0,0.14414414414414414,0.7882882882882883,0.06756756756756757,0.0,0.9324324324324325,0.06756756756756757,0.0,Daniel Squadron RECAP,0.9324324324324325
50038,50038,100,43,128,11,1,183,171,11,1,0.23497267759562843,0.6994535519125683,0.060109289617486336,0.00546448087431694,0.9344262295081968,0.060109289617486336,0.00546448087431694,Daniel Squadron RECAP,0.9344262295081968
50039,50039,100,31,95,12,1,139,126,12,1,0.22302158273381295,0.6834532374100719,0.08633093525179857,0.007194244604316547,0.9064748201438849,0.08633093525179857,0.007194244604316547,Daniel Squadron RECAP,0.9064748201438849
50040,50040,100,31,171,24,0,226,202,24,0,0.13716814159292035,0.7566371681415929,0.10619469026548672,0.0,0.8938053097345132,0.10619469026548672,0.0,Daniel Squadron RECAP,0.8938053097345132
50041,50041,100,38,145,28,2,213,183,28,2,0.1784037558685446,0.6807511737089202,0.13145539906103287,0.009389671361502348,0.8591549295774648,0.13145539906103287,0.009389671361502348,Daniel Squadron RECAP,0.8591549295774648
50042,50042,100,60,152,19,1,232,212,19,1,0.25862068965517243,0.6551724137931034,0.08189655172413793,0.004310344827586207,0.9137931034482759,0.08189655172413793,0.004310344827586207,Daniel Squadron RECAP,0.9137931034482759
50047,50047,100,28,62,10,0,100,90,10,0,0.28,0.62,0.1,0.0,0.9,0.1,0.0,Daniel Squadron RECAP,0.9
50048,50048,100,27,95,19,0,141,122,19,0,0.19148936170212766,0.6737588652482269,0.1347517730496454,0.0,0.8652482269503546,0.1347517730496454,0.0,Daniel Squadron RECAP,0.8652482269503546
50055,50055,100,5,28,5,0,38,33,5,0,0.13157894736842105,0.7368421052631579,0.13157894736842105,0.0,0.868421052631579,0.13157894736842105,0.0,Daniel Squadron RECAP,0.868421052631579
50064,50064,100,1,28,8,1,38,29,8,1,0.02631578947368421,0.7368421052631579,0.21052631578947367,0.02631578947368421,0.7631578947368421,0.21052631578947367,0.02631578947368421,Daniel Squadron RECAP,0.7631578947368421
50065,50065,100,2,59,7,0,68,61,7,0,0.029411764705882353,0.8676470588235294,0.10294117647058823,0.0,0.8970588235294118,0.10294117647058823,0.0,Daniel Squadron RECAP,0.8970588235294118
50066,50066,100,4,50,5,1,60,54,5,1,0.06666666666666667,0.8333333333333334,0.08333333333333333,0.016666666666666666,0.9,0.08333333333333333,0.016666666666666666,Daniel Squadron RECAP,0.9
50067,50067,100,2,31,4,3,40,33,4,3,0.05,0.775,0.1,0.075,0.825,0.1,0.075,Daniel Squadron RECAP,0.825
50068,50068,100,1,57,3,0,61,58,3,0,0.01639344262295082,0.9344262295081968,0.04918032786885246,0.0,0.9508196721311475,0.04918032786885246,0.0,Daniel Squadron RECAP,0.9508196721311475
50069,50069,100,1,69,11,0,81,70,11,0,0.012345679012345678,0.8518518518518519,0.13580246913580246,0.0,0.8641975308641975,0.13580246913580246,0.0,Daniel Squadron RECAP,0.8641975308641975
50070,50070,100,2,36,7,1,46,38,7,1,0.043478260869565216,0.782608695652174,0.15217391304347827,0.021739130434782608,0.8260869565217391,0.15217391304347827,0.021739130434782608,Daniel Squadron RECAP,0.8260869565217391
50071,50071,100,1,15,3,0,19,16,3,0,0.05263157894736842,0.7894736842105263,0.15789473684210525,0.0,0.8421052631578947,0.15789473684210525,0.0,Daniel Squadron RECAP,0.8421052631578947
50072,50072,100,5,33,5,0,43,38,5,0,0.11627906976744186,0.7674418604651163,0.11627906976744186,0.0,0.8837209302325582,0.11627906976744186,0.0,Daniel Squadron RECAP,0.8837209302325582
50073,50073,100,1,46,11,0,58,47,11,0,0.017241379310344827,0.7931034482758621,0.1896551724137931,0.0,0.8103448275862069,0.1896551724137931,0.0,Daniel Squadron RECAP,0.8103448275862069
50074,50074,100,2,48,6,0,56,50,6,0,0.03571428571428571,0.8571428571428571,0.10714285714285714,0.0,0.8928571428571429,0.10714285714285714,0.0,Daniel Squadron RECAP,0.8928571428571429
50075,50075,100,4,66,12,1,83,70,12,1,0.04819277108433735,0.7951807228915663,0.14457831325301204,0.012048192771084338,0.8433734939759037,0.14457831325301204,0.012048192771084338,Daniel Squadron RECAP,0.8433734939759037
50076,50076,100,5,70,9,0,84,75,9,0,0.05952380952380952,0.8333333333333334,0.10714285714285714,0.0,0.8928571428571429,0.10714285714285714,0.0,Daniel Squadron RECAP,0.8928571428571429
50077,50077,100,2,51,22,0,75,53,22,0,0.02666666666666667,0.68,0.29333333333333333,0.0,0.7066666666666667,0.29333333333333333,0.0,Daniel Squadron RECAP,0.7066666666666667
50078,50078,100,4,55,14,0,73,59,14,0,0.0547945205479452,0.7534246575342466,0.1917808219178082,0.0,0.8082191780821918,0.1917808219178082,0.0,Daniel Squadron RECAP,0.8082191780821918
50079,50079,100,0,40,17,1,58,40,17,1,0.0,0.6896551724137931,0.29310344827586204,0.017241379310344827,0.6896551724137931,0.29310344827586204,0.017241379310344827,Daniel Squadron RECAP,0.6896551724137931
50080,50080,100,3,44,7,1,55,47,7,1,0.05454545454545454,0.8,0.12727272727272726,0.01818181818181818,0.8545454545454545,0.12727272727272726,0.01818181818181818,Daniel Squadron RECAP,0.8545454545454545
50082,50082,100,3,17,2,1,23,20,2,1,0.13043478260869565,0.7391304347826086,0.08695652173913043,0.043478260869565216,0.8695652173913043,0.08695652173913043,0.043478260869565216,Daniel Squadron RECAP,0.8695652173913043
50087,50087,100,9,21,2,0,32,30,2,0,0.28125,0.65625,0.0625,0.0,0.9375,0.0625,0.0,Daniel Squadron RECAP,0.9375
50094,50094,100,1,14,1,1,17,15,1,1,0.058823529411764705,0.8235294117647058,0.058823529411764705,0.058823529411764705,0.8823529411764706,0.058823529411764705,0.058823529411764705,Daniel Squadron RECAP,0.8823529411764706
50096,50096,100,0,0,0,0,0,0,0,0,0,0,0,0,0,0,0,n/a,0
50097,50097,100,0,0,0,0,0,0,0,0,0,0,0,0,0,0,0,n/a,0
50099,50013,100,0,0,0,0,0,0,0,0,0,0,0,0,0,0,0,n/a,0
51007,51007,100,86,162,16,1,265,248,16,1,0.32452830188679244,0.6113207547169811,0.06037735849056604,0.0037735849056603774,0.9358490566037736,0.06037735849056604,0.0037735849056603774,Daniel Squadron RECAP,0.9358490566037736
52001,52001,100,36,87,11,1,135,123,11,1,0.26666666666666666,0.6444444444444445,0.08148148148148149,0.007407407407407408,0.9111111111111111,0.08148148148148149,0.007407407407407408,Daniel Squadron RECAP,0.9111111111111111
52002,52002,100,24,77,11,1,113,101,11,1,0.21238938053097345,0.6814159292035398,0.09734513274336283,0.008849557522123894,0.8938053097345132,0.09734513274336283,0.008849557522123894,Daniel Squadron RECAP,0.8938053097345132
52004,52004,100,23,98,17,0,138,121,17,0,0.16666666666666666,0.7101449275362319,0.12318840579710146,0.0,0.8768115942028986,0.12318840579710146,0.0,Daniel Squadron RECAP,0.8768115942028986
52005,52005,100,17,103,16,0,136,120,16,0,0.125,0.7573529411764706,0.11764705882352941,0.0,0.8823529411764706,0.11764705882352941,0.0,Daniel Squadron RECAP,0.8823529411764706
52006,52006,100,17,49,4,0,70,66,4,0,0.24285714285714285,0.7,0.05714285714285714,0.0,0.9428571428571428,0.05714285714285714,0.0,Daniel Squadron RECAP,0.9428571428571428
52007,52007,100,87,252,43,1,383,339,43,1,0.22715404699738903,0.6579634464751958,0.1122715404699739,0.0026109660574412533,0.8851174934725848,0.1122715404699739,0.0026109660574412533,Daniel Squadron RECAP,0.8851174934725848
52008,52008,100,75,286,47,0,408,361,47,0,0.18382352941176472,0.7009803921568627,0.11519607843137254,0.0,0.8848039215686274,0.11519607843137254,0.0,Daniel Squadron RECAP,0.8848039215686274
52009,52009,100,85,181,37,0,303,266,37,0,0.28052805280528054,0.5973597359735974,0.12211221122112212,0.0,0.8778877887788779,0.12211221122112212,0.0,Daniel Squadron RECAP,0.8778877887788779
52010,52010,100,76,304,43,1,424,380,43,1,0.1792452830188679,0.7169811320754716,0.10141509433962265,0.0023584905660377358,0.8962264150943396,0.10141509433962265,0.0023584905660377358,Daniel Squadron RECAP,0.8962264150943396
52011,52011,100,42,227,38,4,311,269,38,4,0.13504823151125403,0.729903536977492,0.12218649517684887,0.012861736334405145,0.864951768488746,0.12218649517684887,0.012861736334405145,Daniel Squadron RECAP,0.864951768488746
52012,52012,100,62,181,58,0,301,243,58,0,0.2059800664451827,0.6013289036544851,0.19269102990033224,0.0,0.8073089700996677,0.19269102990033224,0.0,Daniel Squadron RECAP,0.8073089700996677
52013,52013,100,51,233,32,0,316,284,32,0,0.16139240506329114,0.7373417721518988,0.10126582278481013,0.0,0.8987341772151899,0.10126582278481013,0.0,Daniel Squadron RECAP,0.8987341772151899
52014,52014,100,66,230,32,1,329,296,32,1,0.2006079027355623,0.6990881458966566,0.0972644376899696,0.00303951367781155,0.8996960486322189,0.0972644376899696,0.00303951367781155,Daniel Squadron RECAP,0.8996960486322189
52015,52015,100,81,246,39,2,368,327,39,2,0.22010869565217392,0.6684782608695652,0.10597826086956522,0.005434782608695652,0.8885869565217391,0.10597826086956522,0.005434782608695652,Daniel Squadron RECAP,0.8885869565217391
52016,52016,100,73,263,52,0,388,336,52,0,0.18814432989690721,0.6778350515463918,0.13402061855670103,0.0,0.865979381443299,0.13402061855670103,0.0,Daniel Squadron RECAP,0.865979381443299
52017,52017,100,50,242,43,0,335,292,43,0,0.14925373134328357,0.7223880597014926,0.12835820895522387,0.0,0.8716417910447761,0.12835820895522387,0.0,Daniel Squadron RECAP,0.8716417910447761
52018,52018,100,82,191,42,0,315,273,42,0,0.26031746031746034,0.6063492063492063,0.13333333333333333,0.0,0.8666666666666667,0.13333333333333333,0.0,Daniel Squadron RECAP,0.8666666666666667
52019,52019,100,62,194,26,1,283,256,26,1,0.21908127208480566,0.6855123674911661,0.09187279151943463,0.0035335689045936395,0.9045936395759717,0.09187279151943463,0.0035335689045936395,Daniel Squadron RECAP,0.9045936395759717
52020,52020,100,61,178,47,0,286,239,47,0,0.21328671328671328,0.6223776223776224,0.16433566433566432,0.0,0.8356643356643356,0.16433566433566432,0.0,Daniel Squadron RECAP,0.8356643356643356
52034,52034,100,68,168,18,1,255,236,18,1,0.26666666666666666,0.6588235294117647,0.07058823529411765,0.00392156862745098,0.9254901960784314,0.07058823529411765,0.00392156862745098,Daniel Squadron RECAP,0.9254901960784314
52035,52035,100,98,181,26,0,305,279,26,0,0.32131147540983607,0.5934426229508196,0.08524590163934426,0.0,0.9147540983606557,0.08524590163934426,0.0,Daniel Squadron RECAP,0.9147540983606557
52036,52036,100,76,251,36,1,364,327,36,1,0.2087912087912088,0.6895604395604396,0.0989010989010989,0.0027472527472527475,0.8983516483516484,0.0989010989010989,0.0027472527472527475,Daniel Squadron RECAP,0.8983516483516484
52037,52037,100,81,222,31,1,335,303,31,1,0.2417910447761194,0.6626865671641791,0.09253731343283582,0.0029850746268656717,0.9044776119402985,0.09253731343283582,0.0029850746268656717,Daniel Squadron RECAP,0.9044776119402985
52038,52038,100,90,234,32,1,357,324,32,1,0.25210084033613445,0.6554621848739496,0.0896358543417367,0.0028011204481792717,0.907563025210084,0.0896358543417367,0.0028011204481792717,Daniel Squadron RECAP,0.907563025210084
52039,52039,100,90,198,29,0,317,288,29,0,0.28391167192429023,0.6246056782334385,0.0914826498422713,0.0,0.9085173501577287,0.0914826498422713,0.0,Daniel Squadron RECAP,0.9085173501577287
52040,52040,100,86,260,19,1,366,346,19,1,0.23497267759562843,0.7103825136612022,0.05191256830601093,0.00273224043715847,0.9453551912568307,0.05191256830601093,0.00273224043715847,Daniel Squadron RECAP,0.9453551912568307
52041,52041,100,53,72,3,0,128,125,3,0,0.4140625,0.5625,0.0234375,0.0,0.9765625,0.0234375,0.0,Daniel Squadron RECAP,0.9765625
52042,52042,100,77,154,24,0,255,231,24,0,0.30196078431372547,0.6039215686274509,0.09411764705882353,0.0,0.9058823529411765,0.09411764705882353,0.0,Daniel Squadron RECAP,0.9058823529411765
52043,52043,100,77,189,20,0,286,266,20,0,0.2692307692307692,0.6608391608391608,0.06993006993006994,0.0,0.9300699300699301,0.06993006993006994,0.0,Daniel Squadron RECAP,0.9300699300699301
52044,52044,100,91,211,47,0,349,302,47,0,0.2607449856733524,0.6045845272206304,0.1346704871060172,0.0,0.8653295128939829,0.1346704871060172,0.0,Daniel Squadron RECAP,0.8653295128939829
52045,52045,100,87,156,28,0,271,243,28,0,0.3210332103321033,0.5756457564575646,0.1033210332103321,0.0,0.8966789667896679,0.1033210332103321,0.0,Daniel Squadron RECAP,0.8966789667896679
52046,52046,100,75,213,35,0,323,288,35,0,0.23219814241486067,0.6594427244582043,0.10835913312693499,0.0,0.891640866873065,0.10835913312693499,0.0,Daniel Squadron RECAP,0.891640866873065
52047,52047,100,65,118,23,1,207,183,23,1,0.3140096618357488,0.5700483091787439,0.1111111111111111,0.004830917874396135,0.8840579710144928,0.1111111111111111,0.004830917874396135,Daniel Squadron RECAP,0.8840579710144928
52105,52105,100,65,131,21,0,217,196,21,0,0.2995391705069124,0.6036866359447005,0.0967741935483871,0.0,0.9032258064516129,0.0967741935483871,0.0,Daniel Squadron RECAP,0.9032258064516129
52107,52006,100,0,0,0,0,0,0,0,0,0,0,0,0,0,0,0,n/a,0
52109,52109,100,0,0,0,0,0,0,0,0,0,0,0,0,0,0,0,n/a,0
52110,52109,100,0,0,0,0,0,0,0,0,0,0,0,0,0,0,0,n/a,0
52111,52111,100,0,0,0,0,0,0,0,0,0,0,0,0,0,0,0,n/a,0
53014,53014,100,0,2,0,0,2,2,0,0,0.0,1.0,0.0,0.0,1.0,0.0,0.0,Daniel Squadron RECAP,1.0
53078,53078,100,3,52,12,1,68,55,12,1,0.04411764705882353,0.7647058823529411,0.17647058823529413,0.014705882352941176,0.8088235294117647,0.17647058823529413,0.014705882352941176,Daniel Squadron RECAP,0.8088235294117647
57096,57096,100,0,0,0,0,0,0,0,0,0,0,0,0,0,0,0,n/a,0
