ED,Reported As,Reporting,Charles B. Rangel (Democratic),Charles B. Rangel (Working Families),Scattered,Daniel Vila Rivera (Green),Total Votes,Charles B. Rangel RECAP,Scattered RECAP,Daniel Vila Rivera RECAP,p_Charles B. Rangel (Democratic),p_Charles B. Rangel (Working Families),p_Scattered,p_Daniel Vila Rivera (Green),p_Charles B. Rangel RECAP,p_Scattered RECAP,p_Daniel Vila Rivera RECAP,winner,winner_p
68016,68016,100,82,2,0,3,87,84,0,3,0.9425287356321839,0.022988505747126436,0.0,0.034482758620689655,0.9655172413793104,0.0,0.034482758620689655,Charles B. Rangel RECAP,0.9655172413793104
68017,68017,100,94,4,0,8,106,98,0,8,0.8867924528301887,0.03773584905660377,0.0,0.07547169811320754,0.9245283018867925,0.0,0.07547169811320754,Charles B. Rangel RECAP,0.9245283018867925
68018,68018,100,130,11,0,13,154,141,0,13,0.8441558441558441,0.07142857142857142,0.0,0.08441558441558442,0.9155844155844156,0.0,0.08441558441558442,Charles B. Rangel RECAP,0.9155844155844156
68019,68019,100,116,4,0,16,136,120,0,16,0.8529411764705882,0.029411764705882353,0.0,0.11764705882352941,0.8823529411764706,0.0,0.11764705882352941,Charles B. Rangel RECAP,0.8823529411764706
68020,68020,100,40,6,0,20,66,46,0,20,0.6060606060606061,0.09090909090909091,0.0,0.30303030303030304,0.696969696969697,0.0,0.30303030303030304,Charles B. Rangel RECAP,0.696969696969697
68021,68021,100,121,5,0,3,129,126,0,3,0.937984496124031,0.03875968992248062,0.0,0.023255813953488372,0.9767441860465116,0.0,0.023255813953488372,Charles B. Rangel RECAP,0.9767441860465116
68022,68022,100,56,10,0,19,85,66,0,19,0.6588235294117647,0.11764705882352941,0.0,0.2235294117647059,0.7764705882352941,0.0,0.2235294117647059,Charles B. Rangel RECAP,0.7764705882352941
68023,68023,100,130,11,1,27,169,141,1,27,0.7692307692307693,0.0650887573964497,0.005917159763313609,0.15976331360946747,0.834319526627219,0.005917159763313609,0.15976331360946747,Charles B. Rangel RECAP,0.834319526627219
68024,68024,100,63,4,1,15,83,67,1,15,0.7590361445783133,0.04819277108433735,0.012048192771084338,0.18072289156626506,0.8072289156626506,0.012048192771084338,0.18072289156626506,Charles B. Rangel RECAP,0.8072289156626506
68025,68025,100,110,7,1,5,123,117,1,5,0.8943089430894309,0.056910569105691054,0.008130081300813009,0.04065040650406504,0.9512195121951219,0.008130081300813009,0.04065040650406504,Charles B. Rangel RECAP,0.9512195121951219
68026,68026,100,109,6,0,15,130,115,0,15,0.8384615384615385,0.046153846153846156,0.0,0.11538461538461539,0.8846153846153846,0.0,0.11538461538461539,Charles B. Rangel RECAP,0.8846153846153846
68027,68027,100,87,2,2,16,107,89,2,16,0.8130841121495327,0.018691588785046728,0.018691588785046728,0.14953271028037382,0.8317757009345794,0.018691588785046728,0.14953271028037382,Charles B. Rangel RECAP,0.8317757009345794
68028,68028,100,102,5,0,19,126,107,0,19,0.8095238095238095,0.03968253968253968,0.0,0.15079365079365079,0.8492063492063492,0.0,0.15079365079365079,Charles B. Rangel RECAP,0.8492063492063492
68029,68029,100,51,3,0,3,57,54,0,3,0.8947368421052632,0.05263157894736842,0.0,0.05263157894736842,0.9473684210526315,0.0,0.05263157894736842,Charles B. Rangel RECAP,0.9473684210526315
68030,68030,100,93,3,0,5,101,96,0,5,0.9207920792079208,0.0297029702970297,0.0,0.04950495049504951,0.9504950495049505,0.0,0.04950495049504951,Charles B. Rangel RECAP,0.9504950495049505
68031,68031,100,187,9,1,8,205,196,1,8,0.9121951219512195,0.04390243902439024,0.004878048780487805,0.03902439024390244,0.9560975609756097,0.004878048780487805,0.03902439024390244,Charles B. Rangel RECAP,0.9560975609756097
68032,68032,100,111,3,0,5,119,114,0,5,0.9327731092436975,0.025210084033613446,0.0,0.04201680672268908,0.957983193277311,0.0,0.04201680672268908,Charles B. Rangel RECAP,0.957983193277311
68033,68033,100,153,11,0,56,220,164,0,56,0.6954545454545454,0.05,0.0,0.2545454545454545,0.7454545454545455,0.0,0.2545454545454545,Charles B. Rangel RECAP,0.7454545454545455
68034,68034,100,161,11,0,12,184,172,0,12,0.875,0.059782608695652176,0.0,0.06521739130434782,0.9347826086956522,0.0,0.06521739130434782,Charles B. Rangel RECAP,0.9347826086956522
68035,68035,100,85,1,0,3,89,86,0,3,0.9550561797752809,0.011235955056179775,0.0,0.033707865168539325,0.9662921348314607,0.0,0.033707865168539325,Charles B. Rangel RECAP,0.9662921348314607
68036,68036,100,184,2,0,7,193,186,0,7,0.9533678756476683,0.010362694300518135,0.0,0.03626943005181347,0.9637305699481865,0.0,0.03626943005181347,Charles B. Rangel RECAP,0.9637305699481865
68037,68037,100,129,7,1,28,165,136,1,28,0.7818181818181819,0.04242424242424243,0.006060606060606061,0.1696969696969697,0.8242424242424242,0.006060606060606061,0.1696969696969697,Charles B. Rangel RECAP,0.8242424242424242
68038,68038,100,35,11,1,17,64,46,1,17,0.546875,0.171875,0.015625,0.265625,0.71875,0.015625,0.265625,Charles B. Rangel RECAP,0.71875
68039,68039,100,104,10,0,18,132,114,0,18,0.7878787878787878,0.07575757575757576,0.0,0.13636363636363635,0.8636363636363636,0.0,0.13636363636363635,Charles B. Rangel RECAP,0.8636363636363636
68040,68040,100,187,12,0,11,210,199,0,11,0.8904761904761904,0.05714285714285714,0.0,0.05238095238095238,0.9476190476190476,0.0,0.05238095238095238,Charles B. Rangel RECAP,0.9476190476190476
68041,68041,100,208,13,0,25,246,221,0,25,0.8455284552845529,0.052845528455284556,0.0,0.1016260162601626,0.8983739837398373,0.0,0.1016260162601626,Charles B. Rangel RECAP,0.8983739837398373
68042,68042,100,131,4,0,11,146,135,0,11,0.8972602739726028,0.0273972602739726,0.0,0.07534246575342465,0.9246575342465754,0.0,0.07534246575342465,Charles B. Rangel RECAP,0.9246575342465754
68043,68043,100,120,9,0,28,157,129,0,28,0.7643312101910829,0.05732484076433121,0.0,0.17834394904458598,0.821656050955414,0.0,0.17834394904458598,Charles B. Rangel RECAP,0.821656050955414
68044,68044,100,113,2,0,10,125,115,0,10,0.904,0.016,0.0,0.08,0.92,0.0,0.08,Charles B. Rangel RECAP,0.92
68045,68045,100,73,2,0,3,78,75,0,3,0.9358974358974359,0.02564102564102564,0.0,0.038461538461538464,0.9615384615384616,0.0,0.038461538461538464,Charles B. Rangel RECAP,0.9615384615384616
68046,68046,100,113,5,1,20,139,118,1,20,0.8129496402877698,0.03597122302158273,0.007194244604316547,0.14388489208633093,0.8489208633093526,0.007194244604316547,0.14388489208633093,Charles B. Rangel RECAP,0.8489208633093526
68047,68047,100,107,4,1,7,119,111,1,7,0.8991596638655462,0.03361344537815126,0.008403361344537815,0.058823529411764705,0.9327731092436975,0.008403361344537815,0.058823529411764705,Charles B. Rangel RECAP,0.9327731092436975
68048,68048,100,115,3,0,7,125,118,0,7,0.92,0.024,0.0,0.056,0.944,0.0,0.056,Charles B. Rangel RECAP,0.944
68049,68049,100,122,4,0,4,130,126,0,4,0.9384615384615385,0.03076923076923077,0.0,0.03076923076923077,0.9692307692307692,0.0,0.03076923076923077,Charles B. Rangel RECAP,0.9692307692307692
68050,68050,100,201,5,0,10,216,206,0,10,0.9305555555555556,0.023148148148148147,0.0,0.046296296296296294,0.9537037037037037,0.0,0.046296296296296294,Charles B. Rangel RECAP,0.9537037037037037
68051,68051,100,148,7,0,13,168,155,0,13,0.8809523809523809,0.041666666666666664,0.0,0.07738095238095238,0.9226190476190477,0.0,0.07738095238095238,Charles B. Rangel RECAP,0.9226190476190477
68052,68052,100,163,8,0,10,181,171,0,10,0.9005524861878453,0.04419889502762431,0.0,0.055248618784530384,0.9447513812154696,0.0,0.055248618784530384,Charles B. Rangel RECAP,0.9447513812154696
68053,68053,100,130,10,0,8,148,140,0,8,0.8783783783783784,0.06756756756756757,0.0,0.05405405405405406,0.9459459459459459,0.0,0.05405405405405406,Charles B. Rangel RECAP,0.9459459459459459
68054,68054,100,106,9,0,33,148,115,0,33,0.7162162162162162,0.060810810810810814,0.0,0.22297297297297297,0.777027027027027,0.0,0.22297297297297297,Charles B. Rangel RECAP,0.777027027027027
68055,68055,100,85,5,0,31,121,90,0,31,0.7024793388429752,0.04132231404958678,0.0,0.256198347107438,0.743801652892562,0.0,0.256198347107438,Charles B. Rangel RECAP,0.743801652892562
68056,68056,100,116,14,0,18,148,130,0,18,0.7837837837837838,0.0945945945945946,0.0,0.12162162162162163,0.8783783783783784,0.0,0.12162162162162163,Charles B. Rangel RECAP,0.8783783783783784
68057,68057,100,181,16,0,24,221,197,0,24,0.8190045248868778,0.07239819004524888,0.0,0.1085972850678733,0.8914027149321267,0.0,0.1085972850678733,Charles B. Rangel RECAP,0.8914027149321267
68058,68058,100,109,5,0,8,122,114,0,8,0.8934426229508197,0.040983606557377046,0.0,0.06557377049180328,0.9344262295081968,0.0,0.06557377049180328,Charles B. Rangel RECAP,0.9344262295081968
68059,68059,100,155,6,0,14,175,161,0,14,0.8857142857142857,0.03428571428571429,0.0,0.08,0.92,0.0,0.08,Charles B. Rangel RECAP,0.92
68060,68060,100,156,11,1,11,179,167,1,11,0.8715083798882681,0.061452513966480445,0.00558659217877095,0.061452513966480445,0.9329608938547486,0.00558659217877095,0.061452513966480445,Charles B. Rangel RECAP,0.9329608938547486
68061,68061,100,148,7,0,7,162,155,0,7,0.9135802469135802,0.043209876543209874,0.0,0.043209876543209874,0.9567901234567902,0.0,0.043209876543209874,Charles B. Rangel RECAP,0.9567901234567902
68062,68062,100,93,6,1,12,112,99,1,12,0.8303571428571429,0.05357142857142857,0.008928571428571428,0.10714285714285714,0.8839285714285714,0.008928571428571428,0.10714285714285714,Charles B. Rangel RECAP,0.8839285714285714
68063,68063,100,168,5,0,8,181,173,0,8,0.9281767955801105,0.027624309392265192,0.0,0.04419889502762431,0.9558011049723757,0.0,0.04419889502762431,Charles B. Rangel RECAP,0.9558011049723757
68064,68064,100,90,2,0,3,95,92,0,3,0.9473684210526315,0.021052631578947368,0.0,0.031578947368421054,0.968421052631579,0.0,0.031578947368421054,Charles B. Rangel RECAP,0.968421052631579
68065,68065,100,83,3,0,4,90,86,0,4,0.9222222222222223,0.03333333333333333,0.0,0.044444444444444446,0.9555555555555556,0.0,0.044444444444444446,Charles B. Rangel RECAP,0.9555555555555556
68066,68066,100,147,8,0,11,166,155,0,11,0.8855421686746988,0.04819277108433735,0.0,0.06626506024096386,0.9337349397590361,0.0,0.06626506024096386,Charles B. Rangel RECAP,0.9337349397590361
68067,68067,100,70,6,0,7,83,76,0,7,0.8433734939759037,0.07228915662650602,0.0,0.08433734939759036,0.9156626506024096,0.0,0.08433734939759036,Charles B. Rangel RECAP,0.9156626506024096
68068,68068,100,90,2,0,4,96,92,0,4,0.9375,0.020833333333333332,0.0,0.041666666666666664,0.9583333333333334,0.0,0.041666666666666664,Charles B. Rangel RECAP,0.9583333333333334
68069,68069,100,117,3,0,5,125,120,0,5,0.936,0.024,0.0,0.04,0.96,0.0,0.04,Charles B. Rangel RECAP,0.96
68070,68070,100,65,5,0,4,74,70,0,4,0.8783783783783784,0.06756756756756757,0.0,0.05405405405405406,0.9459459459459459,0.0,0.05405405405405406,Charles B. Rangel RECAP,0.9459459459459459
68071,68071,100,86,17,0,27,130,103,0,27,0.6615384615384615,0.13076923076923078,0.0,0.2076923076923077,0.7923076923076923,0.0,0.2076923076923077,Charles B. Rangel RECAP,0.7923076923076923
68072,68072,100,46,5,1,12,64,51,1,12,0.71875,0.078125,0.015625,0.1875,0.796875,0.015625,0.1875,Charles B. Rangel RECAP,0.796875
68073,68073,100,91,12,0,22,125,103,0,22,0.728,0.096,0.0,0.176,0.824,0.0,0.176,Charles B. Rangel RECAP,0.824
68074,68074,100,128,13,0,30,171,141,0,30,0.7485380116959064,0.07602339181286549,0.0,0.17543859649122806,0.8245614035087719,0.0,0.17543859649122806,Charles B. Rangel RECAP,0.8245614035087719
68075,68075,100,126,11,3,43,183,137,3,43,0.6885245901639344,0.060109289617486336,0.01639344262295082,0.23497267759562843,0.7486338797814208,0.01639344262295082,0.23497267759562843,Charles B. Rangel RECAP,0.7486338797814208
68076,68076,100,101,11,1,23,136,112,1,23,0.7426470588235294,0.08088235294117647,0.007352941176470588,0.16911764705882354,0.8235294117647058,0.007352941176470588,0.16911764705882354,Charles B. Rangel RECAP,0.8235294117647058
68077,68077,100,63,9,1,17,90,72,1,17,0.7,0.1,0.011111111111111112,0.18888888888888888,0.8,0.011111111111111112,0.18888888888888888,Charles B. Rangel RECAP,0.8
68078,68078,100,173,21,3,42,239,194,3,42,0.7238493723849372,0.08786610878661087,0.012552301255230125,0.17573221757322174,0.8117154811715481,0.012552301255230125,0.17573221757322174,Charles B. Rangel RECAP,0.8117154811715481
68079,68079,100,92,10,0,11,113,102,0,11,0.8141592920353983,0.08849557522123894,0.0,0.09734513274336283,0.9026548672566371,0.0,0.09734513274336283,Charles B. Rangel RECAP,0.9026548672566371
68080,68080,100,172,31,1,65,269,203,1,65,0.6394052044609665,0.11524163568773234,0.0037174721189591076,0.241635687732342,0.7546468401486989,0.0037174721189591076,0.241635687732342,Charles B. Rangel RECAP,0.7546468401486989
68081,68081,100,35,5,0,14,54,40,0,14,0.6481481481481481,0.09259259259259259,0.0,0.25925925925925924,0.7407407407407407,0.0,0.25925925925925924,Charles B. Rangel RECAP,0.7407407407407407
68082,68082,100,212,17,1,29,259,229,1,29,0.8185328185328186,0.06563706563706563,0.003861003861003861,0.11196911196911197,0.8841698841698842,0.003861003861003861,0.11196911196911197,Charles B. Rangel RECAP,0.8841698841698842
68083,68083,100,187,15,1,36,239,202,1,36,0.7824267782426778,0.06276150627615062,0.0041841004184100415,0.1506276150627615,0.8451882845188284,0.0041841004184100415,0.1506276150627615,Charles B. Rangel RECAP,0.8451882845188284
68084,68084,100,164,8,1,12,185,172,1,12,0.8864864864864865,0.043243243243243246,0.005405405405405406,0.06486486486486487,0.9297297297297298,0.005405405405405406,0.06486486486486487,Charles B. Rangel RECAP,0.9297297297297298
68085,68085,100,205,8,0,6,219,213,0,6,0.9360730593607306,0.0365296803652968,0.0,0.0273972602739726,0.9726027397260274,0.0,0.0273972602739726,Charles B. Rangel RECAP,0.9726027397260274
68086,68086,100,35,3,0,3,41,38,0,3,0.8536585365853658,0.07317073170731707,0.0,0.07317073170731707,0.926829268292683,0.0,0.07317073170731707,Charles B. Rangel RECAP,0.926829268292683
68087,68087,100,212,10,0,14,236,222,0,14,0.8983050847457628,0.0423728813559322,0.0,0.059322033898305086,0.940677966101695,0.0,0.059322033898305086,Charles B. Rangel RECAP,0.940677966101695
68088,68088,100,103,6,2,6,117,109,2,6,0.8803418803418803,0.05128205128205128,0.017094017094017096,0.05128205128205128,0.9316239316239316,0.017094017094017096,0.05128205128205128,Charles B. Rangel RECAP,0.9316239316239316
68089,68089,100,207,9,0,14,230,216,0,14,0.9,0.0391304347826087,0.0,0.06086956521739131,0.9391304347826087,0.0,0.06086956521739131,Charles B. Rangel RECAP,0.9391304347826087
68090,68090,100,113,5,0,7,125,118,0,7,0.904,0.04,0.0,0.056,0.944,0.0,0.056,Charles B. Rangel RECAP,0.944
68091,68091,100,71,1,0,6,78,72,0,6,0.9102564102564102,0.01282051282051282,0.0,0.07692307692307693,0.9230769230769231,0.0,0.07692307692307693,Charles B. Rangel RECAP,0.9230769230769231
68092,68092,100,102,4,0,7,113,106,0,7,0.9026548672566371,0.035398230088495575,0.0,0.061946902654867256,0.9380530973451328,0.0,0.061946902654867256,Charles B. Rangel RECAP,0.9380530973451328
68093,68093,100,181,7,0,9,197,188,0,9,0.9187817258883249,0.03553299492385787,0.0,0.04568527918781726,0.9543147208121827,0.0,0.04568527918781726,Charles B. Rangel RECAP,0.9543147208121827
68095,68095,100,0,0,0,0,0,0,0,0,0,0,0,0,0,0,0,n/a,0
68096,68096,100,0,0,0,0,0,0,0,0,0,0,0,0,0,0,0,n/a,0
68097,68097,100,66,1,0,11,78,67,0,11,0.8461538461538461,0.01282051282051282,0.0,0.14102564102564102,0.8589743589743589,0.0,0.14102564102564102,Charles B. Rangel RECAP,0.8589743589743589
68098,68098,100,88,1,0,11,100,89,0,11,0.88,0.01,0.0,0.11,0.89,0.0,0.11,Charles B. Rangel RECAP,0.89
68099,68099,100,67,4,0,7,78,71,0,7,0.8589743589743589,0.05128205128205128,0.0,0.08974358974358974,0.9102564102564102,0.0,0.08974358974358974,Charles B. Rangel RECAP,0.9102564102564102
68100,68100,100,125,8,0,6,139,133,0,6,0.8992805755395683,0.05755395683453238,0.0,0.04316546762589928,0.9568345323741008,0.0,0.04316546762589928,Charles B. Rangel RECAP,0.9568345323741008
68101,68101,100,83,7,1,13,104,90,1,13,0.7980769230769231,0.0673076923076923,0.009615384615384616,0.125,0.8653846153846154,0.009615384615384616,0.125,Charles B. Rangel RECAP,0.8653846153846154
68200,68200,100,0,0,0,0,0,0,0,0,0,0,0,0,0,0,0,n/a,0
68202,68202,100,0,0,0,0,0,0,0,0,0,0,0,0,0,0,0,n/a,0
68203,68203,100,0,0,0,0,0,0,0,0,0,0,0,0,0,0,0,n/a,0
68204,68204,100,0,0,0,0,0,0,0,0,0,0,0,0,0,0,0,n/a,0
68206,68206,100,0,0,0,0,0,0,0,0,0,0,0,0,0,0,0,n/a,0
68207,68207,100,0,0,0,0,0,0,0,0,0,0,0,0,0,0,0,n/a,0
69053,69053,100,128,4,0,7,139,132,0,7,0.920863309352518,0.02877697841726619,0.0,0.050359712230215826,0.9496402877697842,0.0,0.050359712230215826,Charles B. Rangel RECAP,0.9496402877697842
69054,69054,100,140,13,1,41,195,153,1,41,0.717948717948718,0.06666666666666667,0.005128205128205128,0.21025641025641026,0.7846153846153846,0.005128205128205128,0.21025641025641026,Charles B. Rangel RECAP,0.7846153846153846
69055,69055,100,186,22,0,53,261,208,0,53,0.7126436781609196,0.0842911877394636,0.0,0.20306513409961685,0.7969348659003831,0.0,0.20306513409961685,Charles B. Rangel RECAP,0.7969348659003831
69056,69056,100,117,2,0,8,127,119,0,8,0.9212598425196851,0.015748031496062992,0.0,0.06299212598425197,0.937007874015748,0.0,0.06299212598425197,Charles B. Rangel RECAP,0.937007874015748
69057,69057,100,195,11,1,16,223,206,1,16,0.874439461883408,0.04932735426008968,0.004484304932735426,0.07174887892376682,0.9237668161434978,0.004484304932735426,0.07174887892376682,Charles B. Rangel RECAP,0.9237668161434978
69067,69067,100,86,4,1,18,109,90,1,18,0.7889908256880734,0.03669724770642202,0.009174311926605505,0.1651376146788991,0.8256880733944955,0.009174311926605505,0.1651376146788991,Charles B. Rangel RECAP,0.8256880733944955
69068,69068,100,152,16,0,38,206,168,0,38,0.7378640776699029,0.07766990291262135,0.0,0.18446601941747573,0.8155339805825242,0.0,0.18446601941747573,Charles B. Rangel RECAP,0.8155339805825242
69069,69069,100,178,52,1,93,324,230,1,93,0.5493827160493827,0.16049382716049382,0.0030864197530864196,0.28703703703703703,0.7098765432098766,0.0030864197530864196,0.28703703703703703,Charles B. Rangel RECAP,0.7098765432098766
69070,69070,100,67,17,0,19,103,84,0,19,0.6504854368932039,0.1650485436893204,0.0,0.18446601941747573,0.8155339805825242,0.0,0.18446601941747573,Charles B. Rangel RECAP,0.8155339805825242
69074,69074,100,142,15,0,24,181,157,0,24,0.7845303867403315,0.08287292817679558,0.0,0.13259668508287292,0.8674033149171271,0.0,0.13259668508287292,Charles B. Rangel RECAP,0.8674033149171271
69075,69075,100,148,20,1,42,211,168,1,42,0.7014218009478673,0.0947867298578199,0.004739336492890996,0.1990521327014218,0.7962085308056872,0.004739336492890996,0.1990521327014218,Charles B. Rangel RECAP,0.7962085308056872
69076,69076,100,134,11,0,28,173,145,0,28,0.7745664739884393,0.06358381502890173,0.0,0.16184971098265896,0.838150289017341,0.0,0.16184971098265896,Charles B. Rangel RECAP,0.838150289017341
69080,69080,100,134,9,0,31,174,143,0,31,0.7701149425287356,0.05172413793103448,0.0,0.1781609195402299,0.8218390804597702,0.0,0.1781609195402299,Charles B. Rangel RECAP,0.8218390804597702
69081,69081,100,191,32,1,56,280,223,1,56,0.6821428571428572,0.11428571428571428,0.0035714285714285713,0.2,0.7964285714285714,0.0035714285714285713,0.2,Charles B. Rangel RECAP,0.7964285714285714
69082,69082,100,97,15,0,36,148,112,0,36,0.6554054054054054,0.10135135135135136,0.0,0.24324324324324326,0.7567567567567568,0.0,0.24324324324324326,Charles B. Rangel RECAP,0.7567567567567568
69083,69083,100,268,23,1,32,324,291,1,32,0.8271604938271605,0.07098765432098765,0.0030864197530864196,0.09876543209876543,0.8981481481481481,0.0030864197530864196,0.09876543209876543,Charles B. Rangel RECAP,0.8981481481481481
69098,69098,100,138,38,1,40,217,176,1,40,0.6359447004608295,0.17511520737327188,0.004608294930875576,0.18433179723502305,0.8110599078341014,0.004608294930875576,0.18433179723502305,Charles B. Rangel RECAP,0.8110599078341014
69099,69099,100,229,99,0,108,436,328,0,108,0.5252293577981652,0.22706422018348624,0.0,0.24770642201834864,0.7522935779816514,0.0,0.24770642201834864,Charles B. Rangel RECAP,0.7522935779816514
69100,69100,100,189,26,1,33,249,215,1,33,0.7590361445783133,0.10441767068273092,0.004016064257028112,0.13253012048192772,0.8634538152610441,0.004016064257028112,0.13253012048192772,Charles B. Rangel RECAP,0.8634538152610441
69101,69101,100,212,11,0,12,235,223,0,12,0.902127659574468,0.04680851063829787,0.0,0.05106382978723404,0.948936170212766,0.0,0.05106382978723404,Charles B. Rangel RECAP,0.948936170212766
69102,69102,100,154,6,0,10,170,160,0,10,0.9058823529411765,0.03529411764705882,0.0,0.058823529411764705,0.9411764705882353,0.0,0.058823529411764705,Charles B. Rangel RECAP,0.9411764705882353
69103,69103,100,174,8,2,6,190,182,2,6,0.9157894736842105,0.042105263157894736,0.010526315789473684,0.031578947368421054,0.9578947368421052,0.010526315789473684,0.031578947368421054,Charles B. Rangel RECAP,0.9578947368421052
69200,69200,100,0,0,0,0,0,0,0,0,0,0,0,0,0,0,0,n/a,0
70001,70001,100,181,23,1,46,251,204,1,46,0.7211155378486056,0.09163346613545817,0.00398406374501992,0.18326693227091634,0.8127490039840638,0.00398406374501992,0.18326693227091634,Charles B. Rangel RECAP,0.8127490039840638
70002,70002,100,127,15,1,27,170,142,1,27,0.7470588235294118,0.08823529411764706,0.0058823529411764705,0.1588235294117647,0.8352941176470589,0.0058823529411764705,0.1588235294117647,Charles B. Rangel RECAP,0.8352941176470589
70003,70003,100,201,12,2,36,251,213,2,36,0.8007968127490039,0.04780876494023904,0.00796812749003984,0.14342629482071714,0.848605577689243,0.00796812749003984,0.14342629482071714,Charles B. Rangel RECAP,0.848605577689243
70004,70004,100,179,19,1,23,222,198,1,23,0.8063063063063063,0.08558558558558559,0.0045045045045045045,0.1036036036036036,0.8918918918918919,0.0045045045045045045,0.1036036036036036,Charles B. Rangel RECAP,0.8918918918918919
70005,70005,100,220,25,0,68,313,245,0,68,0.7028753993610224,0.07987220447284345,0.0,0.21725239616613418,0.7827476038338658,0.0,0.21725239616613418,Charles B. Rangel RECAP,0.7827476038338658
70006,70006,100,107,19,3,33,162,126,3,33,0.6604938271604939,0.11728395061728394,0.018518518518518517,0.2037037037037037,0.7777777777777778,0.018518518518518517,0.2037037037037037,Charles B. Rangel RECAP,0.7777777777777778
70007,70007,100,145,14,1,43,203,159,1,43,0.7142857142857143,0.06896551724137931,0.0049261083743842365,0.21182266009852216,0.7832512315270936,0.0049261083743842365,0.21182266009852216,Charles B. Rangel RECAP,0.7832512315270936
70008,70008,100,160,17,0,27,204,177,0,27,0.7843137254901961,0.08333333333333333,0.0,0.1323529411764706,0.8676470588235294,0.0,0.1323529411764706,Charles B. Rangel RECAP,0.8676470588235294
70009,70009,100,254,31,0,66,351,285,0,66,0.7236467236467237,0.08831908831908832,0.0,0.18803418803418803,0.811965811965812,0.0,0.18803418803418803,Charles B. Rangel RECAP,0.811965811965812
70010,70010,100,244,21,3,34,302,265,3,34,0.8079470198675497,0.0695364238410596,0.009933774834437087,0.11258278145695365,0.8774834437086093,0.009933774834437087,0.11258278145695365,Charles B. Rangel RECAP,0.8774834437086093
70011,70011,100,203,21,2,38,264,224,2,38,0.7689393939393939,0.07954545454545454,0.007575757575757576,0.14393939393939395,0.8484848484848485,0.007575757575757576,0.14393939393939395,Charles B. Rangel RECAP,0.8484848484848485
70012,70012,100,158,21,2,37,218,179,2,37,0.7247706422018348,0.0963302752293578,0.009174311926605505,0.16972477064220184,0.8211009174311926,0.009174311926605505,0.16972477064220184,Charles B. Rangel RECAP,0.8211009174311926
70013,70013,100,123,8,0,14,145,131,0,14,0.8482758620689655,0.05517241379310345,0.0,0.09655172413793103,0.903448275862069,0.0,0.09655172413793103,Charles B. Rangel RECAP,0.903448275862069
70014,70014,100,135,12,3,38,188,147,3,38,0.7180851063829787,0.06382978723404255,0.015957446808510637,0.20212765957446807,0.7819148936170213,0.015957446808510637,0.20212765957446807,Charles B. Rangel RECAP,0.7819148936170213
70015,70015,100,157,7,0,34,198,164,0,34,0.7929292929292929,0.03535353535353535,0.0,0.1717171717171717,0.8282828282828283,0.0,0.1717171717171717,Charles B. Rangel RECAP,0.8282828282828283
70016,70016,100,217,14,0,37,268,231,0,37,0.8097014925373134,0.05223880597014925,0.0,0.13805970149253732,0.8619402985074627,0.0,0.13805970149253732,Charles B. Rangel RECAP,0.8619402985074627
70017,70017,100,153,12,1,28,194,165,1,28,0.788659793814433,0.061855670103092786,0.005154639175257732,0.14432989690721648,0.8505154639175257,0.005154639175257732,0.14432989690721648,Charles B. Rangel RECAP,0.8505154639175257
70018,70018,100,84,12,1,26,123,96,1,26,0.6829268292682927,0.0975609756097561,0.008130081300813009,0.21138211382113822,0.7804878048780488,0.008130081300813009,0.21138211382113822,Charles B. Rangel RECAP,0.7804878048780488
70019,70019,100,223,30,3,69,325,253,3,69,0.6861538461538461,0.09230769230769231,0.009230769230769232,0.2123076923076923,0.7784615384615384,0.009230769230769232,0.2123076923076923,Charles B. Rangel RECAP,0.7784615384615384
70020,70020,100,237,19,2,41,299,256,2,41,0.7926421404682275,0.06354515050167224,0.006688963210702341,0.13712374581939799,0.8561872909698997,0.006688963210702341,0.13712374581939799,Charles B. Rangel RECAP,0.8561872909698997
70021,70021,100,170,34,0,41,245,204,0,41,0.6938775510204082,0.13877551020408163,0.0,0.1673469387755102,0.8326530612244898,0.0,0.1673469387755102,Charles B. Rangel RECAP,0.8326530612244898
70022,70022,100,168,19,0,50,237,187,0,50,0.7088607594936709,0.08016877637130802,0.0,0.2109704641350211,0.7890295358649789,0.0,0.2109704641350211,Charles B. Rangel RECAP,0.7890295358649789
70023,70023,100,199,16,0,24,239,215,0,24,0.8326359832635983,0.06694560669456066,0.0,0.100418410041841,0.899581589958159,0.0,0.100418410041841,Charles B. Rangel RECAP,0.899581589958159
70024,70024,100,208,20,1,34,263,228,1,34,0.7908745247148289,0.07604562737642585,0.0038022813688212928,0.12927756653992395,0.8669201520912547,0.0038022813688212928,0.12927756653992395,Charles B. Rangel RECAP,0.8669201520912547
70025,70025,100,194,11,1,14,220,205,1,14,0.8818181818181818,0.05,0.004545454545454545,0.06363636363636363,0.9318181818181818,0.004545454545454545,0.06363636363636363,Charles B. Rangel RECAP,0.9318181818181818
70026,70026,100,226,18,1,40,285,244,1,40,0.7929824561403509,0.06315789473684211,0.0035087719298245615,0.14035087719298245,0.856140350877193,0.0035087719298245615,0.14035087719298245,Charles B. Rangel RECAP,0.856140350877193
70027,70027,100,177,23,1,38,239,200,1,38,0.7405857740585774,0.09623430962343096,0.0041841004184100415,0.1589958158995816,0.8368200836820083,0.0041841004184100415,0.1589958158995816,Charles B. Rangel RECAP,0.8368200836820083
70028,70028,100,163,12,0,42,217,175,0,42,0.7511520737327189,0.055299539170506916,0.0,0.1935483870967742,0.8064516129032258,0.0,0.1935483870967742,Charles B. Rangel RECAP,0.8064516129032258
70029,70029,100,191,20,1,30,242,211,1,30,0.7892561983471075,0.08264462809917356,0.004132231404958678,0.12396694214876033,0.871900826446281,0.004132231404958678,0.12396694214876033,Charles B. Rangel RECAP,0.871900826446281
70030,70030,100,204,16,1,33,254,220,1,33,0.8031496062992126,0.06299212598425197,0.003937007874015748,0.12992125984251968,0.8661417322834646,0.003937007874015748,0.12992125984251968,Charles B. Rangel RECAP,0.8661417322834646
70031,70031,100,160,7,0,4,171,167,0,4,0.935672514619883,0.04093567251461988,0.0,0.023391812865497075,0.9766081871345029,0.0,0.023391812865497075,Charles B. Rangel RECAP,0.9766081871345029
70032,70032,100,133,12,0,1,146,145,0,1,0.910958904109589,0.0821917808219178,0.0,0.00684931506849315,0.9931506849315068,0.0,0.00684931506849315,Charles B. Rangel RECAP,0.9931506849315068
70033,70033,100,134,11,0,9,154,145,0,9,0.8701298701298701,0.07142857142857142,0.0,0.05844155844155844,0.9415584415584416,0.0,0.05844155844155844,Charles B. Rangel RECAP,0.9415584415584416
70034,70034,100,193,13,2,13,221,206,2,13,0.8733031674208145,0.058823529411764705,0.00904977375565611,0.058823529411764705,0.9321266968325792,0.00904977375565611,0.058823529411764705,Charles B. Rangel RECAP,0.9321266968325792
70035,70035,100,150,19,1,34,204,169,1,34,0.7352941176470589,0.09313725490196079,0.004901960784313725,0.16666666666666666,0.8284313725490197,0.004901960784313725,0.16666666666666666,Charles B. Rangel RECAP,0.8284313725490197
70036,70036,100,210,11,0,29,250,221,0,29,0.84,0.044,0.0,0.116,0.884,0.0,0.116,Charles B. Rangel RECAP,0.884
70037,70037,100,174,9,0,7,190,183,0,7,0.9157894736842105,0.04736842105263158,0.0,0.03684210526315789,0.9631578947368421,0.0,0.03684210526315789,Charles B. Rangel RECAP,0.9631578947368421
70038,70038,100,141,3,0,3,147,144,0,3,0.9591836734693877,0.02040816326530612,0.0,0.02040816326530612,0.9795918367346939,0.0,0.02040816326530612,Charles B. Rangel RECAP,0.9795918367346939
70039,70039,100,137,4,0,6,147,141,0,6,0.9319727891156463,0.027210884353741496,0.0,0.04081632653061224,0.9591836734693877,0.0,0.04081632653061224,Charles B. Rangel RECAP,0.9591836734693877
70040,70040,100,312,14,0,33,359,326,0,33,0.8690807799442897,0.03899721448467967,0.0,0.09192200557103064,0.9080779944289693,0.0,0.09192200557103064,Charles B. Rangel RECAP,0.9080779944289693
70041,70041,100,309,22,0,24,355,331,0,24,0.8704225352112676,0.061971830985915494,0.0,0.0676056338028169,0.9323943661971831,0.0,0.0676056338028169,Charles B. Rangel RECAP,0.9323943661971831
70042,70042,100,187,16,1,20,224,203,1,20,0.8348214285714286,0.07142857142857142,0.004464285714285714,0.08928571428571429,0.90625,0.004464285714285714,0.08928571428571429,Charles B. Rangel RECAP,0.90625
70043,70043,100,216,23,0,27,266,239,0,27,0.8120300751879699,0.08646616541353383,0.0,0.10150375939849623,0.8984962406015038,0.0,0.10150375939849623,Charles B. Rangel RECAP,0.8984962406015038
70044,70044,100,211,21,3,30,265,232,3,30,0.7962264150943397,0.07924528301886792,0.011320754716981131,0.11320754716981132,0.8754716981132076,0.011320754716981131,0.11320754716981132,Charles B. Rangel RECAP,0.8754716981132076
70045,70045,100,175,11,1,18,205,186,1,18,0.8536585365853658,0.05365853658536585,0.004878048780487805,0.08780487804878048,0.9073170731707317,0.004878048780487805,0.08780487804878048,Charles B. Rangel RECAP,0.9073170731707317
70046,70046,100,330,13,0,21,364,343,0,21,0.9065934065934066,0.03571428571428571,0.0,0.057692307692307696,0.9423076923076923,0.0,0.057692307692307696,Charles B. Rangel RECAP,0.9423076923076923
70047,70047,100,208,12,0,20,240,220,0,20,0.8666666666666667,0.05,0.0,0.08333333333333333,0.9166666666666666,0.0,0.08333333333333333,Charles B. Rangel RECAP,0.9166666666666666
70048,70048,100,232,9,0,20,261,241,0,20,0.8888888888888888,0.034482758620689655,0.0,0.07662835249042145,0.9233716475095786,0.0,0.07662835249042145,Charles B. Rangel RECAP,0.9233716475095786
70049,70049,100,179,11,1,30,221,190,1,30,0.8099547511312217,0.049773755656108594,0.004524886877828055,0.13574660633484162,0.8597285067873304,0.004524886877828055,0.13574660633484162,Charles B. Rangel RECAP,0.8597285067873304
70050,70050,100,243,17,0,33,293,260,0,33,0.8293515358361775,0.05802047781569966,0.0,0.11262798634812286,0.8873720136518771,0.0,0.11262798634812286,Charles B. Rangel RECAP,0.8873720136518771
70051,70051,100,103,4,0,14,121,107,0,14,0.8512396694214877,0.03305785123966942,0.0,0.11570247933884298,0.8842975206611571,0.0,0.11570247933884298,Charles B. Rangel RECAP,0.8842975206611571
70052,70052,100,180,8,3,25,216,188,3,25,0.8333333333333334,0.037037037037037035,0.013888888888888888,0.11574074074074074,0.8703703703703703,0.013888888888888888,0.11574074074074074,Charles B. Rangel RECAP,0.8703703703703703
70053,70053,100,304,19,0,25,348,323,0,25,0.8735632183908046,0.05459770114942529,0.0,0.07183908045977011,0.9281609195402298,0.0,0.07183908045977011,Charles B. Rangel RECAP,0.9281609195402298
70054,70054,100,341,25,1,21,388,366,1,21,0.8788659793814433,0.06443298969072164,0.002577319587628866,0.05412371134020619,0.9432989690721649,0.002577319587628866,0.05412371134020619,Charles B. Rangel RECAP,0.9432989690721649
70055,70055,100,130,5,1,11,147,135,1,11,0.8843537414965986,0.034013605442176874,0.006802721088435374,0.07482993197278912,0.9183673469387755,0.006802721088435374,0.07482993197278912,Charles B. Rangel RECAP,0.9183673469387755
70056,70056,100,247,9,2,12,270,256,2,12,0.9148148148148149,0.03333333333333333,0.007407407407407408,0.044444444444444446,0.9481481481481482,0.007407407407407408,0.044444444444444446,Charles B. Rangel RECAP,0.9481481481481482
70057,70057,100,138,12,0,13,163,150,0,13,0.8466257668711656,0.0736196319018405,0.0,0.07975460122699386,0.9202453987730062,0.0,0.07975460122699386,Charles B. Rangel RECAP,0.9202453987730062
70058,70058,100,170,14,1,14,199,184,1,14,0.8542713567839196,0.07035175879396985,0.005025125628140704,0.07035175879396985,0.9246231155778895,0.005025125628140704,0.07035175879396985,Charles B. Rangel RECAP,0.9246231155778895
70059,70059,100,134,2,0,4,140,136,0,4,0.9571428571428572,0.014285714285714285,0.0,0.02857142857142857,0.9714285714285714,0.0,0.02857142857142857,Charles B. Rangel RECAP,0.9714285714285714
70060,70060,100,149,8,0,11,168,157,0,11,0.8869047619047619,0.047619047619047616,0.0,0.06547619047619048,0.9345238095238095,0.0,0.06547619047619048,Charles B. Rangel RECAP,0.9345238095238095
70061,70061,100,213,5,0,8,226,218,0,8,0.9424778761061947,0.022123893805309734,0.0,0.035398230088495575,0.9646017699115044,0.0,0.035398230088495575,Charles B. Rangel RECAP,0.9646017699115044
70062,70062,100,208,23,0,21,252,231,0,21,0.8253968253968254,0.09126984126984126,0.0,0.08333333333333333,0.9166666666666666,0.0,0.08333333333333333,Charles B. Rangel RECAP,0.9166666666666666
70063,70063,100,144,12,0,14,170,156,0,14,0.8470588235294118,0.07058823529411765,0.0,0.08235294117647059,0.9176470588235294,0.0,0.08235294117647059,Charles B. Rangel RECAP,0.9176470588235294
70066,70066,100,0,0,0,0,0,0,0,0,0,0,0,0,0,0,0,n/a,0
70067,70067,100,155,29,2,64,250,184,2,64,0.62,0.116,0.008,0.256,0.736,0.008,0.256,Charles B. Rangel RECAP,0.736
70068,70068,100,129,33,1,63,226,162,1,63,0.5707964601769911,0.14601769911504425,0.004424778761061947,0.27876106194690264,0.7168141592920354,0.004424778761061947,0.27876106194690264,Charles B. Rangel RECAP,0.7168141592920354
70069,70069,100,43,4,0,11,58,47,0,11,0.7413793103448276,0.06896551724137931,0.0,0.1896551724137931,0.8103448275862069,0.0,0.1896551724137931,Charles B. Rangel RECAP,0.8103448275862069
70070,70070,100,82,3,0,10,95,85,0,10,0.8631578947368421,0.031578947368421054,0.0,0.10526315789473684,0.8947368421052632,0.0,0.10526315789473684,Charles B. Rangel RECAP,0.8947368421052632
70071,70071,100,203,8,0,18,229,211,0,18,0.8864628820960698,0.034934497816593885,0.0,0.07860262008733625,0.9213973799126638,0.0,0.07860262008733625,Charles B. Rangel RECAP,0.9213973799126638
70072,70072,100,231,11,1,32,275,242,1,32,0.84,0.04,0.0036363636363636364,0.11636363636363636,0.88,0.0036363636363636364,0.11636363636363636,Charles B. Rangel RECAP,0.88
70073,70073,100,77,8,0,13,98,85,0,13,0.7857142857142857,0.08163265306122448,0.0,0.1326530612244898,0.8673469387755102,0.0,0.1326530612244898,Charles B. Rangel RECAP,0.8673469387755102
70074,70074,100,228,19,2,42,291,247,2,42,0.7835051546391752,0.06529209621993128,0.006872852233676976,0.14432989690721648,0.8487972508591065,0.006872852233676976,0.14432989690721648,Charles B. Rangel RECAP,0.8487972508591065
70075,70075,100,184,14,0,19,217,198,0,19,0.847926267281106,0.06451612903225806,0.0,0.08755760368663594,0.9124423963133641,0.0,0.08755760368663594,Charles B. Rangel RECAP,0.9124423963133641
70076,70076,100,169,7,1,7,184,176,1,7,0.9184782608695652,0.03804347826086957,0.005434782608695652,0.03804347826086957,0.9565217391304348,0.005434782608695652,0.03804347826086957,Charles B. Rangel RECAP,0.9565217391304348
70077,70077,100,104,4,0,5,113,108,0,5,0.9203539823008849,0.035398230088495575,0.0,0.04424778761061947,0.9557522123893806,0.0,0.04424778761061947,Charles B. Rangel RECAP,0.9557522123893806
70078,70078,100,71,1,0,5,77,72,0,5,0.922077922077922,0.012987012987012988,0.0,0.06493506493506493,0.935064935064935,0.0,0.06493506493506493,Charles B. Rangel RECAP,0.935064935064935
70079,70079,100,83,1,0,5,89,84,0,5,0.9325842696629213,0.011235955056179775,0.0,0.056179775280898875,0.9438202247191011,0.0,0.056179775280898875,Charles B. Rangel RECAP,0.9438202247191011
70080,70080,100,106,6,0,15,127,112,0,15,0.8346456692913385,0.047244094488188976,0.0,0.11811023622047244,0.8818897637795275,0.0,0.11811023622047244,Charles B. Rangel RECAP,0.8818897637795275
70081,70081,100,95,8,1,8,112,103,1,8,0.8482142857142857,0.07142857142857142,0.008928571428571428,0.07142857142857142,0.9196428571428571,0.008928571428571428,0.07142857142857142,Charles B. Rangel RECAP,0.9196428571428571
70082,70082,100,83,5,0,22,110,88,0,22,0.7545454545454545,0.045454545454545456,0.0,0.2,0.8,0.0,0.2,Charles B. Rangel RECAP,0.8
70083,70083,100,61,8,1,21,91,69,1,21,0.6703296703296703,0.08791208791208792,0.01098901098901099,0.23076923076923078,0.7582417582417582,0.01098901098901099,0.23076923076923078,Charles B. Rangel RECAP,0.7582417582417582
70084,70084,100,134,8,0,14,156,142,0,14,0.8589743589743589,0.05128205128205128,0.0,0.08974358974358974,0.9102564102564102,0.0,0.08974358974358974,Charles B. Rangel RECAP,0.9102564102564102
70085,70085,100,245,21,0,26,292,266,0,26,0.839041095890411,0.07191780821917808,0.0,0.08904109589041095,0.910958904109589,0.0,0.08904109589041095,Charles B. Rangel RECAP,0.910958904109589
70086,70086,100,138,8,0,20,166,146,0,20,0.8313253012048193,0.04819277108433735,0.0,0.12048192771084337,0.8795180722891566,0.0,0.12048192771084337,Charles B. Rangel RECAP,0.8795180722891566
70087,70087,100,159,13,0,23,195,172,0,23,0.8153846153846154,0.06666666666666667,0.0,0.11794871794871795,0.882051282051282,0.0,0.11794871794871795,Charles B. Rangel RECAP,0.882051282051282
70088,70088,100,89,5,1,13,108,94,1,13,0.8240740740740741,0.046296296296296294,0.009259259259259259,0.12037037037037036,0.8703703703703703,0.009259259259259259,0.12037037037037036,Charles B. Rangel RECAP,0.8703703703703703
70089,70089,100,116,18,0,24,158,134,0,24,0.7341772151898734,0.11392405063291139,0.0,0.1518987341772152,0.8481012658227848,0.0,0.1518987341772152,Charles B. Rangel RECAP,0.8481012658227848
70090,70090,100,50,10,0,14,74,60,0,14,0.6756756756756757,0.13513513513513514,0.0,0.1891891891891892,0.8108108108108109,0.0,0.1891891891891892,Charles B. Rangel RECAP,0.8108108108108109
70091,70091,100,87,14,0,23,124,101,0,23,0.7016129032258065,0.11290322580645161,0.0,0.18548387096774194,0.8145161290322581,0.0,0.18548387096774194,Charles B. Rangel RECAP,0.8145161290322581
70200,70200,100,0,0,0,0,0,0,0,0,0,0,0,0,0,0,0,n/a,0
70201,70201,100,0,0,0,0,0,0,0,0,0,0,0,0,0,0,0,n/a,0
70202,70202,100,0,0,0,0,0,0,0,0,0,0,0,0,0,0,0,n/a,0
71001,71001,100,201,5,1,23,230,206,1,23,0.8739130434782608,0.021739130434782608,0.004347826086956522,0.1,0.8956521739130435,0.004347826086956522,0.1,Charles B. Rangel RECAP,0.8956521739130435
71002,71002,100,122,13,1,18,154,135,1,18,0.7922077922077922,0.08441558441558442,0.006493506493506494,0.11688311688311688,0.8766233766233766,0.006493506493506494,0.11688311688311688,Charles B. Rangel RECAP,0.8766233766233766
71003,71003,100,88,5,1,16,110,93,1,16,0.8,0.045454545454545456,0.00909090909090909,0.14545454545454545,0.8454545454545455,0.00909090909090909,0.14545454545454545,Charles B. Rangel RECAP,0.8454545454545455
71004,71004,100,112,8,0,19,139,120,0,19,0.8057553956834532,0.05755395683453238,0.0,0.1366906474820144,0.8633093525179856,0.0,0.1366906474820144,Charles B. Rangel RECAP,0.8633093525179856
71005,71005,100,162,15,0,15,192,177,0,15,0.84375,0.078125,0.0,0.078125,0.921875,0.0,0.078125,Charles B. Rangel RECAP,0.921875
71006,71006,100,153,9,1,30,193,162,1,30,0.7927461139896373,0.046632124352331605,0.0051813471502590676,0.15544041450777202,0.8393782383419689,0.0051813471502590676,0.15544041450777202,Charles B. Rangel RECAP,0.8393782383419689
71007,71007,100,96,2,0,23,121,98,0,23,0.7933884297520661,0.01652892561983471,0.0,0.19008264462809918,0.8099173553719008,0.0,0.19008264462809918,Charles B. Rangel RECAP,0.8099173553719008
71008,71008,100,123,16,0,31,170,139,0,31,0.7235294117647059,0.09411764705882353,0.0,0.18235294117647058,0.8176470588235294,0.0,0.18235294117647058,Charles B. Rangel RECAP,0.8176470588235294
71009,71009,100,238,14,0,28,280,252,0,28,0.85,0.05,0.0,0.1,0.9,0.0,0.1,Charles B. Rangel RECAP,0.9
71010,71010,100,123,23,5,60,211,146,5,60,0.5829383886255924,0.10900473933649289,0.023696682464454975,0.2843601895734597,0.6919431279620853,0.023696682464454975,0.2843601895734597,Charles B. Rangel RECAP,0.6919431279620853
71011,71011,100,170,21,0,37,228,191,0,37,0.7456140350877193,0.09210526315789473,0.0,0.16228070175438597,0.8377192982456141,0.0,0.16228070175438597,Charles B. Rangel RECAP,0.8377192982456141
71012,71012,100,196,20,0,55,271,216,0,55,0.7232472324723247,0.07380073800738007,0.0,0.2029520295202952,0.7970479704797048,0.0,0.2029520295202952,Charles B. Rangel RECAP,0.7970479704797048
71013,71013,100,119,7,0,15,141,126,0,15,0.8439716312056738,0.04964539007092199,0.0,0.10638297872340426,0.8936170212765957,0.0,0.10638297872340426,Charles B. Rangel RECAP,0.8936170212765957
71014,71014,100,122,7,0,3,132,129,0,3,0.9242424242424242,0.05303030303030303,0.0,0.022727272727272728,0.9772727272727273,0.0,0.022727272727272728,Charles B. Rangel RECAP,0.9772727272727273
71015,71015,100,104,4,0,10,118,108,0,10,0.8813559322033898,0.03389830508474576,0.0,0.0847457627118644,0.9152542372881356,0.0,0.0847457627118644,Charles B. Rangel RECAP,0.9152542372881356
71016,71016,100,267,13,1,5,286,280,1,5,0.9335664335664335,0.045454545454545456,0.0034965034965034965,0.017482517482517484,0.9790209790209791,0.0034965034965034965,0.017482517482517484,Charles B. Rangel RECAP,0.9790209790209791
71017,71017,100,105,7,0,8,120,112,0,8,0.875,0.058333333333333334,0.0,0.06666666666666667,0.9333333333333333,0.0,0.06666666666666667,Charles B. Rangel RECAP,0.9333333333333333
71018,71018,100,350,18,0,8,376,368,0,8,0.9308510638297872,0.047872340425531915,0.0,0.02127659574468085,0.9787234042553191,0.0,0.02127659574468085,Charles B. Rangel RECAP,0.9787234042553191
71019,71019,100,425,16,2,20,463,441,2,20,0.91792656587473,0.03455723542116631,0.004319654427645789,0.04319654427645788,0.9524838012958964,0.004319654427645789,0.04319654427645788,Charles B. Rangel RECAP,0.9524838012958964
71020,71020,100,405,28,1,13,447,433,1,13,0.9060402684563759,0.06263982102908278,0.0022371364653243847,0.029082774049217,0.9686800894854586,0.0022371364653243847,0.029082774049217,Charles B. Rangel RECAP,0.9686800894854586
71021,71021,100,237,13,0,24,274,250,0,24,0.864963503649635,0.04744525547445255,0.0,0.08759124087591241,0.9124087591240876,0.0,0.08759124087591241,Charles B. Rangel RECAP,0.9124087591240876
71022,71022,100,138,7,0,7,152,145,0,7,0.9078947368421053,0.046052631578947366,0.0,0.046052631578947366,0.9539473684210527,0.0,0.046052631578947366,Charles B. Rangel RECAP,0.9539473684210527
71023,71023,100,215,8,0,14,237,223,0,14,0.9071729957805907,0.03375527426160337,0.0,0.05907172995780591,0.9409282700421941,0.0,0.05907172995780591,Charles B. Rangel RECAP,0.9409282700421941
71024,71024,100,215,16,0,30,261,231,0,30,0.8237547892720306,0.06130268199233716,0.0,0.11494252873563218,0.8850574712643678,0.0,0.11494252873563218,Charles B. Rangel RECAP,0.8850574712643678
71025,71025,100,112,7,0,11,130,119,0,11,0.8615384615384616,0.05384615384615385,0.0,0.08461538461538462,0.9153846153846154,0.0,0.08461538461538462,Charles B. Rangel RECAP,0.9153846153846154
71026,71026,100,228,19,1,35,283,247,1,35,0.8056537102473498,0.06713780918727916,0.0035335689045936395,0.12367491166077739,0.872791519434629,0.0035335689045936395,0.12367491166077739,Charles B. Rangel RECAP,0.872791519434629
71027,71027,100,109,9,1,25,144,118,1,25,0.7569444444444444,0.0625,0.006944444444444444,0.1736111111111111,0.8194444444444444,0.006944444444444444,0.1736111111111111,Charles B. Rangel RECAP,0.8194444444444444
71028,71028,100,135,16,1,20,172,151,1,20,0.7848837209302325,0.09302325581395349,0.005813953488372093,0.11627906976744186,0.877906976744186,0.005813953488372093,0.11627906976744186,Charles B. Rangel RECAP,0.877906976744186
71029,71029,100,118,9,1,22,150,127,1,22,0.7866666666666666,0.06,0.006666666666666667,0.14666666666666667,0.8466666666666667,0.006666666666666667,0.14666666666666667,Charles B. Rangel RECAP,0.8466666666666667
71030,71030,100,119,9,0,15,143,128,0,15,0.8321678321678322,0.06293706293706294,0.0,0.1048951048951049,0.8951048951048951,0.0,0.1048951048951049,Charles B. Rangel RECAP,0.8951048951048951
71031,71031,100,134,14,0,19,167,148,0,19,0.8023952095808383,0.08383233532934131,0.0,0.11377245508982035,0.8862275449101796,0.0,0.11377245508982035,Charles B. Rangel RECAP,0.8862275449101796
71032,71032,100,169,11,3,34,217,180,3,34,0.7788018433179723,0.05069124423963134,0.013824884792626729,0.15668202764976957,0.8294930875576036,0.013824884792626729,0.15668202764976957,Charles B. Rangel RECAP,0.8294930875576036
71033,71033,100,202,16,0,35,253,218,0,35,0.7984189723320159,0.06324110671936758,0.0,0.1383399209486166,0.8616600790513834,0.0,0.1383399209486166,Charles B. Rangel RECAP,0.8616600790513834
71034,71034,100,258,15,0,21,294,273,0,21,0.8775510204081632,0.05102040816326531,0.0,0.07142857142857142,0.9285714285714286,0.0,0.07142857142857142,Charles B. Rangel RECAP,0.9285714285714286
71035,71035,100,133,6,0,16,155,139,0,16,0.8580645161290322,0.03870967741935484,0.0,0.1032258064516129,0.896774193548387,0.0,0.1032258064516129,Charles B. Rangel RECAP,0.896774193548387
71036,71036,100,121,2,0,9,132,123,0,9,0.9166666666666666,0.015151515151515152,0.0,0.06818181818181818,0.9318181818181818,0.0,0.06818181818181818,Charles B. Rangel RECAP,0.9318181818181818
71037,71037,100,143,5,0,21,169,148,0,21,0.8461538461538461,0.029585798816568046,0.0,0.1242603550295858,0.8757396449704142,0.0,0.1242603550295858,Charles B. Rangel RECAP,0.8757396449704142
71038,71038,100,227,18,0,18,263,245,0,18,0.8631178707224335,0.06844106463878327,0.0,0.06844106463878327,0.9315589353612167,0.0,0.06844106463878327,Charles B. Rangel RECAP,0.9315589353612167
71039,71039,100,164,4,0,15,183,168,0,15,0.8961748633879781,0.02185792349726776,0.0,0.08196721311475409,0.9180327868852459,0.0,0.08196721311475409,Charles B. Rangel RECAP,0.9180327868852459
71040,71040,100,165,22,2,36,225,187,2,36,0.7333333333333333,0.09777777777777778,0.008888888888888889,0.16,0.8311111111111111,0.008888888888888889,0.16,Charles B. Rangel RECAP,0.8311111111111111
71041,71041,100,185,30,0,49,264,215,0,49,0.7007575757575758,0.11363636363636363,0.0,0.1856060606060606,0.8143939393939394,0.0,0.1856060606060606,Charles B. Rangel RECAP,0.8143939393939394
71042,71042,100,150,7,2,16,175,157,2,16,0.8571428571428571,0.04,0.011428571428571429,0.09142857142857143,0.8971428571428571,0.011428571428571429,0.09142857142857143,Charles B. Rangel RECAP,0.8971428571428571
71043,71043,100,184,3,0,21,208,187,0,21,0.8846153846153846,0.014423076923076924,0.0,0.10096153846153846,0.8990384615384616,0.0,0.10096153846153846,Charles B. Rangel RECAP,0.8990384615384616
71044,71044,100,101,9,0,23,133,110,0,23,0.7593984962406015,0.06766917293233082,0.0,0.17293233082706766,0.8270676691729323,0.0,0.17293233082706766,Charles B. Rangel RECAP,0.8270676691729323
71045,71045,100,114,9,0,7,130,123,0,7,0.8769230769230769,0.06923076923076923,0.0,0.05384615384615385,0.9461538461538461,0.0,0.05384615384615385,Charles B. Rangel RECAP,0.9461538461538461
71046,71046,100,167,11,1,27,206,178,1,27,0.8106796116504854,0.05339805825242718,0.0048543689320388345,0.13106796116504854,0.8640776699029126,0.0048543689320388345,0.13106796116504854,Charles B. Rangel RECAP,0.8640776699029126
71047,71047,100,262,9,1,23,295,271,1,23,0.888135593220339,0.030508474576271188,0.003389830508474576,0.07796610169491526,0.9186440677966101,0.003389830508474576,0.07796610169491526,Charles B. Rangel RECAP,0.9186440677966101
71048,71048,100,52,0,0,5,57,52,0,5,0.9122807017543859,0.0,0.0,0.08771929824561403,0.9122807017543859,0.0,0.08771929824561403,Charles B. Rangel RECAP,0.9122807017543859
71049,71049,100,118,5,1,21,145,123,1,21,0.8137931034482758,0.034482758620689655,0.006896551724137931,0.14482758620689656,0.8482758620689655,0.006896551724137931,0.14482758620689656,Charles B. Rangel RECAP,0.8482758620689655
71050,71050,100,117,10,0,13,140,127,0,13,0.8357142857142857,0.07142857142857142,0.0,0.09285714285714286,0.9071428571428571,0.0,0.09285714285714286,Charles B. Rangel RECAP,0.9071428571428571
71051,71051,100,47,0,0,0,47,47,0,0,1.0,0.0,0.0,0.0,1.0,0.0,0.0,Charles B. Rangel RECAP,1.0
71052,71052,100,121,3,0,7,131,124,0,7,0.9236641221374046,0.022900763358778626,0.0,0.05343511450381679,0.9465648854961832,0.0,0.05343511450381679,Charles B. Rangel RECAP,0.9465648854961832
71053,71053,100,103,6,1,8,118,109,1,8,0.8728813559322034,0.05084745762711865,0.00847457627118644,0.06779661016949153,0.923728813559322,0.00847457627118644,0.06779661016949153,Charles B. Rangel RECAP,0.923728813559322
71054,71054,100,94,6,0,14,114,100,0,14,0.8245614035087719,0.05263157894736842,0.0,0.12280701754385964,0.8771929824561403,0.0,0.12280701754385964,Charles B. Rangel RECAP,0.8771929824561403
71055,71055,100,86,10,1,17,114,96,1,17,0.7543859649122807,0.08771929824561403,0.008771929824561403,0.14912280701754385,0.8421052631578947,0.008771929824561403,0.14912280701754385,Charles B. Rangel RECAP,0.8421052631578947
71056,71056,100,122,13,0,15,150,135,0,15,0.8133333333333334,0.08666666666666667,0.0,0.1,0.9,0.0,0.1,Charles B. Rangel RECAP,0.9
71057,71057,100,83,4,0,17,104,87,0,17,0.7980769230769231,0.038461538461538464,0.0,0.16346153846153846,0.8365384615384616,0.0,0.16346153846153846,Charles B. Rangel RECAP,0.8365384615384616
71058,71058,100,88,0,1,16,105,88,1,16,0.8380952380952381,0.0,0.009523809523809525,0.1523809523809524,0.8380952380952381,0.009523809523809525,0.1523809523809524,Charles B. Rangel RECAP,0.8380952380952381
71059,71059,100,75,6,1,3,85,81,1,3,0.8823529411764706,0.07058823529411765,0.011764705882352941,0.03529411764705882,0.9529411764705882,0.011764705882352941,0.03529411764705882,Charles B. Rangel RECAP,0.9529411764705882
71060,71060,100,98,10,0,9,117,108,0,9,0.8376068376068376,0.08547008547008547,0.0,0.07692307692307693,0.9230769230769231,0.0,0.07692307692307693,Charles B. Rangel RECAP,0.9230769230769231
71061,71061,100,64,12,1,30,107,76,1,30,0.5981308411214953,0.11214953271028037,0.009345794392523364,0.2803738317757009,0.7102803738317757,0.009345794392523364,0.2803738317757009,Charles B. Rangel RECAP,0.7102803738317757
71062,71062,100,69,12,0,13,94,81,0,13,0.7340425531914894,0.1276595744680851,0.0,0.13829787234042554,0.8617021276595744,0.0,0.13829787234042554,Charles B. Rangel RECAP,0.8617021276595744
71063,71063,100,143,9,3,23,178,152,3,23,0.8033707865168539,0.05056179775280899,0.016853932584269662,0.12921348314606743,0.8539325842696629,0.016853932584269662,0.12921348314606743,Charles B. Rangel RECAP,0.8539325842696629
71064,71064,100,122,9,0,21,152,131,0,21,0.8026315789473685,0.05921052631578947,0.0,0.13815789473684212,0.8618421052631579,0.0,0.13815789473684212,Charles B. Rangel RECAP,0.8618421052631579
71065,71065,100,91,8,2,23,124,99,2,23,0.7338709677419355,0.06451612903225806,0.016129032258064516,0.18548387096774194,0.7983870967741935,0.016129032258064516,0.18548387096774194,Charles B. Rangel RECAP,0.7983870967741935
71066,71066,100,123,15,0,20,158,138,0,20,0.7784810126582279,0.0949367088607595,0.0,0.12658227848101267,0.8734177215189873,0.0,0.12658227848101267,Charles B. Rangel RECAP,0.8734177215189873
71067,71067,100,94,3,0,24,121,97,0,24,0.7768595041322314,0.024793388429752067,0.0,0.19834710743801653,0.8016528925619835,0.0,0.19834710743801653,Charles B. Rangel RECAP,0.8016528925619835
71068,71068,100,51,12,2,28,93,63,2,28,0.5483870967741935,0.12903225806451613,0.021505376344086023,0.3010752688172043,0.6774193548387096,0.021505376344086023,0.3010752688172043,Charles B. Rangel RECAP,0.6774193548387096
71069,71069,100,134,14,1,32,181,148,1,32,0.7403314917127072,0.07734806629834254,0.0055248618784530384,0.17679558011049723,0.8176795580110497,0.0055248618784530384,0.17679558011049723,Charles B. Rangel RECAP,0.8176795580110497
71070,71070,100,129,19,0,40,188,148,0,40,0.6861702127659575,0.10106382978723404,0.0,0.2127659574468085,0.7872340425531915,0.0,0.2127659574468085,Charles B. Rangel RECAP,0.7872340425531915
71071,71071,100,17,3,0,2,22,20,0,2,0.7727272727272727,0.13636363636363635,0.0,0.09090909090909091,0.9090909090909091,0.0,0.09090909090909091,Charles B. Rangel RECAP,0.9090909090909091
71072,71072,100,111,14,3,34,162,125,3,34,0.6851851851851852,0.08641975308641975,0.018518518518518517,0.20987654320987653,0.7716049382716049,0.018518518518518517,0.20987654320987653,Charles B. Rangel RECAP,0.7716049382716049
71073,71073,100,86,29,0,50,165,115,0,50,0.5212121212121212,0.17575757575757575,0.0,0.30303030303030304,0.696969696969697,0.0,0.30303030303030304,Charles B. Rangel RECAP,0.696969696969697
71074,71074,100,111,16,11,40,178,127,11,40,0.6235955056179775,0.0898876404494382,0.06179775280898876,0.2247191011235955,0.7134831460674157,0.06179775280898876,0.2247191011235955,Charles B. Rangel RECAP,0.7134831460674157
71075,71075,100,119,8,0,31,158,127,0,31,0.7531645569620253,0.05063291139240506,0.0,0.1962025316455696,0.8037974683544303,0.0,0.1962025316455696,Charles B. Rangel RECAP,0.8037974683544303
71076,71076,100,176,26,0,73,275,202,0,73,0.64,0.09454545454545454,0.0,0.26545454545454544,0.7345454545454545,0.0,0.26545454545454544,Charles B. Rangel RECAP,0.7345454545454545
71077,71077,100,144,35,9,79,267,179,9,79,0.5393258426966292,0.13108614232209737,0.033707865168539325,0.2958801498127341,0.6704119850187266,0.033707865168539325,0.2958801498127341,Charles B. Rangel RECAP,0.6704119850187266
71078,71078,100,169,51,3,96,319,220,3,96,0.5297805642633229,0.15987460815047022,0.009404388714733543,0.30094043887147337,0.6896551724137931,0.009404388714733543,0.30094043887147337,Charles B. Rangel RECAP,0.6896551724137931
71079,71079,100,138,42,6,82,268,180,6,82,0.5149253731343284,0.15671641791044777,0.022388059701492536,0.30597014925373134,0.6716417910447762,0.022388059701492536,0.30597014925373134,Charles B. Rangel RECAP,0.6716417910447762
71080,71080,100,88,15,0,39,142,103,0,39,0.6197183098591549,0.1056338028169014,0.0,0.2746478873239437,0.7253521126760564,0.0,0.2746478873239437,Charles B. Rangel RECAP,0.7253521126760564
71081,71081,100,137,27,2,66,232,164,2,66,0.5905172413793104,0.11637931034482758,0.008620689655172414,0.28448275862068967,0.7068965517241379,0.008620689655172414,0.28448275862068967,Charles B. Rangel RECAP,0.7068965517241379
71082,71082,100,120,25,7,69,221,145,7,69,0.5429864253393665,0.11312217194570136,0.03167420814479638,0.31221719457013575,0.6561085972850679,0.03167420814479638,0.31221719457013575,Charles B. Rangel RECAP,0.6561085972850679
71083,71083,100,222,70,3,149,444,292,3,149,0.5,0.15765765765765766,0.006756756756756757,0.3355855855855856,0.6576576576576577,0.006756756756756757,0.3355855855855856,Charles B. Rangel RECAP,0.6576576576576577
71084,71084,100,113,23,3,32,171,136,3,32,0.6608187134502924,0.13450292397660818,0.017543859649122806,0.1871345029239766,0.7953216374269005,0.017543859649122806,0.1871345029239766,Charles B. Rangel RECAP,0.7953216374269005
71085,71085,100,120,30,2,64,216,150,2,64,0.5555555555555556,0.1388888888888889,0.009259259259259259,0.2962962962962963,0.6944444444444444,0.009259259259259259,0.2962962962962963,Charles B. Rangel RECAP,0.6944444444444444
71086,71086,100,28,2,0,5,35,30,0,5,0.8,0.05714285714285714,0.0,0.14285714285714285,0.8571428571428571,0.0,0.14285714285714285,Charles B. Rangel RECAP,0.8571428571428571
71087,71087,100,189,4,0,14,207,193,0,14,0.9130434782608695,0.01932367149758454,0.0,0.06763285024154589,0.9323671497584541,0.0,0.06763285024154589,Charles B. Rangel RECAP,0.9323671497584541
71088,71088,100,187,5,0,9,201,192,0,9,0.9303482587064676,0.024875621890547265,0.0,0.04477611940298507,0.9552238805970149,0.0,0.04477611940298507,Charles B. Rangel RECAP,0.9552238805970149
71089,71089,100,139,3,0,4,146,142,0,4,0.952054794520548,0.02054794520547945,0.0,0.0273972602739726,0.9726027397260274,0.0,0.0273972602739726,Charles B. Rangel RECAP,0.9726027397260274
71090,71090,100,163,3,0,7,173,166,0,7,0.9421965317919075,0.017341040462427744,0.0,0.04046242774566474,0.9595375722543352,0.0,0.04046242774566474,Charles B. Rangel RECAP,0.9595375722543352
71091,71091,100,147,1,0,7,155,148,0,7,0.9483870967741935,0.0064516129032258064,0.0,0.04516129032258064,0.9548387096774194,0.0,0.04516129032258064,Charles B. Rangel RECAP,0.9548387096774194
71092,71092,100,170,22,2,44,238,192,2,44,0.7142857142857143,0.09243697478991597,0.008403361344537815,0.18487394957983194,0.8067226890756303,0.008403361344537815,0.18487394957983194,Charles B. Rangel RECAP,0.8067226890756303
71093,71093,100,0,0,0,0,0,0,0,0,0,0,0,0,0,0,0,n/a,0
71094,71094,100,83,12,0,10,105,95,0,10,0.7904761904761904,0.11428571428571428,0.0,0.09523809523809523,0.9047619047619048,0.0,0.09523809523809523,Charles B. Rangel RECAP,0.9047619047619048
71095,71095,100,94,4,1,8,107,98,1,8,0.8785046728971962,0.037383177570093455,0.009345794392523364,0.07476635514018691,0.9158878504672897,0.009345794392523364,0.07476635514018691,Charles B. Rangel RECAP,0.9158878504672897
71096,71096,100,126,4,0,5,135,130,0,5,0.9333333333333333,0.02962962962962963,0.0,0.037037037037037035,0.9629629629629629,0.0,0.037037037037037035,Charles B. Rangel RECAP,0.9629629629629629
71200,71200,100,0,0,0,0,0,0,0,0,0,0,0,0,0,0,0,n/a,0
71201,71201,100,0,0,0,0,0,0,0,0,0,0,0,0,0,0,0,n/a,0
72001,72001,100,92,4,1,19,116,96,1,19,0.7931034482758621,0.034482758620689655,0.008620689655172414,0.16379310344827586,0.8275862068965517,0.008620689655172414,0.16379310344827586,Charles B. Rangel RECAP,0.8275862068965517
72002,72002,100,191,8,0,14,213,199,0,14,0.8967136150234741,0.03755868544600939,0.0,0.06572769953051644,0.9342723004694836,0.0,0.06572769953051644,Charles B. Rangel RECAP,0.9342723004694836
72003,72003,100,122,11,0,8,141,133,0,8,0.8652482269503546,0.07801418439716312,0.0,0.05673758865248227,0.9432624113475178,0.0,0.05673758865248227,Charles B. Rangel RECAP,0.9432624113475178
72004,72004,100,149,16,2,28,195,165,2,28,0.764102564102564,0.08205128205128205,0.010256410256410256,0.14358974358974358,0.8461538461538461,0.010256410256410256,0.14358974358974358,Charles B. Rangel RECAP,0.8461538461538461
72005,72005,100,110,6,0,18,134,116,0,18,0.8208955223880597,0.04477611940298507,0.0,0.13432835820895522,0.8656716417910447,0.0,0.13432835820895522,Charles B. Rangel RECAP,0.8656716417910447
72006,72006,100,107,5,0,13,125,112,0,13,0.856,0.04,0.0,0.104,0.896,0.0,0.104,Charles B. Rangel RECAP,0.896
72007,72007,100,104,6,0,8,118,110,0,8,0.8813559322033898,0.05084745762711865,0.0,0.06779661016949153,0.9322033898305084,0.0,0.06779661016949153,Charles B. Rangel RECAP,0.9322033898305084
72008,72008,100,124,2,1,10,137,126,1,10,0.9051094890510949,0.014598540145985401,0.0072992700729927005,0.072992700729927,0.9197080291970803,0.0072992700729927005,0.072992700729927,Charles B. Rangel RECAP,0.9197080291970803
72009,72009,100,170,8,0,14,192,178,0,14,0.8854166666666666,0.041666666666666664,0.0,0.07291666666666667,0.9270833333333334,0.0,0.07291666666666667,Charles B. Rangel RECAP,0.9270833333333334
72010,72010,100,121,3,0,9,133,124,0,9,0.9097744360902256,0.022556390977443608,0.0,0.06766917293233082,0.9323308270676691,0.0,0.06766917293233082,Charles B. Rangel RECAP,0.9323308270676691
72011,72011,100,100,4,0,10,114,104,0,10,0.8771929824561403,0.03508771929824561,0.0,0.08771929824561403,0.9122807017543859,0.0,0.08771929824561403,Charles B. Rangel RECAP,0.9122807017543859
72012,72012,100,142,5,0,13,160,147,0,13,0.8875,0.03125,0.0,0.08125,0.91875,0.0,0.08125,Charles B. Rangel RECAP,0.91875
72013,72013,100,90,7,1,8,106,97,1,8,0.8490566037735849,0.0660377358490566,0.009433962264150943,0.07547169811320754,0.9150943396226415,0.009433962264150943,0.07547169811320754,Charles B. Rangel RECAP,0.9150943396226415
72014,72014,100,174,6,0,13,193,180,0,13,0.9015544041450777,0.031088082901554404,0.0,0.06735751295336788,0.9326424870466321,0.0,0.06735751295336788,Charles B. Rangel RECAP,0.9326424870466321
72015,72015,100,142,3,1,9,155,145,1,9,0.9161290322580645,0.01935483870967742,0.0064516129032258064,0.05806451612903226,0.9354838709677419,0.0064516129032258064,0.05806451612903226,Charles B. Rangel RECAP,0.9354838709677419
72016,72016,100,170,3,1,8,182,173,1,8,0.9340659340659341,0.016483516483516484,0.005494505494505495,0.04395604395604396,0.9505494505494505,0.005494505494505495,0.04395604395604396,Charles B. Rangel RECAP,0.9505494505494505
72017,72017,100,143,9,1,11,164,152,1,11,0.8719512195121951,0.054878048780487805,0.006097560975609756,0.06707317073170732,0.926829268292683,0.006097560975609756,0.06707317073170732,Charles B. Rangel RECAP,0.926829268292683
72018,72018,100,111,16,8,47,182,127,8,47,0.6098901098901099,0.08791208791208792,0.04395604395604396,0.25824175824175827,0.6978021978021978,0.04395604395604396,0.25824175824175827,Charles B. Rangel RECAP,0.6978021978021978
72019,72019,100,114,15,1,42,172,129,1,42,0.6627906976744186,0.0872093023255814,0.005813953488372093,0.2441860465116279,0.75,0.005813953488372093,0.2441860465116279,Charles B. Rangel RECAP,0.75
72020,72020,100,148,4,0,15,167,152,0,15,0.8862275449101796,0.023952095808383235,0.0,0.08982035928143713,0.9101796407185628,0.0,0.08982035928143713,Charles B. Rangel RECAP,0.9101796407185628
72021,72021,100,147,4,1,5,157,151,1,5,0.9363057324840764,0.025477707006369428,0.006369426751592357,0.03184713375796178,0.9617834394904459,0.006369426751592357,0.03184713375796178,Charles B. Rangel RECAP,0.9617834394904459
72022,72022,100,137,2,3,11,153,139,3,11,0.8954248366013072,0.013071895424836602,0.0196078431372549,0.0718954248366013,0.9084967320261438,0.0196078431372549,0.0718954248366013,Charles B. Rangel RECAP,0.9084967320261438
72023,72023,100,65,6,2,13,86,71,2,13,0.7558139534883721,0.06976744186046512,0.023255813953488372,0.1511627906976744,0.8255813953488372,0.023255813953488372,0.1511627906976744,Charles B. Rangel RECAP,0.8255813953488372
72024,72024,100,150,4,0,5,159,154,0,5,0.9433962264150944,0.025157232704402517,0.0,0.031446540880503145,0.9685534591194969,0.0,0.031446540880503145,Charles B. Rangel RECAP,0.9685534591194969
72025,72025,100,112,6,0,15,133,118,0,15,0.8421052631578947,0.045112781954887216,0.0,0.11278195488721804,0.8872180451127819,0.0,0.11278195488721804,Charles B. Rangel RECAP,0.8872180451127819
72026,72026,100,83,10,3,24,120,93,3,24,0.6916666666666667,0.08333333333333333,0.025,0.2,0.775,0.025,0.2,Charles B. Rangel RECAP,0.775
72027,72027,100,73,6,0,7,86,79,0,7,0.8488372093023255,0.06976744186046512,0.0,0.08139534883720931,0.9186046511627907,0.0,0.08139534883720931,Charles B. Rangel RECAP,0.9186046511627907
72028,72028,100,117,8,0,21,146,125,0,21,0.8013698630136986,0.0547945205479452,0.0,0.14383561643835616,0.8561643835616438,0.0,0.14383561643835616,Charles B. Rangel RECAP,0.8561643835616438
72029,72029,100,117,6,1,17,141,123,1,17,0.8297872340425532,0.0425531914893617,0.0070921985815602835,0.12056737588652482,0.8723404255319149,0.0070921985815602835,0.12056737588652482,Charles B. Rangel RECAP,0.8723404255319149
72030,72030,100,133,7,1,11,152,140,1,11,0.875,0.046052631578947366,0.006578947368421052,0.07236842105263158,0.9210526315789473,0.006578947368421052,0.07236842105263158,Charles B. Rangel RECAP,0.9210526315789473
72031,72031,100,134,4,0,16,154,138,0,16,0.8701298701298701,0.025974025974025976,0.0,0.1038961038961039,0.8961038961038961,0.0,0.1038961038961039,Charles B. Rangel RECAP,0.8961038961038961
72032,72032,100,147,6,0,11,164,153,0,11,0.8963414634146342,0.036585365853658534,0.0,0.06707317073170732,0.9329268292682927,0.0,0.06707317073170732,Charles B. Rangel RECAP,0.9329268292682927
72033,72033,100,97,12,0,27,136,109,0,27,0.7132352941176471,0.08823529411764706,0.0,0.19852941176470587,0.8014705882352942,0.0,0.19852941176470587,Charles B. Rangel RECAP,0.8014705882352942
72034,72034,100,122,1,0,17,140,123,0,17,0.8714285714285714,0.007142857142857143,0.0,0.12142857142857143,0.8785714285714286,0.0,0.12142857142857143,Charles B. Rangel RECAP,0.8785714285714286
72035,72035,100,123,4,0,9,136,127,0,9,0.9044117647058824,0.029411764705882353,0.0,0.0661764705882353,0.9338235294117647,0.0,0.0661764705882353,Charles B. Rangel RECAP,0.9338235294117647
72036,72036,100,144,13,0,30,187,157,0,30,0.7700534759358288,0.06951871657754011,0.0,0.16042780748663102,0.839572192513369,0.0,0.16042780748663102,Charles B. Rangel RECAP,0.839572192513369
72037,72037,100,72,10,2,25,109,82,2,25,0.6605504587155964,0.09174311926605505,0.01834862385321101,0.22935779816513763,0.7522935779816514,0.01834862385321101,0.22935779816513763,Charles B. Rangel RECAP,0.7522935779816514
72038,72038,100,112,12,0,46,170,124,0,46,0.6588235294117647,0.07058823529411765,0.0,0.27058823529411763,0.7294117647058823,0.0,0.27058823529411763,Charles B. Rangel RECAP,0.7294117647058823
72039,72039,100,178,27,0,36,241,205,0,36,0.7385892116182573,0.11203319502074689,0.0,0.14937759336099585,0.8506224066390041,0.0,0.14937759336099585,Charles B. Rangel RECAP,0.8506224066390041
72040,72040,100,79,7,0,10,96,86,0,10,0.8229166666666666,0.07291666666666667,0.0,0.10416666666666667,0.8958333333333334,0.0,0.10416666666666667,Charles B. Rangel RECAP,0.8958333333333334
72041,72041,100,199,33,2,65,299,232,2,65,0.6655518394648829,0.11036789297658862,0.006688963210702341,0.21739130434782608,0.7759197324414716,0.006688963210702341,0.21739130434782608,Charles B. Rangel RECAP,0.7759197324414716
72042,72042,100,173,21,1,56,251,194,1,56,0.6892430278884463,0.08366533864541832,0.00398406374501992,0.22310756972111553,0.7729083665338645,0.00398406374501992,0.22310756972111553,Charles B. Rangel RECAP,0.7729083665338645
72043,72043,100,133,12,1,26,172,145,1,26,0.7732558139534884,0.06976744186046512,0.005813953488372093,0.1511627906976744,0.8430232558139535,0.005813953488372093,0.1511627906976744,Charles B. Rangel RECAP,0.8430232558139535
72044,72044,100,101,9,0,15,125,110,0,15,0.808,0.072,0.0,0.12,0.88,0.0,0.12,Charles B. Rangel RECAP,0.88
72045,72045,100,86,2,1,12,101,88,1,12,0.8514851485148515,0.019801980198019802,0.009900990099009901,0.1188118811881188,0.8712871287128713,0.009900990099009901,0.1188118811881188,Charles B. Rangel RECAP,0.8712871287128713
72046,72046,100,83,23,1,31,138,106,1,31,0.6014492753623188,0.16666666666666666,0.007246376811594203,0.2246376811594203,0.7681159420289855,0.007246376811594203,0.2246376811594203,Charles B. Rangel RECAP,0.7681159420289855
72047,72047,100,104,8,1,12,125,112,1,12,0.832,0.064,0.008,0.096,0.896,0.008,0.096,Charles B. Rangel RECAP,0.896
72048,72048,100,122,4,0,5,131,126,0,5,0.9312977099236641,0.030534351145038167,0.0,0.03816793893129771,0.9618320610687023,0.0,0.03816793893129771,Charles B. Rangel RECAP,0.9618320610687023
72049,72049,100,112,1,1,9,123,113,1,9,0.9105691056910569,0.008130081300813009,0.008130081300813009,0.07317073170731707,0.9186991869918699,0.008130081300813009,0.07317073170731707,Charles B. Rangel RECAP,0.9186991869918699
72050,72050,100,152,5,0,2,159,157,0,2,0.9559748427672956,0.031446540880503145,0.0,0.012578616352201259,0.9874213836477987,0.0,0.012578616352201259,Charles B. Rangel RECAP,0.9874213836477987
72051,72051,100,157,4,0,5,166,161,0,5,0.9457831325301205,0.024096385542168676,0.0,0.030120481927710843,0.9698795180722891,0.0,0.030120481927710843,Charles B. Rangel RECAP,0.9698795180722891
72052,72052,100,168,8,1,9,186,176,1,9,0.9032258064516129,0.043010752688172046,0.005376344086021506,0.04838709677419355,0.946236559139785,0.005376344086021506,0.04838709677419355,Charles B. Rangel RECAP,0.946236559139785
72053,72053,100,145,8,0,15,168,153,0,15,0.8630952380952381,0.047619047619047616,0.0,0.08928571428571429,0.9107142857142857,0.0,0.08928571428571429,Charles B. Rangel RECAP,0.9107142857142857
72054,72054,100,107,6,0,12,125,113,0,12,0.856,0.048,0.0,0.096,0.904,0.0,0.096,Charles B. Rangel RECAP,0.904
72055,72055,100,104,5,1,6,116,109,1,6,0.896551724137931,0.04310344827586207,0.008620689655172414,0.05172413793103448,0.9396551724137931,0.008620689655172414,0.05172413793103448,Charles B. Rangel RECAP,0.9396551724137931
72056,72056,100,120,3,0,16,139,123,0,16,0.8633093525179856,0.02158273381294964,0.0,0.11510791366906475,0.8848920863309353,0.0,0.11510791366906475,Charles B. Rangel RECAP,0.8848920863309353
72057,72057,100,96,34,6,74,210,130,6,74,0.45714285714285713,0.1619047619047619,0.02857142857142857,0.3523809523809524,0.6190476190476191,0.02857142857142857,0.3523809523809524,Charles B. Rangel RECAP,0.6190476190476191
72058,72058,100,145,36,9,62,252,181,9,62,0.5753968253968254,0.14285714285714285,0.03571428571428571,0.24603174603174602,0.7182539682539683,0.03571428571428571,0.24603174603174602,Charles B. Rangel RECAP,0.7182539682539683
72059,72059,100,118,17,2,37,174,135,2,37,0.6781609195402298,0.09770114942528736,0.011494252873563218,0.21264367816091953,0.7758620689655172,0.011494252873563218,0.21264367816091953,Charles B. Rangel RECAP,0.7758620689655172
72060,72060,100,181,23,3,63,270,204,3,63,0.6703703703703704,0.08518518518518518,0.011111111111111112,0.23333333333333334,0.7555555555555555,0.011111111111111112,0.23333333333333334,Charles B. Rangel RECAP,0.7555555555555555
72061,72061,100,105,6,1,19,131,111,1,19,0.8015267175572519,0.04580152671755725,0.007633587786259542,0.1450381679389313,0.8473282442748091,0.007633587786259542,0.1450381679389313,Charles B. Rangel RECAP,0.8473282442748091
72062,72062,100,110,4,0,16,130,114,0,16,0.8461538461538461,0.03076923076923077,0.0,0.12307692307692308,0.8769230769230769,0.0,0.12307692307692308,Charles B. Rangel RECAP,0.8769230769230769
72063,72063,100,117,13,0,27,157,130,0,27,0.7452229299363057,0.08280254777070063,0.0,0.17197452229299362,0.8280254777070064,0.0,0.17197452229299362,Charles B. Rangel RECAP,0.8280254777070064
72064,72064,100,171,34,5,85,295,205,5,85,0.5796610169491525,0.1152542372881356,0.01694915254237288,0.288135593220339,0.6949152542372882,0.01694915254237288,0.288135593220339,Charles B. Rangel RECAP,0.6949152542372882
72065,72065,100,83,8,0,14,105,91,0,14,0.7904761904761904,0.0761904761904762,0.0,0.13333333333333333,0.8666666666666667,0.0,0.13333333333333333,Charles B. Rangel RECAP,0.8666666666666667
72066,72066,100,160,37,5,109,311,197,5,109,0.5144694533762058,0.1189710610932476,0.01607717041800643,0.3504823151125402,0.6334405144694534,0.01607717041800643,0.3504823151125402,Charles B. Rangel RECAP,0.6334405144694534
72067,72067,100,157,41,6,81,285,198,6,81,0.5508771929824562,0.14385964912280702,0.021052631578947368,0.28421052631578947,0.6947368421052632,0.021052631578947368,0.28421052631578947,Charles B. Rangel RECAP,0.6947368421052632
72068,72068,100,195,56,11,92,354,251,11,92,0.5508474576271186,0.15819209039548024,0.031073446327683617,0.2598870056497175,0.7090395480225988,0.031073446327683617,0.2598870056497175,Charles B. Rangel RECAP,0.7090395480225988
72069,72069,100,126,34,3,70,233,160,3,70,0.5407725321888412,0.1459227467811159,0.012875536480686695,0.30042918454935624,0.6866952789699571,0.012875536480686695,0.30042918454935624,Charles B. Rangel RECAP,0.6866952789699571
72070,72070,100,71,11,0,21,103,82,0,21,0.6893203883495146,0.10679611650485436,0.0,0.20388349514563106,0.7961165048543689,0.0,0.20388349514563106,Charles B. Rangel RECAP,0.7961165048543689
72071,72071,100,150,4,0,5,159,154,0,5,0.9433962264150944,0.025157232704402517,0.0,0.031446540880503145,0.9685534591194969,0.0,0.031446540880503145,Charles B. Rangel RECAP,0.9685534591194969
72072,72072,100,190,2,0,6,198,192,0,6,0.9595959595959596,0.010101010101010102,0.0,0.030303030303030304,0.9696969696969697,0.0,0.030303030303030304,Charles B. Rangel RECAP,0.9696969696969697
72073,72073,100,33,6,1,4,44,39,1,4,0.75,0.13636363636363635,0.022727272727272728,0.09090909090909091,0.8863636363636364,0.022727272727272728,0.09090909090909091,Charles B. Rangel RECAP,0.8863636363636364
72074,72074,100,126,12,1,30,169,138,1,30,0.7455621301775148,0.07100591715976332,0.005917159763313609,0.17751479289940827,0.8165680473372781,0.005917159763313609,0.17751479289940827,Charles B. Rangel RECAP,0.8165680473372781
72075,72075,100,242,8,1,16,267,250,1,16,0.9063670411985019,0.0299625468164794,0.003745318352059925,0.0599250936329588,0.9363295880149812,0.003745318352059925,0.0599250936329588,Charles B. Rangel RECAP,0.9363295880149812
72076,72076,100,105,12,0,16,133,117,0,16,0.7894736842105263,0.09022556390977443,0.0,0.12030075187969924,0.8796992481203008,0.0,0.12030075187969924,Charles B. Rangel RECAP,0.8796992481203008
72200,72200,100,0,0,0,0,0,0,0,0,0,0,0,0,0,0,0,n/a,0
72201,72201,100,0,0,0,0,0,0,0,0,0,0,0,0,0,0,0,n/a,0
72202,72202,100,0,0,0,0,0,0,0,0,0,0,0,0,0,0,0,n/a,0
72203,72203,100,0,0,0,0,0,0,0,0,0,0,0,0,0,0,0,n/a,0
72204,72204,100,0,0,0,0,0,0,0,0,0,0,0,0,0,0,0,n/a,0
72205,72205,100,0,0,0,0,0,0,0,0,0,0,0,0,0,0,0,n/a,0
77023,77023,100,261,5,0,5,271,266,0,5,0.9630996309963099,0.01845018450184502,0.0,0.01845018450184502,0.981549815498155,0.0,0.01845018450184502,Charles B. Rangel RECAP,0.981549815498155
77024,77024,100,159,8,0,3,170,167,0,3,0.9352941176470588,0.047058823529411764,0.0,0.01764705882352941,0.9823529411764705,0.0,0.01764705882352941,Charles B. Rangel RECAP,0.9823529411764705
77025,77025,100,245,6,0,7,258,251,0,7,0.9496124031007752,0.023255813953488372,0.0,0.027131782945736434,0.9728682170542635,0.0,0.027131782945736434,Charles B. Rangel RECAP,0.9728682170542635
77026,77026,100,96,2,1,1,100,98,1,1,0.96,0.02,0.01,0.01,0.98,0.01,0.01,Charles B. Rangel RECAP,0.98
77027,77027,100,154,5,0,4,163,159,0,4,0.9447852760736196,0.03067484662576687,0.0,0.024539877300613498,0.9754601226993865,0.0,0.024539877300613498,Charles B. Rangel RECAP,0.9754601226993865
77028,77028,100,148,3,0,4,155,151,0,4,0.9548387096774194,0.01935483870967742,0.0,0.025806451612903226,0.9741935483870968,0.0,0.025806451612903226,Charles B. Rangel RECAP,0.9741935483870968
77029,77029,100,47,4,0,6,57,51,0,6,0.8245614035087719,0.07017543859649122,0.0,0.10526315789473684,0.8947368421052632,0.0,0.10526315789473684,Charles B. Rangel RECAP,0.8947368421052632
77030,77030,100,120,3,0,5,128,123,0,5,0.9375,0.0234375,0.0,0.0390625,0.9609375,0.0,0.0390625,Charles B. Rangel RECAP,0.9609375
77031,77031,100,18,3,0,2,23,21,0,2,0.782608695652174,0.13043478260869565,0.0,0.08695652173913043,0.9130434782608695,0.0,0.08695652173913043,Charles B. Rangel RECAP,0.9130434782608695
78013,78013,100,150,1,1,9,161,151,1,9,0.9316770186335404,0.006211180124223602,0.006211180124223602,0.055900621118012424,0.937888198757764,0.006211180124223602,0.055900621118012424,Charles B. Rangel RECAP,0.937888198757764
78014,78014,100,115,0,0,5,120,115,0,5,0.9583333333333334,0.0,0.0,0.041666666666666664,0.9583333333333334,0.0,0.041666666666666664,Charles B. Rangel RECAP,0.9583333333333334
78015,78015,100,54,3,0,6,63,57,0,6,0.8571428571428571,0.047619047619047616,0.0,0.09523809523809523,0.9047619047619048,0.0,0.09523809523809523,Charles B. Rangel RECAP,0.9047619047619048
78016,78016,100,98,4,0,8,110,102,0,8,0.8909090909090909,0.03636363636363636,0.0,0.07272727272727272,0.9272727272727272,0.0,0.07272727272727272,Charles B. Rangel RECAP,0.9272727272727272
78017,78017,100,47,2,0,4,53,49,0,4,0.8867924528301887,0.03773584905660377,0.0,0.07547169811320754,0.9245283018867925,0.0,0.07547169811320754,Charles B. Rangel RECAP,0.9245283018867925
78018,78018,100,99,1,0,11,111,100,0,11,0.8918918918918919,0.009009009009009009,0.0,0.0990990990990991,0.9009009009009009,0.0,0.0990990990990991,Charles B. Rangel RECAP,0.9009009009009009
78019,78019,100,86,4,0,3,93,90,0,3,0.9247311827956989,0.043010752688172046,0.0,0.03225806451612903,0.967741935483871,0.0,0.03225806451612903,Charles B. Rangel RECAP,0.967741935483871
78020,78020,100,114,4,0,4,122,118,0,4,0.9344262295081968,0.03278688524590164,0.0,0.03278688524590164,0.9672131147540983,0.0,0.03278688524590164,Charles B. Rangel RECAP,0.9672131147540983
78021,78021,100,138,2,0,8,148,140,0,8,0.9324324324324325,0.013513513513513514,0.0,0.05405405405405406,0.9459459459459459,0.0,0.05405405405405406,Charles B. Rangel RECAP,0.9459459459459459
78022,78022,100,124,5,0,5,134,129,0,5,0.9253731343283582,0.03731343283582089,0.0,0.03731343283582089,0.9626865671641791,0.0,0.03731343283582089,Charles B. Rangel RECAP,0.9626865671641791
78023,78023,100,137,2,1,8,148,139,1,8,0.9256756756756757,0.013513513513513514,0.006756756756756757,0.05405405405405406,0.9391891891891891,0.006756756756756757,0.05405405405405406,Charles B. Rangel RECAP,0.9391891891891891
78024,78024,100,134,6,0,9,149,140,0,9,0.8993288590604027,0.040268456375838924,0.0,0.06040268456375839,0.9395973154362416,0.0,0.06040268456375839,Charles B. Rangel RECAP,0.9395973154362416
78025,78025,100,95,0,0,5,100,95,0,5,0.95,0.0,0.0,0.05,0.95,0.0,0.05,Charles B. Rangel RECAP,0.95
78026,78026,100,96,1,0,9,106,97,0,9,0.9056603773584906,0.009433962264150943,0.0,0.08490566037735849,0.9150943396226415,0.0,0.08490566037735849,Charles B. Rangel RECAP,0.9150943396226415
78027,78027,100,89,2,0,1,92,91,0,1,0.967391304347826,0.021739130434782608,0.0,0.010869565217391304,0.9891304347826086,0.0,0.010869565217391304,Charles B. Rangel RECAP,0.9891304347826086
78028,78028,100,162,6,0,22,190,168,0,22,0.8526315789473684,0.031578947368421054,0.0,0.11578947368421053,0.8842105263157894,0.0,0.11578947368421053,Charles B. Rangel RECAP,0.8842105263157894
78029,78029,100,114,8,0,6,128,122,0,6,0.890625,0.0625,0.0,0.046875,0.953125,0.0,0.046875,Charles B. Rangel RECAP,0.953125
78030,78030,100,112,9,1,24,146,121,1,24,0.7671232876712328,0.06164383561643835,0.00684931506849315,0.1643835616438356,0.8287671232876712,0.00684931506849315,0.1643835616438356,Charles B. Rangel RECAP,0.8287671232876712
78031,78031,100,102,3,1,22,128,105,1,22,0.796875,0.0234375,0.0078125,0.171875,0.8203125,0.0078125,0.171875,Charles B. Rangel RECAP,0.8203125
78032,78032,100,166,20,2,35,223,186,2,35,0.7443946188340808,0.08968609865470852,0.008968609865470852,0.15695067264573992,0.8340807174887892,0.008968609865470852,0.15695067264573992,Charles B. Rangel RECAP,0.8340807174887892
78033,78033,100,146,10,0,28,184,156,0,28,0.7934782608695652,0.05434782608695652,0.0,0.15217391304347827,0.8478260869565217,0.0,0.15217391304347827,Charles B. Rangel RECAP,0.8478260869565217
78034,78034,100,92,6,0,8,106,98,0,8,0.8679245283018868,0.05660377358490566,0.0,0.07547169811320754,0.9245283018867925,0.0,0.07547169811320754,Charles B. Rangel RECAP,0.9245283018867925
78035,78035,100,37,1,0,8,46,38,0,8,0.8043478260869565,0.021739130434782608,0.0,0.17391304347826086,0.8260869565217391,0.0,0.17391304347826086,Charles B. Rangel RECAP,0.8260869565217391
78036,78036,100,100,6,0,8,114,106,0,8,0.8771929824561403,0.05263157894736842,0.0,0.07017543859649122,0.9298245614035088,0.0,0.07017543859649122,Charles B. Rangel RECAP,0.9298245614035088
78038,78038,100,127,7,0,22,156,134,0,22,0.8141025641025641,0.04487179487179487,0.0,0.14102564102564102,0.8589743589743589,0.0,0.14102564102564102,Charles B. Rangel RECAP,0.8589743589743589
78044,78044,100,172,7,0,9,188,179,0,9,0.9148936170212766,0.03723404255319149,0.0,0.047872340425531915,0.9521276595744681,0.0,0.047872340425531915,Charles B. Rangel RECAP,0.9521276595744681
78045,78045,100,164,3,0,8,175,167,0,8,0.9371428571428572,0.017142857142857144,0.0,0.045714285714285714,0.9542857142857143,0.0,0.045714285714285714,Charles B. Rangel RECAP,0.9542857142857143
78046,78046,100,149,3,0,9,161,152,0,9,0.9254658385093167,0.018633540372670808,0.0,0.055900621118012424,0.9440993788819876,0.0,0.055900621118012424,Charles B. Rangel RECAP,0.9440993788819876
78047,78047,100,103,2,0,7,112,105,0,7,0.9196428571428571,0.017857142857142856,0.0,0.0625,0.9375,0.0,0.0625,Charles B. Rangel RECAP,0.9375
78048,78048,100,259,14,2,28,303,273,2,28,0.8547854785478548,0.0462046204620462,0.006600660066006601,0.0924092409240924,0.900990099009901,0.006600660066006601,0.0924092409240924,Charles B. Rangel RECAP,0.900990099009901
78049,78049,100,181,8,0,9,198,189,0,9,0.9141414141414141,0.04040404040404041,0.0,0.045454545454545456,0.9545454545454546,0.0,0.045454545454545456,Charles B. Rangel RECAP,0.9545454545454546
78050,78050,100,164,7,2,15,188,171,2,15,0.8723404255319149,0.03723404255319149,0.010638297872340425,0.0797872340425532,0.9095744680851063,0.010638297872340425,0.0797872340425532,Charles B. Rangel RECAP,0.9095744680851063
78051,78051,100,172,6,0,22,200,178,0,22,0.86,0.03,0.0,0.11,0.89,0.0,0.11,Charles B. Rangel RECAP,0.89
78052,78052,100,139,6,0,12,157,145,0,12,0.8853503184713376,0.03821656050955414,0.0,0.07643312101910828,0.9235668789808917,0.0,0.07643312101910828,Charles B. Rangel RECAP,0.9235668789808917
78053,78053,100,93,1,0,10,104,94,0,10,0.8942307692307693,0.009615384615384616,0.0,0.09615384615384616,0.9038461538461539,0.0,0.09615384615384616,Charles B. Rangel RECAP,0.9038461538461539
78054,78054,100,87,3,0,4,94,90,0,4,0.925531914893617,0.031914893617021274,0.0,0.0425531914893617,0.9574468085106383,0.0,0.0425531914893617,Charles B. Rangel RECAP,0.9574468085106383
80054,80054,100,17,0,0,6,23,17,0,6,0.7391304347826086,0.0,0.0,0.2608695652173913,0.7391304347826086,0.0,0.2608695652173913,Charles B. Rangel RECAP,0.7391304347826086
80056,80056,100,284,7,0,5,296,291,0,5,0.9594594594594594,0.02364864864864865,0.0,0.016891891891891893,0.9831081081081081,0.0,0.016891891891891893,Charles B. Rangel RECAP,0.9831081081081081
80065,80065,100,245,4,0,8,257,249,0,8,0.953307392996109,0.01556420233463035,0.0,0.0311284046692607,0.9688715953307393,0.0,0.0311284046692607,Charles B. Rangel RECAP,0.9688715953307393
80076,80076,100,112,2,0,18,132,114,0,18,0.8484848484848485,0.015151515151515152,0.0,0.13636363636363635,0.8636363636363636,0.0,0.13636363636363635,Charles B. Rangel RECAP,0.8636363636363636
80077,80077,100,208,9,0,18,235,217,0,18,0.8851063829787233,0.03829787234042553,0.0,0.07659574468085106,0.9234042553191489,0.0,0.07659574468085106,Charles B. Rangel RECAP,0.9234042553191489
80078,80078,100,146,6,0,26,178,152,0,26,0.8202247191011236,0.033707865168539325,0.0,0.14606741573033707,0.8539325842696629,0.0,0.14606741573033707,Charles B. Rangel RECAP,0.8539325842696629
80079,80079,100,126,11,0,20,157,137,0,20,0.802547770700637,0.07006369426751592,0.0,0.12738853503184713,0.8726114649681529,0.0,0.12738853503184713,Charles B. Rangel RECAP,0.8726114649681529
80080,80080,100,112,7,0,16,135,119,0,16,0.8296296296296296,0.05185185185185185,0.0,0.11851851851851852,0.8814814814814815,0.0,0.11851851851851852,Charles B. Rangel RECAP,0.8814814814814815
80081,80081,100,128,11,0,15,154,139,0,15,0.8311688311688312,0.07142857142857142,0.0,0.09740259740259741,0.9025974025974026,0.0,0.09740259740259741,Charles B. Rangel RECAP,0.9025974025974026
80082,80082,100,54,6,0,32,92,60,0,32,0.5869565217391305,0.06521739130434782,0.0,0.34782608695652173,0.6521739130434783,0.0,0.34782608695652173,Charles B. Rangel RECAP,0.6521739130434783
80083,80083,100,188,5,1,18,212,193,1,18,0.8867924528301887,0.02358490566037736,0.0047169811320754715,0.08490566037735849,0.910377358490566,0.0047169811320754715,0.08490566037735849,Charles B. Rangel RECAP,0.910377358490566
80084,80084,100,60,3,0,8,71,63,0,8,0.8450704225352113,0.04225352112676056,0.0,0.11267605633802817,0.8873239436619719,0.0,0.11267605633802817,Charles B. Rangel RECAP,0.8873239436619719
80085,80085,100,150,3,0,13,166,153,0,13,0.9036144578313253,0.018072289156626505,0.0,0.0783132530120482,0.9216867469879518,0.0,0.0783132530120482,Charles B. Rangel RECAP,0.9216867469879518
80086,80086,100,124,4,1,10,139,128,1,10,0.8920863309352518,0.02877697841726619,0.007194244604316547,0.07194244604316546,0.920863309352518,0.007194244604316547,0.07194244604316546,Charles B. Rangel RECAP,0.920863309352518
80087,80087,100,56,5,0,9,70,61,0,9,0.8,0.07142857142857142,0.0,0.12857142857142856,0.8714285714285714,0.0,0.12857142857142856,Charles B. Rangel RECAP,0.8714285714285714
80089,80089,100,0,0,0,0,0,0,0,0,0,0,0,0,0,0,0,n/a,0
81001,81001,100,162,6,0,7,175,168,0,7,0.9257142857142857,0.03428571428571429,0.0,0.04,0.96,0.0,0.04,Charles B. Rangel RECAP,0.96
81002,81002,100,127,14,0,23,164,141,0,23,0.774390243902439,0.08536585365853659,0.0,0.1402439024390244,0.8597560975609756,0.0,0.1402439024390244,Charles B. Rangel RECAP,0.8597560975609756
81003,81003,100,36,2,0,5,43,38,0,5,0.8372093023255814,0.046511627906976744,0.0,0.11627906976744186,0.8837209302325582,0.0,0.11627906976744186,Charles B. Rangel RECAP,0.8837209302325582
81004,81004,100,155,8,1,14,178,163,1,14,0.8707865168539326,0.0449438202247191,0.0056179775280898875,0.07865168539325842,0.9157303370786517,0.0056179775280898875,0.07865168539325842,Charles B. Rangel RECAP,0.9157303370786517
81005,81005,100,120,5,0,18,143,125,0,18,0.8391608391608392,0.03496503496503497,0.0,0.1258741258741259,0.8741258741258742,0.0,0.1258741258741259,Charles B. Rangel RECAP,0.8741258741258742
81006,81006,100,129,2,0,27,158,131,0,27,0.8164556962025317,0.012658227848101266,0.0,0.17088607594936708,0.8291139240506329,0.0,0.17088607594936708,Charles B. Rangel RECAP,0.8291139240506329
81007,81007,100,110,13,0,14,137,123,0,14,0.8029197080291971,0.0948905109489051,0.0,0.10218978102189781,0.8978102189781022,0.0,0.10218978102189781,Charles B. Rangel RECAP,0.8978102189781022
81008,81008,100,97,2,0,3,102,99,0,3,0.9509803921568627,0.0196078431372549,0.0,0.029411764705882353,0.9705882352941176,0.0,0.029411764705882353,Charles B. Rangel RECAP,0.9705882352941176
81009,81009,100,115,4,0,5,124,119,0,5,0.9274193548387096,0.03225806451612903,0.0,0.04032258064516129,0.9596774193548387,0.0,0.04032258064516129,Charles B. Rangel RECAP,0.9596774193548387
81010,81010,100,22,4,0,6,32,26,0,6,0.6875,0.125,0.0,0.1875,0.8125,0.0,0.1875,Charles B. Rangel RECAP,0.8125
81012,81012,100,153,12,1,38,204,165,1,38,0.75,0.058823529411764705,0.004901960784313725,0.18627450980392157,0.8088235294117647,0.004901960784313725,0.18627450980392157,Charles B. Rangel RECAP,0.8088235294117647
81013,81013,100,64,6,0,15,85,70,0,15,0.7529411764705882,0.07058823529411765,0.0,0.17647058823529413,0.8235294117647058,0.0,0.17647058823529413,Charles B. Rangel RECAP,0.8235294117647058
81014,81014,100,117,14,0,39,170,131,0,39,0.6882352941176471,0.08235294117647059,0.0,0.22941176470588234,0.7705882352941177,0.0,0.22941176470588234,Charles B. Rangel RECAP,0.7705882352941177
81015,81015,100,132,14,0,51,197,146,0,51,0.6700507614213198,0.07106598984771574,0.0,0.25888324873096447,0.7411167512690355,0.0,0.25888324873096447,Charles B. Rangel RECAP,0.7411167512690355
81016,81016,100,13,0,0,3,16,13,0,3,0.8125,0.0,0.0,0.1875,0.8125,0.0,0.1875,Charles B. Rangel RECAP,0.8125
81033,81033,100,149,32,0,46,227,181,0,46,0.6563876651982379,0.14096916299559473,0.0,0.2026431718061674,0.7973568281938326,0.0,0.2026431718061674,Charles B. Rangel RECAP,0.7973568281938326
81034,81034,100,124,29,0,40,193,153,0,40,0.6424870466321243,0.15025906735751296,0.0,0.20725388601036268,0.7927461139896373,0.0,0.20725388601036268,Charles B. Rangel RECAP,0.7927461139896373
81035,81035,100,92,22,0,31,145,114,0,31,0.6344827586206897,0.15172413793103448,0.0,0.21379310344827587,0.7862068965517242,0.0,0.21379310344827587,Charles B. Rangel RECAP,0.7862068965517242
81036,81036,100,133,13,2,40,188,146,2,40,0.7074468085106383,0.06914893617021277,0.010638297872340425,0.2127659574468085,0.776595744680851,0.010638297872340425,0.2127659574468085,Charles B. Rangel RECAP,0.776595744680851
81037,81037,100,126,9,1,26,162,135,1,26,0.7777777777777778,0.05555555555555555,0.006172839506172839,0.16049382716049382,0.8333333333333334,0.006172839506172839,0.16049382716049382,Charles B. Rangel RECAP,0.8333333333333334
81038,81038,100,155,4,0,16,175,159,0,16,0.8857142857142857,0.022857142857142857,0.0,0.09142857142857143,0.9085714285714286,0.0,0.09142857142857143,Charles B. Rangel RECAP,0.9085714285714286
81039,81039,100,78,3,0,9,90,81,0,9,0.8666666666666667,0.03333333333333333,0.0,0.1,0.9,0.0,0.1,Charles B. Rangel RECAP,0.9
81040,81040,100,140,11,0,13,164,151,0,13,0.8536585365853658,0.06707317073170732,0.0,0.07926829268292683,0.9207317073170732,0.0,0.07926829268292683,Charles B. Rangel RECAP,0.9207317073170732
81041,81041,100,109,13,0,47,169,122,0,47,0.6449704142011834,0.07692307692307693,0.0,0.2781065088757396,0.7218934911242604,0.0,0.2781065088757396,Charles B. Rangel RECAP,0.7218934911242604
81042,81042,100,30,4,0,12,46,34,0,12,0.6521739130434783,0.08695652173913043,0.0,0.2608695652173913,0.7391304347826086,0.0,0.2608695652173913,Charles B. Rangel RECAP,0.7391304347826086
81045,81045,100,26,0,1,7,34,26,1,7,0.7647058823529411,0.0,0.029411764705882353,0.20588235294117646,0.7647058823529411,0.029411764705882353,0.20588235294117646,Charles B. Rangel RECAP,0.7647058823529411
81046,81046,100,55,8,0,9,72,63,0,9,0.7638888888888888,0.1111111111111111,0.0,0.125,0.875,0.0,0.125,Charles B. Rangel RECAP,0.875
81092,81092,100,76,6,0,3,85,82,0,3,0.8941176470588236,0.07058823529411765,0.0,0.03529411764705882,0.9647058823529412,0.0,0.03529411764705882,Charles B. Rangel RECAP,0.9647058823529412
81093,81093,100,129,8,0,5,142,137,0,5,0.9084507042253521,0.056338028169014086,0.0,0.035211267605633804,0.9647887323943662,0.0,0.035211267605633804,Charles B. Rangel RECAP,0.9647887323943662
81094,81094,100,116,5,0,13,134,121,0,13,0.8656716417910447,0.03731343283582089,0.0,0.09701492537313433,0.9029850746268657,0.0,0.09701492537313433,Charles B. Rangel RECAP,0.9029850746268657
81095,81095,100,55,8,0,11,74,63,0,11,0.7432432432432432,0.10810810810810811,0.0,0.14864864864864866,0.8513513513513513,0.0,0.14864864864864866,Charles B. Rangel RECAP,0.8513513513513513
81096,81096,100,87,0,0,11,98,87,0,11,0.8877551020408163,0.0,0.0,0.11224489795918367,0.8877551020408163,0.0,0.11224489795918367,Charles B. Rangel RECAP,0.8877551020408163
81097,81097,100,141,10,0,19,170,151,0,19,0.8294117647058824,0.058823529411764705,0.0,0.11176470588235295,0.888235294117647,0.0,0.11176470588235295,Charles B. Rangel RECAP,0.888235294117647
81098,81098,100,100,6,0,17,123,106,0,17,0.8130081300813008,0.04878048780487805,0.0,0.13821138211382114,0.8617886178861789,0.0,0.13821138211382114,Charles B. Rangel RECAP,0.8617886178861789
81099,81099,100,153,6,0,24,183,159,0,24,0.8360655737704918,0.03278688524590164,0.0,0.13114754098360656,0.8688524590163934,0.0,0.13114754098360656,Charles B. Rangel RECAP,0.8688524590163934
81100,81100,100,91,7,0,6,104,98,0,6,0.875,0.0673076923076923,0.0,0.057692307692307696,0.9423076923076923,0.0,0.057692307692307696,Charles B. Rangel RECAP,0.9423076923076923
81104,81104,100,0,0,0,0,0,0,0,0,0,0,0,0,0,0,0,n/a,0
81108,81010,100,0,0,0,0,0,0,0,0,0,0,0,0,0,0,0,n/a,0
86018,86018,100,109,3,0,11,123,112,0,11,0.8861788617886179,0.024390243902439025,0.0,0.08943089430894309,0.9105691056910569,0.0,0.08943089430894309,Charles B. Rangel RECAP,0.9105691056910569
86019,86019,100,189,9,1,17,216,198,1,17,0.875,0.041666666666666664,0.004629629629629629,0.0787037037037037,0.9166666666666666,0.004629629629629629,0.0787037037037037,Charles B. Rangel RECAP,0.9166666666666666
86020,86020,100,166,8,0,2,176,174,0,2,0.9431818181818182,0.045454545454545456,0.0,0.011363636363636364,0.9886363636363636,0.0,0.011363636363636364,Charles B. Rangel RECAP,0.9886363636363636
