ED,Reported As,Reporting,Daniel J. Cavanagh (Conservative),Yvette D. Clarke (Working Families),Yvette D. Clarke (Democratic),Scattered,Total Votes,Daniel J. Cavanagh RECAP,Yvette D. Clarke RECAP,Scattered RECAP,p_Daniel J. Cavanagh (Conservative),p_Yvette D. Clarke (Working Families),p_Yvette D. Clarke (Democratic),p_Scattered,p_Daniel J. Cavanagh RECAP,p_Yvette D. Clarke RECAP,p_Scattered RECAP,winner,winner_p
41001,41001,100,98,13,99,2,212,98,112,2,0.46226415094339623,0.06132075471698113,0.4669811320754717,0.009433962264150943,0.46226415094339623,0.5283018867924528,0.009433962264150943,Yvette D. Clarke RECAP,0.5283018867924528
41002,41002,100,109,11,117,0,237,109,128,0,0.459915611814346,0.046413502109704644,0.4936708860759494,0.0,0.459915611814346,0.540084388185654,0.0,Yvette D. Clarke RECAP,0.540084388185654
41003,41003,100,21,7,26,0,54,21,33,0,0.3888888888888889,0.12962962962962962,0.48148148148148145,0.0,0.3888888888888889,0.6111111111111112,0.0,Yvette D. Clarke RECAP,0.6111111111111112
41004,41004,100,52,19,58,0,129,52,77,0,0.40310077519379844,0.14728682170542637,0.4496124031007752,0.0,0.40310077519379844,0.5968992248062015,0.0,Yvette D. Clarke RECAP,0.5968992248062015
41005,41005,100,130,8,89,0,227,130,97,0,0.5726872246696035,0.03524229074889868,0.3920704845814978,0.0,0.5726872246696035,0.42731277533039647,0.0,Daniel J. Cavanagh RECAP,0.5726872246696035
41006,41006,100,63,15,79,0,157,63,94,0,0.4012738853503185,0.09554140127388536,0.5031847133757962,0.0,0.4012738853503185,0.5987261146496815,0.0,Yvette D. Clarke RECAP,0.5987261146496815
41007,41007,100,59,20,89,2,170,59,109,2,0.34705882352941175,0.11764705882352941,0.5235294117647059,0.011764705882352941,0.34705882352941175,0.6411764705882353,0.011764705882352941,Yvette D. Clarke RECAP,0.6411764705882353
41008,41008,100,80,7,87,0,174,80,94,0,0.45977011494252873,0.040229885057471264,0.5,0.0,0.45977011494252873,0.5402298850574713,0.0,Yvette D. Clarke RECAP,0.5402298850574713
41009,41009,100,66,2,66,1,135,66,68,1,0.4888888888888889,0.014814814814814815,0.4888888888888889,0.007407407407407408,0.4888888888888889,0.5037037037037037,0.007407407407407408,Yvette D. Clarke RECAP,0.5037037037037037
41010,41010,100,56,5,53,1,115,56,58,1,0.48695652173913045,0.043478260869565216,0.4608695652173913,0.008695652173913044,0.48695652173913045,0.5043478260869565,0.008695652173913044,Yvette D. Clarke RECAP,0.5043478260869565
41011,41011,100,30,3,32,0,65,30,35,0,0.46153846153846156,0.046153846153846156,0.49230769230769234,0.0,0.46153846153846156,0.5384615384615384,0.0,Yvette D. Clarke RECAP,0.5384615384615384
41012,41012,100,40,5,39,1,85,40,44,1,0.47058823529411764,0.058823529411764705,0.4588235294117647,0.011764705882352941,0.47058823529411764,0.5176470588235295,0.011764705882352941,Yvette D. Clarke RECAP,0.5176470588235295
41015,41015,100,29,5,19,1,54,29,24,1,0.5370370370370371,0.09259259259259259,0.35185185185185186,0.018518518518518517,0.5370370370370371,0.4444444444444444,0.018518518518518517,Daniel J. Cavanagh RECAP,0.5370370370370371
41013,41015,100,0,0,0,0,0,0,0,0,0,0,0,0,0,0,0,n/a,0
41014,41014,100,10,1,14,0,25,10,15,0,0.4,0.04,0.56,0.0,0.4,0.6,0.0,Yvette D. Clarke RECAP,0.6
41016,41016,100,103,16,115,0,234,103,131,0,0.44017094017094016,0.06837606837606838,0.49145299145299143,0.0,0.44017094017094016,0.5598290598290598,0.0,Yvette D. Clarke RECAP,0.5598290598290598
41017,41017,100,96,8,89,1,194,96,97,1,0.4948453608247423,0.041237113402061855,0.4587628865979381,0.005154639175257732,0.4948453608247423,0.5,0.005154639175257732,Yvette D. Clarke RECAP,0.5
41018,41018,100,95,9,49,2,155,95,58,2,0.6129032258064516,0.05806451612903226,0.3161290322580645,0.012903225806451613,0.6129032258064516,0.3741935483870968,0.012903225806451613,Daniel J. Cavanagh RECAP,0.6129032258064516
41019,41019,100,13,3,10,0,26,13,13,0,0.5,0.11538461538461539,0.38461538461538464,0.0,0.5,0.5,0.0,Tie,0.5
41020,41020,100,35,8,87,1,131,35,95,1,0.26717557251908397,0.061068702290076333,0.6641221374045801,0.007633587786259542,0.26717557251908397,0.7251908396946565,0.007633587786259542,Yvette D. Clarke RECAP,0.7251908396946565
41021,41021,100,48,14,120,2,184,48,134,2,0.2608695652173913,0.07608695652173914,0.6521739130434783,0.010869565217391304,0.2608695652173913,0.7282608695652174,0.010869565217391304,Yvette D. Clarke RECAP,0.7282608695652174
41024,41024,100,6,0,15,0,21,6,15,0,0.2857142857142857,0.0,0.7142857142857143,0.0,0.2857142857142857,0.7142857142857143,0.0,Yvette D. Clarke RECAP,0.7142857142857143
41025,41025,100,5,2,17,0,24,5,19,0,0.20833333333333334,0.08333333333333333,0.7083333333333334,0.0,0.20833333333333334,0.7916666666666666,0.0,Yvette D. Clarke RECAP,0.7916666666666666
41026,41026,100,0,0,25,0,25,0,25,0,0.0,0.0,1.0,0.0,0.0,1.0,0.0,Yvette D. Clarke RECAP,1.0
41027,41027,100,17,7,107,0,131,17,114,0,0.1297709923664122,0.05343511450381679,0.816793893129771,0.0,0.1297709923664122,0.8702290076335878,0.0,Yvette D. Clarke RECAP,0.8702290076335878
41030,41030,100,2,11,121,0,134,2,132,0,0.014925373134328358,0.08208955223880597,0.9029850746268657,0.0,0.014925373134328358,0.9850746268656716,0.0,Yvette D. Clarke RECAP,0.9850746268656716
41031,41031,100,10,12,219,1,242,10,231,1,0.04132231404958678,0.049586776859504134,0.9049586776859504,0.004132231404958678,0.04132231404958678,0.9545454545454546,0.004132231404958678,Yvette D. Clarke RECAP,0.9545454545454546
41032,41032,100,3,23,162,0,188,3,185,0,0.015957446808510637,0.12234042553191489,0.8617021276595744,0.0,0.015957446808510637,0.9840425531914894,0.0,Yvette D. Clarke RECAP,0.9840425531914894
41033,41033,100,7,17,176,1,201,7,193,1,0.03482587064676617,0.0845771144278607,0.8756218905472637,0.004975124378109453,0.03482587064676617,0.9601990049751243,0.004975124378109453,Yvette D. Clarke RECAP,0.9601990049751243
41034,41034,100,6,16,205,1,228,6,221,1,0.02631578947368421,0.07017543859649122,0.8991228070175439,0.0043859649122807015,0.02631578947368421,0.9692982456140351,0.0043859649122807015,Yvette D. Clarke RECAP,0.9692982456140351
41035,41035,100,60,13,103,0,176,60,116,0,0.3409090909090909,0.07386363636363637,0.5852272727272727,0.0,0.3409090909090909,0.6590909090909091,0.0,Yvette D. Clarke RECAP,0.6590909090909091
41036,41036,100,86,11,60,0,157,86,71,0,0.5477707006369427,0.07006369426751592,0.3821656050955414,0.0,0.5477707006369427,0.45222929936305734,0.0,Daniel J. Cavanagh RECAP,0.5477707006369427
41042,41042,100,48,1,22,0,71,48,23,0,0.676056338028169,0.014084507042253521,0.30985915492957744,0.0,0.676056338028169,0.323943661971831,0.0,Daniel J. Cavanagh RECAP,0.676056338028169
41044,41044,100,26,5,42,0,73,26,47,0,0.3561643835616438,0.0684931506849315,0.5753424657534246,0.0,0.3561643835616438,0.6438356164383562,0.0,Yvette D. Clarke RECAP,0.6438356164383562
41045,41045,100,5,10,298,0,313,5,308,0,0.01597444089456869,0.03194888178913738,0.952076677316294,0.0,0.01597444089456869,0.9840255591054313,0.0,Yvette D. Clarke RECAP,0.9840255591054313
41046,41046,100,93,15,114,0,222,93,129,0,0.4189189189189189,0.06756756756756757,0.5135135135135135,0.0,0.4189189189189189,0.581081081081081,0.0,Yvette D. Clarke RECAP,0.581081081081081
41047,41047,100,6,7,282,0,295,6,289,0,0.020338983050847456,0.023728813559322035,0.9559322033898305,0.0,0.020338983050847456,0.9796610169491525,0.0,Yvette D. Clarke RECAP,0.9796610169491525
41048,41048,100,3,5,94,0,102,3,99,0,0.029411764705882353,0.049019607843137254,0.9215686274509803,0.0,0.029411764705882353,0.9705882352941176,0.0,Yvette D. Clarke RECAP,0.9705882352941176
41050,41050,100,99,8,108,2,217,99,116,2,0.45622119815668205,0.03686635944700461,0.4976958525345622,0.009216589861751152,0.45622119815668205,0.5345622119815668,0.009216589861751152,Yvette D. Clarke RECAP,0.5345622119815668
41051,41051,100,15,2,36,0,53,15,38,0,0.2830188679245283,0.03773584905660377,0.6792452830188679,0.0,0.2830188679245283,0.7169811320754716,0.0,Yvette D. Clarke RECAP,0.7169811320754716
41052,41052,100,35,5,49,1,90,35,54,1,0.3888888888888889,0.05555555555555555,0.5444444444444444,0.011111111111111112,0.3888888888888889,0.6,0.011111111111111112,Yvette D. Clarke RECAP,0.6
41053,41053,100,19,5,159,0,183,19,164,0,0.10382513661202186,0.0273224043715847,0.8688524590163934,0.0,0.10382513661202186,0.8961748633879781,0.0,Yvette D. Clarke RECAP,0.8961748633879781
41054,41054,100,5,8,187,0,200,5,195,0,0.025,0.04,0.935,0.0,0.025,0.975,0.0,Yvette D. Clarke RECAP,0.975
41055,41055,100,5,12,227,0,244,5,239,0,0.020491803278688523,0.04918032786885246,0.930327868852459,0.0,0.020491803278688523,0.9795081967213115,0.0,Yvette D. Clarke RECAP,0.9795081967213115
41057,41057,100,46,4,64,0,114,46,68,0,0.40350877192982454,0.03508771929824561,0.5614035087719298,0.0,0.40350877192982454,0.5964912280701754,0.0,Yvette D. Clarke RECAP,0.5964912280701754
41058,41058,100,119,14,103,0,236,119,117,0,0.5042372881355932,0.059322033898305086,0.4364406779661017,0.0,0.5042372881355932,0.4957627118644068,0.0,Daniel J. Cavanagh RECAP,0.5042372881355932
41059,41059,100,98,6,85,0,189,98,91,0,0.5185185185185185,0.031746031746031744,0.4497354497354497,0.0,0.5185185185185185,0.48148148148148145,0.0,Daniel J. Cavanagh RECAP,0.5185185185185185
41060,41060,100,30,8,88,1,127,30,96,1,0.23622047244094488,0.06299212598425197,0.6929133858267716,0.007874015748031496,0.23622047244094488,0.7559055118110236,0.007874015748031496,Yvette D. Clarke RECAP,0.7559055118110236
41061,41061,100,21,9,58,1,89,21,67,1,0.23595505617977527,0.10112359550561797,0.651685393258427,0.011235955056179775,0.23595505617977527,0.7528089887640449,0.011235955056179775,Yvette D. Clarke RECAP,0.7528089887640449
41062,41062,100,44,11,50,1,106,44,61,1,0.41509433962264153,0.10377358490566038,0.4716981132075472,0.009433962264150943,0.41509433962264153,0.5754716981132075,0.009433962264150943,Yvette D. Clarke RECAP,0.5754716981132075
41063,41063,100,58,9,90,1,158,58,99,1,0.3670886075949367,0.056962025316455694,0.569620253164557,0.006329113924050633,0.3670886075949367,0.6265822784810127,0.006329113924050633,Yvette D. Clarke RECAP,0.6265822784810127
41064,41064,100,93,20,190,0,303,93,210,0,0.3069306930693069,0.066006600660066,0.6270627062706271,0.0,0.3069306930693069,0.693069306930693,0.0,Yvette D. Clarke RECAP,0.693069306930693
41065,41065,100,8,1,31,0,40,8,32,0,0.2,0.025,0.775,0.0,0.2,0.8,0.0,Yvette D. Clarke RECAP,0.8
41066,41066,100,7,3,112,0,122,7,115,0,0.05737704918032787,0.02459016393442623,0.9180327868852459,0.0,0.05737704918032787,0.9426229508196722,0.0,Yvette D. Clarke RECAP,0.9426229508196722
41067,41067,100,5,1,107,0,113,5,108,0,0.04424778761061947,0.008849557522123894,0.9469026548672567,0.0,0.04424778761061947,0.9557522123893806,0.0,Yvette D. Clarke RECAP,0.9557522123893806
41068,41068,100,16,10,116,0,142,16,126,0,0.11267605633802817,0.07042253521126761,0.8169014084507042,0.0,0.11267605633802817,0.8873239436619719,0.0,Yvette D. Clarke RECAP,0.8873239436619719
41069,41069,100,5,5,104,0,114,5,109,0,0.043859649122807015,0.043859649122807015,0.9122807017543859,0.0,0.043859649122807015,0.956140350877193,0.0,Yvette D. Clarke RECAP,0.956140350877193
41070,41070,100,67,12,74,1,154,67,86,1,0.43506493506493504,0.07792207792207792,0.4805194805194805,0.006493506493506494,0.43506493506493504,0.5584415584415584,0.006493506493506494,Yvette D. Clarke RECAP,0.5584415584415584
41071,41071,100,77,16,113,0,206,77,129,0,0.3737864077669903,0.07766990291262135,0.5485436893203883,0.0,0.3737864077669903,0.6262135922330098,0.0,Yvette D. Clarke RECAP,0.6262135922330098
41072,41072,100,64,11,93,0,168,64,104,0,0.38095238095238093,0.06547619047619048,0.5535714285714286,0.0,0.38095238095238093,0.6190476190476191,0.0,Yvette D. Clarke RECAP,0.6190476190476191
41073,41073,100,54,10,138,3,205,54,148,3,0.2634146341463415,0.04878048780487805,0.6731707317073171,0.014634146341463415,0.2634146341463415,0.7219512195121951,0.014634146341463415,Yvette D. Clarke RECAP,0.7219512195121951
41074,41074,100,43,11,99,0,153,43,110,0,0.28104575163398693,0.0718954248366013,0.6470588235294118,0.0,0.28104575163398693,0.7189542483660131,0.0,Yvette D. Clarke RECAP,0.7189542483660131
41075,41075,100,42,9,76,1,128,42,85,1,0.328125,0.0703125,0.59375,0.0078125,0.328125,0.6640625,0.0078125,Yvette D. Clarke RECAP,0.6640625
41076,41076,100,47,8,81,0,136,47,89,0,0.34558823529411764,0.058823529411764705,0.5955882352941176,0.0,0.34558823529411764,0.6544117647058824,0.0,Yvette D. Clarke RECAP,0.6544117647058824
41077,41077,100,32,8,68,1,109,32,76,1,0.29357798165137616,0.07339449541284404,0.6238532110091743,0.009174311926605505,0.29357798165137616,0.6972477064220184,0.009174311926605505,Yvette D. Clarke RECAP,0.6972477064220184
41078,41078,100,37,8,52,0,97,37,60,0,0.38144329896907214,0.08247422680412371,0.5360824742268041,0.0,0.38144329896907214,0.6185567010309279,0.0,Yvette D. Clarke RECAP,0.6185567010309279
41079,41079,100,55,12,72,1,140,55,84,1,0.39285714285714285,0.08571428571428572,0.5142857142857142,0.007142857142857143,0.39285714285714285,0.6,0.007142857142857143,Yvette D. Clarke RECAP,0.6
41081,41081,100,64,11,99,0,174,64,110,0,0.367816091954023,0.06321839080459771,0.5689655172413793,0.0,0.367816091954023,0.632183908045977,0.0,Yvette D. Clarke RECAP,0.632183908045977
41082,41082,100,77,11,73,0,161,77,84,0,0.4782608695652174,0.06832298136645963,0.453416149068323,0.0,0.4782608695652174,0.5217391304347826,0.0,Yvette D. Clarke RECAP,0.5217391304347826
41083,41083,100,60,5,107,1,173,60,112,1,0.3468208092485549,0.028901734104046242,0.6184971098265896,0.005780346820809248,0.3468208092485549,0.6473988439306358,0.005780346820809248,Yvette D. Clarke RECAP,0.6473988439306358
41084,41084,100,118,11,119,0,248,118,130,0,0.47580645161290325,0.04435483870967742,0.4798387096774194,0.0,0.47580645161290325,0.5241935483870968,0.0,Yvette D. Clarke RECAP,0.5241935483870968
41085,41085,100,21,7,77,0,105,21,84,0,0.2,0.06666666666666667,0.7333333333333333,0.0,0.2,0.8,0.0,Yvette D. Clarke RECAP,0.8
41086,41086,100,8,0,8,0,16,8,8,0,0.5,0.0,0.5,0.0,0.5,0.5,0.0,Tie,0.5
41087,41087,100,48,8,60,0,116,48,68,0,0.41379310344827586,0.06896551724137931,0.5172413793103449,0.0,0.41379310344827586,0.5862068965517241,0.0,Yvette D. Clarke RECAP,0.5862068965517241
41091,41091,100,18,7,64,0,89,18,71,0,0.20224719101123595,0.07865168539325842,0.7191011235955056,0.0,0.20224719101123595,0.797752808988764,0.0,Yvette D. Clarke RECAP,0.797752808988764
42001,42001,100,1,2,11,0,14,1,13,0,0.07142857142857142,0.14285714285714285,0.7857142857142857,0.0,0.07142857142857142,0.9285714285714286,0.0,Yvette D. Clarke RECAP,0.9285714285714286
42002,42002,100,4,20,184,1,209,4,204,1,0.019138755980861243,0.09569377990430622,0.8803827751196173,0.004784688995215311,0.019138755980861243,0.9760765550239234,0.004784688995215311,Yvette D. Clarke RECAP,0.9760765550239234
42003,42003,100,4,51,226,0,281,4,277,0,0.014234875444839857,0.18149466192170818,0.8042704626334519,0.0,0.014234875444839857,0.9857651245551602,0.0,Yvette D. Clarke RECAP,0.9857651245551602
42004,42004,100,3,13,144,1,161,3,157,1,0.018633540372670808,0.08074534161490683,0.8944099378881988,0.006211180124223602,0.018633540372670808,0.9751552795031055,0.006211180124223602,Yvette D. Clarke RECAP,0.9751552795031055
42005,42005,100,7,53,225,1,286,7,278,1,0.024475524475524476,0.1853146853146853,0.7867132867132867,0.0034965034965034965,0.024475524475524476,0.972027972027972,0.0034965034965034965,Yvette D. Clarke RECAP,0.972027972027972
42006,42006,100,6,31,135,0,172,6,166,0,0.03488372093023256,0.18023255813953487,0.7848837209302325,0.0,0.03488372093023256,0.9651162790697675,0.0,Yvette D. Clarke RECAP,0.9651162790697675
42007,42007,100,2,20,228,0,250,2,248,0,0.008,0.08,0.912,0.0,0.008,0.992,0.0,Yvette D. Clarke RECAP,0.992
42008,42008,100,3,32,224,1,260,3,256,1,0.011538461538461539,0.12307692307692308,0.8615384615384616,0.0038461538461538464,0.011538461538461539,0.9846153846153847,0.0038461538461538464,Yvette D. Clarke RECAP,0.9846153846153847
42009,42009,100,2,19,198,0,219,2,217,0,0.0091324200913242,0.0867579908675799,0.9041095890410958,0.0,0.0091324200913242,0.9908675799086758,0.0,Yvette D. Clarke RECAP,0.9908675799086758
42010,42010,100,6,6,227,0,239,6,233,0,0.02510460251046025,0.02510460251046025,0.9497907949790795,0.0,0.02510460251046025,0.9748953974895398,0.0,Yvette D. Clarke RECAP,0.9748953974895398
42011,42011,100,6,5,204,1,216,6,209,1,0.027777777777777776,0.023148148148148147,0.9444444444444444,0.004629629629629629,0.027777777777777776,0.9675925925925926,0.004629629629629629,Yvette D. Clarke RECAP,0.9675925925925926
42012,42012,100,0,16,200,0,216,0,216,0,0.0,0.07407407407407407,0.9259259259259259,0.0,0.0,1.0,0.0,Yvette D. Clarke RECAP,1.0
42013,42013,100,1,11,171,0,183,1,182,0,0.00546448087431694,0.060109289617486336,0.9344262295081968,0.0,0.00546448087431694,0.994535519125683,0.0,Yvette D. Clarke RECAP,0.994535519125683
42014,42014,100,1,5,68,0,74,1,73,0,0.013513513513513514,0.06756756756756757,0.918918918918919,0.0,0.013513513513513514,0.9864864864864865,0.0,Yvette D. Clarke RECAP,0.9864864864864865
42015,42015,100,1,13,189,0,203,1,202,0,0.0049261083743842365,0.06403940886699508,0.9310344827586207,0.0,0.0049261083743842365,0.9950738916256158,0.0,Yvette D. Clarke RECAP,0.9950738916256158
42016,42016,100,5,19,192,0,216,5,211,0,0.023148148148148147,0.08796296296296297,0.8888888888888888,0.0,0.023148148148148147,0.9768518518518519,0.0,Yvette D. Clarke RECAP,0.9768518518518519
42017,42017,100,0,27,211,1,239,0,238,1,0.0,0.11297071129707113,0.8828451882845189,0.0041841004184100415,0.0,0.99581589958159,0.0041841004184100415,Yvette D. Clarke RECAP,0.99581589958159
42018,42018,100,3,23,149,0,175,3,172,0,0.017142857142857144,0.13142857142857142,0.8514285714285714,0.0,0.017142857142857144,0.9828571428571429,0.0,Yvette D. Clarke RECAP,0.9828571428571429
42019,42019,100,1,18,120,0,139,1,138,0,0.007194244604316547,0.12949640287769784,0.8633093525179856,0.0,0.007194244604316547,0.9928057553956835,0.0,Yvette D. Clarke RECAP,0.9928057553956835
42020,42020,100,1,22,199,0,222,1,221,0,0.0045045045045045045,0.0990990990990991,0.8963963963963963,0.0,0.0045045045045045045,0.9954954954954955,0.0,Yvette D. Clarke RECAP,0.9954954954954955
42021,42021,100,4,34,167,0,205,4,201,0,0.01951219512195122,0.16585365853658537,0.8146341463414634,0.0,0.01951219512195122,0.9804878048780488,0.0,Yvette D. Clarke RECAP,0.9804878048780488
42022,42022,100,1,25,184,0,210,1,209,0,0.004761904761904762,0.11904761904761904,0.8761904761904762,0.0,0.004761904761904762,0.9952380952380953,0.0,Yvette D. Clarke RECAP,0.9952380952380953
42023,42023,100,6,47,207,1,261,6,254,1,0.022988505747126436,0.18007662835249041,0.7931034482758621,0.0038314176245210726,0.022988505747126436,0.9731800766283525,0.0038314176245210726,Yvette D. Clarke RECAP,0.9731800766283525
42024,42024,100,10,35,229,0,274,10,264,0,0.0364963503649635,0.12773722627737227,0.8357664233576643,0.0,0.0364963503649635,0.9635036496350365,0.0,Yvette D. Clarke RECAP,0.9635036496350365
42025,42025,100,8,46,206,0,260,8,252,0,0.03076923076923077,0.17692307692307693,0.7923076923076923,0.0,0.03076923076923077,0.9692307692307692,0.0,Yvette D. Clarke RECAP,0.9692307692307692
42026,42026,100,6,10,183,0,199,6,193,0,0.03015075376884422,0.05025125628140704,0.9195979899497487,0.0,0.03015075376884422,0.9698492462311558,0.0,Yvette D. Clarke RECAP,0.9698492462311558
42027,42027,100,1,13,197,1,212,1,210,1,0.0047169811320754715,0.06132075471698113,0.9292452830188679,0.0047169811320754715,0.0047169811320754715,0.9905660377358491,0.0047169811320754715,Yvette D. Clarke RECAP,0.9905660377358491
42028,42028,100,3,15,231,0,249,3,246,0,0.012048192771084338,0.060240963855421686,0.927710843373494,0.0,0.012048192771084338,0.9879518072289156,0.0,Yvette D. Clarke RECAP,0.9879518072289156
42029,42029,100,2,17,225,0,244,2,242,0,0.00819672131147541,0.06967213114754098,0.9221311475409836,0.0,0.00819672131147541,0.9918032786885246,0.0,Yvette D. Clarke RECAP,0.9918032786885246
42030,42030,100,10,38,173,1,222,10,211,1,0.04504504504504504,0.17117117117117117,0.7792792792792793,0.0045045045045045045,0.04504504504504504,0.9504504504504504,0.0045045045045045045,Yvette D. Clarke RECAP,0.9504504504504504
42031,42031,100,0,25,151,0,176,0,176,0,0.0,0.14204545454545456,0.8579545454545454,0.0,0.0,1.0,0.0,Yvette D. Clarke RECAP,1.0
42032,42032,100,0,1,50,0,51,0,51,0,0.0,0.0196078431372549,0.9803921568627451,0.0,0.0,1.0,0.0,Yvette D. Clarke RECAP,1.0
42034,42034,100,26,54,99,4,183,26,153,4,0.14207650273224043,0.29508196721311475,0.5409836065573771,0.02185792349726776,0.14207650273224043,0.8360655737704918,0.02185792349726776,Yvette D. Clarke RECAP,0.8360655737704918
42035,42035,100,7,42,114,1,164,7,156,1,0.042682926829268296,0.25609756097560976,0.6951219512195121,0.006097560975609756,0.042682926829268296,0.9512195121951219,0.006097560975609756,Yvette D. Clarke RECAP,0.9512195121951219
42036,42036,100,84,39,192,3,318,84,231,3,0.2641509433962264,0.12264150943396226,0.6037735849056604,0.009433962264150943,0.2641509433962264,0.7264150943396226,0.009433962264150943,Yvette D. Clarke RECAP,0.7264150943396226
42037,42037,100,13,41,72,2,128,13,113,2,0.1015625,0.3203125,0.5625,0.015625,0.1015625,0.8828125,0.015625,Yvette D. Clarke RECAP,0.8828125
42038,42038,100,111,6,84,1,202,111,90,1,0.5495049504950495,0.0297029702970297,0.4158415841584158,0.0049504950495049506,0.5495049504950495,0.44554455445544555,0.0049504950495049506,Daniel J. Cavanagh RECAP,0.5495049504950495
42039,42039,100,1,11,270,0,282,1,281,0,0.0035460992907801418,0.03900709219858156,0.9574468085106383,0.0,0.0035460992907801418,0.9964539007092199,0.0,Yvette D. Clarke RECAP,0.9964539007092199
42040,42040,100,2,5,242,0,249,2,247,0,0.008032128514056224,0.020080321285140562,0.9718875502008032,0.0,0.008032128514056224,0.9919678714859438,0.0,Yvette D. Clarke RECAP,0.9919678714859438
42041,42041,100,1,10,276,0,287,1,286,0,0.003484320557491289,0.03484320557491289,0.9616724738675958,0.0,0.003484320557491289,0.9965156794425087,0.0,Yvette D. Clarke RECAP,0.9965156794425087
42042,42042,100,0,8,238,0,246,0,246,0,0.0,0.032520325203252036,0.967479674796748,0.0,0.0,1.0,0.0,Yvette D. Clarke RECAP,1.0
42043,42043,100,4,18,217,0,239,4,235,0,0.016736401673640166,0.07531380753138076,0.9079497907949791,0.0,0.016736401673640166,0.9832635983263598,0.0,Yvette D. Clarke RECAP,0.9832635983263598
42044,42044,100,5,25,239,0,269,5,264,0,0.01858736059479554,0.09293680297397769,0.8884758364312267,0.0,0.01858736059479554,0.9814126394052045,0.0,Yvette D. Clarke RECAP,0.9814126394052045
42045,42045,100,3,6,209,0,218,3,215,0,0.013761467889908258,0.027522935779816515,0.9587155963302753,0.0,0.013761467889908258,0.9862385321100917,0.0,Yvette D. Clarke RECAP,0.9862385321100917
42046,42046,100,3,10,201,0,214,3,211,0,0.014018691588785047,0.04672897196261682,0.9392523364485982,0.0,0.014018691588785047,0.985981308411215,0.0,Yvette D. Clarke RECAP,0.985981308411215
42047,42047,100,3,10,204,0,217,3,214,0,0.013824884792626729,0.04608294930875576,0.9400921658986175,0.0,0.013824884792626729,0.9861751152073732,0.0,Yvette D. Clarke RECAP,0.9861751152073732
42048,42048,100,3,19,136,0,158,3,155,0,0.0189873417721519,0.12025316455696203,0.8607594936708861,0.0,0.0189873417721519,0.9810126582278481,0.0,Yvette D. Clarke RECAP,0.9810126582278481
42049,42049,100,6,50,219,0,275,6,269,0,0.02181818181818182,0.18181818181818182,0.7963636363636364,0.0,0.02181818181818182,0.9781818181818182,0.0,Yvette D. Clarke RECAP,0.9781818181818182
42050,42050,100,0,13,223,0,236,0,236,0,0.0,0.05508474576271186,0.9449152542372882,0.0,0.0,1.0,0.0,Yvette D. Clarke RECAP,1.0
42051,42051,100,27,13,183,0,223,27,196,0,0.1210762331838565,0.05829596412556054,0.820627802690583,0.0,0.1210762331838565,0.8789237668161435,0.0,Yvette D. Clarke RECAP,0.8789237668161435
42052,42052,100,9,11,191,0,211,9,202,0,0.04265402843601896,0.052132701421800945,0.9052132701421801,0.0,0.04265402843601896,0.957345971563981,0.0,Yvette D. Clarke RECAP,0.957345971563981
42053,42053,100,5,14,111,0,130,5,125,0,0.038461538461538464,0.1076923076923077,0.8538461538461538,0.0,0.038461538461538464,0.9615384615384616,0.0,Yvette D. Clarke RECAP,0.9615384615384616
42054,42054,100,8,32,263,0,303,8,295,0,0.026402640264026403,0.10561056105610561,0.8679867986798679,0.0,0.026402640264026403,0.9735973597359736,0.0,Yvette D. Clarke RECAP,0.9735973597359736
42055,42055,100,6,25,225,1,257,6,250,1,0.023346303501945526,0.09727626459143969,0.8754863813229572,0.0038910505836575876,0.023346303501945526,0.9727626459143969,0.0038910505836575876,Yvette D. Clarke RECAP,0.9727626459143969
42056,42056,100,2,16,219,0,237,2,235,0,0.008438818565400843,0.06751054852320675,0.9240506329113924,0.0,0.008438818565400843,0.9915611814345991,0.0,Yvette D. Clarke RECAP,0.9915611814345991
42057,42057,100,7,18,285,0,310,7,303,0,0.02258064516129032,0.05806451612903226,0.9193548387096774,0.0,0.02258064516129032,0.9774193548387097,0.0,Yvette D. Clarke RECAP,0.9774193548387097
42058,42058,100,4,8,167,0,179,4,175,0,0.0223463687150838,0.0446927374301676,0.9329608938547486,0.0,0.0223463687150838,0.9776536312849162,0.0,Yvette D. Clarke RECAP,0.9776536312849162
42059,42059,100,43,1,44,0,88,43,45,0,0.48863636363636365,0.011363636363636364,0.5,0.0,0.48863636363636365,0.5113636363636364,0.0,Yvette D. Clarke RECAP,0.5113636363636364
42060,42060,100,14,3,11,0,28,14,14,0,0.5,0.10714285714285714,0.39285714285714285,0.0,0.5,0.5,0.0,Tie,0.5
42061,42061,100,52,10,75,1,138,52,85,1,0.37681159420289856,0.07246376811594203,0.5434782608695652,0.007246376811594203,0.37681159420289856,0.6159420289855072,0.007246376811594203,Yvette D. Clarke RECAP,0.6159420289855072
42062,42062,100,58,3,39,1,101,58,42,1,0.5742574257425742,0.0297029702970297,0.38613861386138615,0.009900990099009901,0.5742574257425742,0.4158415841584158,0.009900990099009901,Daniel J. Cavanagh RECAP,0.5742574257425742
42063,42063,100,84,10,94,1,189,84,104,1,0.4444444444444444,0.05291005291005291,0.4973544973544973,0.005291005291005291,0.4444444444444444,0.5502645502645502,0.005291005291005291,Yvette D. Clarke RECAP,0.5502645502645502
42064,42064,100,100,5,124,1,230,100,129,1,0.43478260869565216,0.021739130434782608,0.5391304347826087,0.004347826086956522,0.43478260869565216,0.5608695652173913,0.004347826086956522,Yvette D. Clarke RECAP,0.5608695652173913
42065,42065,100,87,6,67,0,160,87,73,0,0.54375,0.0375,0.41875,0.0,0.54375,0.45625,0.0,Daniel J. Cavanagh RECAP,0.54375
42066,42066,100,56,3,57,0,116,56,60,0,0.4827586206896552,0.02586206896551724,0.49137931034482757,0.0,0.4827586206896552,0.5172413793103449,0.0,Yvette D. Clarke RECAP,0.5172413793103449
42067,42067,100,31,11,83,1,126,31,94,1,0.24603174603174602,0.0873015873015873,0.6587301587301587,0.007936507936507936,0.24603174603174602,0.746031746031746,0.007936507936507936,Yvette D. Clarke RECAP,0.746031746031746
42068,42068,100,1,5,129,0,135,1,134,0,0.007407407407407408,0.037037037037037035,0.9555555555555556,0.0,0.007407407407407408,0.9925925925925926,0.0,Yvette D. Clarke RECAP,0.9925925925925926
42069,42069,100,27,3,19,0,49,27,22,0,0.5510204081632653,0.061224489795918366,0.3877551020408163,0.0,0.5510204081632653,0.4489795918367347,0.0,Daniel J. Cavanagh RECAP,0.5510204081632653
42070,42070,100,3,12,124,0,139,3,136,0,0.02158273381294964,0.08633093525179857,0.8920863309352518,0.0,0.02158273381294964,0.9784172661870504,0.0,Yvette D. Clarke RECAP,0.9784172661870504
42071,42071,100,3,9,176,0,188,3,185,0,0.015957446808510637,0.047872340425531915,0.9361702127659575,0.0,0.015957446808510637,0.9840425531914894,0.0,Yvette D. Clarke RECAP,0.9840425531914894
42072,42072,100,7,36,95,4,142,7,131,4,0.04929577464788732,0.2535211267605634,0.6690140845070423,0.028169014084507043,0.04929577464788732,0.9225352112676056,0.028169014084507043,Yvette D. Clarke RECAP,0.9225352112676056
42073,42073,100,6,23,208,0,237,6,231,0,0.02531645569620253,0.0970464135021097,0.8776371308016878,0.0,0.02531645569620253,0.9746835443037974,0.0,Yvette D. Clarke RECAP,0.9746835443037974
43001,43001,100,2,28,156,1,187,2,184,1,0.0106951871657754,0.1497326203208556,0.8342245989304813,0.0053475935828877,0.0106951871657754,0.983957219251337,0.0053475935828877,Yvette D. Clarke RECAP,0.983957219251337
43002,43002,100,11,65,203,2,281,11,268,2,0.03914590747330961,0.2313167259786477,0.7224199288256228,0.0071174377224199285,0.03914590747330961,0.9537366548042705,0.0071174377224199285,Yvette D. Clarke RECAP,0.9537366548042705
43003,43003,100,9,31,220,0,260,9,251,0,0.03461538461538462,0.11923076923076924,0.8461538461538461,0.0,0.03461538461538462,0.9653846153846154,0.0,Yvette D. Clarke RECAP,0.9653846153846154
43004,43004,100,2,23,129,1,155,2,152,1,0.012903225806451613,0.14838709677419354,0.832258064516129,0.0064516129032258064,0.012903225806451613,0.9806451612903225,0.0064516129032258064,Yvette D. Clarke RECAP,0.9806451612903225
43005,43005,100,1,19,128,0,148,1,147,0,0.006756756756756757,0.12837837837837837,0.8648648648648649,0.0,0.006756756756756757,0.9932432432432432,0.0,Yvette D. Clarke RECAP,0.9932432432432432
43006,43006,100,3,38,204,0,245,3,242,0,0.012244897959183673,0.15510204081632653,0.8326530612244898,0.0,0.012244897959183673,0.9877551020408163,0.0,Yvette D. Clarke RECAP,0.9877551020408163
43007,43007,100,4,34,153,1,192,4,187,1,0.020833333333333332,0.17708333333333334,0.796875,0.005208333333333333,0.020833333333333332,0.9739583333333334,0.005208333333333333,Yvette D. Clarke RECAP,0.9739583333333334
43008,43008,100,1,19,134,0,154,1,153,0,0.006493506493506494,0.12337662337662338,0.8701298701298701,0.0,0.006493506493506494,0.9935064935064936,0.0,Yvette D. Clarke RECAP,0.9935064935064936
43009,43009,100,4,25,245,0,274,4,270,0,0.014598540145985401,0.09124087591240876,0.8941605839416058,0.0,0.014598540145985401,0.9854014598540146,0.0,Yvette D. Clarke RECAP,0.9854014598540146
43010,43010,100,5,4,92,0,101,5,96,0,0.04950495049504951,0.039603960396039604,0.9108910891089109,0.0,0.04950495049504951,0.9504950495049505,0.0,Yvette D. Clarke RECAP,0.9504950495049505
43011,43011,100,29,9,137,0,175,29,146,0,0.1657142857142857,0.05142857142857143,0.7828571428571428,0.0,0.1657142857142857,0.8342857142857143,0.0,Yvette D. Clarke RECAP,0.8342857142857143
43012,43012,100,1,15,192,0,208,1,207,0,0.004807692307692308,0.07211538461538461,0.9230769230769231,0.0,0.004807692307692308,0.9951923076923077,0.0,Yvette D. Clarke RECAP,0.9951923076923077
43013,43013,100,61,6,113,1,181,61,119,1,0.3370165745856354,0.03314917127071823,0.6243093922651933,0.0055248618784530384,0.3370165745856354,0.6574585635359116,0.0055248618784530384,Yvette D. Clarke RECAP,0.6574585635359116
43014,43014,100,4,43,204,0,251,4,247,0,0.01593625498007968,0.17131474103585656,0.8127490039840638,0.0,0.01593625498007968,0.9840637450199203,0.0,Yvette D. Clarke RECAP,0.9840637450199203
43015,43015,100,7,20,233,2,262,7,253,2,0.026717557251908396,0.07633587786259542,0.8893129770992366,0.007633587786259542,0.026717557251908396,0.9656488549618321,0.007633587786259542,Yvette D. Clarke RECAP,0.9656488549618321
43016,43016,100,4,16,299,0,319,4,315,0,0.012539184952978056,0.050156739811912224,0.9373040752351097,0.0,0.012539184952978056,0.987460815047022,0.0,Yvette D. Clarke RECAP,0.987460815047022
43017,43017,100,5,6,118,0,129,5,124,0,0.03875968992248062,0.046511627906976744,0.9147286821705426,0.0,0.03875968992248062,0.9612403100775194,0.0,Yvette D. Clarke RECAP,0.9612403100775194
43018,43018,100,2,47,198,0,247,2,245,0,0.008097165991902834,0.1902834008097166,0.8016194331983806,0.0,0.008097165991902834,0.9919028340080972,0.0,Yvette D. Clarke RECAP,0.9919028340080972
43019,43019,100,4,24,199,1,228,4,223,1,0.017543859649122806,0.10526315789473684,0.8728070175438597,0.0043859649122807015,0.017543859649122806,0.9780701754385965,0.0043859649122807015,Yvette D. Clarke RECAP,0.9780701754385965
43020,43020,100,10,58,278,2,348,10,336,2,0.028735632183908046,0.16666666666666666,0.7988505747126436,0.005747126436781609,0.028735632183908046,0.9655172413793104,0.005747126436781609,Yvette D. Clarke RECAP,0.9655172413793104
43021,43021,100,8,16,180,0,204,8,196,0,0.0392156862745098,0.0784313725490196,0.8823529411764706,0.0,0.0392156862745098,0.9607843137254902,0.0,Yvette D. Clarke RECAP,0.9607843137254902
43022,43022,100,5,13,237,0,255,5,250,0,0.0196078431372549,0.050980392156862744,0.9294117647058824,0.0,0.0196078431372549,0.9803921568627451,0.0,Yvette D. Clarke RECAP,0.9803921568627451
43023,43023,100,8,28,269,1,306,8,297,1,0.026143790849673203,0.0915032679738562,0.8790849673202614,0.0032679738562091504,0.026143790849673203,0.9705882352941176,0.0032679738562091504,Yvette D. Clarke RECAP,0.9705882352941176
43024,43024,100,3,30,157,0,190,3,187,0,0.015789473684210527,0.15789473684210525,0.8263157894736842,0.0,0.015789473684210527,0.9842105263157894,0.0,Yvette D. Clarke RECAP,0.9842105263157894
43025,43025,100,5,36,291,2,334,5,327,2,0.014970059880239521,0.10778443113772455,0.8712574850299402,0.005988023952095809,0.014970059880239521,0.9790419161676647,0.005988023952095809,Yvette D. Clarke RECAP,0.9790419161676647
43026,43026,100,7,11,245,0,263,7,256,0,0.026615969581749048,0.04182509505703422,0.9315589353612167,0.0,0.026615969581749048,0.973384030418251,0.0,Yvette D. Clarke RECAP,0.973384030418251
43027,43027,100,4,19,218,0,241,4,237,0,0.016597510373443983,0.07883817427385892,0.9045643153526971,0.0,0.016597510373443983,0.983402489626556,0.0,Yvette D. Clarke RECAP,0.983402489626556
43028,43028,100,1,4,225,0,230,1,229,0,0.004347826086956522,0.017391304347826087,0.9782608695652174,0.0,0.004347826086956522,0.9956521739130435,0.0,Yvette D. Clarke RECAP,0.9956521739130435
43029,43029,100,8,8,153,0,169,8,161,0,0.047337278106508875,0.047337278106508875,0.9053254437869822,0.0,0.047337278106508875,0.9526627218934911,0.0,Yvette D. Clarke RECAP,0.9526627218934911
43030,43030,100,4,9,147,0,160,4,156,0,0.025,0.05625,0.91875,0.0,0.025,0.975,0.0,Yvette D. Clarke RECAP,0.975
43031,43031,100,11,11,245,1,268,11,256,1,0.041044776119402986,0.041044776119402986,0.914179104477612,0.0037313432835820895,0.041044776119402986,0.9552238805970149,0.0037313432835820895,Yvette D. Clarke RECAP,0.9552238805970149
43032,43032,100,0,10,183,0,193,0,193,0,0.0,0.05181347150259067,0.9481865284974094,0.0,0.0,1.0,0.0,Yvette D. Clarke RECAP,1.0
43033,43033,100,5,11,250,0,266,5,261,0,0.018796992481203006,0.041353383458646614,0.9398496240601504,0.0,0.018796992481203006,0.981203007518797,0.0,Yvette D. Clarke RECAP,0.981203007518797
43034,43034,100,5,24,257,2,288,5,281,2,0.017361111111111112,0.08333333333333333,0.8923611111111112,0.006944444444444444,0.017361111111111112,0.9756944444444444,0.006944444444444444,Yvette D. Clarke RECAP,0.9756944444444444
43035,43035,100,13,26,242,0,281,13,268,0,0.046263345195729534,0.09252669039145907,0.8612099644128114,0.0,0.046263345195729534,0.9537366548042705,0.0,Yvette D. Clarke RECAP,0.9537366548042705
43036,43036,100,3,28,210,0,241,3,238,0,0.012448132780082987,0.11618257261410789,0.8713692946058091,0.0,0.012448132780082987,0.9875518672199171,0.0,Yvette D. Clarke RECAP,0.9875518672199171
43037,43037,100,10,15,225,0,250,10,240,0,0.04,0.06,0.9,0.0,0.04,0.96,0.0,Yvette D. Clarke RECAP,0.96
43038,43038,100,18,22,298,0,338,18,320,0,0.05325443786982249,0.0650887573964497,0.8816568047337278,0.0,0.05325443786982249,0.9467455621301775,0.0,Yvette D. Clarke RECAP,0.9467455621301775
43039,43039,100,14,34,230,1,279,14,264,1,0.05017921146953405,0.12186379928315412,0.8243727598566308,0.0035842293906810036,0.05017921146953405,0.946236559139785,0.0035842293906810036,Yvette D. Clarke RECAP,0.946236559139785
43040,43040,100,74,12,84,0,170,74,96,0,0.43529411764705883,0.07058823529411765,0.49411764705882355,0.0,0.43529411764705883,0.5647058823529412,0.0,Yvette D. Clarke RECAP,0.5647058823529412
43041,43041,100,4,43,197,0,244,4,240,0,0.01639344262295082,0.1762295081967213,0.8073770491803278,0.0,0.01639344262295082,0.9836065573770492,0.0,Yvette D. Clarke RECAP,0.9836065573770492
43042,43042,100,9,37,169,0,215,9,206,0,0.04186046511627907,0.17209302325581396,0.786046511627907,0.0,0.04186046511627907,0.958139534883721,0.0,Yvette D. Clarke RECAP,0.958139534883721
43043,43043,100,6,17,104,0,127,6,121,0,0.047244094488188976,0.13385826771653545,0.8188976377952756,0.0,0.047244094488188976,0.952755905511811,0.0,Yvette D. Clarke RECAP,0.952755905511811
43044,43044,100,3,35,185,0,223,3,220,0,0.013452914798206279,0.15695067264573992,0.8295964125560538,0.0,0.013452914798206279,0.9865470852017937,0.0,Yvette D. Clarke RECAP,0.9865470852017937
43045,43045,100,2,44,166,0,212,2,210,0,0.009433962264150943,0.20754716981132076,0.7830188679245284,0.0,0.009433962264150943,0.9905660377358491,0.0,Yvette D. Clarke RECAP,0.9905660377358491
43046,43046,100,3,18,101,0,122,3,119,0,0.02459016393442623,0.14754098360655737,0.8278688524590164,0.0,0.02459016393442623,0.9754098360655737,0.0,Yvette D. Clarke RECAP,0.9754098360655737
43047,43047,100,1,39,169,0,209,1,208,0,0.004784688995215311,0.18660287081339713,0.8086124401913876,0.0,0.004784688995215311,0.9952153110047847,0.0,Yvette D. Clarke RECAP,0.9952153110047847
43048,43048,100,5,23,228,0,256,5,251,0,0.01953125,0.08984375,0.890625,0.0,0.01953125,0.98046875,0.0,Yvette D. Clarke RECAP,0.98046875
43049,43049,100,2,19,252,0,273,2,271,0,0.007326007326007326,0.0695970695970696,0.9230769230769231,0.0,0.007326007326007326,0.9926739926739927,0.0,Yvette D. Clarke RECAP,0.9926739926739927
43050,43050,100,0,24,150,0,174,0,174,0,0.0,0.13793103448275862,0.8620689655172413,0.0,0.0,1.0,0.0,Yvette D. Clarke RECAP,1.0
43051,43051,100,3,18,272,0,293,3,290,0,0.010238907849829351,0.06143344709897611,0.9283276450511946,0.0,0.010238907849829351,0.9897610921501706,0.0,Yvette D. Clarke RECAP,0.9897610921501706
43052,43052,100,5,9,211,0,225,5,220,0,0.022222222222222223,0.04,0.9377777777777778,0.0,0.022222222222222223,0.9777777777777777,0.0,Yvette D. Clarke RECAP,0.9777777777777777
43053,43053,100,5,4,205,0,214,5,209,0,0.02336448598130841,0.018691588785046728,0.9579439252336449,0.0,0.02336448598130841,0.9766355140186916,0.0,Yvette D. Clarke RECAP,0.9766355140186916
43054,43054,100,5,11,227,0,243,5,238,0,0.0205761316872428,0.04526748971193416,0.934156378600823,0.0,0.0205761316872428,0.9794238683127572,0.0,Yvette D. Clarke RECAP,0.9794238683127572
43055,43055,100,9,14,176,0,199,9,190,0,0.04522613065326633,0.07035175879396985,0.8844221105527639,0.0,0.04522613065326633,0.9547738693467337,0.0,Yvette D. Clarke RECAP,0.9547738693467337
43056,43056,100,46,11,178,1,236,46,189,1,0.19491525423728814,0.046610169491525424,0.7542372881355932,0.00423728813559322,0.19491525423728814,0.8008474576271186,0.00423728813559322,Yvette D. Clarke RECAP,0.8008474576271186
43057,43057,100,62,11,87,0,160,62,98,0,0.3875,0.06875,0.54375,0.0,0.3875,0.6125,0.0,Yvette D. Clarke RECAP,0.6125
43058,43058,100,15,8,112,0,135,15,120,0,0.1111111111111111,0.05925925925925926,0.8296296296296296,0.0,0.1111111111111111,0.8888888888888888,0.0,Yvette D. Clarke RECAP,0.8888888888888888
43059,43059,100,26,5,137,0,168,26,142,0,0.15476190476190477,0.02976190476190476,0.8154761904761905,0.0,0.15476190476190477,0.8452380952380952,0.0,Yvette D. Clarke RECAP,0.8452380952380952
43060,43060,100,32,11,179,0,222,32,190,0,0.14414414414414414,0.04954954954954955,0.8063063063063063,0.0,0.14414414414414414,0.8558558558558559,0.0,Yvette D. Clarke RECAP,0.8558558558558559
43061,43061,100,7,16,233,0,256,7,249,0,0.02734375,0.0625,0.91015625,0.0,0.02734375,0.97265625,0.0,Yvette D. Clarke RECAP,0.97265625
43062,43062,100,26,9,96,0,131,26,105,0,0.1984732824427481,0.06870229007633588,0.732824427480916,0.0,0.1984732824427481,0.8015267175572519,0.0,Yvette D. Clarke RECAP,0.8015267175572519
43063,43063,100,39,2,57,0,98,39,59,0,0.3979591836734694,0.02040816326530612,0.5816326530612245,0.0,0.3979591836734694,0.6020408163265306,0.0,Yvette D. Clarke RECAP,0.6020408163265306
43064,43064,100,9,9,117,0,135,9,126,0,0.06666666666666667,0.06666666666666667,0.8666666666666667,0.0,0.06666666666666667,0.9333333333333333,0.0,Yvette D. Clarke RECAP,0.9333333333333333
43065,43065,100,6,8,127,0,141,6,135,0,0.0425531914893617,0.05673758865248227,0.900709219858156,0.0,0.0425531914893617,0.9574468085106383,0.0,Yvette D. Clarke RECAP,0.9574468085106383
43066,43066,100,10,9,250,0,269,10,259,0,0.03717472118959108,0.03345724907063197,0.929368029739777,0.0,0.03717472118959108,0.9628252788104089,0.0,Yvette D. Clarke RECAP,0.9628252788104089
43067,43067,100,11,5,284,0,300,11,289,0,0.03666666666666667,0.016666666666666666,0.9466666666666667,0.0,0.03666666666666667,0.9633333333333334,0.0,Yvette D. Clarke RECAP,0.9633333333333334
43068,43068,100,9,10,226,0,245,9,236,0,0.036734693877551024,0.04081632653061224,0.9224489795918367,0.0,0.036734693877551024,0.963265306122449,0.0,Yvette D. Clarke RECAP,0.963265306122449
43069,43069,100,3,9,224,0,236,3,233,0,0.012711864406779662,0.038135593220338986,0.9491525423728814,0.0,0.012711864406779662,0.9872881355932204,0.0,Yvette D. Clarke RECAP,0.9872881355932204
43070,43070,100,4,2,139,0,145,4,141,0,0.027586206896551724,0.013793103448275862,0.9586206896551724,0.0,0.027586206896551724,0.9724137931034482,0.0,Yvette D. Clarke RECAP,0.9724137931034482
43071,43071,100,3,10,209,0,222,3,219,0,0.013513513513513514,0.04504504504504504,0.9414414414414415,0.0,0.013513513513513514,0.9864864864864865,0.0,Yvette D. Clarke RECAP,0.9864864864864865
43072,43072,100,1,40,226,0,267,1,266,0,0.003745318352059925,0.149812734082397,0.846441947565543,0.0,0.003745318352059925,0.9962546816479401,0.0,Yvette D. Clarke RECAP,0.9962546816479401
43073,43073,100,9,61,199,4,273,9,260,4,0.03296703296703297,0.22344322344322345,0.7289377289377289,0.014652014652014652,0.03296703296703297,0.9523809523809523,0.014652014652014652,Yvette D. Clarke RECAP,0.9523809523809523
43074,43074,100,3,24,128,0,155,3,152,0,0.01935483870967742,0.15483870967741936,0.8258064516129032,0.0,0.01935483870967742,0.9806451612903225,0.0,Yvette D. Clarke RECAP,0.9806451612903225
44024,44024,100,32,7,65,1,105,32,72,1,0.3047619047619048,0.06666666666666667,0.6190476190476191,0.009523809523809525,0.3047619047619048,0.6857142857142857,0.009523809523809525,Yvette D. Clarke RECAP,0.6857142857142857
44025,44025,100,90,10,132,1,233,90,142,1,0.38626609442060084,0.04291845493562232,0.5665236051502146,0.004291845493562232,0.38626609442060084,0.6094420600858369,0.004291845493562232,Yvette D. Clarke RECAP,0.6094420600858369
44026,44026,100,85,15,118,1,219,85,133,1,0.3881278538812785,0.0684931506849315,0.5388127853881278,0.0045662100456621,0.3881278538812785,0.6073059360730594,0.0045662100456621,Yvette D. Clarke RECAP,0.6073059360730594
44027,44027,100,75,25,96,0,196,75,121,0,0.3826530612244898,0.12755102040816327,0.4897959183673469,0.0,0.3826530612244898,0.6173469387755102,0.0,Yvette D. Clarke RECAP,0.6173469387755102
44028,44028,100,36,25,116,0,177,36,141,0,0.2033898305084746,0.14124293785310735,0.655367231638418,0.0,0.2033898305084746,0.7966101694915254,0.0,Yvette D. Clarke RECAP,0.7966101694915254
44029,44029,100,35,15,133,0,183,35,148,0,0.1912568306010929,0.08196721311475409,0.726775956284153,0.0,0.1912568306010929,0.8087431693989071,0.0,Yvette D. Clarke RECAP,0.8087431693989071
44030,44030,100,47,15,141,0,203,47,156,0,0.2315270935960591,0.07389162561576355,0.6945812807881774,0.0,0.2315270935960591,0.7684729064039408,0.0,Yvette D. Clarke RECAP,0.7684729064039408
44031,44031,100,45,54,174,1,274,45,228,1,0.16423357664233576,0.19708029197080293,0.635036496350365,0.0036496350364963502,0.16423357664233576,0.8321167883211679,0.0036496350364963502,Yvette D. Clarke RECAP,0.8321167883211679
44032,44032,100,4,11,40,0,55,4,51,0,0.07272727272727272,0.2,0.7272727272727273,0.0,0.07272727272727272,0.9272727272727272,0.0,Yvette D. Clarke RECAP,0.9272727272727272
44033,44033,100,13,64,150,4,231,13,214,4,0.05627705627705628,0.27705627705627706,0.6493506493506493,0.017316017316017316,0.05627705627705628,0.9264069264069265,0.017316017316017316,Yvette D. Clarke RECAP,0.9264069264069265
44034,44034,100,2,24,108,0,134,2,132,0,0.014925373134328358,0.1791044776119403,0.8059701492537313,0.0,0.014925373134328358,0.9850746268656716,0.0,Yvette D. Clarke RECAP,0.9850746268656716
44035,44035,100,28,56,143,0,227,28,199,0,0.12334801762114538,0.24669603524229075,0.6299559471365639,0.0,0.12334801762114538,0.8766519823788547,0.0,Yvette D. Clarke RECAP,0.8766519823788547
44036,44036,100,22,72,247,3,344,22,319,3,0.06395348837209303,0.20930232558139536,0.7180232558139535,0.00872093023255814,0.06395348837209303,0.9273255813953488,0.00872093023255814,Yvette D. Clarke RECAP,0.9273255813953488
44037,44037,100,12,20,73,1,106,12,93,1,0.11320754716981132,0.18867924528301888,0.6886792452830188,0.009433962264150943,0.11320754716981132,0.8773584905660378,0.009433962264150943,Yvette D. Clarke RECAP,0.8773584905660378
44038,44038,100,25,77,155,3,260,25,232,3,0.09615384615384616,0.29615384615384616,0.5961538461538461,0.011538461538461539,0.09615384615384616,0.8923076923076924,0.011538461538461539,Yvette D. Clarke RECAP,0.8923076923076924
44041,44041,100,33,8,25,0,66,33,33,0,0.5,0.12121212121212122,0.3787878787878788,0.0,0.5,0.5,0.0,Tie,0.5
44048,44048,100,19,33,116,0,168,19,149,0,0.1130952380952381,0.19642857142857142,0.6904761904761905,0.0,0.1130952380952381,0.8869047619047619,0.0,Yvette D. Clarke RECAP,0.8869047619047619
44049,44049,100,32,78,212,0,322,32,290,0,0.09937888198757763,0.2422360248447205,0.6583850931677019,0.0,0.09937888198757763,0.9006211180124224,0.0,Yvette D. Clarke RECAP,0.9006211180124224
44050,44050,100,18,90,178,1,287,18,268,1,0.0627177700348432,0.313588850174216,0.6202090592334495,0.003484320557491289,0.0627177700348432,0.9337979094076655,0.003484320557491289,Yvette D. Clarke RECAP,0.9337979094076655
44051,44051,100,23,79,169,0,271,23,248,0,0.08487084870848709,0.2915129151291513,0.6236162361623616,0.0,0.08487084870848709,0.915129151291513,0.0,Yvette D. Clarke RECAP,0.915129151291513
44052,44052,100,41,119,206,3,369,41,325,3,0.1111111111111111,0.3224932249322493,0.5582655826558266,0.008130081300813009,0.1111111111111111,0.8807588075880759,0.008130081300813009,Yvette D. Clarke RECAP,0.8807588075880759
44053,44053,100,66,87,158,0,311,66,245,0,0.21221864951768488,0.2797427652733119,0.5080385852090032,0.0,0.21221864951768488,0.7877813504823151,0.0,Yvette D. Clarke RECAP,0.7877813504823151
44054,44054,100,42,145,231,0,418,42,376,0,0.10047846889952153,0.34688995215311,0.5526315789473685,0.0,0.10047846889952153,0.8995215311004785,0.0,Yvette D. Clarke RECAP,0.8995215311004785
44055,44055,100,61,126,207,1,395,61,333,1,0.15443037974683543,0.3189873417721519,0.5240506329113924,0.002531645569620253,0.15443037974683543,0.8430379746835444,0.002531645569620253,Yvette D. Clarke RECAP,0.8430379746835444
44056,44056,100,27,69,116,2,214,27,185,2,0.1261682242990654,0.32242990654205606,0.5420560747663551,0.009345794392523364,0.1261682242990654,0.8644859813084113,0.009345794392523364,Yvette D. Clarke RECAP,0.8644859813084113
44057,44057,100,65,127,217,2,411,65,344,2,0.15815085158150852,0.30900243309002434,0.5279805352798054,0.004866180048661801,0.15815085158150852,0.8369829683698297,0.004866180048661801,Yvette D. Clarke RECAP,0.8369829683698297
44058,44058,100,73,117,165,0,355,73,282,0,0.2056338028169014,0.3295774647887324,0.4647887323943662,0.0,0.2056338028169014,0.7943661971830986,0.0,Yvette D. Clarke RECAP,0.7943661971830986
44059,44059,100,46,91,158,0,295,46,249,0,0.15593220338983052,0.30847457627118646,0.535593220338983,0.0,0.15593220338983052,0.8440677966101695,0.0,Yvette D. Clarke RECAP,0.8440677966101695
44060,44060,100,29,57,182,0,268,29,239,0,0.10820895522388059,0.2126865671641791,0.6791044776119403,0.0,0.10820895522388059,0.8917910447761194,0.0,Yvette D. Clarke RECAP,0.8917910447761194
44061,44061,100,12,47,100,0,159,12,147,0,0.07547169811320754,0.29559748427672955,0.6289308176100629,0.0,0.07547169811320754,0.9245283018867925,0.0,Yvette D. Clarke RECAP,0.9245283018867925
44062,44062,100,25,67,95,0,187,25,162,0,0.13368983957219252,0.3582887700534759,0.5080213903743316,0.0,0.13368983957219252,0.8663101604278075,0.0,Yvette D. Clarke RECAP,0.8663101604278075
44063,44063,100,11,62,117,0,190,11,179,0,0.05789473684210526,0.3263157894736842,0.6157894736842106,0.0,0.05789473684210526,0.9421052631578948,0.0,Yvette D. Clarke RECAP,0.9421052631578948
44065,44065,100,18,90,184,0,292,18,274,0,0.06164383561643835,0.3082191780821918,0.6301369863013698,0.0,0.06164383561643835,0.9383561643835616,0.0,Yvette D. Clarke RECAP,0.9383561643835616
44066,44066,100,13,46,103,0,162,13,149,0,0.08024691358024691,0.2839506172839506,0.6358024691358025,0.0,0.08024691358024691,0.9197530864197531,0.0,Yvette D. Clarke RECAP,0.9197530864197531
44067,44067,100,74,14,67,0,155,74,81,0,0.4774193548387097,0.09032258064516129,0.432258064516129,0.0,0.4774193548387097,0.5225806451612903,0.0,Yvette D. Clarke RECAP,0.5225806451612903
44068,44068,100,11,57,121,0,189,11,178,0,0.0582010582010582,0.30158730158730157,0.6402116402116402,0.0,0.0582010582010582,0.9417989417989417,0.0,Yvette D. Clarke RECAP,0.9417989417989417
44069,44069,100,29,145,186,1,361,29,331,1,0.08033240997229917,0.40166204986149584,0.5152354570637119,0.002770083102493075,0.08033240997229917,0.9168975069252078,0.002770083102493075,Yvette D. Clarke RECAP,0.9168975069252078
44070,44070,100,32,77,120,2,231,32,197,2,0.13852813852813853,0.3333333333333333,0.5194805194805194,0.008658008658008658,0.13852813852813853,0.8528138528138528,0.008658008658008658,Yvette D. Clarke RECAP,0.8528138528138528
44071,44071,100,37,126,185,1,349,37,311,1,0.10601719197707736,0.36103151862464183,0.5300859598853869,0.0028653295128939827,0.10601719197707736,0.8911174785100286,0.0028653295128939827,Yvette D. Clarke RECAP,0.8911174785100286
44072,44072,100,14,105,171,0,290,14,276,0,0.04827586206896552,0.3620689655172414,0.5896551724137931,0.0,0.04827586206896552,0.9517241379310345,0.0,Yvette D. Clarke RECAP,0.9517241379310345
44073,44073,100,34,93,172,0,299,34,265,0,0.11371237458193979,0.3110367892976589,0.5752508361204013,0.0,0.11371237458193979,0.8862876254180602,0.0,Yvette D. Clarke RECAP,0.8862876254180602
44074,44074,100,27,130,200,2,359,27,330,2,0.07520891364902507,0.362116991643454,0.5571030640668524,0.005571030640668524,0.07520891364902507,0.9192200557103064,0.005571030640668524,Yvette D. Clarke RECAP,0.9192200557103064
44075,44075,100,30,114,186,0,330,30,300,0,0.09090909090909091,0.34545454545454546,0.5636363636363636,0.0,0.09090909090909091,0.9090909090909091,0.0,Yvette D. Clarke RECAP,0.9090909090909091
44076,44076,100,20,80,186,0,286,20,266,0,0.06993006993006994,0.27972027972027974,0.6503496503496503,0.0,0.06993006993006994,0.9300699300699301,0.0,Yvette D. Clarke RECAP,0.9300699300699301
44077,44077,100,24,95,185,0,304,24,280,0,0.07894736842105263,0.3125,0.6085526315789473,0.0,0.07894736842105263,0.9210526315789473,0.0,Yvette D. Clarke RECAP,0.9210526315789473
44078,44078,100,29,169,218,5,421,29,387,5,0.0688836104513064,0.4014251781472684,0.517814726840855,0.011876484560570071,0.0688836104513064,0.9192399049881235,0.011876484560570071,Yvette D. Clarke RECAP,0.9192399049881235
44079,44079,100,31,94,210,2,337,31,304,2,0.09198813056379822,0.2789317507418398,0.6231454005934718,0.005934718100890208,0.09198813056379822,0.9020771513353115,0.005934718100890208,Yvette D. Clarke RECAP,0.9020771513353115
44080,44080,100,19,108,142,0,269,19,250,0,0.07063197026022305,0.40148698884758366,0.5278810408921933,0.0,0.07063197026022305,0.929368029739777,0.0,Yvette D. Clarke RECAP,0.929368029739777
44082,44082,100,0,0,0,0,0,0,0,0,0,0,0,0,0,0,0,n/a,0
44083,44083,100,0,0,0,0,0,0,0,0,0,0,0,0,0,0,0,n/a,0
44084,44084,100,0,0,0,0,0,0,0,0,0,0,0,0,0,0,0,n/a,0
45001,45001,100,79,12,74,1,166,79,86,1,0.4759036144578313,0.07228915662650602,0.4457831325301205,0.006024096385542169,0.4759036144578313,0.5180722891566265,0.006024096385542169,Yvette D. Clarke RECAP,0.5180722891566265
45002,45002,100,86,14,110,3,213,86,124,3,0.40375586854460094,0.06572769953051644,0.5164319248826291,0.014084507042253521,0.40375586854460094,0.5821596244131455,0.014084507042253521,Yvette D. Clarke RECAP,0.5821596244131455
45003,45003,100,119,5,93,0,217,119,98,0,0.5483870967741935,0.02304147465437788,0.42857142857142855,0.0,0.5483870967741935,0.45161290322580644,0.0,Daniel J. Cavanagh RECAP,0.5483870967741935
45004,45004,100,81,12,81,0,174,81,93,0,0.46551724137931033,0.06896551724137931,0.46551724137931033,0.0,0.46551724137931033,0.5344827586206896,0.0,Yvette D. Clarke RECAP,0.5344827586206896
45005,45005,100,127,17,97,2,243,127,114,2,0.522633744855967,0.06995884773662552,0.3991769547325103,0.00823045267489712,0.522633744855967,0.4691358024691358,0.00823045267489712,Daniel J. Cavanagh RECAP,0.522633744855967
45012,45012,100,61,6,71,0,138,61,77,0,0.4420289855072464,0.043478260869565216,0.5144927536231884,0.0,0.4420289855072464,0.5579710144927537,0.0,Yvette D. Clarke RECAP,0.5579710144927537
45024,45024,100,56,13,102,0,171,56,115,0,0.32748538011695905,0.07602339181286549,0.5964912280701754,0.0,0.32748538011695905,0.672514619883041,0.0,Yvette D. Clarke RECAP,0.672514619883041
45025,45025,100,12,1,26,0,39,12,27,0,0.3076923076923077,0.02564102564102564,0.6666666666666666,0.0,0.3076923076923077,0.6923076923076923,0.0,Yvette D. Clarke RECAP,0.6923076923076923
45039,45039,100,1,2,2,0,5,1,4,0,0.2,0.4,0.4,0.0,0.2,0.8,0.0,Yvette D. Clarke RECAP,0.8
45049,45049,100,11,2,9,0,22,11,11,0,0.5,0.09090909090909091,0.4090909090909091,0.0,0.5,0.5,0.0,Tie,0.5
45050,45050,100,46,12,94,0,152,46,106,0,0.3026315789473684,0.07894736842105263,0.618421052631579,0.0,0.3026315789473684,0.6973684210526315,0.0,Yvette D. Clarke RECAP,0.6973684210526315
45051,45051,100,29,7,38,0,74,29,45,0,0.3918918918918919,0.0945945945945946,0.5135135135135135,0.0,0.3918918918918919,0.6081081081081081,0.0,Yvette D. Clarke RECAP,0.6081081081081081
45052,45052,100,8,5,11,0,24,8,16,0,0.3333333333333333,0.20833333333333334,0.4583333333333333,0.0,0.3333333333333333,0.6666666666666666,0.0,Yvette D. Clarke RECAP,0.6666666666666666
45053,45053,100,37,5,59,0,101,37,64,0,0.36633663366336633,0.04950495049504951,0.5841584158415841,0.0,0.36633663366336633,0.6336633663366337,0.0,Yvette D. Clarke RECAP,0.6336633663366337
45054,45054,100,36,3,43,0,82,36,46,0,0.43902439024390244,0.036585365853658534,0.524390243902439,0.0,0.43902439024390244,0.5609756097560976,0.0,Yvette D. Clarke RECAP,0.5609756097560976
45056,45056,100,9,4,61,0,74,9,65,0,0.12162162162162163,0.05405405405405406,0.8243243243243243,0.0,0.12162162162162163,0.8783783783783784,0.0,Yvette D. Clarke RECAP,0.8783783783783784
48049,48049,100,14,1,38,0,53,14,39,0,0.2641509433962264,0.018867924528301886,0.7169811320754716,0.0,0.2641509433962264,0.7358490566037735,0.0,Yvette D. Clarke RECAP,0.7358490566037735
48053,48049,100,0,0,0,0,0,0,0,0,0,0,0,0,0,0,0,n/a,0
48054,48054,100,78,10,39,0,127,78,49,0,0.6141732283464567,0.07874015748031496,0.30708661417322836,0.0,0.6141732283464567,0.3858267716535433,0.0,Daniel J. Cavanagh RECAP,0.6141732283464567
48055,48055,100,95,10,100,0,205,95,110,0,0.4634146341463415,0.04878048780487805,0.4878048780487805,0.0,0.4634146341463415,0.5365853658536586,0.0,Yvette D. Clarke RECAP,0.5365853658536586
48056,48056,100,80,14,97,0,191,80,111,0,0.418848167539267,0.07329842931937172,0.5078534031413613,0.0,0.418848167539267,0.581151832460733,0.0,Yvette D. Clarke RECAP,0.581151832460733
48057,48057,100,22,6,41,1,70,22,47,1,0.3142857142857143,0.08571428571428572,0.5857142857142857,0.014285714285714285,0.3142857142857143,0.6714285714285714,0.014285714285714285,Yvette D. Clarke RECAP,0.6714285714285714
48058,48058,100,93,11,114,0,218,93,125,0,0.42660550458715596,0.05045871559633028,0.5229357798165137,0.0,0.42660550458715596,0.573394495412844,0.0,Yvette D. Clarke RECAP,0.573394495412844
48061,48061,100,63,9,97,0,169,63,106,0,0.3727810650887574,0.05325443786982249,0.5739644970414202,0.0,0.3727810650887574,0.6272189349112426,0.0,Yvette D. Clarke RECAP,0.6272189349112426
48062,48062,100,77,15,133,1,226,77,148,1,0.3407079646017699,0.06637168141592921,0.588495575221239,0.004424778761061947,0.3407079646017699,0.6548672566371682,0.004424778761061947,Yvette D. Clarke RECAP,0.6548672566371682
48063,48063,100,30,6,77,0,113,30,83,0,0.26548672566371684,0.05309734513274336,0.6814159292035398,0.0,0.26548672566371684,0.7345132743362832,0.0,Yvette D. Clarke RECAP,0.7345132743362832
48064,48064,100,67,8,50,3,128,67,58,3,0.5234375,0.0625,0.390625,0.0234375,0.5234375,0.453125,0.0234375,Daniel J. Cavanagh RECAP,0.5234375
48065,48065,100,43,5,40,1,89,43,45,1,0.48314606741573035,0.056179775280898875,0.449438202247191,0.011235955056179775,0.48314606741573035,0.5056179775280899,0.011235955056179775,Yvette D. Clarke RECAP,0.5056179775280899
48066,48066,100,48,4,39,0,91,48,43,0,0.5274725274725275,0.04395604395604396,0.42857142857142855,0.0,0.5274725274725275,0.4725274725274725,0.0,Daniel J. Cavanagh RECAP,0.5274725274725275
48067,48067,100,35,6,18,0,59,35,24,0,0.5932203389830508,0.1016949152542373,0.3050847457627119,0.0,0.5932203389830508,0.4067796610169492,0.0,Daniel J. Cavanagh RECAP,0.5932203389830508
48070,48070,100,74,7,85,0,166,74,92,0,0.4457831325301205,0.04216867469879518,0.5120481927710844,0.0,0.4457831325301205,0.5542168674698795,0.0,Yvette D. Clarke RECAP,0.5542168674698795
51021,51021,100,3,13,31,0,47,3,44,0,0.06382978723404255,0.2765957446808511,0.6595744680851063,0.0,0.06382978723404255,0.9361702127659575,0.0,Yvette D. Clarke RECAP,0.9361702127659575
52026,52026,100,16,62,116,2,196,16,178,2,0.08163265306122448,0.3163265306122449,0.5918367346938775,0.01020408163265306,0.08163265306122448,0.9081632653061225,0.01020408163265306,Yvette D. Clarke RECAP,0.9081632653061225
52060,52060,100,10,70,177,0,257,10,247,0,0.038910505836575876,0.2723735408560311,0.688715953307393,0.0,0.038910505836575876,0.9610894941634242,0.0,Yvette D. Clarke RECAP,0.9610894941634242
52061,52061,100,7,75,175,1,258,7,250,1,0.027131782945736434,0.29069767441860467,0.6782945736434108,0.003875968992248062,0.027131782945736434,0.9689922480620154,0.003875968992248062,Yvette D. Clarke RECAP,0.9689922480620154
52062,52062,100,14,80,201,1,296,14,281,1,0.0472972972972973,0.2702702702702703,0.6790540540540541,0.0033783783783783786,0.0472972972972973,0.9493243243243243,0.0033783783783783786,Yvette D. Clarke RECAP,0.9493243243243243
52063,52063,100,0,0,1,0,1,0,1,0,0.0,0.0,1.0,0.0,0.0,1.0,0.0,Yvette D. Clarke RECAP,1.0
52064,52064,100,18,83,152,0,253,18,235,0,0.07114624505928854,0.32806324110671936,0.6007905138339921,0.0,0.07114624505928854,0.9288537549407114,0.0,Yvette D. Clarke RECAP,0.9288537549407114
52065,52065,100,8,71,146,0,225,8,217,0,0.035555555555555556,0.31555555555555553,0.6488888888888888,0.0,0.035555555555555556,0.9644444444444444,0.0,Yvette D. Clarke RECAP,0.9644444444444444
52066,52066,100,13,111,213,1,338,13,324,1,0.038461538461538464,0.32840236686390534,0.6301775147928994,0.0029585798816568047,0.038461538461538464,0.9585798816568047,0.0029585798816568047,Yvette D. Clarke RECAP,0.9585798816568047
52067,52067,100,15,68,122,1,206,15,190,1,0.07281553398058252,0.3300970873786408,0.5922330097087378,0.0048543689320388345,0.07281553398058252,0.9223300970873787,0.0048543689320388345,Yvette D. Clarke RECAP,0.9223300970873787
52068,52068,100,37,122,254,0,413,37,376,0,0.08958837772397095,0.29539951573849876,0.6150121065375302,0.0,0.08958837772397095,0.910411622276029,0.0,Yvette D. Clarke RECAP,0.910411622276029
52069,52069,100,31,98,214,0,343,31,312,0,0.09037900874635568,0.2857142857142857,0.6239067055393586,0.0,0.09037900874635568,0.9096209912536443,0.0,Yvette D. Clarke RECAP,0.9096209912536443
52070,52070,100,33,132,220,0,385,33,352,0,0.08571428571428572,0.34285714285714286,0.5714285714285714,0.0,0.08571428571428572,0.9142857142857143,0.0,Yvette D. Clarke RECAP,0.9142857142857143
52071,52071,100,16,122,241,4,383,16,363,4,0.04177545691906005,0.3185378590078329,0.6292428198433421,0.010443864229765013,0.04177545691906005,0.9477806788511749,0.010443864229765013,Yvette D. Clarke RECAP,0.9477806788511749
52072,52072,100,11,56,104,0,171,11,160,0,0.06432748538011696,0.32748538011695905,0.6081871345029239,0.0,0.06432748538011696,0.935672514619883,0.0,Yvette D. Clarke RECAP,0.935672514619883
52073,52073,100,18,163,288,3,472,18,451,3,0.038135593220338986,0.3453389830508475,0.6101694915254238,0.006355932203389831,0.038135593220338986,0.9555084745762712,0.006355932203389831,Yvette D. Clarke RECAP,0.9555084745762712
52074,52074,100,13,104,246,1,364,13,350,1,0.03571428571428571,0.2857142857142857,0.6758241758241759,0.0027472527472527475,0.03571428571428571,0.9615384615384616,0.0027472527472527475,Yvette D. Clarke RECAP,0.9615384615384616
52075,52075,100,13,128,171,2,314,13,299,2,0.041401273885350316,0.40764331210191085,0.5445859872611465,0.006369426751592357,0.041401273885350316,0.9522292993630573,0.006369426751592357,Yvette D. Clarke RECAP,0.9522292993630573
52076,52076,100,6,29,55,2,92,6,84,2,0.06521739130434782,0.31521739130434784,0.5978260869565217,0.021739130434782608,0.06521739130434782,0.9130434782608695,0.021739130434782608,Yvette D. Clarke RECAP,0.9130434782608695
52092,52092,100,38,88,164,1,291,38,252,1,0.13058419243986255,0.3024054982817869,0.563573883161512,0.003436426116838488,0.13058419243986255,0.865979381443299,0.003436426116838488,Yvette D. Clarke RECAP,0.865979381443299
52101,52101,100,29,74,159,1,263,29,233,1,0.11026615969581749,0.2813688212927757,0.6045627376425855,0.0038022813688212928,0.11026615969581749,0.8859315589353612,0.0038022813688212928,Yvette D. Clarke RECAP,0.8859315589353612
52103,52103,100,27,67,136,2,232,27,203,2,0.11637931034482758,0.28879310344827586,0.5862068965517241,0.008620689655172414,0.11637931034482758,0.875,0.008620689655172414,Yvette D. Clarke RECAP,0.875
55053,55053,100,0,2,46,0,48,0,48,0,0.0,0.041666666666666664,0.9583333333333334,0.0,0.0,1.0,0.0,Yvette D. Clarke RECAP,1.0
55063,55063,100,0,4,61,0,65,0,65,0,0.0,0.06153846153846154,0.9384615384615385,0.0,0.0,1.0,0.0,Yvette D. Clarke RECAP,1.0
55064,55064,100,2,10,163,1,176,2,173,1,0.011363636363636364,0.056818181818181816,0.9261363636363636,0.005681818181818182,0.011363636363636364,0.9829545454545454,0.005681818181818182,Yvette D. Clarke RECAP,0.9829545454545454
55065,55065,100,2,4,87,0,93,2,91,0,0.021505376344086023,0.043010752688172046,0.9354838709677419,0.0,0.021505376344086023,0.978494623655914,0.0,Yvette D. Clarke RECAP,0.978494623655914
55066,55066,100,3,13,134,0,150,3,147,0,0.02,0.08666666666666667,0.8933333333333333,0.0,0.02,0.98,0.0,Yvette D. Clarke RECAP,0.98
55067,55067,100,2,11,86,0,99,2,97,0,0.020202020202020204,0.1111111111111111,0.8686868686868687,0.0,0.020202020202020204,0.9797979797979798,0.0,Yvette D. Clarke RECAP,0.9797979797979798
55068,55068,100,0,4,114,0,118,0,118,0,0.0,0.03389830508474576,0.9661016949152542,0.0,0.0,1.0,0.0,Yvette D. Clarke RECAP,1.0
55069,55069,100,2,3,142,0,147,2,145,0,0.013605442176870748,0.02040816326530612,0.9659863945578231,0.0,0.013605442176870748,0.9863945578231292,0.0,Yvette D. Clarke RECAP,0.9863945578231292
55070,55070,100,2,3,65,0,70,2,68,0,0.02857142857142857,0.04285714285714286,0.9285714285714286,0.0,0.02857142857142857,0.9714285714285714,0.0,Yvette D. Clarke RECAP,0.9714285714285714
55071,55071,100,0,0,90,0,90,0,90,0,0.0,0.0,1.0,0.0,0.0,1.0,0.0,Yvette D. Clarke RECAP,1.0
55072,55072,100,6,4,163,0,173,6,167,0,0.03468208092485549,0.023121387283236993,0.9421965317919075,0.0,0.03468208092485549,0.9653179190751445,0.0,Yvette D. Clarke RECAP,0.9653179190751445
55073,55073,100,0,0,3,0,3,0,3,0,0.0,0.0,1.0,0.0,0.0,1.0,0.0,Yvette D. Clarke RECAP,1.0
55074,55074,100,0,3,131,0,134,0,134,0,0.0,0.022388059701492536,0.9776119402985075,0.0,0.0,1.0,0.0,Yvette D. Clarke RECAP,1.0
55075,55075,100,1,7,132,0,140,1,139,0,0.007142857142857143,0.05,0.9428571428571428,0.0,0.007142857142857143,0.9928571428571429,0.0,Yvette D. Clarke RECAP,0.9928571428571429
55076,55076,100,1,9,128,2,140,1,137,2,0.007142857142857143,0.06428571428571428,0.9142857142857143,0.014285714285714285,0.007142857142857143,0.9785714285714285,0.014285714285714285,Yvette D. Clarke RECAP,0.9785714285714285
55077,55077,100,0,0,35,0,35,0,35,0,0.0,0.0,1.0,0.0,0.0,1.0,0.0,Yvette D. Clarke RECAP,1.0
55078,55078,100,1,7,201,0,209,1,208,0,0.004784688995215311,0.03349282296650718,0.9617224880382775,0.0,0.004784688995215311,0.9952153110047847,0.0,Yvette D. Clarke RECAP,0.9952153110047847
55079,55079,100,2,1,95,0,98,2,96,0,0.02040816326530612,0.01020408163265306,0.9693877551020408,0.0,0.02040816326530612,0.9795918367346939,0.0,Yvette D. Clarke RECAP,0.9795918367346939
55080,55080,100,2,6,114,0,122,2,120,0,0.01639344262295082,0.04918032786885246,0.9344262295081968,0.0,0.01639344262295082,0.9836065573770492,0.0,Yvette D. Clarke RECAP,0.9836065573770492
55081,55081,100,0,8,136,0,144,0,144,0,0.0,0.05555555555555555,0.9444444444444444,0.0,0.0,1.0,0.0,Yvette D. Clarke RECAP,1.0
55082,55082,100,3,5,123,0,131,3,128,0,0.022900763358778626,0.03816793893129771,0.9389312977099237,0.0,0.022900763358778626,0.9770992366412213,0.0,Yvette D. Clarke RECAP,0.9770992366412213
55083,55083,100,0,3,104,1,108,0,107,1,0.0,0.027777777777777776,0.9629629629629629,0.009259259259259259,0.0,0.9907407407407407,0.009259259259259259,Yvette D. Clarke RECAP,0.9907407407407407
55084,55084,100,2,8,195,1,206,2,203,1,0.009708737864077669,0.038834951456310676,0.9466019417475728,0.0048543689320388345,0.009708737864077669,0.9854368932038835,0.0048543689320388345,Yvette D. Clarke RECAP,0.9854368932038835
55085,55085,100,8,3,197,1,209,8,200,1,0.03827751196172249,0.014354066985645933,0.9425837320574163,0.004784688995215311,0.03827751196172249,0.9569377990430622,0.004784688995215311,Yvette D. Clarke RECAP,0.9569377990430622
55086,55086,100,0,1,64,0,65,0,65,0,0.0,0.015384615384615385,0.9846153846153847,0.0,0.0,1.0,0.0,Yvette D. Clarke RECAP,1.0
55087,55087,100,5,7,202,0,214,5,209,0,0.02336448598130841,0.03271028037383177,0.9439252336448598,0.0,0.02336448598130841,0.9766355140186916,0.0,Yvette D. Clarke RECAP,0.9766355140186916
55088,55088,100,0,1,193,0,194,0,194,0,0.0,0.005154639175257732,0.9948453608247423,0.0,0.0,1.0,0.0,Yvette D. Clarke RECAP,1.0
55089,55089,100,0,3,212,0,215,0,215,0,0.0,0.013953488372093023,0.986046511627907,0.0,0.0,1.0,0.0,Yvette D. Clarke RECAP,1.0
55090,55090,100,1,4,116,0,121,1,120,0,0.008264462809917356,0.03305785123966942,0.9586776859504132,0.0,0.008264462809917356,0.9917355371900827,0.0,Yvette D. Clarke RECAP,0.9917355371900827
55091,55091,100,3,10,186,0,199,3,196,0,0.01507537688442211,0.05025125628140704,0.9346733668341709,0.0,0.01507537688442211,0.9849246231155779,0.0,Yvette D. Clarke RECAP,0.9849246231155779
55092,55092,100,5,5,155,0,165,5,160,0,0.030303030303030304,0.030303030303030304,0.9393939393939394,0.0,0.030303030303030304,0.9696969696969697,0.0,Yvette D. Clarke RECAP,0.9696969696969697
55093,55093,100,2,4,164,0,170,2,168,0,0.011764705882352941,0.023529411764705882,0.9647058823529412,0.0,0.011764705882352941,0.9882352941176471,0.0,Yvette D. Clarke RECAP,0.9882352941176471
55094,55094,100,1,6,182,0,189,1,188,0,0.005291005291005291,0.031746031746031744,0.9629629629629629,0.0,0.005291005291005291,0.9947089947089947,0.0,Yvette D. Clarke RECAP,0.9947089947089947
55095,55095,100,1,5,54,0,60,1,59,0,0.016666666666666666,0.08333333333333333,0.9,0.0,0.016666666666666666,0.9833333333333333,0.0,Yvette D. Clarke RECAP,0.9833333333333333
55096,55096,100,0,1,62,0,63,0,63,0,0.0,0.015873015873015872,0.9841269841269841,0.0,0.0,1.0,0.0,Yvette D. Clarke RECAP,1.0
55097,55097,100,2,3,164,0,169,2,167,0,0.011834319526627219,0.01775147928994083,0.9704142011834319,0.0,0.011834319526627219,0.9881656804733728,0.0,Yvette D. Clarke RECAP,0.9881656804733728
55098,55098,100,0,0,25,0,25,0,25,0,0.0,0.0,1.0,0.0,0.0,1.0,0.0,Yvette D. Clarke RECAP,1.0
55099,55099,100,1,6,182,0,189,1,188,0,0.005291005291005291,0.031746031746031744,0.9629629629629629,0.0,0.005291005291005291,0.9947089947089947,0.0,Yvette D. Clarke RECAP,0.9947089947089947
55100,55100,100,0,2,91,0,93,0,93,0,0.0,0.021505376344086023,0.978494623655914,0.0,0.0,1.0,0.0,Yvette D. Clarke RECAP,1.0
55101,55101,100,2,4,114,0,120,2,118,0,0.016666666666666666,0.03333333333333333,0.95,0.0,0.016666666666666666,0.9833333333333333,0.0,Yvette D. Clarke RECAP,0.9833333333333333
55102,55102,100,1,6,124,0,131,1,130,0,0.007633587786259542,0.04580152671755725,0.9465648854961832,0.0,0.007633587786259542,0.9923664122137404,0.0,Yvette D. Clarke RECAP,0.9923664122137404
55103,55103,100,0,15,169,0,184,0,184,0,0.0,0.08152173913043478,0.9184782608695652,0.0,0.0,1.0,0.0,Yvette D. Clarke RECAP,1.0
55104,55104,100,0,14,183,0,197,0,197,0,0.0,0.07106598984771574,0.9289340101522843,0.0,0.0,1.0,0.0,Yvette D. Clarke RECAP,1.0
55105,55105,100,0,2,24,0,26,0,26,0,0.0,0.07692307692307693,0.9230769230769231,0.0,0.0,1.0,0.0,Yvette D. Clarke RECAP,1.0
56056,56056,100,1,13,99,0,113,1,112,0,0.008849557522123894,0.11504424778761062,0.8761061946902655,0.0,0.008849557522123894,0.9911504424778761,0.0,Yvette D. Clarke RECAP,0.9911504424778761
56066,56066,100,1,2,52,0,55,1,54,0,0.01818181818181818,0.03636363636363636,0.9454545454545454,0.0,0.01818181818181818,0.9818181818181818,0.0,Yvette D. Clarke RECAP,0.9818181818181818
56067,56067,100,5,5,68,0,78,5,73,0,0.0641025641025641,0.0641025641025641,0.8717948717948718,0.0,0.0641025641025641,0.9358974358974359,0.0,Yvette D. Clarke RECAP,0.9358974358974359
56068,56068,100,2,8,207,0,217,2,215,0,0.009216589861751152,0.03686635944700461,0.9539170506912442,0.0,0.009216589861751152,0.9907834101382489,0.0,Yvette D. Clarke RECAP,0.9907834101382489
56069,56069,100,4,21,174,0,199,4,195,0,0.020100502512562814,0.10552763819095477,0.8743718592964824,0.0,0.020100502512562814,0.9798994974874372,0.0,Yvette D. Clarke RECAP,0.9798994974874372
56070,56070,100,2,9,166,0,177,2,175,0,0.011299435028248588,0.05084745762711865,0.9378531073446328,0.0,0.011299435028248588,0.9887005649717514,0.0,Yvette D. Clarke RECAP,0.9887005649717514
56071,56071,100,2,14,204,0,220,2,218,0,0.00909090909090909,0.06363636363636363,0.9272727272727272,0.0,0.00909090909090909,0.990909090909091,0.0,Yvette D. Clarke RECAP,0.990909090909091
56072,56072,100,5,22,276,0,303,5,298,0,0.0165016501650165,0.07260726072607261,0.9108910891089109,0.0,0.0165016501650165,0.9834983498349835,0.0,Yvette D. Clarke RECAP,0.9834983498349835
56073,56073,100,0,8,87,0,95,0,95,0,0.0,0.08421052631578947,0.9157894736842105,0.0,0.0,1.0,0.0,Yvette D. Clarke RECAP,1.0
56074,56074,100,2,11,126,0,139,2,137,0,0.014388489208633094,0.07913669064748201,0.9064748201438849,0.0,0.014388489208633094,0.9856115107913669,0.0,Yvette D. Clarke RECAP,0.9856115107913669
56075,56075,100,1,6,106,0,113,1,112,0,0.008849557522123894,0.05309734513274336,0.9380530973451328,0.0,0.008849557522123894,0.9911504424778761,0.0,Yvette D. Clarke RECAP,0.9911504424778761
56076,56076,100,0,8,86,0,94,0,94,0,0.0,0.0851063829787234,0.9148936170212766,0.0,0.0,1.0,0.0,Yvette D. Clarke RECAP,1.0
56077,56077,100,6,12,206,0,224,6,218,0,0.026785714285714284,0.05357142857142857,0.9196428571428571,0.0,0.026785714285714284,0.9732142857142857,0.0,Yvette D. Clarke RECAP,0.9732142857142857
56078,56078,100,2,10,169,0,181,2,179,0,0.011049723756906077,0.055248618784530384,0.9337016574585635,0.0,0.011049723756906077,0.988950276243094,0.0,Yvette D. Clarke RECAP,0.988950276243094
57058,57058,100,3,35,139,1,178,3,174,1,0.016853932584269662,0.19662921348314608,0.7808988764044944,0.0056179775280898875,0.016853932584269662,0.9775280898876404,0.0056179775280898875,Yvette D. Clarke RECAP,0.9775280898876404
57061,57061,100,9,26,114,0,149,9,140,0,0.06040268456375839,0.174496644295302,0.7651006711409396,0.0,0.06040268456375839,0.9395973154362416,0.0,Yvette D. Clarke RECAP,0.9395973154362416
57062,57062,100,0,6,7,0,13,0,13,0,0.0,0.46153846153846156,0.5384615384615384,0.0,0.0,1.0,0.0,Yvette D. Clarke RECAP,1.0
57063,57063,100,8,96,194,0,298,8,290,0,0.026845637583892617,0.3221476510067114,0.6510067114093959,0.0,0.026845637583892617,0.9731543624161074,0.0,Yvette D. Clarke RECAP,0.9731543624161074
57064,57064,100,9,76,172,1,258,9,248,1,0.03488372093023256,0.29457364341085274,0.6666666666666666,0.003875968992248062,0.03488372093023256,0.9612403100775194,0.003875968992248062,Yvette D. Clarke RECAP,0.9612403100775194
57065,57065,100,7,134,258,1,400,7,392,1,0.0175,0.335,0.645,0.0025,0.0175,0.98,0.0025,Yvette D. Clarke RECAP,0.98
57066,57066,100,4,57,204,0,265,4,261,0,0.01509433962264151,0.21509433962264152,0.769811320754717,0.0,0.01509433962264151,0.9849056603773585,0.0,Yvette D. Clarke RECAP,0.9849056603773585
57067,57067,100,2,56,159,0,217,2,215,0,0.009216589861751152,0.25806451612903225,0.7327188940092166,0.0,0.009216589861751152,0.9907834101382489,0.0,Yvette D. Clarke RECAP,0.9907834101382489
57068,57068,100,5,61,257,0,323,5,318,0,0.015479876160990712,0.18885448916408668,0.7956656346749226,0.0,0.015479876160990712,0.9845201238390093,0.0,Yvette D. Clarke RECAP,0.9845201238390093
57069,57069,100,7,82,222,2,313,7,304,2,0.022364217252396165,0.26198083067092653,0.7092651757188498,0.006389776357827476,0.022364217252396165,0.9712460063897763,0.006389776357827476,Yvette D. Clarke RECAP,0.9712460063897763
57070,57070,100,6,82,193,1,282,6,275,1,0.02127659574468085,0.2907801418439716,0.6843971631205674,0.0035460992907801418,0.02127659574468085,0.975177304964539,0.0035460992907801418,Yvette D. Clarke RECAP,0.975177304964539
57071,57071,100,12,74,121,1,208,12,195,1,0.057692307692307696,0.3557692307692308,0.5817307692307693,0.004807692307692308,0.057692307692307696,0.9375,0.004807692307692308,Yvette D. Clarke RECAP,0.9375
57072,57072,100,4,93,227,0,324,4,320,0,0.012345679012345678,0.28703703703703703,0.7006172839506173,0.0,0.012345679012345678,0.9876543209876543,0.0,Yvette D. Clarke RECAP,0.9876543209876543
57073,57073,100,3,57,97,0,157,3,154,0,0.01910828025477707,0.3630573248407643,0.6178343949044586,0.0,0.01910828025477707,0.9808917197452229,0.0,Yvette D. Clarke RECAP,0.9808917197452229
57074,57074,100,6,78,196,0,280,6,274,0,0.02142857142857143,0.2785714285714286,0.7,0.0,0.02142857142857143,0.9785714285714285,0.0,Yvette D. Clarke RECAP,0.9785714285714285
57075,57075,100,9,85,217,1,312,9,302,1,0.028846153846153848,0.2724358974358974,0.6955128205128205,0.003205128205128205,0.028846153846153848,0.967948717948718,0.003205128205128205,Yvette D. Clarke RECAP,0.967948717948718
57076,57076,100,8,100,227,0,335,8,327,0,0.023880597014925373,0.29850746268656714,0.6776119402985075,0.0,0.023880597014925373,0.9761194029850746,0.0,Yvette D. Clarke RECAP,0.9761194029850746
57077,57077,100,4,34,87,0,125,4,121,0,0.032,0.272,0.696,0.0,0.032,0.968,0.0,Yvette D. Clarke RECAP,0.968
57078,57078,100,6,87,226,1,320,6,313,1,0.01875,0.271875,0.70625,0.003125,0.01875,0.978125,0.003125,Yvette D. Clarke RECAP,0.978125
57079,57079,100,4,61,212,0,277,4,273,0,0.01444043321299639,0.22021660649819494,0.7653429602888087,0.0,0.01444043321299639,0.9855595667870036,0.0,Yvette D. Clarke RECAP,0.9855595667870036
57080,57080,100,4,69,241,0,314,4,310,0,0.012738853503184714,0.2197452229299363,0.767515923566879,0.0,0.012738853503184714,0.9872611464968153,0.0,Yvette D. Clarke RECAP,0.9872611464968153
57081,57081,100,5,48,193,0,246,5,241,0,0.02032520325203252,0.1951219512195122,0.7845528455284553,0.0,0.02032520325203252,0.9796747967479674,0.0,Yvette D. Clarke RECAP,0.9796747967479674
57082,57082,100,1,14,87,0,102,1,101,0,0.00980392156862745,0.13725490196078433,0.8529411764705882,0.0,0.00980392156862745,0.9901960784313726,0.0,Yvette D. Clarke RECAP,0.9901960784313726
57083,57083,100,2,22,165,0,189,2,187,0,0.010582010582010581,0.1164021164021164,0.873015873015873,0.0,0.010582010582010581,0.9894179894179894,0.0,Yvette D. Clarke RECAP,0.9894179894179894
57084,57084,100,2,18,104,0,124,2,122,0,0.016129032258064516,0.14516129032258066,0.8387096774193549,0.0,0.016129032258064516,0.9838709677419355,0.0,Yvette D. Clarke RECAP,0.9838709677419355
57085,57085,100,5,38,228,0,271,5,266,0,0.01845018450184502,0.14022140221402213,0.8413284132841329,0.0,0.01845018450184502,0.981549815498155,0.0,Yvette D. Clarke RECAP,0.981549815498155
57086,57086,100,3,58,301,1,363,3,359,1,0.008264462809917356,0.15977961432506887,0.8292011019283747,0.0027548209366391185,0.008264462809917356,0.9889807162534435,0.0027548209366391185,Yvette D. Clarke RECAP,0.9889807162534435
57087,57087,100,2,16,42,0,60,2,58,0,0.03333333333333333,0.26666666666666666,0.7,0.0,0.03333333333333333,0.9666666666666667,0.0,Yvette D. Clarke RECAP,0.9666666666666667
57088,57088,100,1,32,190,0,223,1,222,0,0.004484304932735426,0.14349775784753363,0.852017937219731,0.0,0.004484304932735426,0.9955156950672646,0.0,Yvette D. Clarke RECAP,0.9955156950672646
57089,57089,100,3,35,208,0,246,3,243,0,0.012195121951219513,0.14227642276422764,0.8455284552845529,0.0,0.012195121951219513,0.9878048780487805,0.0,Yvette D. Clarke RECAP,0.9878048780487805
57090,57090,100,3,20,308,1,332,3,328,1,0.009036144578313253,0.060240963855421686,0.927710843373494,0.0030120481927710845,0.009036144578313253,0.9879518072289156,0.0030120481927710845,Yvette D. Clarke RECAP,0.9879518072289156
57091,57091,100,3,16,265,0,284,3,281,0,0.01056338028169014,0.056338028169014086,0.9330985915492958,0.0,0.01056338028169014,0.9894366197183099,0.0,Yvette D. Clarke RECAP,0.9894366197183099
57092,57092,100,3,32,140,1,176,3,172,1,0.017045454545454544,0.18181818181818182,0.7954545454545454,0.005681818181818182,0.017045454545454544,0.9772727272727273,0.005681818181818182,Yvette D. Clarke RECAP,0.9772727272727273
57093,57093,100,0,17,156,0,173,0,173,0,0.0,0.09826589595375723,0.9017341040462428,0.0,0.0,1.0,0.0,Yvette D. Clarke RECAP,1.0
58001,58001,100,2,7,211,0,220,2,218,0,0.00909090909090909,0.031818181818181815,0.9590909090909091,0.0,0.00909090909090909,0.990909090909091,0.0,Yvette D. Clarke RECAP,0.990909090909091
58002,58002,100,5,6,225,0,236,5,231,0,0.0211864406779661,0.025423728813559324,0.9533898305084746,0.0,0.0211864406779661,0.9788135593220338,0.0,Yvette D. Clarke RECAP,0.9788135593220338
58003,58003,100,1,3,221,0,225,1,224,0,0.0044444444444444444,0.013333333333333334,0.9822222222222222,0.0,0.0044444444444444444,0.9955555555555555,0.0,Yvette D. Clarke RECAP,0.9955555555555555
58004,58004,100,6,8,229,0,243,6,237,0,0.024691358024691357,0.03292181069958848,0.9423868312757202,0.0,0.024691358024691357,0.9753086419753086,0.0,Yvette D. Clarke RECAP,0.9753086419753086
58005,58005,100,1,10,262,0,273,1,272,0,0.003663003663003663,0.03663003663003663,0.9597069597069597,0.0,0.003663003663003663,0.9963369963369964,0.0,Yvette D. Clarke RECAP,0.9963369963369964
58006,58006,100,0,3,198,0,201,0,201,0,0.0,0.014925373134328358,0.9850746268656716,0.0,0.0,1.0,0.0,Yvette D. Clarke RECAP,1.0
58007,58007,100,1,7,183,0,191,1,190,0,0.005235602094240838,0.03664921465968586,0.9581151832460733,0.0,0.005235602094240838,0.9947643979057592,0.0,Yvette D. Clarke RECAP,0.9947643979057592
58008,58008,100,0,3,259,0,262,0,262,0,0.0,0.011450381679389313,0.9885496183206107,0.0,0.0,1.0,0.0,Yvette D. Clarke RECAP,1.0
58009,58009,100,1,5,238,1,245,1,243,1,0.004081632653061225,0.02040816326530612,0.9714285714285714,0.004081632653061225,0.004081632653061225,0.9918367346938776,0.004081632653061225,Yvette D. Clarke RECAP,0.9918367346938776
58010,58010,100,3,12,213,0,228,3,225,0,0.013157894736842105,0.05263157894736842,0.9342105263157895,0.0,0.013157894736842105,0.9868421052631579,0.0,Yvette D. Clarke RECAP,0.9868421052631579
58011,58011,100,3,3,214,0,220,3,217,0,0.013636363636363636,0.013636363636363636,0.9727272727272728,0.0,0.013636363636363636,0.9863636363636363,0.0,Yvette D. Clarke RECAP,0.9863636363636363
58012,58012,100,2,10,271,0,283,2,281,0,0.007067137809187279,0.0353356890459364,0.9575971731448764,0.0,0.007067137809187279,0.9929328621908127,0.0,Yvette D. Clarke RECAP,0.9929328621908127
58013,58013,100,1,3,200,0,204,1,203,0,0.004901960784313725,0.014705882352941176,0.9803921568627451,0.0,0.004901960784313725,0.9950980392156863,0.0,Yvette D. Clarke RECAP,0.9950980392156863
58014,58014,100,2,4,134,0,140,2,138,0,0.014285714285714285,0.02857142857142857,0.9571428571428572,0.0,0.014285714285714285,0.9857142857142858,0.0,Yvette D. Clarke RECAP,0.9857142857142858
58015,58015,100,3,4,184,0,191,3,188,0,0.015706806282722512,0.020942408376963352,0.9633507853403142,0.0,0.015706806282722512,0.9842931937172775,0.0,Yvette D. Clarke RECAP,0.9842931937172775
58016,58016,100,0,7,145,0,152,0,152,0,0.0,0.046052631578947366,0.9539473684210527,0.0,0.0,1.0,0.0,Yvette D. Clarke RECAP,1.0
58017,58017,100,0,6,157,0,163,0,163,0,0.0,0.03680981595092025,0.9631901840490797,0.0,0.0,1.0,0.0,Yvette D. Clarke RECAP,1.0
58018,58018,100,0,8,215,1,224,0,223,1,0.0,0.03571428571428571,0.9598214285714286,0.004464285714285714,0.0,0.9955357142857143,0.004464285714285714,Yvette D. Clarke RECAP,0.9955357142857143
58019,58019,100,0,6,281,0,287,0,287,0,0.0,0.020905923344947737,0.9790940766550522,0.0,0.0,1.0,0.0,Yvette D. Clarke RECAP,1.0
58020,58020,100,1,11,235,0,247,1,246,0,0.004048582995951417,0.044534412955465584,0.951417004048583,0.0,0.004048582995951417,0.9959514170040485,0.0,Yvette D. Clarke RECAP,0.9959514170040485
58021,58021,100,4,9,243,0,256,4,252,0,0.015625,0.03515625,0.94921875,0.0,0.015625,0.984375,0.0,Yvette D. Clarke RECAP,0.984375
58022,58022,100,2,5,131,0,138,2,136,0,0.014492753623188406,0.036231884057971016,0.9492753623188406,0.0,0.014492753623188406,0.9855072463768116,0.0,Yvette D. Clarke RECAP,0.9855072463768116
58023,58023,100,1,6,202,0,209,1,208,0,0.004784688995215311,0.028708133971291867,0.9665071770334929,0.0,0.004784688995215311,0.9952153110047847,0.0,Yvette D. Clarke RECAP,0.9952153110047847
58024,58024,100,3,9,283,0,295,3,292,0,0.010169491525423728,0.030508474576271188,0.9593220338983051,0.0,0.010169491525423728,0.9898305084745763,0.0,Yvette D. Clarke RECAP,0.9898305084745763
58025,58025,100,6,14,285,0,305,6,299,0,0.019672131147540985,0.04590163934426229,0.9344262295081968,0.0,0.019672131147540985,0.980327868852459,0.0,Yvette D. Clarke RECAP,0.980327868852459
58026,58026,100,6,19,317,0,342,6,336,0,0.017543859649122806,0.05555555555555555,0.9269005847953217,0.0,0.017543859649122806,0.9824561403508771,0.0,Yvette D. Clarke RECAP,0.9824561403508771
58027,58027,100,4,10,211,0,225,4,221,0,0.017777777777777778,0.044444444444444446,0.9377777777777778,0.0,0.017777777777777778,0.9822222222222222,0.0,Yvette D. Clarke RECAP,0.9822222222222222
58028,58028,100,4,19,249,0,272,4,268,0,0.014705882352941176,0.06985294117647059,0.9154411764705882,0.0,0.014705882352941176,0.9852941176470589,0.0,Yvette D. Clarke RECAP,0.9852941176470589
58029,58029,100,6,20,194,0,220,6,214,0,0.02727272727272727,0.09090909090909091,0.8818181818181818,0.0,0.02727272727272727,0.9727272727272728,0.0,Yvette D. Clarke RECAP,0.9727272727272728
58030,58030,100,6,14,304,0,324,6,318,0,0.018518518518518517,0.043209876543209874,0.9382716049382716,0.0,0.018518518518518517,0.9814814814814815,0.0,Yvette D. Clarke RECAP,0.9814814814814815
58031,58031,100,4,10,252,0,266,4,262,0,0.015037593984962405,0.03759398496240601,0.9473684210526315,0.0,0.015037593984962405,0.9849624060150376,0.0,Yvette D. Clarke RECAP,0.9849624060150376
58032,58032,100,4,10,226,0,240,4,236,0,0.016666666666666666,0.041666666666666664,0.9416666666666667,0.0,0.016666666666666666,0.9833333333333333,0.0,Yvette D. Clarke RECAP,0.9833333333333333
58033,58033,100,3,4,274,1,282,3,278,1,0.010638297872340425,0.014184397163120567,0.9716312056737588,0.0035460992907801418,0.010638297872340425,0.9858156028368794,0.0035460992907801418,Yvette D. Clarke RECAP,0.9858156028368794
58034,58034,100,3,8,201,0,212,3,209,0,0.014150943396226415,0.03773584905660377,0.9481132075471698,0.0,0.014150943396226415,0.9858490566037735,0.0,Yvette D. Clarke RECAP,0.9858490566037735
58035,58035,100,1,4,169,0,174,1,173,0,0.005747126436781609,0.022988505747126436,0.9712643678160919,0.0,0.005747126436781609,0.9942528735632183,0.0,Yvette D. Clarke RECAP,0.9942528735632183
58036,58036,100,0,3,120,0,123,0,123,0,0.0,0.024390243902439025,0.975609756097561,0.0,0.0,1.0,0.0,Yvette D. Clarke RECAP,1.0
58037,58037,100,4,9,299,0,312,4,308,0,0.01282051282051282,0.028846153846153848,0.9583333333333334,0.0,0.01282051282051282,0.9871794871794872,0.0,Yvette D. Clarke RECAP,0.9871794871794872
58038,58038,100,3,10,199,1,213,3,209,1,0.014084507042253521,0.046948356807511735,0.9342723004694836,0.004694835680751174,0.014084507042253521,0.9812206572769953,0.004694835680751174,Yvette D. Clarke RECAP,0.9812206572769953
58039,58039,100,3,8,243,0,254,3,251,0,0.011811023622047244,0.031496062992125984,0.9566929133858267,0.0,0.011811023622047244,0.9881889763779528,0.0,Yvette D. Clarke RECAP,0.9881889763779528
58040,58040,100,0,9,117,0,126,0,126,0,0.0,0.07142857142857142,0.9285714285714286,0.0,0.0,1.0,0.0,Yvette D. Clarke RECAP,1.0
58041,58041,100,4,8,207,0,219,4,215,0,0.0182648401826484,0.0365296803652968,0.9452054794520548,0.0,0.0182648401826484,0.9817351598173516,0.0,Yvette D. Clarke RECAP,0.9817351598173516
58042,58042,100,1,4,114,0,119,1,118,0,0.008403361344537815,0.03361344537815126,0.957983193277311,0.0,0.008403361344537815,0.9915966386554622,0.0,Yvette D. Clarke RECAP,0.9915966386554622
58043,58043,100,1,5,252,0,258,1,257,0,0.003875968992248062,0.01937984496124031,0.9767441860465116,0.0,0.003875968992248062,0.9961240310077519,0.0,Yvette D. Clarke RECAP,0.9961240310077519
58045,58045,100,0,4,164,0,168,0,168,0,0.0,0.023809523809523808,0.9761904761904762,0.0,0.0,1.0,0.0,Yvette D. Clarke RECAP,1.0
58046,58046,100,2,20,184,0,206,2,204,0,0.009708737864077669,0.0970873786407767,0.8932038834951457,0.0,0.009708737864077669,0.9902912621359223,0.0,Yvette D. Clarke RECAP,0.9902912621359223
58047,58047,100,0,1,152,1,154,0,153,1,0.0,0.006493506493506494,0.987012987012987,0.006493506493506494,0.0,0.9935064935064936,0.006493506493506494,Yvette D. Clarke RECAP,0.9935064935064936
58048,58048,100,1,5,137,0,143,1,142,0,0.006993006993006993,0.03496503496503497,0.958041958041958,0.0,0.006993006993006993,0.993006993006993,0.0,Yvette D. Clarke RECAP,0.993006993006993
58052,58052,100,1,2,203,0,206,1,205,0,0.0048543689320388345,0.009708737864077669,0.9854368932038835,0.0,0.0048543689320388345,0.9951456310679612,0.0,Yvette D. Clarke RECAP,0.9951456310679612
58053,58053,100,0,1,41,0,42,0,42,0,0.0,0.023809523809523808,0.9761904761904762,0.0,0.0,1.0,0.0,Yvette D. Clarke RECAP,1.0
58054,58054,100,2,5,171,0,178,2,176,0,0.011235955056179775,0.028089887640449437,0.9606741573033708,0.0,0.011235955056179775,0.9887640449438202,0.0,Yvette D. Clarke RECAP,0.9887640449438202
58055,58055,100,3,5,202,0,210,3,207,0,0.014285714285714285,0.023809523809523808,0.9619047619047619,0.0,0.014285714285714285,0.9857142857142858,0.0,Yvette D. Clarke RECAP,0.9857142857142858
58056,58056,100,0,4,98,0,102,0,102,0,0.0,0.0392156862745098,0.9607843137254902,0.0,0.0,1.0,0.0,Yvette D. Clarke RECAP,1.0
58066,58066,100,1,3,152,0,156,1,155,0,0.00641025641025641,0.019230769230769232,0.9743589743589743,0.0,0.00641025641025641,0.9935897435897436,0.0,Yvette D. Clarke RECAP,0.9935897435897436
59034,59034,100,79,18,72,0,169,79,90,0,0.46745562130177515,0.10650887573964497,0.4260355029585799,0.0,0.46745562130177515,0.5325443786982249,0.0,Yvette D. Clarke RECAP,0.5325443786982249
59035,59035,100,127,9,90,0,226,127,99,0,0.5619469026548672,0.03982300884955752,0.39823008849557523,0.0,0.5619469026548672,0.43805309734513276,0.0,Daniel J. Cavanagh RECAP,0.5619469026548672
59042,59042,100,154,12,62,1,229,154,74,1,0.6724890829694323,0.05240174672489083,0.27074235807860264,0.004366812227074236,0.6724890829694323,0.3231441048034934,0.004366812227074236,Daniel J. Cavanagh RECAP,0.6724890829694323
59043,59043,100,92,8,39,0,139,92,47,0,0.6618705035971223,0.05755395683453238,0.2805755395683453,0.0,0.6618705035971223,0.3381294964028777,0.0,Daniel J. Cavanagh RECAP,0.6618705035971223
59044,59044,100,141,20,80,1,242,141,100,1,0.5826446280991735,0.08264462809917356,0.3305785123966942,0.004132231404958678,0.5826446280991735,0.4132231404958678,0.004132231404958678,Daniel J. Cavanagh RECAP,0.5826446280991735
59045,59045,100,95,2,45,0,142,95,47,0,0.6690140845070423,0.014084507042253521,0.31690140845070425,0.0,0.6690140845070423,0.33098591549295775,0.0,Daniel J. Cavanagh RECAP,0.6690140845070423
59046,59046,100,1,0,2,0,3,1,2,0,0.3333333333333333,0.0,0.6666666666666666,0.0,0.3333333333333333,0.6666666666666666,0.0,Yvette D. Clarke RECAP,0.6666666666666666
60045,60045,100,8,14,253,1,276,8,267,1,0.028985507246376812,0.050724637681159424,0.9166666666666666,0.0036231884057971015,0.028985507246376812,0.967391304347826,0.0036231884057971015,Yvette D. Clarke RECAP,0.967391304347826
60046,60046,100,1,7,204,1,213,1,211,1,0.004694835680751174,0.03286384976525822,0.9577464788732394,0.004694835680751174,0.004694835680751174,0.9906103286384976,0.004694835680751174,Yvette D. Clarke RECAP,0.9906103286384976
60047,60047,100,2,7,212,0,221,2,219,0,0.00904977375565611,0.03167420814479638,0.9592760180995475,0.0,0.00904977375565611,0.9909502262443439,0.0,Yvette D. Clarke RECAP,0.9909502262443439
