ED,Reported As,Reporting,Michael K. Zumbluskas (Republican),Michael K. Zumbluskas (Independence),Liz Krueger (Democratic),Liz Krueger (Working Families),Scattered,Total Votes,Michael K. Zumbluskas RECAP,Liz Krueger RECAP,Scattered RECAP,p_Michael K. Zumbluskas (Republican),p_Michael K. Zumbluskas (Independence),p_Liz Krueger (Democratic),p_Liz Krueger (Working Families),p_Scattered,p_Michael K. Zumbluskas RECAP,p_Liz Krueger RECAP,p_Scattered RECAP,winner,winner_p
66055,66055,100,42,5,264,48,0,359,47,312,0,0.116991643454039,0.013927576601671309,0.7353760445682451,0.13370473537604458,0.0,0.1309192200557103,0.8690807799442897,0.0,Liz Krueger RECAP,0.8690807799442897
66056,66056,100,9,2,35,14,0,60,11,49,0,0.15,0.03333333333333333,0.5833333333333334,0.23333333333333334,0.0,0.18333333333333332,0.8166666666666667,0.0,Liz Krueger RECAP,0.8166666666666667
68001,68001,100,26,1,187,7,1,222,27,194,1,0.11711711711711711,0.0045045045045045045,0.8423423423423423,0.03153153153153153,0.0045045045045045045,0.12162162162162163,0.8738738738738738,0.0045045045045045045,Liz Krueger RECAP,0.8738738738738738
68005,68005,100,38,4,122,21,0,185,42,143,0,0.20540540540540542,0.021621621621621623,0.6594594594594595,0.11351351351351352,0.0,0.22702702702702704,0.772972972972973,0.0,Liz Krueger RECAP,0.772972972972973
68007,68007,100,35,2,99,18,0,154,37,117,0,0.22727272727272727,0.012987012987012988,0.6428571428571429,0.11688311688311688,0.0,0.24025974025974026,0.7597402597402597,0.0,Liz Krueger RECAP,0.7597402597402597
68008,68008,100,93,4,202,8,0,307,97,210,0,0.30293159609120524,0.013029315960912053,0.6579804560260586,0.026058631921824105,0.0,0.31596091205211724,0.6840390879478827,0.0,Liz Krueger RECAP,0.6840390879478827
73001,73001,100,31,3,154,17,0,205,34,171,0,0.15121951219512195,0.014634146341463415,0.751219512195122,0.08292682926829269,0.0,0.16585365853658537,0.8341463414634146,0.0,Liz Krueger RECAP,0.8341463414634146
73002,73002,100,70,4,126,10,0,210,74,136,0,0.3333333333333333,0.01904761904761905,0.6,0.047619047619047616,0.0,0.3523809523809524,0.6476190476190476,0.0,Liz Krueger RECAP,0.6476190476190476
73003,73003,100,45,4,186,24,1,260,49,210,1,0.17307692307692307,0.015384615384615385,0.7153846153846154,0.09230769230769231,0.0038461538461538464,0.18846153846153846,0.8076923076923077,0.0038461538461538464,Liz Krueger RECAP,0.8076923076923077
73004,73004,100,52,1,122,13,0,188,53,135,0,0.2765957446808511,0.005319148936170213,0.648936170212766,0.06914893617021277,0.0,0.28191489361702127,0.7180851063829787,0.0,Liz Krueger RECAP,0.7180851063829787
73005,73005,100,83,4,203,31,1,322,87,234,1,0.2577639751552795,0.012422360248447204,0.6304347826086957,0.09627329192546584,0.003105590062111801,0.2701863354037267,0.7267080745341615,0.003105590062111801,Liz Krueger RECAP,0.7267080745341615
73007,73007,100,49,5,116,11,0,181,54,127,0,0.27071823204419887,0.027624309392265192,0.6408839779005525,0.06077348066298342,0.0,0.2983425414364641,0.7016574585635359,0.0,Liz Krueger RECAP,0.7016574585635359
73008,73008,100,20,1,73,7,0,101,21,80,0,0.19801980198019803,0.009900990099009901,0.7227722772277227,0.06930693069306931,0.0,0.2079207920792079,0.7920792079207921,0.0,Liz Krueger RECAP,0.7920792079207921
73009,73009,100,62,1,190,21,1,275,63,211,1,0.22545454545454546,0.0036363636363636364,0.6909090909090909,0.07636363636363637,0.0036363636363636364,0.2290909090909091,0.7672727272727272,0.0036363636363636364,Liz Krueger RECAP,0.7672727272727272
73010,73010,100,54,3,222,25,1,305,57,247,1,0.17704918032786884,0.009836065573770493,0.7278688524590164,0.08196721311475409,0.003278688524590164,0.18688524590163935,0.8098360655737705,0.003278688524590164,Liz Krueger RECAP,0.8098360655737705
73013,73013,100,58,0,162,11,0,231,58,173,0,0.2510822510822511,0.0,0.7012987012987013,0.047619047619047616,0.0,0.2510822510822511,0.7489177489177489,0.0,Liz Krueger RECAP,0.7489177489177489
73014,73014,100,6,0,43,1,0,50,6,44,0,0.12,0.0,0.86,0.02,0.0,0.12,0.88,0.0,Liz Krueger RECAP,0.88
73016,73016,100,62,7,161,18,0,248,69,179,0,0.25,0.028225806451612902,0.6491935483870968,0.07258064516129033,0.0,0.2782258064516129,0.7217741935483871,0.0,Liz Krueger RECAP,0.7217741935483871
73017,73017,100,42,0,78,5,0,125,42,83,0,0.336,0.0,0.624,0.04,0.0,0.336,0.664,0.0,Liz Krueger RECAP,0.664
73018,73018,100,67,5,198,17,0,287,72,215,0,0.23344947735191637,0.017421602787456445,0.6898954703832753,0.059233449477351915,0.0,0.2508710801393728,0.7491289198606271,0.0,Liz Krueger RECAP,0.7491289198606271
73019,73019,100,25,0,70,8,0,103,25,78,0,0.24271844660194175,0.0,0.6796116504854369,0.07766990291262135,0.0,0.24271844660194175,0.7572815533980582,0.0,Liz Krueger RECAP,0.7572815533980582
73021,73021,100,51,6,162,21,0,240,57,183,0,0.2125,0.025,0.675,0.0875,0.0,0.2375,0.7625,0.0,Liz Krueger RECAP,0.7625
73022,73022,100,47,5,159,31,0,242,52,190,0,0.19421487603305784,0.02066115702479339,0.6570247933884298,0.128099173553719,0.0,0.21487603305785125,0.7851239669421488,0.0,Liz Krueger RECAP,0.7851239669421488
73023,73023,100,64,6,157,17,0,244,70,174,0,0.26229508196721313,0.02459016393442623,0.6434426229508197,0.06967213114754098,0.0,0.28688524590163933,0.7131147540983607,0.0,Liz Krueger RECAP,0.7131147540983607
73024,73024,100,58,6,170,14,0,248,64,184,0,0.23387096774193547,0.024193548387096774,0.6854838709677419,0.056451612903225805,0.0,0.25806451612903225,0.7419354838709677,0.0,Liz Krueger RECAP,0.7419354838709677
73025,73025,100,47,2,157,15,0,221,49,172,0,0.21266968325791855,0.00904977375565611,0.7104072398190046,0.06787330316742081,0.0,0.22171945701357465,0.7782805429864253,0.0,Liz Krueger RECAP,0.7782805429864253
73026,73026,100,49,2,130,13,0,194,51,143,0,0.25257731958762886,0.010309278350515464,0.6701030927835051,0.06701030927835051,0.0,0.26288659793814434,0.7371134020618557,0.0,Liz Krueger RECAP,0.7371134020618557
73027,73027,100,112,7,231,26,0,376,119,257,0,0.2978723404255319,0.018617021276595744,0.6143617021276596,0.06914893617021277,0.0,0.31648936170212766,0.6835106382978723,0.0,Liz Krueger RECAP,0.6835106382978723
73028,73028,100,52,2,151,9,0,214,54,160,0,0.24299065420560748,0.009345794392523364,0.705607476635514,0.04205607476635514,0.0,0.2523364485981308,0.7476635514018691,0.0,Liz Krueger RECAP,0.7476635514018691
73029,73029,100,71,3,188,19,0,281,74,207,0,0.2526690391459075,0.010676156583629894,0.6690391459074733,0.06761565836298933,0.0,0.26334519572953735,0.7366548042704626,0.0,Liz Krueger RECAP,0.7366548042704626
73030,73030,100,36,4,80,20,0,140,40,100,0,0.2571428571428571,0.02857142857142857,0.5714285714285714,0.14285714285714285,0.0,0.2857142857142857,0.7142857142857143,0.0,Liz Krueger RECAP,0.7142857142857143
73031,73031,100,76,4,213,21,1,315,80,234,1,0.24126984126984127,0.012698412698412698,0.6761904761904762,0.06666666666666667,0.0031746031746031746,0.25396825396825395,0.7428571428571429,0.0031746031746031746,Liz Krueger RECAP,0.7428571428571429
73032,73032,100,94,3,213,19,0,329,97,232,0,0.2857142857142857,0.00911854103343465,0.6474164133738601,0.057750759878419454,0.0,0.2948328267477204,0.7051671732522796,0.0,Liz Krueger RECAP,0.7051671732522796
73033,73033,100,102,2,250,18,1,373,104,268,1,0.2734584450402145,0.005361930294906166,0.6702412868632708,0.04825737265415549,0.002680965147453083,0.27882037533512066,0.7184986595174263,0.002680965147453083,Liz Krueger RECAP,0.7184986595174263
73034,73034,100,86,2,155,15,0,258,88,170,0,0.3333333333333333,0.007751937984496124,0.6007751937984496,0.05813953488372093,0.0,0.34108527131782945,0.6589147286821705,0.0,Liz Krueger RECAP,0.6589147286821705
73035,73035,100,95,5,273,12,0,385,100,285,0,0.24675324675324675,0.012987012987012988,0.7090909090909091,0.03116883116883117,0.0,0.2597402597402597,0.7402597402597403,0.0,Liz Krueger RECAP,0.7402597402597403
73036,73036,100,93,7,212,8,1,321,100,220,1,0.2897196261682243,0.021806853582554516,0.660436137071651,0.024922118380062305,0.003115264797507788,0.3115264797507788,0.6853582554517134,0.003115264797507788,Liz Krueger RECAP,0.6853582554517134
73037,73037,100,69,4,198,15,0,286,73,213,0,0.24125874125874125,0.013986013986013986,0.6923076923076923,0.05244755244755245,0.0,0.25524475524475526,0.7447552447552448,0.0,Liz Krueger RECAP,0.7447552447552448
73038,73038,100,94,3,186,17,0,300,97,203,0,0.31333333333333335,0.01,0.62,0.056666666666666664,0.0,0.3233333333333333,0.6766666666666666,0.0,Liz Krueger RECAP,0.6766666666666666
73039,73039,100,100,4,201,14,0,319,104,215,0,0.31347962382445144,0.012539184952978056,0.6300940438871473,0.0438871473354232,0.0,0.32601880877742945,0.6739811912225705,0.0,Liz Krueger RECAP,0.6739811912225705
73040,73040,100,80,5,151,14,0,250,85,165,0,0.32,0.02,0.604,0.056,0.0,0.34,0.66,0.0,Liz Krueger RECAP,0.66
73041,73041,100,106,6,236,25,1,374,112,261,1,0.28342245989304815,0.016042780748663103,0.6310160427807486,0.06684491978609626,0.00267379679144385,0.2994652406417112,0.6978609625668449,0.00267379679144385,Liz Krueger RECAP,0.6978609625668449
73042,73042,100,38,2,87,8,0,135,40,95,0,0.2814814814814815,0.014814814814814815,0.6444444444444445,0.05925925925925926,0.0,0.2962962962962963,0.7037037037037037,0.0,Liz Krueger RECAP,0.7037037037037037
73045,73045,100,84,2,104,8,0,198,86,112,0,0.42424242424242425,0.010101010101010102,0.5252525252525253,0.04040404040404041,0.0,0.43434343434343436,0.5656565656565656,0.0,Liz Krueger RECAP,0.5656565656565656
73046,73046,100,52,1,65,5,0,123,53,70,0,0.42276422764227645,0.008130081300813009,0.5284552845528455,0.04065040650406504,0.0,0.43089430894308944,0.5691056910569106,0.0,Liz Krueger RECAP,0.5691056910569106
73047,73047,100,11,0,48,3,0,62,11,51,0,0.1774193548387097,0.0,0.7741935483870968,0.04838709677419355,0.0,0.1774193548387097,0.8225806451612904,0.0,Liz Krueger RECAP,0.8225806451612904
73048,73048,100,48,1,87,10,0,146,49,97,0,0.3287671232876712,0.00684931506849315,0.5958904109589042,0.0684931506849315,0.0,0.3356164383561644,0.6643835616438356,0.0,Liz Krueger RECAP,0.6643835616438356
73049,73049,100,14,1,38,1,0,54,15,39,0,0.25925925925925924,0.018518518518518517,0.7037037037037037,0.018518518518518517,0.0,0.2777777777777778,0.7222222222222222,0.0,Liz Krueger RECAP,0.7222222222222222
73050,73050,100,70,4,190,14,0,278,74,204,0,0.2517985611510791,0.014388489208633094,0.6834532374100719,0.050359712230215826,0.0,0.26618705035971224,0.7338129496402878,0.0,Liz Krueger RECAP,0.7338129496402878
73051,73051,100,56,2,116,7,0,181,58,123,0,0.30939226519337015,0.011049723756906077,0.6408839779005525,0.03867403314917127,0.0,0.32044198895027626,0.6795580110497238,0.0,Liz Krueger RECAP,0.6795580110497238
73052,73052,100,120,0,123,13,0,256,120,136,0,0.46875,0.0,0.48046875,0.05078125,0.0,0.46875,0.53125,0.0,Liz Krueger RECAP,0.53125
73053,73053,100,93,1,123,8,0,225,94,131,0,0.41333333333333333,0.0044444444444444444,0.5466666666666666,0.035555555555555556,0.0,0.4177777777777778,0.5822222222222222,0.0,Liz Krueger RECAP,0.5822222222222222
73054,73054,100,50,2,70,7,0,129,52,77,0,0.3875968992248062,0.015503875968992248,0.5426356589147286,0.05426356589147287,0.0,0.40310077519379844,0.5968992248062015,0.0,Liz Krueger RECAP,0.5968992248062015
73055,73055,100,92,5,242,15,0,354,97,257,0,0.2598870056497175,0.014124293785310734,0.6836158192090396,0.0423728813559322,0.0,0.2740112994350282,0.7259887005649718,0.0,Liz Krueger RECAP,0.7259887005649718
73056,73056,100,106,4,155,10,0,275,110,165,0,0.38545454545454544,0.014545454545454545,0.5636363636363636,0.03636363636363636,0.0,0.4,0.6,0.0,Liz Krueger RECAP,0.6
73057,73057,100,93,3,265,26,0,387,96,291,0,0.24031007751937986,0.007751937984496124,0.6847545219638242,0.06718346253229975,0.0,0.24806201550387597,0.751937984496124,0.0,Liz Krueger RECAP,0.751937984496124
73058,73058,100,123,4,170,10,0,307,127,180,0,0.4006514657980456,0.013029315960912053,0.5537459283387622,0.03257328990228013,0.0,0.41368078175895767,0.5863192182410424,0.0,Liz Krueger RECAP,0.5863192182410424
73059,73059,100,120,5,230,22,0,377,125,252,0,0.3183023872679045,0.013262599469496022,0.610079575596817,0.058355437665782495,0.0,0.33156498673740054,0.6684350132625995,0.0,Liz Krueger RECAP,0.6684350132625995
73060,73060,100,147,4,170,19,1,341,151,189,1,0.4310850439882698,0.011730205278592375,0.49853372434017595,0.05571847507331378,0.002932551319648094,0.44281524926686217,0.5542521994134897,0.002932551319648094,Liz Krueger RECAP,0.5542521994134897
73061,73061,100,98,4,134,10,0,246,102,144,0,0.3983739837398374,0.016260162601626018,0.5447154471544715,0.04065040650406504,0.0,0.4146341463414634,0.5853658536585366,0.0,Liz Krueger RECAP,0.5853658536585366
73062,73062,100,101,1,207,12,0,321,102,219,0,0.3146417445482866,0.003115264797507788,0.6448598130841121,0.037383177570093455,0.0,0.3177570093457944,0.6822429906542056,0.0,Liz Krueger RECAP,0.6822429906542056
73063,73063,100,99,8,165,14,0,286,107,179,0,0.34615384615384615,0.027972027972027972,0.5769230769230769,0.04895104895104895,0.0,0.3741258741258741,0.6258741258741258,0.0,Liz Krueger RECAP,0.6258741258741258
73064,73064,100,118,2,223,26,0,369,120,249,0,0.31978319783197834,0.005420054200542005,0.6043360433604336,0.07046070460704607,0.0,0.3252032520325203,0.6747967479674797,0.0,Liz Krueger RECAP,0.6747967479674797
73065,73065,100,86,3,188,20,0,297,89,208,0,0.2895622895622896,0.010101010101010102,0.632996632996633,0.06734006734006734,0.0,0.2996632996632997,0.7003367003367004,0.0,Liz Krueger RECAP,0.7003367003367004
73066,73066,100,93,5,155,8,0,261,98,163,0,0.3563218390804598,0.019157088122605363,0.5938697318007663,0.03065134099616858,0.0,0.37547892720306514,0.6245210727969349,0.0,Liz Krueger RECAP,0.6245210727969349
73067,73067,100,107,2,129,8,0,246,109,137,0,0.4349593495934959,0.008130081300813009,0.524390243902439,0.032520325203252036,0.0,0.44308943089430897,0.556910569105691,0.0,Liz Krueger RECAP,0.556910569105691
73068,73068,100,77,3,211,20,0,311,80,231,0,0.24758842443729903,0.00964630225080386,0.6784565916398714,0.06430868167202572,0.0,0.2572347266881029,0.7427652733118971,0.0,Liz Krueger RECAP,0.7427652733118971
73069,73069,100,81,8,264,21,2,376,89,285,2,0.2154255319148936,0.02127659574468085,0.7021276595744681,0.05585106382978723,0.005319148936170213,0.23670212765957446,0.7579787234042553,0.005319148936170213,Liz Krueger RECAP,0.7579787234042553
73070,73070,100,61,2,168,18,2,251,63,186,2,0.24302788844621515,0.00796812749003984,0.6693227091633466,0.07171314741035857,0.00796812749003984,0.250996015936255,0.7410358565737052,0.00796812749003984,Liz Krueger RECAP,0.7410358565737052
73071,73071,100,132,4,218,16,0,370,136,234,0,0.3567567567567568,0.010810810810810811,0.5891891891891892,0.043243243243243246,0.0,0.3675675675675676,0.6324324324324324,0.0,Liz Krueger RECAP,0.6324324324324324
73072,73072,100,111,12,189,12,0,324,123,201,0,0.3425925925925926,0.037037037037037035,0.5833333333333334,0.037037037037037035,0.0,0.37962962962962965,0.6203703703703703,0.0,Liz Krueger RECAP,0.6203703703703703
73073,73073,100,116,4,242,22,0,384,120,264,0,0.3020833333333333,0.010416666666666666,0.6302083333333334,0.057291666666666664,0.0,0.3125,0.6875,0.0,Liz Krueger RECAP,0.6875
73074,73074,100,109,4,231,17,0,361,113,248,0,0.30193905817174516,0.0110803324099723,0.6398891966759003,0.04709141274238227,0.0,0.31301939058171746,0.6869806094182825,0.0,Liz Krueger RECAP,0.6869806094182825
73075,73075,100,66,4,189,26,0,285,70,215,0,0.23157894736842105,0.014035087719298246,0.6631578947368421,0.0912280701754386,0.0,0.24561403508771928,0.7543859649122807,0.0,Liz Krueger RECAP,0.7543859649122807
73076,73076,100,88,4,210,24,0,326,92,234,0,0.26993865030674846,0.012269938650306749,0.6441717791411042,0.0736196319018405,0.0,0.2822085889570552,0.7177914110429447,0.0,Liz Krueger RECAP,0.7177914110429447
73077,73077,100,109,8,212,23,0,352,117,235,0,0.3096590909090909,0.022727272727272728,0.6022727272727273,0.06534090909090909,0.0,0.33238636363636365,0.6676136363636364,0.0,Liz Krueger RECAP,0.6676136363636364
73078,73078,100,83,0,148,12,0,243,83,160,0,0.34156378600823045,0.0,0.6090534979423868,0.04938271604938271,0.0,0.34156378600823045,0.6584362139917695,0.0,Liz Krueger RECAP,0.6584362139917695
73079,73079,100,99,4,215,18,0,336,103,233,0,0.29464285714285715,0.011904761904761904,0.6398809523809523,0.05357142857142857,0.0,0.30654761904761907,0.6934523809523809,0.0,Liz Krueger RECAP,0.6934523809523809
73080,73080,100,91,5,219,15,0,330,96,234,0,0.27575757575757576,0.015151515151515152,0.6636363636363637,0.045454545454545456,0.0,0.2909090909090909,0.7090909090909091,0.0,Liz Krueger RECAP,0.7090909090909091
73081,73081,100,73,2,157,16,0,248,75,173,0,0.29435483870967744,0.008064516129032258,0.6330645161290323,0.06451612903225806,0.0,0.3024193548387097,0.6975806451612904,0.0,Liz Krueger RECAP,0.6975806451612904
73082,73082,100,116,5,239,24,0,384,121,263,0,0.3020833333333333,0.013020833333333334,0.6223958333333334,0.0625,0.0,0.3151041666666667,0.6848958333333334,0.0,Liz Krueger RECAP,0.6848958333333334
73083,73083,100,57,1,175,21,0,254,58,196,0,0.22440944881889763,0.003937007874015748,0.6889763779527559,0.08267716535433071,0.0,0.2283464566929134,0.7716535433070866,0.0,Liz Krueger RECAP,0.7716535433070866
73084,73084,100,41,5,115,27,2,190,46,142,2,0.21578947368421053,0.02631578947368421,0.6052631578947368,0.14210526315789473,0.010526315789473684,0.24210526315789474,0.7473684210526316,0.010526315789473684,Liz Krueger RECAP,0.7473684210526316
73085,73085,100,68,1,198,51,1,319,69,249,1,0.21316614420062696,0.003134796238244514,0.6206896551724138,0.15987460815047022,0.003134796238244514,0.21630094043887146,0.780564263322884,0.003134796238244514,Liz Krueger RECAP,0.780564263322884
73086,73086,100,111,4,241,27,2,385,115,268,2,0.2883116883116883,0.01038961038961039,0.625974025974026,0.07012987012987013,0.005194805194805195,0.2987012987012987,0.6961038961038961,0.005194805194805195,Liz Krueger RECAP,0.6961038961038961
73087,73087,100,114,5,238,25,1,383,119,263,1,0.29765013054830286,0.013054830287206266,0.6214099216710183,0.06527415143603134,0.0026109660574412533,0.31070496083550914,0.6866840731070496,0.0026109660574412533,Liz Krueger RECAP,0.6866840731070496
73088,73088,100,139,4,256,20,0,419,143,276,0,0.3317422434367542,0.00954653937947494,0.6109785202863962,0.0477326968973747,0.0,0.3412887828162291,0.6587112171837709,0.0,Liz Krueger RECAP,0.6587112171837709
73089,73089,100,95,3,164,22,0,284,98,186,0,0.3345070422535211,0.01056338028169014,0.5774647887323944,0.07746478873239436,0.0,0.34507042253521125,0.6549295774647887,0.0,Liz Krueger RECAP,0.6549295774647887
73090,73090,100,86,6,304,28,0,424,92,332,0,0.2028301886792453,0.014150943396226415,0.7169811320754716,0.0660377358490566,0.0,0.2169811320754717,0.7830188679245284,0.0,Liz Krueger RECAP,0.7830188679245284
73091,73091,100,78,6,252,27,1,364,84,279,1,0.21428571428571427,0.016483516483516484,0.6923076923076923,0.07417582417582418,0.0027472527472527475,0.23076923076923078,0.7664835164835165,0.0027472527472527475,Liz Krueger RECAP,0.7664835164835165
73092,73092,100,39,4,188,17,0,248,43,205,0,0.15725806451612903,0.016129032258064516,0.7580645161290323,0.06854838709677419,0.0,0.17338709677419356,0.8266129032258065,0.0,Liz Krueger RECAP,0.8266129032258065
73097,73097,100,40,1,143,26,0,210,41,169,0,0.19047619047619047,0.004761904761904762,0.680952380952381,0.12380952380952381,0.0,0.19523809523809524,0.8047619047619048,0.0,Liz Krueger RECAP,0.8047619047619048
74056,74056,100,37,2,140,33,0,212,39,173,0,0.17452830188679244,0.009433962264150943,0.660377358490566,0.15566037735849056,0.0,0.18396226415094338,0.8160377358490566,0.0,Liz Krueger RECAP,0.8160377358490566
74057,74057,100,20,2,121,33,0,176,22,154,0,0.11363636363636363,0.011363636363636364,0.6875,0.1875,0.0,0.125,0.875,0.0,Liz Krueger RECAP,0.875
74058,74058,100,32,1,207,50,0,290,33,257,0,0.1103448275862069,0.0034482758620689655,0.7137931034482758,0.1724137931034483,0.0,0.11379310344827587,0.8862068965517241,0.0,Liz Krueger RECAP,0.8862068965517241
74059,74059,100,37,1,225,39,0,302,38,264,0,0.12251655629139073,0.0033112582781456954,0.7450331125827815,0.1291390728476821,0.0,0.12582781456953643,0.8741721854304636,0.0,Liz Krueger RECAP,0.8741721854304636
74060,74060,100,51,6,228,51,0,336,57,279,0,0.15178571428571427,0.017857142857142856,0.6785714285714286,0.15178571428571427,0.0,0.16964285714285715,0.8303571428571429,0.0,Liz Krueger RECAP,0.8303571428571429
74061,74061,100,36,4,189,37,0,266,40,226,0,0.13533834586466165,0.015037593984962405,0.7105263157894737,0.13909774436090225,0.0,0.15037593984962405,0.849624060150376,0.0,Liz Krueger RECAP,0.849624060150376
74062,74062,100,31,2,218,28,0,279,33,246,0,0.1111111111111111,0.007168458781362007,0.7813620071684588,0.1003584229390681,0.0,0.11827956989247312,0.8817204301075269,0.0,Liz Krueger RECAP,0.8817204301075269
74063,74063,100,26,4,127,14,0,171,30,141,0,0.15204678362573099,0.023391812865497075,0.7426900584795322,0.08187134502923976,0.0,0.17543859649122806,0.8245614035087719,0.0,Liz Krueger RECAP,0.8245614035087719
74064,74064,100,47,3,284,49,0,383,50,333,0,0.1227154046997389,0.007832898172323759,0.741514360313316,0.1279373368146214,0.0,0.13054830287206268,0.8694516971279374,0.0,Liz Krueger RECAP,0.8694516971279374
74065,74065,100,28,1,106,19,0,154,29,125,0,0.18181818181818182,0.006493506493506494,0.6883116883116883,0.12337662337662338,0.0,0.18831168831168832,0.8116883116883117,0.0,Liz Krueger RECAP,0.8116883116883117
74066,74066,100,13,2,136,14,0,165,15,150,0,0.07878787878787878,0.012121212121212121,0.8242424242424242,0.08484848484848485,0.0,0.09090909090909091,0.9090909090909091,0.0,Liz Krueger RECAP,0.9090909090909091
74067,74067,100,39,2,179,30,0,250,41,209,0,0.156,0.008,0.716,0.12,0.0,0.164,0.836,0.0,Liz Krueger RECAP,0.836
74068,74068,100,32,5,185,31,0,253,37,216,0,0.12648221343873517,0.019762845849802372,0.7312252964426877,0.1225296442687747,0.0,0.14624505928853754,0.8537549407114624,0.0,Liz Krueger RECAP,0.8537549407114624
74069,74069,100,20,2,102,9,0,133,22,111,0,0.15037593984962405,0.015037593984962405,0.7669172932330827,0.06766917293233082,0.0,0.16541353383458646,0.8345864661654135,0.0,Liz Krueger RECAP,0.8345864661654135
74070,74070,100,49,3,185,26,0,263,52,211,0,0.18631178707224336,0.011406844106463879,0.7034220532319392,0.09885931558935361,0.0,0.19771863117870722,0.8022813688212928,0.0,Liz Krueger RECAP,0.8022813688212928
74082,74082,100,59,4,299,40,0,402,63,339,0,0.14676616915422885,0.009950248756218905,0.7437810945273632,0.09950248756218906,0.0,0.15671641791044777,0.8432835820895522,0.0,Liz Krueger RECAP,0.8432835820895522
74085,74085,100,44,4,148,15,3,214,48,163,3,0.205607476635514,0.018691588785046728,0.6915887850467289,0.07009345794392523,0.014018691588785047,0.22429906542056074,0.7616822429906542,0.014018691588785047,Liz Krueger RECAP,0.7616822429906542
74086,74086,100,63,3,135,13,0,214,66,148,0,0.29439252336448596,0.014018691588785047,0.6308411214953271,0.06074766355140187,0.0,0.308411214953271,0.6915887850467289,0.0,Liz Krueger RECAP,0.6915887850467289
74087,74087,100,90,6,266,22,0,384,96,288,0,0.234375,0.015625,0.6927083333333334,0.057291666666666664,0.0,0.25,0.75,0.0,Liz Krueger RECAP,0.75
74088,74088,100,106,5,311,27,0,449,111,338,0,0.23608017817371937,0.011135857461024499,0.6926503340757239,0.060133630289532294,0.0,0.24721603563474387,0.7527839643652561,0.0,Liz Krueger RECAP,0.7527839643652561
74089,74089,100,92,5,219,23,0,339,97,242,0,0.2713864306784661,0.014749262536873156,0.6460176991150443,0.06784660766961652,0.0,0.2861356932153392,0.7138643067846607,0.0,Liz Krueger RECAP,0.7138643067846607
74090,74090,100,54,4,154,19,1,232,58,173,1,0.23275862068965517,0.017241379310344827,0.6637931034482759,0.08189655172413793,0.004310344827586207,0.25,0.7456896551724138,0.004310344827586207,Liz Krueger RECAP,0.7456896551724138
74091,74091,100,64,6,177,23,1,271,70,200,1,0.23616236162361623,0.02214022140221402,0.6531365313653137,0.08487084870848709,0.0036900369003690036,0.25830258302583026,0.7380073800738007,0.0036900369003690036,Liz Krueger RECAP,0.7380073800738007
74205,74205,100,0,0,0,0,0,0,0,0,0,0,0,0,0,0,0,0,0,n/a,0
75008,75008,100,19,5,112,30,0,166,24,142,0,0.1144578313253012,0.030120481927710843,0.6746987951807228,0.18072289156626506,0.0,0.14457831325301204,0.8554216867469879,0.0,Liz Krueger RECAP,0.8554216867469879
75009,75009,100,48,4,185,34,1,272,52,219,1,0.17647058823529413,0.014705882352941176,0.6801470588235294,0.125,0.003676470588235294,0.19117647058823528,0.8051470588235294,0.003676470588235294,Liz Krueger RECAP,0.8051470588235294
75029,75029,100,33,2,77,10,0,122,35,87,0,0.27049180327868855,0.01639344262295082,0.6311475409836066,0.08196721311475409,0.0,0.28688524590163933,0.7131147540983607,0.0,Liz Krueger RECAP,0.7131147540983607
75030,75030,100,47,4,194,35,0,280,51,229,0,0.16785714285714284,0.014285714285714285,0.6928571428571428,0.125,0.0,0.18214285714285713,0.8178571428571428,0.0,Liz Krueger RECAP,0.8178571428571428
75031,75031,100,33,0,167,19,2,221,33,186,2,0.1493212669683258,0.0,0.755656108597285,0.08597285067873303,0.00904977375565611,0.1493212669683258,0.8416289592760181,0.00904977375565611,Liz Krueger RECAP,0.8416289592760181
75032,75032,100,42,2,180,37,0,261,44,217,0,0.16091954022988506,0.007662835249042145,0.6896551724137931,0.1417624521072797,0.0,0.1685823754789272,0.8314176245210728,0.0,Liz Krueger RECAP,0.8314176245210728
75033,75033,100,41,1,122,24,0,188,42,146,0,0.21808510638297873,0.005319148936170213,0.648936170212766,0.1276595744680851,0.0,0.22340425531914893,0.776595744680851,0.0,Liz Krueger RECAP,0.776595744680851
75034,75034,100,49,4,177,16,1,247,53,193,1,0.19838056680161945,0.016194331983805668,0.7165991902834008,0.06477732793522267,0.004048582995951417,0.2145748987854251,0.7813765182186235,0.004048582995951417,Liz Krueger RECAP,0.7813765182186235
75035,75035,100,14,2,70,20,1,107,16,90,1,0.1308411214953271,0.018691588785046728,0.6542056074766355,0.18691588785046728,0.009345794392523364,0.14953271028037382,0.8411214953271028,0.009345794392523364,Liz Krueger RECAP,0.8411214953271028
75051,75051,100,34,0,79,11,0,124,34,90,0,0.27419354838709675,0.0,0.6370967741935484,0.08870967741935484,0.0,0.27419354838709675,0.7258064516129032,0.0,Liz Krueger RECAP,0.7258064516129032
75052,75052,100,36,1,132,23,1,193,37,155,1,0.18652849740932642,0.0051813471502590676,0.6839378238341969,0.11917098445595854,0.0051813471502590676,0.19170984455958548,0.8031088082901554,0.0051813471502590676,Liz Krueger RECAP,0.8031088082901554
75053,75053,100,42,5,126,23,0,196,47,149,0,0.21428571428571427,0.025510204081632654,0.6428571428571429,0.11734693877551021,0.0,0.23979591836734693,0.7602040816326531,0.0,Liz Krueger RECAP,0.7602040816326531
75054,75054,100,48,1,107,9,0,165,49,116,0,0.2909090909090909,0.006060606060606061,0.6484848484848484,0.05454545454545454,0.0,0.296969696969697,0.703030303030303,0.0,Liz Krueger RECAP,0.703030303030303
75055,75055,100,27,1,118,11,0,157,28,129,0,0.17197452229299362,0.006369426751592357,0.7515923566878981,0.07006369426751592,0.0,0.17834394904458598,0.821656050955414,0.0,Liz Krueger RECAP,0.821656050955414
75056,75056,100,68,4,231,31,0,334,72,262,0,0.20359281437125748,0.011976047904191617,0.6916167664670658,0.09281437125748503,0.0,0.2155688622754491,0.7844311377245509,0.0,Liz Krueger RECAP,0.7844311377245509
75057,75057,100,32,1,104,6,0,143,33,110,0,0.22377622377622378,0.006993006993006993,0.7272727272727273,0.04195804195804196,0.0,0.23076923076923078,0.7692307692307693,0.0,Liz Krueger RECAP,0.7692307692307693
75086,75086,100,17,0,39,8,0,64,17,47,0,0.265625,0.0,0.609375,0.125,0.0,0.265625,0.734375,0.0,Liz Krueger RECAP,0.734375
75087,75087,100,34,1,129,37,0,201,35,166,0,0.1691542288557214,0.004975124378109453,0.6417910447761194,0.18407960199004975,0.0,0.17412935323383086,0.8258706467661692,0.0,Liz Krueger RECAP,0.8258706467661692
75088,75088,100,45,2,132,15,0,194,47,147,0,0.23195876288659795,0.010309278350515464,0.6804123711340206,0.07731958762886598,0.0,0.2422680412371134,0.7577319587628866,0.0,Liz Krueger RECAP,0.7577319587628866
75090,75090,100,29,1,86,6,0,122,30,92,0,0.23770491803278687,0.00819672131147541,0.7049180327868853,0.04918032786885246,0.0,0.2459016393442623,0.7540983606557377,0.0,Liz Krueger RECAP,0.7540983606557377
75091,75091,100,51,1,107,4,0,163,52,111,0,0.3128834355828221,0.006134969325153374,0.656441717791411,0.024539877300613498,0.0,0.31901840490797545,0.6809815950920245,0.0,Liz Krueger RECAP,0.6809815950920245
75092,75092,100,71,3,164,23,0,261,74,187,0,0.2720306513409962,0.011494252873563218,0.6283524904214559,0.08812260536398467,0.0,0.2835249042145594,0.7164750957854407,0.0,Liz Krueger RECAP,0.7164750957854407
75102,75102,100,25,7,128,11,0,171,32,139,0,0.14619883040935672,0.04093567251461988,0.7485380116959064,0.06432748538011696,0.0,0.1871345029239766,0.8128654970760234,0.0,Liz Krueger RECAP,0.8128654970760234
76001,76001,100,55,4,218,31,0,308,59,249,0,0.17857142857142858,0.012987012987012988,0.7077922077922078,0.10064935064935066,0.0,0.19155844155844157,0.8084415584415584,0.0,Liz Krueger RECAP,0.8084415584415584
76002,76002,100,56,7,140,21,1,225,63,161,1,0.24888888888888888,0.03111111111111111,0.6222222222222222,0.09333333333333334,0.0044444444444444444,0.28,0.7155555555555555,0.0044444444444444444,Liz Krueger RECAP,0.7155555555555555
76003,76003,100,70,2,125,23,2,222,72,148,2,0.3153153153153153,0.009009009009009009,0.5630630630630631,0.1036036036036036,0.009009009009009009,0.32432432432432434,0.6666666666666666,0.009009009009009009,Liz Krueger RECAP,0.6666666666666666
76004,76004,100,50,2,129,3,0,184,52,132,0,0.2717391304347826,0.010869565217391304,0.7010869565217391,0.016304347826086956,0.0,0.2826086956521739,0.717391304347826,0.0,Liz Krueger RECAP,0.717391304347826
76005,76005,100,64,3,102,6,1,176,67,108,1,0.36363636363636365,0.017045454545454544,0.5795454545454546,0.03409090909090909,0.005681818181818182,0.3806818181818182,0.6136363636363636,0.005681818181818182,Liz Krueger RECAP,0.6136363636363636
76006,76006,100,90,6,221,21,1,339,96,242,1,0.26548672566371684,0.017699115044247787,0.6519174041297935,0.061946902654867256,0.0029498525073746312,0.2831858407079646,0.7138643067846607,0.0029498525073746312,Liz Krueger RECAP,0.7138643067846607
76007,76007,100,40,4,132,28,0,204,44,160,0,0.19607843137254902,0.0196078431372549,0.6470588235294118,0.13725490196078433,0.0,0.21568627450980393,0.7843137254901961,0.0,Liz Krueger RECAP,0.7843137254901961
76008,76008,100,50,2,87,10,1,150,52,97,1,0.3333333333333333,0.013333333333333334,0.58,0.06666666666666667,0.006666666666666667,0.3466666666666667,0.6466666666666666,0.006666666666666667,Liz Krueger RECAP,0.6466666666666666
76009,76009,100,78,2,110,6,0,196,80,116,0,0.3979591836734694,0.01020408163265306,0.5612244897959183,0.030612244897959183,0.0,0.40816326530612246,0.5918367346938775,0.0,Liz Krueger RECAP,0.5918367346938775
76010,76010,100,65,6,233,30,0,334,71,263,0,0.19461077844311378,0.017964071856287425,0.6976047904191617,0.08982035928143713,0.0,0.2125748502994012,0.7874251497005988,0.0,Liz Krueger RECAP,0.7874251497005988
76011,76011,100,38,5,95,10,0,148,43,105,0,0.25675675675675674,0.033783783783783786,0.6418918918918919,0.06756756756756757,0.0,0.2905405405405405,0.7094594594594594,0.0,Liz Krueger RECAP,0.7094594594594594
76012,76012,100,39,2,136,13,0,190,41,149,0,0.20526315789473684,0.010526315789473684,0.7157894736842105,0.06842105263157895,0.0,0.21578947368421053,0.7842105263157895,0.0,Liz Krueger RECAP,0.7842105263157895
76013,76013,100,87,1,229,13,0,330,88,242,0,0.2636363636363636,0.0030303030303030303,0.693939393939394,0.03939393939393939,0.0,0.26666666666666666,0.7333333333333333,0.0,Liz Krueger RECAP,0.7333333333333333
76014,76014,100,82,3,131,14,0,230,85,145,0,0.3565217391304348,0.013043478260869565,0.5695652173913044,0.06086956521739131,0.0,0.3695652173913043,0.6304347826086957,0.0,Liz Krueger RECAP,0.6304347826086957
76015,76015,100,44,2,127,11,0,184,46,138,0,0.2391304347826087,0.010869565217391304,0.6902173913043478,0.059782608695652176,0.0,0.25,0.75,0.0,Liz Krueger RECAP,0.75
76016,76016,100,75,4,244,36,0,359,79,280,0,0.20891364902506965,0.011142061281337047,0.6796657381615598,0.10027855153203342,0.0,0.2200557103064067,0.7799442896935933,0.0,Liz Krueger RECAP,0.7799442896935933
76017,76017,100,54,6,179,16,0,255,60,195,0,0.21176470588235294,0.023529411764705882,0.7019607843137254,0.06274509803921569,0.0,0.23529411764705882,0.7647058823529411,0.0,Liz Krueger RECAP,0.7647058823529411
76018,76018,100,61,1,169,17,1,249,62,186,1,0.24497991967871485,0.004016064257028112,0.678714859437751,0.06827309236947791,0.004016064257028112,0.24899598393574296,0.7469879518072289,0.004016064257028112,Liz Krueger RECAP,0.7469879518072289
76019,76019,100,122,8,196,23,0,349,130,219,0,0.3495702005730659,0.022922636103151862,0.5616045845272206,0.0659025787965616,0.0,0.37249283667621774,0.6275071633237822,0.0,Liz Krueger RECAP,0.6275071633237822
76020,76020,100,59,4,174,15,1,253,63,189,1,0.233201581027668,0.015810276679841896,0.6877470355731226,0.05928853754940711,0.003952569169960474,0.2490118577075099,0.7470355731225297,0.003952569169960474,Liz Krueger RECAP,0.7470355731225297
76021,76021,100,91,5,256,18,0,370,96,274,0,0.24594594594594596,0.013513513513513514,0.6918918918918919,0.04864864864864865,0.0,0.2594594594594595,0.7405405405405405,0.0,Liz Krueger RECAP,0.7405405405405405
76022,76022,100,106,0,165,9,0,280,106,174,0,0.37857142857142856,0.0,0.5892857142857143,0.03214285714285714,0.0,0.37857142857142856,0.6214285714285714,0.0,Liz Krueger RECAP,0.6214285714285714
76023,76023,100,63,2,123,12,0,200,65,135,0,0.315,0.01,0.615,0.06,0.0,0.325,0.675,0.0,Liz Krueger RECAP,0.675
76024,76024,100,61,3,154,11,0,229,64,165,0,0.2663755458515284,0.013100436681222707,0.6724890829694323,0.048034934497816595,0.0,0.2794759825327511,0.7205240174672489,0.0,Liz Krueger RECAP,0.7205240174672489
76025,76025,100,75,3,198,25,0,301,78,223,0,0.24916943521594684,0.009966777408637873,0.6578073089700996,0.08305647840531562,0.0,0.2591362126245847,0.7408637873754153,0.0,Liz Krueger RECAP,0.7408637873754153
76026,76026,100,59,4,198,17,0,278,63,215,0,0.21223021582733814,0.014388489208633094,0.7122302158273381,0.06115107913669065,0.0,0.22661870503597123,0.7733812949640287,0.0,Liz Krueger RECAP,0.7733812949640287
76027,76027,100,47,4,145,17,1,214,51,162,1,0.21962616822429906,0.018691588785046728,0.677570093457944,0.0794392523364486,0.004672897196261682,0.2383177570093458,0.7570093457943925,0.004672897196261682,Liz Krueger RECAP,0.7570093457943925
76028,76028,100,86,3,231,19,0,339,89,250,0,0.2536873156342183,0.008849557522123894,0.6814159292035398,0.05604719764011799,0.0,0.26253687315634217,0.7374631268436578,0.0,Liz Krueger RECAP,0.7374631268436578
76029,76029,100,46,4,124,9,0,183,50,133,0,0.25136612021857924,0.02185792349726776,0.6775956284153005,0.04918032786885246,0.0,0.273224043715847,0.726775956284153,0.0,Liz Krueger RECAP,0.726775956284153
76030,76030,100,42,4,101,6,1,154,46,107,1,0.2727272727272727,0.025974025974025976,0.6558441558441559,0.03896103896103896,0.006493506493506494,0.2987012987012987,0.6948051948051948,0.006493506493506494,Liz Krueger RECAP,0.6948051948051948
76031,76031,100,56,6,158,9,0,229,62,167,0,0.2445414847161572,0.026200873362445413,0.6899563318777293,0.039301310043668124,0.0,0.27074235807860264,0.7292576419213974,0.0,Liz Krueger RECAP,0.7292576419213974
76032,76032,100,53,1,192,24,1,271,54,216,1,0.19557195571955718,0.0036900369003690036,0.7084870848708487,0.08856088560885608,0.0036900369003690036,0.1992619926199262,0.7970479704797048,0.0036900369003690036,Liz Krueger RECAP,0.7970479704797048
76033,76033,100,76,3,144,17,0,240,79,161,0,0.31666666666666665,0.0125,0.6,0.07083333333333333,0.0,0.32916666666666666,0.6708333333333333,0.0,Liz Krueger RECAP,0.6708333333333333
76034,76034,100,78,4,243,17,0,342,82,260,0,0.22807017543859648,0.011695906432748537,0.7105263157894737,0.049707602339181284,0.0,0.23976608187134502,0.7602339181286549,0.0,Liz Krueger RECAP,0.7602339181286549
76035,76035,100,107,6,285,34,0,432,113,319,0,0.24768518518518517,0.013888888888888888,0.6597222222222222,0.0787037037037037,0.0,0.26157407407407407,0.7384259259259259,0.0,Liz Krueger RECAP,0.7384259259259259
76036,76036,100,43,3,117,13,0,176,46,130,0,0.24431818181818182,0.017045454545454544,0.6647727272727273,0.07386363636363637,0.0,0.26136363636363635,0.7386363636363636,0.0,Liz Krueger RECAP,0.7386363636363636
76037,76037,100,42,3,140,12,0,197,45,152,0,0.2131979695431472,0.015228426395939087,0.7106598984771574,0.06091370558375635,0.0,0.22842639593908629,0.7715736040609137,0.0,Liz Krueger RECAP,0.7715736040609137
76038,76038,100,42,3,144,14,0,203,45,158,0,0.20689655172413793,0.014778325123152709,0.7093596059113301,0.06896551724137931,0.0,0.22167487684729065,0.7783251231527094,0.0,Liz Krueger RECAP,0.7783251231527094
76039,76039,100,57,2,147,21,0,227,59,168,0,0.2511013215859031,0.00881057268722467,0.6475770925110133,0.09251101321585903,0.0,0.2599118942731278,0.7400881057268722,0.0,Liz Krueger RECAP,0.7400881057268722
76040,76040,100,78,2,189,25,1,295,80,214,1,0.26440677966101694,0.006779661016949152,0.6406779661016949,0.0847457627118644,0.003389830508474576,0.2711864406779661,0.7254237288135593,0.003389830508474576,Liz Krueger RECAP,0.7254237288135593
76041,76041,100,43,2,156,22,0,223,45,178,0,0.19282511210762332,0.008968609865470852,0.6995515695067265,0.09865470852017937,0.0,0.20179372197309417,0.7982062780269058,0.0,Liz Krueger RECAP,0.7982062780269058
76042,76042,100,78,6,228,25,0,337,84,253,0,0.2314540059347181,0.017804154302670624,0.6765578635014837,0.07418397626112759,0.0,0.24925816023738873,0.7507418397626113,0.0,Liz Krueger RECAP,0.7507418397626113
76043,76043,100,71,3,182,10,0,266,74,192,0,0.2669172932330827,0.011278195488721804,0.6842105263157895,0.03759398496240601,0.0,0.2781954887218045,0.7218045112781954,0.0,Liz Krueger RECAP,0.7218045112781954
76044,76044,100,61,5,189,16,0,271,66,205,0,0.22509225092250923,0.01845018450184502,0.6974169741697417,0.05904059040590406,0.0,0.24354243542435425,0.7564575645756457,0.0,Liz Krueger RECAP,0.7564575645756457
76045,76045,100,56,4,152,16,1,229,60,168,1,0.2445414847161572,0.017467248908296942,0.6637554585152838,0.06986899563318777,0.004366812227074236,0.26200873362445415,0.7336244541484717,0.004366812227074236,Liz Krueger RECAP,0.7336244541484717
76046,76046,100,85,4,263,27,0,379,89,290,0,0.22427440633245382,0.010554089709762533,0.6939313984168866,0.0712401055408971,0.0,0.23482849604221637,0.7651715039577837,0.0,Liz Krueger RECAP,0.7651715039577837
76047,76047,100,46,4,121,21,0,192,50,142,0,0.23958333333333334,0.020833333333333332,0.6302083333333334,0.109375,0.0,0.2604166666666667,0.7395833333333334,0.0,Liz Krueger RECAP,0.7395833333333334
76048,76048,100,54,4,116,11,0,185,58,127,0,0.2918918918918919,0.021621621621621623,0.6270270270270271,0.05945945945945946,0.0,0.31351351351351353,0.6864864864864865,0.0,Liz Krueger RECAP,0.6864864864864865
76049,76049,100,64,3,177,20,0,264,67,197,0,0.24242424242424243,0.011363636363636364,0.6704545454545454,0.07575757575757576,0.0,0.2537878787878788,0.7462121212121212,0.0,Liz Krueger RECAP,0.7462121212121212
76050,76050,100,69,4,166,27,0,266,73,193,0,0.2593984962406015,0.015037593984962405,0.6240601503759399,0.10150375939849623,0.0,0.2744360902255639,0.7255639097744361,0.0,Liz Krueger RECAP,0.7255639097744361
76051,76051,100,62,4,224,30,1,321,66,254,1,0.19314641744548286,0.012461059190031152,0.6978193146417445,0.09345794392523364,0.003115264797507788,0.205607476635514,0.7912772585669782,0.003115264797507788,Liz Krueger RECAP,0.7912772585669782
76052,76052,100,50,0,153,17,0,220,50,170,0,0.22727272727272727,0.0,0.6954545454545454,0.07727272727272727,0.0,0.22727272727272727,0.7727272727272727,0.0,Liz Krueger RECAP,0.7727272727272727
76053,76053,100,36,2,151,12,0,201,38,163,0,0.1791044776119403,0.009950248756218905,0.7512437810945274,0.05970149253731343,0.0,0.1890547263681592,0.8109452736318408,0.0,Liz Krueger RECAP,0.8109452736318408
76054,76054,100,65,5,180,30,2,282,70,210,2,0.23049645390070922,0.01773049645390071,0.6382978723404256,0.10638297872340426,0.0070921985815602835,0.24822695035460993,0.7446808510638298,0.0070921985815602835,Liz Krueger RECAP,0.7446808510638298
76055,76055,100,70,3,200,23,0,296,73,223,0,0.23648648648648649,0.010135135135135136,0.6756756756756757,0.0777027027027027,0.0,0.24662162162162163,0.7533783783783784,0.0,Liz Krueger RECAP,0.7533783783783784
76056,76056,100,47,2,87,11,0,147,49,98,0,0.3197278911564626,0.013605442176870748,0.5918367346938775,0.07482993197278912,0.0,0.3333333333333333,0.6666666666666666,0.0,Liz Krueger RECAP,0.6666666666666666
76057,76057,100,86,5,204,28,0,323,91,232,0,0.26625386996904027,0.015479876160990712,0.631578947368421,0.08668730650154799,0.0,0.28173374613003094,0.718266253869969,0.0,Liz Krueger RECAP,0.718266253869969
76058,76058,100,102,6,273,16,1,398,108,289,1,0.2562814070351759,0.01507537688442211,0.6859296482412061,0.04020100502512563,0.002512562814070352,0.271356783919598,0.7261306532663316,0.002512562814070352,Liz Krueger RECAP,0.7261306532663316
76059,76059,100,101,5,235,36,0,377,106,271,0,0.26790450928381965,0.013262599469496022,0.623342175066313,0.09549071618037135,0.0,0.28116710875331563,0.7188328912466844,0.0,Liz Krueger RECAP,0.7188328912466844
76060,76060,100,32,7,127,20,2,188,39,147,2,0.1702127659574468,0.03723404255319149,0.675531914893617,0.10638297872340426,0.010638297872340425,0.2074468085106383,0.7819148936170213,0.010638297872340425,Liz Krueger RECAP,0.7819148936170213
76061,76061,100,52,4,155,15,0,226,56,170,0,0.23008849557522124,0.017699115044247787,0.6858407079646017,0.06637168141592921,0.0,0.24778761061946902,0.7522123893805309,0.0,Liz Krueger RECAP,0.7522123893805309
76062,76062,100,59,3,136,13,0,211,62,149,0,0.2796208530805687,0.014218009478672985,0.6445497630331753,0.061611374407582936,0.0,0.2938388625592417,0.7061611374407583,0.0,Liz Krueger RECAP,0.7061611374407583
76063,76063,100,55,4,158,24,0,241,59,182,0,0.22821576763485477,0.016597510373443983,0.6556016597510373,0.0995850622406639,0.0,0.24481327800829875,0.7551867219917012,0.0,Liz Krueger RECAP,0.7551867219917012
76064,76064,100,80,7,198,28,0,313,87,226,0,0.25559105431309903,0.022364217252396165,0.6325878594249201,0.08945686900958466,0.0,0.2779552715654952,0.7220447284345048,0.0,Liz Krueger RECAP,0.7220447284345048
76065,76065,100,105,4,272,39,1,421,109,311,1,0.2494061757719715,0.009501187648456057,0.6460807600950119,0.09263657957244656,0.0023752969121140144,0.2589073634204275,0.7387173396674585,0.0023752969121140144,Liz Krueger RECAP,0.7387173396674585
76066,76066,100,56,7,138,9,0,210,63,147,0,0.26666666666666666,0.03333333333333333,0.6571428571428571,0.04285714285714286,0.0,0.3,0.7,0.0,Liz Krueger RECAP,0.7
76067,76067,100,91,4,206,20,0,321,95,226,0,0.2834890965732087,0.012461059190031152,0.6417445482866043,0.06230529595015576,0.0,0.29595015576323985,0.7040498442367601,0.0,Liz Krueger RECAP,0.7040498442367601
76068,76068,100,66,5,210,22,0,303,71,232,0,0.21782178217821782,0.0165016501650165,0.693069306930693,0.07260726072607261,0.0,0.23432343234323433,0.7656765676567657,0.0,Liz Krueger RECAP,0.7656765676567657
76069,76069,100,72,11,241,30,0,354,83,271,0,0.2033898305084746,0.031073446327683617,0.6807909604519774,0.0847457627118644,0.0,0.2344632768361582,0.7655367231638418,0.0,Liz Krueger RECAP,0.7655367231638418
76070,76070,100,52,2,206,20,1,281,54,226,1,0.18505338078291814,0.0071174377224199285,0.7330960854092526,0.0711743772241993,0.0035587188612099642,0.19217081850533807,0.8042704626334519,0.0035587188612099642,Liz Krueger RECAP,0.8042704626334519
76071,76071,100,84,3,229,35,0,351,87,264,0,0.23931623931623933,0.008547008547008548,0.6524216524216524,0.09971509971509972,0.0,0.24786324786324787,0.7521367521367521,0.0,Liz Krueger RECAP,0.7521367521367521
76072,76072,100,88,7,269,47,0,411,95,316,0,0.2141119221411192,0.0170316301703163,0.6545012165450121,0.11435523114355231,0.0,0.23114355231143552,0.7688564476885644,0.0,Liz Krueger RECAP,0.7688564476885644
76073,76073,100,68,2,234,28,1,333,70,262,1,0.2042042042042042,0.006006006006006006,0.7027027027027027,0.08408408408408409,0.003003003003003003,0.21021021021021022,0.7867867867867868,0.003003003003003003,Liz Krueger RECAP,0.7867867867867868
76074,76074,100,51,3,192,22,0,268,54,214,0,0.19029850746268656,0.011194029850746268,0.7164179104477612,0.08208955223880597,0.0,0.20149253731343283,0.7985074626865671,0.0,Liz Krueger RECAP,0.7985074626865671
76075,76075,100,72,10,236,14,0,332,82,250,0,0.21686746987951808,0.030120481927710843,0.7108433734939759,0.04216867469879518,0.0,0.2469879518072289,0.7530120481927711,0.0,Liz Krueger RECAP,0.7530120481927711
76076,76076,100,42,1,122,18,0,183,43,140,0,0.22950819672131148,0.00546448087431694,0.6666666666666666,0.09836065573770492,0.0,0.23497267759562843,0.7650273224043715,0.0,Liz Krueger RECAP,0.7650273224043715
76077,76077,100,63,6,229,23,1,322,69,252,1,0.1956521739130435,0.018633540372670808,0.7111801242236024,0.07142857142857142,0.003105590062111801,0.21428571428571427,0.782608695652174,0.003105590062111801,Liz Krueger RECAP,0.782608695652174
76078,76078,100,65,5,228,21,0,319,70,249,0,0.20376175548589343,0.01567398119122257,0.7147335423197492,0.06583072100313479,0.0,0.219435736677116,0.780564263322884,0.0,Liz Krueger RECAP,0.780564263322884
76079,76079,100,64,8,238,29,0,339,72,267,0,0.1887905604719764,0.02359882005899705,0.7020648967551623,0.0855457227138643,0.0,0.21238938053097345,0.7876106194690266,0.0,Liz Krueger RECAP,0.7876106194690266
76080,76080,100,27,4,135,22,0,188,31,157,0,0.14361702127659576,0.02127659574468085,0.7180851063829787,0.11702127659574468,0.0,0.16489361702127658,0.8351063829787234,0.0,Liz Krueger RECAP,0.8351063829787234
76088,76088,100,65,7,177,24,0,273,72,201,0,0.23809523809523808,0.02564102564102564,0.6483516483516484,0.08791208791208792,0.0,0.26373626373626374,0.7362637362637363,0.0,Liz Krueger RECAP,0.7362637362637363
76089,76089,100,59,6,132,26,0,223,65,158,0,0.2645739910313901,0.026905829596412557,0.5919282511210763,0.11659192825112108,0.0,0.2914798206278027,0.7085201793721974,0.0,Liz Krueger RECAP,0.7085201793721974
76090,76090,100,54,5,175,32,0,266,59,207,0,0.20300751879699247,0.018796992481203006,0.6578947368421053,0.12030075187969924,0.0,0.22180451127819548,0.7781954887218046,0.0,Liz Krueger RECAP,0.7781954887218046
