ED,Reported As,Reporting,David B. Casavis (Republican),David B. Casavis (Independence),Dan Quart (Working Families),Donal Butterfield (Green),Scattered,Dan Quart (Democratic),Total Votes,David B. Casavis RECAP,Dan Quart RECAP,Donal Butterfield RECAP,Scattered RECAP,p_David B. Casavis (Republican),p_David B. Casavis (Independence),p_Dan Quart (Working Families),p_Donal Butterfield (Green),p_Scattered,p_Dan Quart (Democratic),p_David B. Casavis RECAP,p_Dan Quart RECAP,p_Donal Butterfield RECAP,p_Scattered RECAP,winner,winner_p
73001,73001,100,37,2,14,10,0,136,199,39,150,10,0,0.18592964824120603,0.010050251256281407,0.07035175879396985,0.05025125628140704,0.0,0.6834170854271356,0.19597989949748743,0.7537688442211056,0.05025125628140704,0.0,Dan Quart RECAP,0.7537688442211056
73002,73002,100,68,3,10,4,1,114,200,71,124,4,1,0.34,0.015,0.05,0.02,0.005,0.57,0.355,0.62,0.02,0.005,Dan Quart RECAP,0.62
73003,73003,100,54,2,20,10,0,172,258,56,192,10,0,0.20930232558139536,0.007751937984496124,0.07751937984496124,0.03875968992248062,0.0,0.6666666666666666,0.21705426356589147,0.7441860465116279,0.03875968992248062,0.0,Dan Quart RECAP,0.7441860465116279
73004,73004,100,53,1,13,1,0,114,182,54,127,1,0,0.29120879120879123,0.005494505494505495,0.07142857142857142,0.005494505494505495,0.0,0.6263736263736264,0.2967032967032967,0.6978021978021978,0.005494505494505495,0.0,Dan Quart RECAP,0.6978021978021978
73005,73005,100,94,4,29,7,1,184,319,98,213,7,1,0.2946708463949843,0.012539184952978056,0.09090909090909091,0.0219435736677116,0.003134796238244514,0.5768025078369906,0.3072100313479624,0.6677115987460815,0.0219435736677116,0.003134796238244514,Dan Quart RECAP,0.6677115987460815
73006,73006,100,36,5,17,4,0,146,208,41,163,4,0,0.17307692307692307,0.02403846153846154,0.08173076923076923,0.019230769230769232,0.0,0.7019230769230769,0.1971153846153846,0.7836538461538461,0.019230769230769232,0.0,Dan Quart RECAP,0.7836538461538461
73007,73007,100,58,3,10,4,0,98,173,61,108,4,0,0.3352601156069364,0.017341040462427744,0.057803468208092484,0.023121387283236993,0.0,0.5664739884393064,0.35260115606936415,0.6242774566473989,0.023121387283236993,0.0,Dan Quart RECAP,0.6242774566473989
73008,73008,100,19,1,8,3,0,66,97,20,74,3,0,0.1958762886597938,0.010309278350515464,0.08247422680412371,0.030927835051546393,0.0,0.6804123711340206,0.20618556701030927,0.7628865979381443,0.030927835051546393,0.0,Dan Quart RECAP,0.7628865979381443
73009,73009,100,68,1,15,11,1,179,275,69,194,11,1,0.24727272727272728,0.0036363636363636364,0.05454545454545454,0.04,0.0036363636363636364,0.6509090909090909,0.2509090909090909,0.7054545454545454,0.04,0.0036363636363636364,Dan Quart RECAP,0.7054545454545454
73010,73010,100,56,3,22,7,1,199,288,59,221,7,1,0.19444444444444445,0.010416666666666666,0.0763888888888889,0.024305555555555556,0.003472222222222222,0.6909722222222222,0.2048611111111111,0.7673611111111112,0.024305555555555556,0.003472222222222222,Dan Quart RECAP,0.7673611111111112
73011,73011,100,60,2,17,6,0,112,197,62,129,6,0,0.30456852791878175,0.01015228426395939,0.08629441624365482,0.030456852791878174,0.0,0.5685279187817259,0.3147208121827411,0.6548223350253807,0.030456852791878174,0.0,Dan Quart RECAP,0.6548223350253807
73012,73012,100,14,0,1,1,0,18,34,14,19,1,0,0.4117647058823529,0.0,0.029411764705882353,0.029411764705882353,0.0,0.5294117647058824,0.4117647058823529,0.5588235294117647,0.029411764705882353,0.0,Dan Quart RECAP,0.5588235294117647
73013,73013,100,64,1,11,3,0,153,232,65,164,3,0,0.27586206896551724,0.004310344827586207,0.04741379310344827,0.01293103448275862,0.0,0.6594827586206896,0.2801724137931034,0.7068965517241379,0.01293103448275862,0.0,Dan Quart RECAP,0.7068965517241379
73014,73014,100,5,1,2,1,0,39,48,6,41,1,0,0.10416666666666667,0.020833333333333332,0.041666666666666664,0.020833333333333332,0.0,0.8125,0.125,0.8541666666666666,0.020833333333333332,0.0,Dan Quart RECAP,0.8541666666666666
73015,73015,100,11,2,5,2,0,48,68,13,53,2,0,0.16176470588235295,0.029411764705882353,0.07352941176470588,0.029411764705882353,0.0,0.7058823529411765,0.19117647058823528,0.7794117647058824,0.029411764705882353,0.0,Dan Quart RECAP,0.7794117647058824
73016,73016,100,67,6,19,4,0,146,242,73,165,4,0,0.2768595041322314,0.024793388429752067,0.07851239669421488,0.01652892561983471,0.0,0.6033057851239669,0.30165289256198347,0.6818181818181818,0.01652892561983471,0.0,Dan Quart RECAP,0.6818181818181818
73017,73017,100,41,0,4,1,0,76,122,41,80,1,0,0.3360655737704918,0.0,0.03278688524590164,0.00819672131147541,0.0,0.6229508196721312,0.3360655737704918,0.6557377049180327,0.00819672131147541,0.0,Dan Quart RECAP,0.6557377049180327
73018,73018,100,68,4,21,5,0,183,281,72,204,5,0,0.24199288256227758,0.014234875444839857,0.07473309608540925,0.017793594306049824,0.0,0.6512455516014235,0.25622775800711745,0.7259786476868327,0.017793594306049824,0.0,Dan Quart RECAP,0.7259786476868327
73019,73019,100,25,0,7,4,0,66,102,25,73,4,0,0.24509803921568626,0.0,0.06862745098039216,0.0392156862745098,0.0,0.6470588235294118,0.24509803921568626,0.7156862745098039,0.0392156862745098,0.0,Dan Quart RECAP,0.7156862745098039
73020,73020,100,3,0,0,1,0,3,7,3,3,1,0,0.42857142857142855,0.0,0.0,0.14285714285714285,0.0,0.42857142857142855,0.42857142857142855,0.42857142857142855,0.14285714285714285,0.0,Tie,0.42857142857142855
73021,73021,100,54,7,16,5,0,156,238,61,172,5,0,0.226890756302521,0.029411764705882353,0.06722689075630252,0.02100840336134454,0.0,0.6554621848739496,0.25630252100840334,0.7226890756302521,0.02100840336134454,0.0,Dan Quart RECAP,0.7226890756302521
73022,73022,100,47,3,27,7,0,156,240,50,183,7,0,0.19583333333333333,0.0125,0.1125,0.029166666666666667,0.0,0.65,0.20833333333333334,0.7625,0.029166666666666667,0.0,Dan Quart RECAP,0.7625
73023,73023,100,68,3,16,10,0,150,247,71,166,10,0,0.27530364372469635,0.012145748987854251,0.06477732793522267,0.04048582995951417,0.0,0.6072874493927125,0.2874493927125506,0.6720647773279352,0.04048582995951417,0.0,Dan Quart RECAP,0.6720647773279352
73024,73024,100,64,3,17,4,0,157,245,67,174,4,0,0.2612244897959184,0.012244897959183673,0.06938775510204082,0.0163265306122449,0.0,0.6408163265306123,0.27346938775510204,0.710204081632653,0.0163265306122449,0.0,Dan Quart RECAP,0.710204081632653
73025,73025,100,50,4,11,6,0,146,217,54,157,6,0,0.2304147465437788,0.018433179723502304,0.05069124423963134,0.027649769585253458,0.0,0.6728110599078341,0.2488479262672811,0.7235023041474654,0.027649769585253458,0.0,Dan Quart RECAP,0.7235023041474654
73026,73026,100,54,1,12,0,0,122,189,55,134,0,0,0.2857142857142857,0.005291005291005291,0.06349206349206349,0.0,0.0,0.6455026455026455,0.291005291005291,0.708994708994709,0.0,0.0,Dan Quart RECAP,0.708994708994709
73027,73027,100,113,9,22,7,0,223,374,122,245,7,0,0.30213903743315507,0.02406417112299465,0.058823529411764705,0.01871657754010695,0.0,0.5962566844919787,0.32620320855614976,0.6550802139037433,0.01871657754010695,0.0,Dan Quart RECAP,0.6550802139037433
73028,73028,100,48,1,11,2,0,146,208,49,157,2,0,0.23076923076923078,0.004807692307692308,0.052884615384615384,0.009615384615384616,0.0,0.7019230769230769,0.23557692307692307,0.7548076923076923,0.009615384615384616,0.0,Dan Quart RECAP,0.7548076923076923
73029,73029,100,70,5,15,7,0,181,278,75,196,7,0,0.2517985611510791,0.017985611510791366,0.0539568345323741,0.025179856115107913,0.0,0.6510791366906474,0.2697841726618705,0.7050359712230215,0.025179856115107913,0.0,Dan Quart RECAP,0.7050359712230215
73030,73030,100,31,5,16,4,0,78,134,36,94,4,0,0.23134328358208955,0.03731343283582089,0.11940298507462686,0.029850746268656716,0.0,0.582089552238806,0.26865671641791045,0.7014925373134329,0.029850746268656716,0.0,Dan Quart RECAP,0.7014925373134329
73031,73031,100,80,4,21,3,1,203,312,84,224,3,1,0.2564102564102564,0.01282051282051282,0.0673076923076923,0.009615384615384616,0.003205128205128205,0.6506410256410257,0.2692307692307692,0.717948717948718,0.009615384615384616,0.003205128205128205,Dan Quart RECAP,0.717948717948718
73032,73032,100,99,2,21,8,0,199,329,101,220,8,0,0.3009118541033435,0.0060790273556231,0.06382978723404255,0.0243161094224924,0.0,0.6048632218844985,0.3069908814589666,0.668693009118541,0.0243161094224924,0.0,Dan Quart RECAP,0.668693009118541
73033,73033,100,103,4,17,7,0,233,364,107,250,7,0,0.28296703296703296,0.01098901098901099,0.046703296703296704,0.019230769230769232,0.0,0.6401098901098901,0.29395604395604397,0.6868131868131868,0.019230769230769232,0.0,Dan Quart RECAP,0.6868131868131868
73034,73034,100,85,3,12,1,1,148,250,88,160,1,1,0.34,0.012,0.048,0.004,0.004,0.592,0.352,0.64,0.004,0.004,Dan Quart RECAP,0.64
73035,73035,100,101,5,9,2,0,267,384,106,276,2,0,0.2630208333333333,0.013020833333333334,0.0234375,0.005208333333333333,0.0,0.6953125,0.2760416666666667,0.71875,0.005208333333333333,0.0,Dan Quart RECAP,0.71875
73036,73036,100,102,7,9,4,1,193,316,109,202,4,1,0.3227848101265823,0.022151898734177215,0.028481012658227847,0.012658227848101266,0.0031645569620253164,0.6107594936708861,0.3449367088607595,0.6392405063291139,0.012658227848101266,0.0031645569620253164,Dan Quart RECAP,0.6392405063291139
73037,73037,100,74,4,15,3,0,180,276,78,195,3,0,0.26811594202898553,0.014492753623188406,0.05434782608695652,0.010869565217391304,0.0,0.6521739130434783,0.2826086956521739,0.7065217391304348,0.010869565217391304,0.0,Dan Quart RECAP,0.7065217391304348
73038,73038,100,92,3,16,5,0,177,293,95,193,5,0,0.31399317406143346,0.010238907849829351,0.05460750853242321,0.017064846416382253,0.0,0.6040955631399317,0.3242320819112628,0.658703071672355,0.017064846416382253,0.0,Dan Quart RECAP,0.658703071672355
73039,73039,100,103,5,14,1,0,193,316,108,207,1,0,0.3259493670886076,0.015822784810126583,0.04430379746835443,0.0031645569620253164,0.0,0.6107594936708861,0.34177215189873417,0.6550632911392406,0.0031645569620253164,0.0,Dan Quart RECAP,0.6550632911392406
73040,73040,100,83,5,14,1,0,142,245,88,156,1,0,0.33877551020408164,0.02040816326530612,0.05714285714285714,0.004081632653061225,0.0,0.5795918367346938,0.35918367346938773,0.636734693877551,0.004081632653061225,0.0,Dan Quart RECAP,0.636734693877551
73041,73041,100,118,4,26,9,0,214,371,122,240,9,0,0.31805929919137466,0.01078167115902965,0.07008086253369272,0.02425876010781671,0.0,0.5768194070080862,0.3288409703504043,0.6469002695417789,0.02425876010781671,0.0,Dan Quart RECAP,0.6469002695417789
73042,73042,100,45,1,6,2,0,82,136,46,88,2,0,0.33088235294117646,0.007352941176470588,0.04411764705882353,0.014705882352941176,0.0,0.6029411764705882,0.3382352941176471,0.6470588235294118,0.014705882352941176,0.0,Dan Quart RECAP,0.6470588235294118
73043,73043,100,15,2,2,0,0,16,35,17,18,0,0,0.42857142857142855,0.05714285714285714,0.05714285714285714,0.0,0.0,0.45714285714285713,0.4857142857142857,0.5142857142857142,0.0,0.0,Dan Quart RECAP,0.5142857142857142
73044,73044,100,35,2,23,5,0,139,204,37,162,5,0,0.1715686274509804,0.00980392156862745,0.11274509803921569,0.024509803921568627,0.0,0.6813725490196079,0.18137254901960784,0.7941176470588235,0.024509803921568627,0.0,Dan Quart RECAP,0.7941176470588235
73045,73045,100,83,2,7,5,0,96,193,85,103,5,0,0.43005181347150256,0.010362694300518135,0.03626943005181347,0.025906735751295335,0.0,0.49740932642487046,0.44041450777202074,0.533678756476684,0.025906735751295335,0.0,Dan Quart RECAP,0.533678756476684
73046,73046,100,57,2,4,1,0,54,118,59,58,1,0,0.4830508474576271,0.01694915254237288,0.03389830508474576,0.00847457627118644,0.0,0.4576271186440678,0.5,0.4915254237288136,0.00847457627118644,0.0,David B. Casavis RECAP,0.5
73047,73047,100,12,0,3,2,0,42,59,12,45,2,0,0.2033898305084746,0.0,0.05084745762711865,0.03389830508474576,0.0,0.711864406779661,0.2033898305084746,0.7627118644067796,0.03389830508474576,0.0,Dan Quart RECAP,0.7627118644067796
73048,73048,100,46,3,8,3,0,83,143,49,91,3,0,0.32167832167832167,0.02097902097902098,0.055944055944055944,0.02097902097902098,0.0,0.5804195804195804,0.34265734265734266,0.6363636363636364,0.02097902097902098,0.0,Dan Quart RECAP,0.6363636363636364
73049,73049,100,16,3,1,1,0,32,53,19,33,1,0,0.3018867924528302,0.05660377358490566,0.018867924528301886,0.018867924528301886,0.0,0.6037735849056604,0.3584905660377358,0.6226415094339622,0.018867924528301886,0.0,Dan Quart RECAP,0.6226415094339622
73050,73050,100,73,3,17,2,1,177,273,76,194,2,1,0.2673992673992674,0.01098901098901099,0.06227106227106227,0.007326007326007326,0.003663003663003663,0.6483516483516484,0.2783882783882784,0.7106227106227107,0.007326007326007326,0.003663003663003663,Dan Quart RECAP,0.7106227106227107
73051,73051,100,61,2,7,2,0,102,174,63,109,2,0,0.3505747126436782,0.011494252873563218,0.040229885057471264,0.011494252873563218,0.0,0.5862068965517241,0.3620689655172414,0.6264367816091954,0.011494252873563218,0.0,Dan Quart RECAP,0.6264367816091954
73052,73052,100,123,1,9,3,0,107,243,124,116,3,0,0.5061728395061729,0.00411522633744856,0.037037037037037035,0.012345679012345678,0.0,0.4403292181069959,0.5102880658436214,0.4773662551440329,0.012345679012345678,0.0,David B. Casavis RECAP,0.5102880658436214
73053,73053,100,97,3,8,1,0,107,216,100,115,1,0,0.44907407407407407,0.013888888888888888,0.037037037037037035,0.004629629629629629,0.0,0.49537037037037035,0.46296296296296297,0.5324074074074074,0.004629629629629629,0.0,Dan Quart RECAP,0.5324074074074074
73054,73054,100,50,1,5,1,0,71,128,51,76,1,0,0.390625,0.0078125,0.0390625,0.0078125,0.0,0.5546875,0.3984375,0.59375,0.0078125,0.0,Dan Quart RECAP,0.59375
73055,73055,100,98,6,15,6,1,219,345,104,234,6,1,0.28405797101449276,0.017391304347826087,0.043478260869565216,0.017391304347826087,0.002898550724637681,0.6347826086956522,0.30144927536231886,0.6782608695652174,0.017391304347826087,0.002898550724637681,Dan Quart RECAP,0.6782608695652174
73056,73056,100,114,2,9,3,1,139,268,116,148,3,1,0.4253731343283582,0.007462686567164179,0.033582089552238806,0.011194029850746268,0.0037313432835820895,0.5186567164179104,0.43283582089552236,0.5522388059701493,0.011194029850746268,0.0037313432835820895,Dan Quart RECAP,0.5522388059701493
73057,73057,100,96,2,27,10,0,247,382,98,274,10,0,0.2513089005235602,0.005235602094240838,0.07068062827225131,0.02617801047120419,0.0,0.6465968586387435,0.25654450261780104,0.7172774869109948,0.02617801047120419,0.0,Dan Quart RECAP,0.7172774869109948
73058,73058,100,128,3,9,8,0,152,300,131,161,8,0,0.4266666666666667,0.01,0.03,0.02666666666666667,0.0,0.5066666666666667,0.43666666666666665,0.5366666666666666,0.02666666666666667,0.0,Dan Quart RECAP,0.5366666666666666
73059,73059,100,119,7,22,5,0,219,372,126,241,5,0,0.31989247311827956,0.01881720430107527,0.05913978494623656,0.013440860215053764,0.0,0.5887096774193549,0.3387096774193548,0.6478494623655914,0.013440860215053764,0.0,Dan Quart RECAP,0.6478494623655914
73060,73060,100,150,5,18,5,0,157,335,155,175,5,0,0.44776119402985076,0.014925373134328358,0.05373134328358209,0.014925373134328358,0.0,0.46865671641791046,0.4626865671641791,0.5223880597014925,0.014925373134328358,0.0,Dan Quart RECAP,0.5223880597014925
73061,73061,100,103,5,8,3,0,114,233,108,122,3,0,0.44206008583690987,0.02145922746781116,0.034334763948497854,0.012875536480686695,0.0,0.4892703862660944,0.463519313304721,0.5236051502145923,0.012875536480686695,0.0,Dan Quart RECAP,0.5236051502145923
73062,73062,100,108,0,13,2,1,191,315,108,204,2,1,0.34285714285714286,0.0,0.04126984126984127,0.006349206349206349,0.0031746031746031746,0.6063492063492063,0.34285714285714286,0.6476190476190476,0.006349206349206349,0.0031746031746031746,Dan Quart RECAP,0.6476190476190476
73063,73063,100,99,5,14,6,0,157,281,104,171,6,0,0.35231316725978645,0.017793594306049824,0.0498220640569395,0.021352313167259787,0.0,0.5587188612099644,0.3701067615658363,0.608540925266904,0.021352313167259787,0.0,Dan Quart RECAP,0.608540925266904
73064,73064,100,117,5,24,1,0,215,362,122,239,1,0,0.32320441988950277,0.013812154696132596,0.06629834254143646,0.0027624309392265192,0.0,0.5939226519337016,0.3370165745856354,0.6602209944751382,0.0027624309392265192,0.0,Dan Quart RECAP,0.6602209944751382
73065,73065,100,89,3,22,4,0,177,295,92,199,4,0,0.3016949152542373,0.010169491525423728,0.07457627118644068,0.013559322033898305,0.0,0.6,0.31186440677966104,0.6745762711864407,0.013559322033898305,0.0,Dan Quart RECAP,0.6745762711864407
73066,73066,100,97,5,9,2,0,144,257,102,153,2,0,0.377431906614786,0.019455252918287938,0.03501945525291829,0.007782101167315175,0.0,0.5603112840466926,0.3968871595330739,0.5953307392996109,0.007782101167315175,0.0,Dan Quart RECAP,0.5953307392996109
73067,73067,100,108,2,7,1,0,110,228,110,117,1,0,0.47368421052631576,0.008771929824561403,0.03070175438596491,0.0043859649122807015,0.0,0.4824561403508772,0.4824561403508772,0.5131578947368421,0.0043859649122807015,0.0,Dan Quart RECAP,0.5131578947368421
73068,73068,100,79,2,21,2,0,207,311,81,228,2,0,0.2540192926045016,0.006430868167202572,0.06752411575562701,0.006430868167202572,0.0,0.6655948553054662,0.2604501607717042,0.7331189710610932,0.006430868167202572,0.0,Dan Quart RECAP,0.7331189710610932
73069,73069,100,90,10,14,9,1,246,370,100,260,9,1,0.24324324324324326,0.02702702702702703,0.03783783783783784,0.024324324324324326,0.002702702702702703,0.6648648648648648,0.2702702702702703,0.7027027027027027,0.024324324324324326,0.002702702702702703,Dan Quart RECAP,0.7027027027027027
73070,73070,100,68,3,21,7,0,151,250,71,172,7,0,0.272,0.012,0.084,0.028,0.0,0.604,0.284,0.688,0.028,0.0,Dan Quart RECAP,0.688
73071,73071,100,144,6,16,4,0,187,357,150,203,4,0,0.40336134453781514,0.01680672268907563,0.04481792717086835,0.011204481792717087,0.0,0.5238095238095238,0.42016806722689076,0.5686274509803921,0.011204481792717087,0.0,Dan Quart RECAP,0.5686274509803921
73072,73072,100,117,10,11,4,0,182,324,127,193,4,0,0.3611111111111111,0.030864197530864196,0.033950617283950615,0.012345679012345678,0.0,0.5617283950617284,0.39197530864197533,0.595679012345679,0.012345679012345678,0.0,Dan Quart RECAP,0.595679012345679
73073,73073,100,114,9,20,3,0,233,379,123,253,3,0,0.3007915567282322,0.023746701846965697,0.052770448548812667,0.0079155672823219,0.0,0.6147757255936676,0.3245382585751979,0.6675461741424802,0.0079155672823219,0.0,Dan Quart RECAP,0.6675461741424802
73074,73074,100,113,1,18,6,0,219,357,114,237,6,0,0.3165266106442577,0.0028011204481792717,0.05042016806722689,0.01680672268907563,0.0,0.6134453781512605,0.31932773109243695,0.6638655462184874,0.01680672268907563,0.0,Dan Quart RECAP,0.6638655462184874
73075,73075,100,71,4,24,3,0,180,282,75,204,3,0,0.25177304964539005,0.014184397163120567,0.0851063829787234,0.010638297872340425,0.0,0.6382978723404256,0.26595744680851063,0.723404255319149,0.010638297872340425,0.0,Dan Quart RECAP,0.723404255319149
73076,73076,100,96,0,22,9,0,199,326,96,221,9,0,0.294478527607362,0.0,0.06748466257668712,0.027607361963190184,0.0,0.6104294478527608,0.294478527607362,0.6779141104294478,0.027607361963190184,0.0,Dan Quart RECAP,0.6779141104294478
73077,73077,100,105,10,23,5,0,205,348,115,228,5,0,0.3017241379310345,0.028735632183908046,0.06609195402298851,0.014367816091954023,0.0,0.5890804597701149,0.33045977011494254,0.6551724137931034,0.014367816091954023,0.0,Dan Quart RECAP,0.6551724137931034
73078,73078,100,83,1,13,6,0,133,236,84,146,6,0,0.3516949152542373,0.00423728813559322,0.05508474576271186,0.025423728813559324,0.0,0.5635593220338984,0.3559322033898305,0.6186440677966102,0.025423728813559324,0.0,Dan Quart RECAP,0.6186440677966102
73079,73079,100,106,5,20,3,0,198,332,111,218,3,0,0.3192771084337349,0.015060240963855422,0.060240963855421686,0.009036144578313253,0.0,0.5963855421686747,0.33433734939759036,0.6566265060240963,0.009036144578313253,0.0,Dan Quart RECAP,0.6566265060240963
73080,73080,100,93,4,13,4,0,211,325,97,224,4,0,0.28615384615384615,0.012307692307692308,0.04,0.012307692307692308,0.0,0.6492307692307693,0.29846153846153844,0.6892307692307692,0.012307692307692308,0.0,Dan Quart RECAP,0.6892307692307692
73081,73081,100,71,3,12,8,0,154,248,74,166,8,0,0.2862903225806452,0.012096774193548387,0.04838709677419355,0.03225806451612903,0.0,0.6209677419354839,0.29838709677419356,0.6693548387096774,0.03225806451612903,0.0,Dan Quart RECAP,0.6693548387096774
73082,73082,100,120,4,23,6,1,224,378,124,247,6,1,0.31746031746031744,0.010582010582010581,0.06084656084656084,0.015873015873015872,0.0026455026455026454,0.5925925925925926,0.328042328042328,0.6534391534391535,0.015873015873015872,0.0026455026455026454,Dan Quart RECAP,0.6534391534391535
73083,73083,100,57,1,18,7,0,166,249,58,184,7,0,0.2289156626506024,0.004016064257028112,0.07228915662650602,0.028112449799196786,0.0,0.6666666666666666,0.23293172690763053,0.7389558232931727,0.028112449799196786,0.0,Dan Quart RECAP,0.7389558232931727
73084,73084,100,42,3,25,8,1,110,189,45,135,8,1,0.2222222222222222,0.015873015873015872,0.13227513227513227,0.042328042328042326,0.005291005291005291,0.582010582010582,0.23809523809523808,0.7142857142857143,0.042328042328042326,0.005291005291005291,Dan Quart RECAP,0.7142857142857143
73085,73085,100,59,2,45,9,1,199,315,61,244,9,1,0.1873015873015873,0.006349206349206349,0.14285714285714285,0.02857142857142857,0.0031746031746031746,0.6317460317460317,0.19365079365079366,0.7746031746031746,0.02857142857142857,0.0031746031746031746,Dan Quart RECAP,0.7746031746031746
73086,73086,100,121,3,22,8,1,222,377,124,244,8,1,0.3209549071618037,0.007957559681697613,0.058355437665782495,0.021220159151193633,0.002652519893899204,0.5888594164456233,0.32891246684350134,0.6472148541114059,0.021220159151193633,0.002652519893899204,Dan Quart RECAP,0.6472148541114059
73087,73087,100,115,5,22,8,0,224,374,120,246,8,0,0.3074866310160428,0.013368983957219251,0.058823529411764705,0.0213903743315508,0.0,0.5989304812834224,0.32085561497326204,0.6577540106951871,0.0213903743315508,0.0,Dan Quart RECAP,0.6577540106951871
73088,73088,100,142,8,19,3,0,236,408,150,255,3,0,0.3480392156862745,0.0196078431372549,0.04656862745098039,0.007352941176470588,0.0,0.5784313725490197,0.36764705882352944,0.625,0.007352941176470588,0.0,Dan Quart RECAP,0.625
73089,73089,100,98,2,18,3,0,154,275,100,172,3,0,0.3563636363636364,0.007272727272727273,0.06545454545454546,0.01090909090909091,0.0,0.56,0.36363636363636365,0.6254545454545455,0.01090909090909091,0.0,Dan Quart RECAP,0.6254545454545455
73090,73090,100,77,5,28,13,0,303,426,82,331,13,0,0.1807511737089202,0.011737089201877934,0.06572769953051644,0.03051643192488263,0.0,0.7112676056338029,0.19248826291079812,0.7769953051643192,0.03051643192488263,0.0,Dan Quart RECAP,0.7769953051643192
73091,73091,100,74,4,24,8,0,250,360,78,274,8,0,0.20555555555555555,0.011111111111111112,0.06666666666666667,0.022222222222222223,0.0,0.6944444444444444,0.21666666666666667,0.7611111111111111,0.022222222222222223,0.0,Dan Quart RECAP,0.7611111111111111
73092,73092,100,33,4,12,4,0,200,253,37,212,4,0,0.13043478260869565,0.015810276679841896,0.04743083003952569,0.015810276679841896,0.0,0.7905138339920948,0.14624505928853754,0.8379446640316206,0.015810276679841896,0.0,Dan Quart RECAP,0.8379446640316206
73093,73093,100,53,4,25,11,1,194,288,57,219,11,1,0.1840277777777778,0.013888888888888888,0.08680555555555555,0.03819444444444445,0.003472222222222222,0.6736111111111112,0.19791666666666666,0.7604166666666666,0.03819444444444445,0.003472222222222222,Dan Quart RECAP,0.7604166666666666
73094,73094,100,24,1,17,6,1,140,189,25,157,6,1,0.12698412698412698,0.005291005291005291,0.08994708994708994,0.031746031746031744,0.005291005291005291,0.7407407407407407,0.13227513227513227,0.8306878306878307,0.031746031746031744,0.005291005291005291,Dan Quart RECAP,0.8306878306878307
73095,73095,100,39,5,24,8,0,250,326,44,274,8,0,0.1196319018404908,0.015337423312883436,0.0736196319018405,0.024539877300613498,0.0,0.7668711656441718,0.13496932515337423,0.8404907975460123,0.024539877300613498,0.0,Dan Quart RECAP,0.8404907975460123
73096,73096,100,63,3,11,6,0,149,232,66,160,6,0,0.27155172413793105,0.01293103448275862,0.04741379310344827,0.02586206896551724,0.0,0.6422413793103449,0.28448275862068967,0.6896551724137931,0.02586206896551724,0.0,Dan Quart RECAP,0.6896551724137931
73097,73097,100,33,3,23,4,0,144,207,36,167,4,0,0.15942028985507245,0.014492753623188406,0.1111111111111111,0.01932367149758454,0.0,0.6956521739130435,0.17391304347826086,0.8067632850241546,0.01932367149758454,0.0,Dan Quart RECAP,0.8067632850241546
