ED,Reported As,Reporting,Bill Perkins (Working Families),Bill Perkins (Democratic),Scattered,Jon Girodes (Republican),Total Votes,Bill Perkins RECAP,Scattered RECAP,Jon Girodes RECAP,p_Bill Perkins (Working Families),p_Bill Perkins (Democratic),p_Scattered,p_Jon Girodes (Republican),p_Bill Perkins RECAP,p_Scattered RECAP,p_Jon Girodes RECAP,winner,winner_p
67086,67086,100,72,278,0,40,390,350,0,40,0.18461538461538463,0.7128205128205128,0.0,0.10256410256410256,0.8974358974358975,0.0,0.10256410256410256,Bill Perkins RECAP,0.8974358974358975
68013,68013,100,8,56,0,4,68,64,0,4,0.11764705882352941,0.8235294117647058,0.0,0.058823529411764705,0.9411764705882353,0.0,0.058823529411764705,Bill Perkins RECAP,0.9411764705882353
68024,68024,100,6,70,1,4,81,76,1,4,0.07407407407407407,0.8641975308641975,0.012345679012345678,0.04938271604938271,0.9382716049382716,0.012345679012345678,0.04938271604938271,Bill Perkins RECAP,0.9382716049382716
68025,68025,100,8,98,1,6,113,106,1,6,0.07079646017699115,0.8672566371681416,0.008849557522123894,0.05309734513274336,0.9380530973451328,0.008849557522123894,0.05309734513274336,Bill Perkins RECAP,0.9380530973451328
68026,68026,100,8,105,0,12,125,113,0,12,0.064,0.84,0.0,0.096,0.904,0.0,0.096,Bill Perkins RECAP,0.904
68027,68027,100,3,82,2,14,101,85,2,14,0.0297029702970297,0.8118811881188119,0.019801980198019802,0.13861386138613863,0.8415841584158416,0.019801980198019802,0.13861386138613863,Bill Perkins RECAP,0.8415841584158416
68028,68028,100,10,105,0,12,127,115,0,12,0.07874015748031496,0.8267716535433071,0.0,0.09448818897637795,0.905511811023622,0.0,0.09448818897637795,Bill Perkins RECAP,0.905511811023622
68029,68029,100,3,46,0,4,53,49,0,4,0.05660377358490566,0.8679245283018868,0.0,0.07547169811320754,0.9245283018867925,0.0,0.07547169811320754,Bill Perkins RECAP,0.9245283018867925
68030,68030,100,6,87,0,2,95,93,0,2,0.06315789473684211,0.9157894736842105,0.0,0.021052631578947368,0.9789473684210527,0.0,0.021052631578947368,Bill Perkins RECAP,0.9789473684210527
68031,68031,100,11,182,0,6,199,193,0,6,0.05527638190954774,0.914572864321608,0.0,0.03015075376884422,0.9698492462311558,0.0,0.03015075376884422,Bill Perkins RECAP,0.9698492462311558
68032,68032,100,2,113,0,4,119,115,0,4,0.01680672268907563,0.9495798319327731,0.0,0.03361344537815126,0.9663865546218487,0.0,0.03361344537815126,Bill Perkins RECAP,0.9663865546218487
68033,68033,100,27,174,0,19,220,201,0,19,0.12272727272727273,0.7909090909090909,0.0,0.08636363636363636,0.9136363636363637,0.0,0.08636363636363636,Bill Perkins RECAP,0.9136363636363637
68034,68034,100,15,162,0,7,184,177,0,7,0.08152173913043478,0.8804347826086957,0.0,0.03804347826086957,0.9619565217391305,0.0,0.03804347826086957,Bill Perkins RECAP,0.9619565217391305
68035,68035,100,1,84,0,1,86,85,0,1,0.011627906976744186,0.9767441860465116,0.0,0.011627906976744186,0.9883720930232558,0.0,0.011627906976744186,Bill Perkins RECAP,0.9883720930232558
68036,68036,100,6,177,0,2,185,183,0,2,0.032432432432432434,0.9567567567567568,0.0,0.010810810810810811,0.9891891891891892,0.0,0.010810810810810811,Bill Perkins RECAP,0.9891891891891892
68047,68047,100,4,104,1,6,115,108,1,6,0.034782608695652174,0.9043478260869565,0.008695652173913044,0.05217391304347826,0.9391304347826087,0.008695652173913044,0.05217391304347826,Bill Perkins RECAP,0.9391304347826087
68048,68048,100,4,117,0,8,129,121,0,8,0.031007751937984496,0.9069767441860465,0.0,0.06201550387596899,0.937984496124031,0.0,0.06201550387596899,Bill Perkins RECAP,0.937984496124031
68049,68049,100,6,119,0,0,125,125,0,0,0.048,0.952,0.0,0.0,1.0,0.0,0.0,Bill Perkins RECAP,1.0
68050,68050,100,9,195,0,3,207,204,0,3,0.043478260869565216,0.9420289855072463,0.0,0.014492753623188406,0.9855072463768116,0.0,0.014492753623188406,Bill Perkins RECAP,0.9855072463768116
68051,68051,100,10,150,0,9,169,160,0,9,0.05917159763313609,0.8875739644970414,0.0,0.05325443786982249,0.9467455621301775,0.0,0.05325443786982249,Bill Perkins RECAP,0.9467455621301775
68052,68052,100,10,165,1,9,185,175,1,9,0.05405405405405406,0.8918918918918919,0.005405405405405406,0.04864864864864865,0.9459459459459459,0.005405405405405406,0.04864864864864865,Bill Perkins RECAP,0.9459459459459459
68053,68053,100,11,135,0,3,149,146,0,3,0.0738255033557047,0.9060402684563759,0.0,0.020134228187919462,0.9798657718120806,0.0,0.020134228187919462,Bill Perkins RECAP,0.9798657718120806
68056,68056,100,18,128,0,7,153,146,0,7,0.11764705882352941,0.8366013071895425,0.0,0.0457516339869281,0.954248366013072,0.0,0.0457516339869281,Bill Perkins RECAP,0.954248366013072
68057,68057,100,18,205,0,7,230,223,0,7,0.0782608695652174,0.8913043478260869,0.0,0.030434782608695653,0.9695652173913043,0.0,0.030434782608695653,Bill Perkins RECAP,0.9695652173913043
68058,68058,100,9,109,0,3,121,118,0,3,0.0743801652892562,0.9008264462809917,0.0,0.024793388429752067,0.9752066115702479,0.0,0.024793388429752067,Bill Perkins RECAP,0.9752066115702479
68059,68059,100,11,154,0,9,174,165,0,9,0.06321839080459771,0.8850574712643678,0.0,0.05172413793103448,0.9482758620689655,0.0,0.05172413793103448,Bill Perkins RECAP,0.9482758620689655
68060,68060,100,16,165,0,2,183,181,0,2,0.08743169398907104,0.9016393442622951,0.0,0.01092896174863388,0.9890710382513661,0.0,0.01092896174863388,Bill Perkins RECAP,0.9890710382513661
68061,68061,100,7,152,0,3,162,159,0,3,0.043209876543209874,0.9382716049382716,0.0,0.018518518518518517,0.9814814814814815,0.0,0.018518518518518517,Bill Perkins RECAP,0.9814814814814815
68062,68062,100,7,93,0,8,108,100,0,8,0.06481481481481481,0.8611111111111112,0.0,0.07407407407407407,0.9259259259259259,0.0,0.07407407407407407,Bill Perkins RECAP,0.9259259259259259
68063,68063,100,7,171,0,8,186,178,0,8,0.03763440860215054,0.9193548387096774,0.0,0.043010752688172046,0.956989247311828,0.0,0.043010752688172046,Bill Perkins RECAP,0.956989247311828
68064,68064,100,1,84,0,3,88,85,0,3,0.011363636363636364,0.9545454545454546,0.0,0.03409090909090909,0.9659090909090909,0.0,0.03409090909090909,Bill Perkins RECAP,0.9659090909090909
68065,68065,100,3,86,0,7,96,89,0,7,0.03125,0.8958333333333334,0.0,0.07291666666666667,0.9270833333333334,0.0,0.07291666666666667,Bill Perkins RECAP,0.9270833333333334
68066,68066,100,9,137,0,3,149,146,0,3,0.06040268456375839,0.9194630872483222,0.0,0.020134228187919462,0.9798657718120806,0.0,0.020134228187919462,Bill Perkins RECAP,0.9798657718120806
68067,68067,100,5,76,0,6,87,81,0,6,0.05747126436781609,0.8735632183908046,0.0,0.06896551724137931,0.9310344827586207,0.0,0.06896551724137931,Bill Perkins RECAP,0.9310344827586207
68068,68068,100,2,83,0,1,86,85,0,1,0.023255813953488372,0.9651162790697675,0.0,0.011627906976744186,0.9883720930232558,0.0,0.011627906976744186,Bill Perkins RECAP,0.9883720930232558
68069,68069,100,3,112,0,2,117,115,0,2,0.02564102564102564,0.9572649572649573,0.0,0.017094017094017096,0.9829059829059829,0.0,0.017094017094017096,Bill Perkins RECAP,0.9829059829059829
68070,68070,100,4,56,0,2,62,60,0,2,0.06451612903225806,0.9032258064516129,0.0,0.03225806451612903,0.967741935483871,0.0,0.03225806451612903,Bill Perkins RECAP,0.967741935483871
68073,68073,100,16,96,0,12,124,112,0,12,0.12903225806451613,0.7741935483870968,0.0,0.0967741935483871,0.9032258064516129,0.0,0.0967741935483871,Bill Perkins RECAP,0.9032258064516129
68074,68074,100,17,148,1,6,172,165,1,6,0.09883720930232558,0.8604651162790697,0.005813953488372093,0.03488372093023256,0.9593023255813954,0.005813953488372093,0.03488372093023256,Bill Perkins RECAP,0.9593023255813954
68078,68078,100,24,205,0,15,244,229,0,15,0.09836065573770492,0.8401639344262295,0.0,0.06147540983606557,0.9385245901639344,0.0,0.06147540983606557,Bill Perkins RECAP,0.9385245901639344
68079,68079,100,13,94,0,6,113,107,0,6,0.11504424778761062,0.831858407079646,0.0,0.05309734513274336,0.9469026548672567,0.0,0.05309734513274336,Bill Perkins RECAP,0.9469026548672567
68080,68080,100,50,198,0,37,285,248,0,37,0.17543859649122806,0.6947368421052632,0.0,0.12982456140350876,0.8701754385964913,0.0,0.12982456140350876,Bill Perkins RECAP,0.8701754385964913
68081,68081,100,9,47,0,2,58,56,0,2,0.15517241379310345,0.8103448275862069,0.0,0.034482758620689655,0.9655172413793104,0.0,0.034482758620689655,Bill Perkins RECAP,0.9655172413793104
68082,68082,100,30,225,0,11,266,255,0,11,0.11278195488721804,0.8458646616541353,0.0,0.041353383458646614,0.9586466165413534,0.0,0.041353383458646614,Bill Perkins RECAP,0.9586466165413534
68083,68083,100,20,205,2,13,240,225,2,13,0.08333333333333333,0.8541666666666666,0.008333333333333333,0.05416666666666667,0.9375,0.008333333333333333,0.05416666666666667,Bill Perkins RECAP,0.9375
68084,68084,100,7,166,0,6,179,173,0,6,0.03910614525139665,0.9273743016759777,0.0,0.0335195530726257,0.9664804469273743,0.0,0.0335195530726257,Bill Perkins RECAP,0.9664804469273743
68085,68085,100,9,209,0,3,221,218,0,3,0.04072398190045249,0.9457013574660633,0.0,0.013574660633484163,0.9864253393665159,0.0,0.013574660633484163,Bill Perkins RECAP,0.9864253393665159
68086,68086,100,3,29,0,2,34,32,0,2,0.08823529411764706,0.8529411764705882,0.0,0.058823529411764705,0.9411764705882353,0.0,0.058823529411764705,Bill Perkins RECAP,0.9411764705882353
68087,68087,100,13,218,1,6,238,231,1,6,0.0546218487394958,0.9159663865546218,0.004201680672268907,0.025210084033613446,0.9705882352941176,0.004201680672268907,0.025210084033613446,Bill Perkins RECAP,0.9705882352941176
68088,68088,100,5,101,0,5,111,106,0,5,0.04504504504504504,0.9099099099099099,0.0,0.04504504504504504,0.954954954954955,0.0,0.04504504504504504,Bill Perkins RECAP,0.954954954954955
68089,68089,100,11,208,0,8,227,219,0,8,0.048458149779735685,0.9162995594713657,0.0,0.03524229074889868,0.9647577092511013,0.0,0.03524229074889868,Bill Perkins RECAP,0.9647577092511013
68090,68090,100,5,107,0,4,116,112,0,4,0.04310344827586207,0.9224137931034483,0.0,0.034482758620689655,0.9655172413793104,0.0,0.034482758620689655,Bill Perkins RECAP,0.9655172413793104
68091,68091,100,1,78,0,4,83,79,0,4,0.012048192771084338,0.9397590361445783,0.0,0.04819277108433735,0.9518072289156626,0.0,0.04819277108433735,Bill Perkins RECAP,0.9518072289156626
68092,68092,100,6,98,0,6,110,104,0,6,0.05454545454545454,0.8909090909090909,0.0,0.05454545454545454,0.9454545454545454,0.0,0.05454545454545454,Bill Perkins RECAP,0.9454545454545454
68093,68093,100,7,187,0,4,198,194,0,4,0.03535353535353535,0.9444444444444444,0.0,0.020202020202020204,0.9797979797979798,0.0,0.020202020202020204,Bill Perkins RECAP,0.9797979797979798
68097,68097,100,6,64,0,5,75,70,0,5,0.08,0.8533333333333334,0.0,0.06666666666666667,0.9333333333333333,0.0,0.06666666666666667,Bill Perkins RECAP,0.9333333333333333
68098,68098,100,3,96,0,11,110,99,0,11,0.02727272727272727,0.8727272727272727,0.0,0.1,0.9,0.0,0.1,Bill Perkins RECAP,0.9
68099,68099,100,5,66,0,3,74,71,0,3,0.06756756756756757,0.8918918918918919,0.0,0.04054054054054054,0.9594594594594594,0.0,0.04054054054054054,Bill Perkins RECAP,0.9594594594594594
68100,68100,100,9,121,0,3,133,130,0,3,0.06766917293233082,0.9097744360902256,0.0,0.022556390977443608,0.9774436090225563,0.0,0.022556390977443608,Bill Perkins RECAP,0.9774436090225563
68101,68101,100,10,80,0,7,97,90,0,7,0.10309278350515463,0.8247422680412371,0.0,0.07216494845360824,0.9278350515463918,0.0,0.07216494845360824,Bill Perkins RECAP,0.9278350515463918
68200,68200,100,0,0,0,0,0,0,0,0,0,0,0,0,0,0,0,n/a,0
68203,68203,100,0,0,0,0,0,0,0,0,0,0,0,0,0,0,0,n/a,0
68207,68207,100,0,0,0,0,0,0,0,0,0,0,0,0,0,0,0,n/a,0
69013,69013,100,38,154,0,33,225,192,0,33,0.1688888888888889,0.6844444444444444,0.0,0.14666666666666667,0.8533333333333334,0.0,0.14666666666666667,Bill Perkins RECAP,0.8533333333333334
69014,69014,100,29,121,1,49,200,150,1,49,0.145,0.605,0.005,0.245,0.75,0.005,0.245,Bill Perkins RECAP,0.75
69015,69015,100,45,234,0,36,315,279,0,36,0.14285714285714285,0.7428571428571429,0.0,0.11428571428571428,0.8857142857142857,0.0,0.11428571428571428,Bill Perkins RECAP,0.8857142857142857
69016,69016,100,23,163,0,29,215,186,0,29,0.10697674418604651,0.7581395348837209,0.0,0.13488372093023257,0.8651162790697674,0.0,0.13488372093023257,Bill Perkins RECAP,0.8651162790697674
69017,69017,100,29,232,0,14,275,261,0,14,0.10545454545454545,0.8436363636363636,0.0,0.05090909090909091,0.9490909090909091,0.0,0.05090909090909091,Bill Perkins RECAP,0.9490909090909091
69018,69018,100,64,289,1,40,394,353,1,40,0.16243654822335024,0.733502538071066,0.0025380710659898475,0.10152284263959391,0.8959390862944162,0.0025380710659898475,0.10152284263959391,Bill Perkins RECAP,0.8959390862944162
69019,69019,100,23,159,0,18,200,182,0,18,0.115,0.795,0.0,0.09,0.91,0.0,0.09,Bill Perkins RECAP,0.91
69020,69020,100,48,273,1,38,360,321,1,38,0.13333333333333333,0.7583333333333333,0.002777777777777778,0.10555555555555556,0.8916666666666667,0.002777777777777778,0.10555555555555556,Bill Perkins RECAP,0.8916666666666667
69021,69021,100,40,153,0,25,218,193,0,25,0.1834862385321101,0.7018348623853211,0.0,0.11467889908256881,0.8853211009174312,0.0,0.11467889908256881,Bill Perkins RECAP,0.8853211009174312
69028,69028,100,8,98,0,7,113,106,0,7,0.07079646017699115,0.8672566371681416,0.0,0.061946902654867256,0.9380530973451328,0.0,0.061946902654867256,Bill Perkins RECAP,0.9380530973451328
69029,69029,100,87,240,0,25,352,327,0,25,0.2471590909090909,0.6818181818181818,0.0,0.07102272727272728,0.9289772727272727,0.0,0.07102272727272728,Bill Perkins RECAP,0.9289772727272727
69030,69030,100,87,208,0,30,325,295,0,30,0.2676923076923077,0.64,0.0,0.09230769230769231,0.9076923076923077,0.0,0.09230769230769231,Bill Perkins RECAP,0.9076923076923077
69031,69031,100,53,221,0,30,304,274,0,30,0.17434210526315788,0.7269736842105263,0.0,0.09868421052631579,0.9013157894736842,0.0,0.09868421052631579,Bill Perkins RECAP,0.9013157894736842
69032,69032,100,102,217,1,34,354,319,1,34,0.288135593220339,0.6129943502824858,0.002824858757062147,0.096045197740113,0.9011299435028248,0.002824858757062147,0.096045197740113,Bill Perkins RECAP,0.9011299435028248
69033,69033,100,80,266,2,48,396,346,2,48,0.20202020202020202,0.6717171717171717,0.005050505050505051,0.12121212121212122,0.8737373737373737,0.005050505050505051,0.12121212121212122,Bill Perkins RECAP,0.8737373737373737
69034,69034,100,72,214,0,30,316,286,0,30,0.22784810126582278,0.6772151898734177,0.0,0.0949367088607595,0.9050632911392406,0.0,0.0949367088607595,Bill Perkins RECAP,0.9050632911392406
69035,69035,100,26,79,0,17,122,105,0,17,0.21311475409836064,0.6475409836065574,0.0,0.13934426229508196,0.860655737704918,0.0,0.13934426229508196,Bill Perkins RECAP,0.860655737704918
69037,69037,100,33,131,0,22,186,164,0,22,0.1774193548387097,0.7043010752688172,0.0,0.11827956989247312,0.8817204301075269,0.0,0.11827956989247312,Bill Perkins RECAP,0.8817204301075269
69038,69038,100,36,204,0,31,271,240,0,31,0.13284132841328414,0.7527675276752768,0.0,0.11439114391143912,0.8856088560885609,0.0,0.11439114391143912,Bill Perkins RECAP,0.8856088560885609
69039,69039,100,67,217,0,28,312,284,0,28,0.21474358974358973,0.6955128205128205,0.0,0.08974358974358974,0.9102564102564102,0.0,0.08974358974358974,Bill Perkins RECAP,0.9102564102564102
69040,69040,100,80,248,0,21,349,328,0,21,0.22922636103151864,0.7106017191977078,0.0,0.06017191977077364,0.9398280802292264,0.0,0.06017191977077364,Bill Perkins RECAP,0.9398280802292264
69041,69041,100,75,250,0,40,365,325,0,40,0.2054794520547945,0.684931506849315,0.0,0.1095890410958904,0.8904109589041096,0.0,0.1095890410958904,Bill Perkins RECAP,0.8904109589041096
69042,69042,100,58,240,0,39,337,298,0,39,0.17210682492581603,0.712166172106825,0.0,0.11572700296735905,0.884272997032641,0.0,0.11572700296735905,Bill Perkins RECAP,0.884272997032641
69043,69043,100,59,221,0,25,305,280,0,25,0.19344262295081968,0.7245901639344262,0.0,0.08196721311475409,0.9180327868852459,0.0,0.08196721311475409,Bill Perkins RECAP,0.9180327868852459
69044,69044,100,58,186,1,25,270,244,1,25,0.21481481481481482,0.6888888888888889,0.003703703703703704,0.09259259259259259,0.9037037037037037,0.003703703703703704,0.09259259259259259,Bill Perkins RECAP,0.9037037037037037
69052,69052,100,40,191,0,18,249,231,0,18,0.1606425702811245,0.7670682730923695,0.0,0.07228915662650602,0.927710843373494,0.0,0.07228915662650602,Bill Perkins RECAP,0.927710843373494
69053,69053,100,4,129,0,2,135,133,0,2,0.02962962962962963,0.9555555555555556,0.0,0.014814814814814815,0.9851851851851852,0.0,0.014814814814814815,Bill Perkins RECAP,0.9851851851851852
69054,69054,100,25,157,0,15,197,182,0,15,0.12690355329949238,0.7969543147208121,0.0,0.07614213197969544,0.9238578680203046,0.0,0.07614213197969544,Bill Perkins RECAP,0.9238578680203046
69055,69055,100,38,214,0,16,268,252,0,16,0.1417910447761194,0.7985074626865671,0.0,0.05970149253731343,0.9402985074626866,0.0,0.05970149253731343,Bill Perkins RECAP,0.9402985074626866
69056,69056,100,4,123,0,4,131,127,0,4,0.030534351145038167,0.9389312977099237,0.0,0.030534351145038167,0.9694656488549618,0.0,0.030534351145038167,Bill Perkins RECAP,0.9694656488549618
69057,69057,100,10,206,1,4,221,216,1,4,0.04524886877828054,0.9321266968325792,0.004524886877828055,0.01809954751131222,0.9773755656108597,0.004524886877828055,0.01809954751131222,Bill Perkins RECAP,0.9773755656108597
69058,69058,100,43,162,0,14,219,205,0,14,0.1963470319634703,0.7397260273972602,0.0,0.0639269406392694,0.9360730593607306,0.0,0.0639269406392694,Bill Perkins RECAP,0.9360730593607306
69059,69059,100,29,89,0,6,124,118,0,6,0.23387096774193547,0.717741935483871,0.0,0.04838709677419355,0.9516129032258065,0.0,0.04838709677419355,Bill Perkins RECAP,0.9516129032258065
69067,69067,100,10,93,0,7,110,103,0,7,0.09090909090909091,0.8454545454545455,0.0,0.06363636363636363,0.9363636363636364,0.0,0.06363636363636363,Bill Perkins RECAP,0.9363636363636364
69068,69068,100,28,163,1,16,208,191,1,16,0.1346153846153846,0.7836538461538461,0.004807692307692308,0.07692307692307693,0.9182692307692307,0.004807692307692308,0.07692307692307693,Bill Perkins RECAP,0.9182692307692307
69069,69069,100,85,219,0,20,324,304,0,20,0.2623456790123457,0.6759259259259259,0.0,0.06172839506172839,0.9382716049382716,0.0,0.06172839506172839,Bill Perkins RECAP,0.9382716049382716
69070,69070,100,19,73,0,13,105,92,0,13,0.18095238095238095,0.6952380952380952,0.0,0.12380952380952381,0.8761904761904762,0.0,0.12380952380952381,Bill Perkins RECAP,0.8761904761904762
69071,69071,100,25,81,0,10,116,106,0,10,0.21551724137931033,0.6982758620689655,0.0,0.08620689655172414,0.9137931034482759,0.0,0.08620689655172414,Bill Perkins RECAP,0.9137931034482759
69074,69074,100,21,154,1,12,188,175,1,12,0.11170212765957446,0.8191489361702128,0.005319148936170213,0.06382978723404255,0.9308510638297872,0.005319148936170213,0.06382978723404255,Bill Perkins RECAP,0.9308510638297872
69075,69075,100,30,178,0,8,216,208,0,8,0.1388888888888889,0.8240740740740741,0.0,0.037037037037037035,0.9629629629629629,0.0,0.037037037037037035,Bill Perkins RECAP,0.9629629629629629
69076,69076,100,17,145,0,13,175,162,0,13,0.09714285714285714,0.8285714285714286,0.0,0.07428571428571429,0.9257142857142857,0.0,0.07428571428571429,Bill Perkins RECAP,0.9257142857142857
69080,69080,100,15,149,0,10,174,164,0,10,0.08620689655172414,0.8563218390804598,0.0,0.05747126436781609,0.9425287356321839,0.0,0.05747126436781609,Bill Perkins RECAP,0.9425287356321839
69081,69081,100,51,221,0,14,286,272,0,14,0.17832167832167833,0.7727272727272727,0.0,0.04895104895104895,0.951048951048951,0.0,0.04895104895104895,Bill Perkins RECAP,0.951048951048951
69082,69082,100,26,110,0,15,151,136,0,15,0.17218543046357615,0.7284768211920529,0.0,0.09933774834437085,0.9006622516556292,0.0,0.09933774834437085,Bill Perkins RECAP,0.9006622516556292
69083,69083,100,33,276,0,18,327,309,0,18,0.10091743119266056,0.8440366972477065,0.0,0.05504587155963303,0.944954128440367,0.0,0.05504587155963303,Bill Perkins RECAP,0.944954128440367
69087,69087,100,83,221,0,18,322,304,0,18,0.2577639751552795,0.6863354037267081,0.0,0.055900621118012424,0.9440993788819876,0.0,0.055900621118012424,Bill Perkins RECAP,0.9440993788819876
69089,69089,100,5,47,0,4,56,52,0,4,0.08928571428571429,0.8392857142857143,0.0,0.07142857142857142,0.9285714285714286,0.0,0.07142857142857142,Bill Perkins RECAP,0.9285714285714286
69090,69090,100,43,171,3,22,239,214,3,22,0.1799163179916318,0.7154811715481172,0.012552301255230125,0.09205020920502092,0.895397489539749,0.012552301255230125,0.09205020920502092,Bill Perkins RECAP,0.895397489539749
69091,69091,100,47,139,0,19,205,186,0,19,0.22926829268292684,0.6780487804878049,0.0,0.09268292682926829,0.9073170731707317,0.0,0.09268292682926829,Bill Perkins RECAP,0.9073170731707317
69093,69093,100,128,265,2,24,419,393,2,24,0.3054892601431981,0.6324582338902148,0.00477326968973747,0.057279236276849645,0.9379474940334129,0.00477326968973747,0.057279236276849645,Bill Perkins RECAP,0.9379474940334129
69094,69094,100,32,93,0,14,139,125,0,14,0.2302158273381295,0.6690647482014388,0.0,0.10071942446043165,0.8992805755395683,0.0,0.10071942446043165,Bill Perkins RECAP,0.8992805755395683
69095,69095,100,90,198,0,25,313,288,0,25,0.28753993610223644,0.6325878594249201,0.0,0.07987220447284345,0.9201277955271565,0.0,0.07987220447284345,Bill Perkins RECAP,0.9201277955271565
69097,69097,100,49,145,0,5,199,194,0,5,0.24623115577889448,0.7286432160804021,0.0,0.02512562814070352,0.9748743718592965,0.0,0.02512562814070352,Bill Perkins RECAP,0.9748743718592965
69098,69098,100,46,149,0,11,206,195,0,11,0.22330097087378642,0.7233009708737864,0.0,0.05339805825242718,0.9466019417475728,0.0,0.05339805825242718,Bill Perkins RECAP,0.9466019417475728
69099,69099,100,144,284,0,28,456,428,0,28,0.3157894736842105,0.6228070175438597,0.0,0.06140350877192982,0.9385964912280702,0.0,0.06140350877192982,Bill Perkins RECAP,0.9385964912280702
69100,69100,100,41,203,0,7,251,244,0,7,0.16334661354581673,0.8087649402390438,0.0,0.027888446215139442,0.9721115537848606,0.0,0.027888446215139442,Bill Perkins RECAP,0.9721115537848606
69101,69101,100,9,213,0,4,226,222,0,4,0.03982300884955752,0.9424778761061947,0.0,0.017699115044247787,0.9823008849557522,0.0,0.017699115044247787,Bill Perkins RECAP,0.9823008849557522
69102,69102,100,10,156,0,3,169,166,0,3,0.05917159763313609,0.9230769230769231,0.0,0.01775147928994083,0.9822485207100592,0.0,0.01775147928994083,Bill Perkins RECAP,0.9822485207100592
69103,69103,100,9,170,0,3,182,179,0,3,0.04945054945054945,0.9340659340659341,0.0,0.016483516483516484,0.9835164835164835,0.0,0.016483516483516484,Bill Perkins RECAP,0.9835164835164835
69104,69104,100,12,50,0,5,67,62,0,5,0.1791044776119403,0.746268656716418,0.0,0.07462686567164178,0.9253731343283582,0.0,0.07462686567164178,Bill Perkins RECAP,0.9253731343283582
69200,69200,100,0,0,0,0,0,0,0,0,0,0,0,0,0,0,0,n/a,0
70001,70001,100,28,209,2,16,255,237,2,16,0.10980392156862745,0.8196078431372549,0.00784313725490196,0.06274509803921569,0.9294117647058824,0.00784313725490196,0.06274509803921569,Bill Perkins RECAP,0.9294117647058824
70002,70002,100,20,149,0,9,178,169,0,9,0.11235955056179775,0.8370786516853933,0.0,0.05056179775280899,0.949438202247191,0.0,0.05056179775280899,Bill Perkins RECAP,0.949438202247191
70003,70003,100,23,224,1,8,256,247,1,8,0.08984375,0.875,0.00390625,0.03125,0.96484375,0.00390625,0.03125,Bill Perkins RECAP,0.96484375
70004,70004,100,23,198,0,7,228,221,0,7,0.10087719298245613,0.868421052631579,0.0,0.03070175438596491,0.9692982456140351,0.0,0.03070175438596491,Bill Perkins RECAP,0.9692982456140351
70005,70005,100,48,248,1,18,315,296,1,18,0.1523809523809524,0.7873015873015873,0.0031746031746031746,0.05714285714285714,0.9396825396825397,0.0031746031746031746,0.05714285714285714,Bill Perkins RECAP,0.9396825396825397
70006,70006,100,23,133,1,11,168,156,1,11,0.13690476190476192,0.7916666666666666,0.005952380952380952,0.06547619047619048,0.9285714285714286,0.005952380952380952,0.06547619047619048,Bill Perkins RECAP,0.9285714285714286
70007,70007,100,22,182,1,6,211,204,1,6,0.10426540284360189,0.8625592417061612,0.004739336492890996,0.02843601895734597,0.966824644549763,0.004739336492890996,0.02843601895734597,Bill Perkins RECAP,0.966824644549763
70008,70008,100,23,174,0,11,208,197,0,11,0.11057692307692307,0.8365384615384616,0.0,0.052884615384615384,0.9471153846153846,0.0,0.052884615384615384,Bill Perkins RECAP,0.9471153846153846
70009,70009,100,49,296,0,20,365,345,0,20,0.13424657534246576,0.810958904109589,0.0,0.0547945205479452,0.9452054794520548,0.0,0.0547945205479452,Bill Perkins RECAP,0.9452054794520548
70010,70010,100,30,258,1,13,302,288,1,13,0.09933774834437085,0.8543046357615894,0.0033112582781456954,0.04304635761589404,0.9536423841059603,0.0033112582781456954,0.04304635761589404,Bill Perkins RECAP,0.9536423841059603
70011,70011,100,28,231,1,9,269,259,1,9,0.10408921933085502,0.8587360594795539,0.0037174721189591076,0.03345724907063197,0.9628252788104089,0.0037174721189591076,0.03345724907063197,Bill Perkins RECAP,0.9628252788104089
70012,70012,100,29,178,0,16,223,207,0,16,0.13004484304932734,0.7982062780269058,0.0,0.07174887892376682,0.9282511210762332,0.0,0.07174887892376682,Bill Perkins RECAP,0.9282511210762332
70013,70013,100,11,135,0,8,154,146,0,8,0.07142857142857142,0.8766233766233766,0.0,0.05194805194805195,0.948051948051948,0.0,0.05194805194805195,Bill Perkins RECAP,0.948051948051948
70014,70014,100,23,164,0,8,195,187,0,8,0.11794871794871795,0.841025641025641,0.0,0.041025641025641026,0.958974358974359,0.0,0.041025641025641026,Bill Perkins RECAP,0.958974358974359
70015,70015,100,17,178,0,7,202,195,0,7,0.08415841584158416,0.8811881188118812,0.0,0.034653465346534656,0.9653465346534653,0.0,0.034653465346534656,Bill Perkins RECAP,0.9653465346534653
70016,70016,100,21,243,0,10,274,264,0,10,0.07664233576642336,0.8868613138686131,0.0,0.0364963503649635,0.9635036496350365,0.0,0.0364963503649635,Bill Perkins RECAP,0.9635036496350365
70017,70017,100,17,180,0,11,208,197,0,11,0.08173076923076923,0.8653846153846154,0.0,0.052884615384615384,0.9471153846153846,0.0,0.052884615384615384,Bill Perkins RECAP,0.9471153846153846
70018,70018,100,24,97,0,3,124,121,0,3,0.1935483870967742,0.782258064516129,0.0,0.024193548387096774,0.9758064516129032,0.0,0.024193548387096774,Bill Perkins RECAP,0.9758064516129032
70019,70019,100,41,274,0,18,333,315,0,18,0.12312312312312312,0.8228228228228228,0.0,0.05405405405405406,0.9459459459459459,0.0,0.05405405405405406,Bill Perkins RECAP,0.9459459459459459
70020,70020,100,31,255,0,8,294,286,0,8,0.1054421768707483,0.8673469387755102,0.0,0.027210884353741496,0.9727891156462585,0.0,0.027210884353741496,Bill Perkins RECAP,0.9727891156462585
70021,70021,100,41,197,1,13,252,238,1,13,0.1626984126984127,0.7817460317460317,0.003968253968253968,0.051587301587301584,0.9444444444444444,0.003968253968253968,0.051587301587301584,Bill Perkins RECAP,0.9444444444444444
70022,70022,100,29,198,3,10,240,227,3,10,0.12083333333333333,0.825,0.0125,0.041666666666666664,0.9458333333333333,0.0125,0.041666666666666664,Bill Perkins RECAP,0.9458333333333333
70023,70023,100,20,214,0,9,243,234,0,9,0.0823045267489712,0.8806584362139918,0.0,0.037037037037037035,0.9629629629629629,0.0,0.037037037037037035,Bill Perkins RECAP,0.9629629629629629
70024,70024,100,32,227,0,8,267,259,0,8,0.1198501872659176,0.850187265917603,0.0,0.0299625468164794,0.9700374531835206,0.0,0.0299625468164794,Bill Perkins RECAP,0.9700374531835206
70025,70025,100,12,207,0,12,231,219,0,12,0.05194805194805195,0.8961038961038961,0.0,0.05194805194805195,0.948051948051948,0.0,0.05194805194805195,Bill Perkins RECAP,0.948051948051948
70026,70026,100,26,251,0,17,294,277,0,17,0.08843537414965986,0.8537414965986394,0.0,0.05782312925170068,0.9421768707482994,0.0,0.05782312925170068,Bill Perkins RECAP,0.9421768707482994
70027,70027,100,34,196,0,17,247,230,0,17,0.13765182186234817,0.7935222672064778,0.0,0.06882591093117409,0.9311740890688259,0.0,0.06882591093117409,Bill Perkins RECAP,0.9311740890688259
70028,70028,100,21,185,0,12,218,206,0,12,0.0963302752293578,0.8486238532110092,0.0,0.05504587155963303,0.944954128440367,0.0,0.05504587155963303,Bill Perkins RECAP,0.944954128440367
70029,70029,100,25,217,1,5,248,242,1,5,0.10080645161290322,0.875,0.004032258064516129,0.020161290322580645,0.9758064516129032,0.004032258064516129,0.020161290322580645,Bill Perkins RECAP,0.9758064516129032
70030,70030,100,26,229,1,4,260,255,1,4,0.1,0.8807692307692307,0.0038461538461538464,0.015384615384615385,0.9807692307692307,0.0038461538461538464,0.015384615384615385,Bill Perkins RECAP,0.9807692307692307
70031,70031,100,7,158,0,5,170,165,0,5,0.041176470588235294,0.9294117647058824,0.0,0.029411764705882353,0.9705882352941176,0.0,0.029411764705882353,Bill Perkins RECAP,0.9705882352941176
70032,70032,100,10,130,0,3,143,140,0,3,0.06993006993006994,0.9090909090909091,0.0,0.02097902097902098,0.9790209790209791,0.0,0.02097902097902098,Bill Perkins RECAP,0.9790209790209791
70033,70033,100,10,142,0,3,155,152,0,3,0.06451612903225806,0.9161290322580645,0.0,0.01935483870967742,0.9806451612903225,0.0,0.01935483870967742,Bill Perkins RECAP,0.9806451612903225
70034,70034,100,17,207,0,5,229,224,0,5,0.07423580786026202,0.9039301310043668,0.0,0.021834061135371178,0.9781659388646288,0.0,0.021834061135371178,Bill Perkins RECAP,0.9781659388646288
70035,70035,100,31,165,2,7,205,196,2,7,0.15121951219512195,0.8048780487804879,0.00975609756097561,0.03414634146341464,0.9560975609756097,0.00975609756097561,0.03414634146341464,Bill Perkins RECAP,0.9560975609756097
70036,70036,100,18,227,0,4,249,245,0,4,0.07228915662650602,0.9116465863453815,0.0,0.01606425702811245,0.9839357429718876,0.0,0.01606425702811245,Bill Perkins RECAP,0.9839357429718876
70037,70037,100,10,177,2,2,191,187,2,2,0.05235602094240838,0.9267015706806283,0.010471204188481676,0.010471204188481676,0.9790575916230366,0.010471204188481676,0.010471204188481676,Bill Perkins RECAP,0.9790575916230366
70038,70038,100,4,145,0,1,150,149,0,1,0.02666666666666667,0.9666666666666667,0.0,0.006666666666666667,0.9933333333333333,0.0,0.006666666666666667,Bill Perkins RECAP,0.9933333333333333
70039,70039,100,5,136,0,4,145,141,0,4,0.034482758620689655,0.9379310344827586,0.0,0.027586206896551724,0.9724137931034482,0.0,0.027586206896551724,Bill Perkins RECAP,0.9724137931034482
70040,70040,100,26,329,1,2,358,355,1,2,0.07262569832402235,0.9189944134078212,0.002793296089385475,0.00558659217877095,0.9916201117318436,0.002793296089385475,0.00558659217877095,Bill Perkins RECAP,0.9916201117318436
70041,70041,100,31,312,0,7,350,343,0,7,0.08857142857142856,0.8914285714285715,0.0,0.02,0.98,0.0,0.02,Bill Perkins RECAP,0.98
70042,70042,100,19,195,1,5,220,214,1,5,0.08636363636363636,0.8863636363636364,0.004545454545454545,0.022727272727272728,0.9727272727272728,0.004545454545454545,0.022727272727272728,Bill Perkins RECAP,0.9727272727272728
70043,70043,100,37,227,0,11,275,264,0,11,0.13454545454545455,0.8254545454545454,0.0,0.04,0.96,0.0,0.04,Bill Perkins RECAP,0.96
70044,70044,100,25,234,1,10,270,259,1,10,0.09259259259259259,0.8666666666666667,0.003703703703703704,0.037037037037037035,0.9592592592592593,0.003703703703703704,0.037037037037037035,Bill Perkins RECAP,0.9592592592592593
70045,70045,100,15,182,0,5,202,197,0,5,0.07425742574257425,0.900990099009901,0.0,0.024752475247524754,0.9752475247524752,0.0,0.024752475247524754,Bill Perkins RECAP,0.9752475247524752
70046,70046,100,22,335,1,8,366,357,1,8,0.060109289617486336,0.9153005464480874,0.00273224043715847,0.02185792349726776,0.9754098360655737,0.00273224043715847,0.02185792349726776,Bill Perkins RECAP,0.9754098360655737
70047,70047,100,17,223,0,6,246,240,0,6,0.06910569105691057,0.9065040650406504,0.0,0.024390243902439025,0.975609756097561,0.0,0.024390243902439025,Bill Perkins RECAP,0.975609756097561
70048,70048,100,13,251,0,9,273,264,0,9,0.047619047619047616,0.9194139194139194,0.0,0.03296703296703297,0.967032967032967,0.0,0.03296703296703297,Bill Perkins RECAP,0.967032967032967
70049,70049,100,18,197,0,2,217,215,0,2,0.08294930875576037,0.9078341013824884,0.0,0.009216589861751152,0.9907834101382489,0.0,0.009216589861751152,Bill Perkins RECAP,0.9907834101382489
70050,70050,100,26,264,0,7,297,290,0,7,0.08754208754208755,0.8888888888888888,0.0,0.02356902356902357,0.9764309764309764,0.0,0.02356902356902357,Bill Perkins RECAP,0.9764309764309764
70051,70051,100,7,105,0,10,122,112,0,10,0.05737704918032787,0.860655737704918,0.0,0.08196721311475409,0.9180327868852459,0.0,0.08196721311475409,Bill Perkins RECAP,0.9180327868852459
70052,70052,100,16,186,1,7,210,202,1,7,0.0761904761904762,0.8857142857142857,0.004761904761904762,0.03333333333333333,0.9619047619047619,0.004761904761904762,0.03333333333333333,Bill Perkins RECAP,0.9619047619047619
70053,70053,100,22,322,0,11,355,344,0,11,0.061971830985915494,0.9070422535211268,0.0,0.030985915492957747,0.9690140845070423,0.0,0.030985915492957747,Bill Perkins RECAP,0.9690140845070423
70054,70054,100,22,364,1,6,393,386,1,6,0.05597964376590331,0.926208651399491,0.002544529262086514,0.015267175572519083,0.9821882951653944,0.002544529262086514,0.015267175572519083,Bill Perkins RECAP,0.9821882951653944
70055,70055,100,8,138,0,4,150,146,0,4,0.05333333333333334,0.92,0.0,0.02666666666666667,0.9733333333333334,0.0,0.02666666666666667,Bill Perkins RECAP,0.9733333333333334
70056,70056,100,15,261,0,3,279,276,0,3,0.053763440860215055,0.9354838709677419,0.0,0.010752688172043012,0.989247311827957,0.0,0.010752688172043012,Bill Perkins RECAP,0.989247311827957
70057,70057,100,14,139,0,1,154,153,0,1,0.09090909090909091,0.9025974025974026,0.0,0.006493506493506494,0.9935064935064936,0.0,0.006493506493506494,Bill Perkins RECAP,0.9935064935064936
70058,70058,100,16,174,1,6,197,190,1,6,0.08121827411167512,0.883248730964467,0.005076142131979695,0.030456852791878174,0.9644670050761421,0.005076142131979695,0.030456852791878174,Bill Perkins RECAP,0.9644670050761421
70059,70059,100,3,133,1,1,138,136,1,1,0.021739130434782608,0.9637681159420289,0.007246376811594203,0.007246376811594203,0.9855072463768116,0.007246376811594203,0.007246376811594203,Bill Perkins RECAP,0.9855072463768116
70060,70060,100,13,148,0,6,167,161,0,6,0.07784431137724551,0.8862275449101796,0.0,0.03592814371257485,0.9640718562874252,0.0,0.03592814371257485,Bill Perkins RECAP,0.9640718562874252
70061,70061,100,7,215,0,6,228,222,0,6,0.03070175438596491,0.9429824561403509,0.0,0.02631578947368421,0.9736842105263158,0.0,0.02631578947368421,Bill Perkins RECAP,0.9736842105263158
70062,70062,100,30,224,0,8,262,254,0,8,0.11450381679389313,0.8549618320610687,0.0,0.030534351145038167,0.9694656488549618,0.0,0.030534351145038167,Bill Perkins RECAP,0.9694656488549618
70063,70063,100,18,151,0,1,170,169,0,1,0.10588235294117647,0.888235294117647,0.0,0.0058823529411764705,0.9941176470588236,0.0,0.0058823529411764705,Bill Perkins RECAP,0.9941176470588236
70064,70064,100,6,6,0,0,12,12,0,0,0.5,0.5,0.0,0.0,1.0,0.0,0.0,Bill Perkins RECAP,1.0
70065,70065,100,65,180,1,16,262,245,1,16,0.2480916030534351,0.6870229007633588,0.003816793893129771,0.061068702290076333,0.9351145038167938,0.003816793893129771,0.061068702290076333,Bill Perkins RECAP,0.9351145038167938
70066,70066,100,0,0,0,0,0,0,0,0,0,0,0,0,0,0,0,n/a,0
70067,70067,100,55,174,0,16,245,229,0,16,0.22448979591836735,0.710204081632653,0.0,0.0653061224489796,0.9346938775510204,0.0,0.0653061224489796,Bill Perkins RECAP,0.9346938775510204
70073,70073,100,10,85,0,6,101,95,0,6,0.09900990099009901,0.8415841584158416,0.0,0.0594059405940594,0.9405940594059405,0.0,0.0594059405940594,Bill Perkins RECAP,0.9405940594059405
70074,70074,100,32,245,0,7,284,277,0,7,0.11267605633802817,0.8626760563380281,0.0,0.02464788732394366,0.9753521126760564,0.0,0.02464788732394366,Bill Perkins RECAP,0.9753521126760564
70075,70075,100,22,199,0,2,223,221,0,2,0.09865470852017937,0.8923766816143498,0.0,0.008968609865470852,0.9910313901345291,0.0,0.008968609865470852,Bill Perkins RECAP,0.9910313901345291
70076,70076,100,8,174,1,2,185,182,1,2,0.043243243243243246,0.9405405405405406,0.005405405405405406,0.010810810810810811,0.9837837837837838,0.005405405405405406,0.010810810810810811,Bill Perkins RECAP,0.9837837837837838
70088,70088,100,11,99,0,1,111,110,0,1,0.0990990990990991,0.8918918918918919,0.0,0.009009009009009009,0.990990990990991,0.0,0.009009009009009009,Bill Perkins RECAP,0.990990990990991
70089,70089,100,30,118,0,6,154,148,0,6,0.19480519480519481,0.7662337662337663,0.0,0.03896103896103896,0.961038961038961,0.0,0.03896103896103896,Bill Perkins RECAP,0.961038961038961
70090,70090,100,10,60,0,0,70,70,0,0,0.14285714285714285,0.8571428571428571,0.0,0.0,1.0,0.0,0.0,Bill Perkins RECAP,1.0
70091,70091,100,15,94,2,7,118,109,2,7,0.1271186440677966,0.7966101694915254,0.01694915254237288,0.059322033898305086,0.923728813559322,0.01694915254237288,0.059322033898305086,Bill Perkins RECAP,0.923728813559322
70200,70200,100,0,0,0,0,0,0,0,0,0,0,0,0,0,0,0,n/a,0
70202,70202,100,0,0,0,0,0,0,0,0,0,0,0,0,0,0,0,n/a,0
71004,71004,100,12,117,0,6,135,129,0,6,0.08888888888888889,0.8666666666666667,0.0,0.044444444444444446,0.9555555555555556,0.0,0.044444444444444446,Bill Perkins RECAP,0.9555555555555556
71008,71008,100,22,140,1,5,168,162,1,5,0.13095238095238096,0.8333333333333334,0.005952380952380952,0.02976190476190476,0.9642857142857143,0.005952380952380952,0.02976190476190476,Bill Perkins RECAP,0.9642857142857143
71009,71009,100,19,257,1,3,280,276,1,3,0.06785714285714285,0.9178571428571428,0.0035714285714285713,0.010714285714285714,0.9857142857142858,0.0035714285714285713,0.010714285714285714,Bill Perkins RECAP,0.9857142857142858
71011,71011,100,32,193,0,5,230,225,0,5,0.1391304347826087,0.8391304347826087,0.0,0.021739130434782608,0.9782608695652174,0.0,0.021739130434782608,Bill Perkins RECAP,0.9782608695652174
71012,71012,100,36,229,0,9,274,265,0,9,0.13138686131386862,0.8357664233576643,0.0,0.032846715328467155,0.9671532846715328,0.0,0.032846715328467155,Bill Perkins RECAP,0.9671532846715328
71013,71013,100,8,127,0,3,138,135,0,3,0.057971014492753624,0.9202898550724637,0.0,0.021739130434782608,0.9782608695652174,0.0,0.021739130434782608,Bill Perkins RECAP,0.9782608695652174
71014,71014,100,11,118,0,1,130,129,0,1,0.08461538461538462,0.9076923076923077,0.0,0.007692307692307693,0.9923076923076923,0.0,0.007692307692307693,Bill Perkins RECAP,0.9923076923076923
71015,71015,100,7,102,0,3,112,109,0,3,0.0625,0.9107142857142857,0.0,0.026785714285714284,0.9732142857142857,0.0,0.026785714285714284,Bill Perkins RECAP,0.9732142857142857
71016,71016,100,13,267,1,3,284,280,1,3,0.045774647887323945,0.9401408450704225,0.0035211267605633804,0.01056338028169014,0.9859154929577465,0.0035211267605633804,0.01056338028169014,Bill Perkins RECAP,0.9859154929577465
71017,71017,100,9,107,0,4,120,116,0,4,0.075,0.8916666666666667,0.0,0.03333333333333333,0.9666666666666667,0.0,0.03333333333333333,Bill Perkins RECAP,0.9666666666666667
71018,71018,100,17,356,0,2,375,373,0,2,0.04533333333333334,0.9493333333333334,0.0,0.005333333333333333,0.9946666666666667,0.0,0.005333333333333333,Bill Perkins RECAP,0.9946666666666667
71019,71019,100,26,430,2,9,467,456,2,9,0.055674518201284794,0.9207708779443254,0.004282655246252677,0.019271948608137045,0.9764453961456103,0.004282655246252677,0.019271948608137045,Bill Perkins RECAP,0.9764453961456103
71020,71020,100,27,419,0,4,450,446,0,4,0.06,0.9311111111111111,0.0,0.008888888888888889,0.9911111111111112,0.0,0.008888888888888889,Bill Perkins RECAP,0.9911111111111112
71021,71021,100,20,244,0,9,273,264,0,9,0.07326007326007326,0.8937728937728938,0.0,0.03296703296703297,0.967032967032967,0.0,0.03296703296703297,Bill Perkins RECAP,0.967032967032967
71022,71022,100,8,138,0,2,148,146,0,2,0.05405405405405406,0.9324324324324325,0.0,0.013513513513513514,0.9864864864864865,0.0,0.013513513513513514,Bill Perkins RECAP,0.9864864864864865
71023,71023,100,9,227,0,3,239,236,0,3,0.03765690376569038,0.9497907949790795,0.0,0.012552301255230125,0.9874476987447699,0.0,0.012552301255230125,Bill Perkins RECAP,0.9874476987447699
71024,71024,100,22,232,0,7,261,254,0,7,0.0842911877394636,0.8888888888888888,0.0,0.02681992337164751,0.9731800766283525,0.0,0.02681992337164751,Bill Perkins RECAP,0.9731800766283525
71025,71025,100,9,113,0,6,128,122,0,6,0.0703125,0.8828125,0.0,0.046875,0.953125,0.0,0.046875,Bill Perkins RECAP,0.953125
71026,71026,100,31,240,0,11,282,271,0,11,0.1099290780141844,0.851063829787234,0.0,0.03900709219858156,0.9609929078014184,0.0,0.03900709219858156,Bill Perkins RECAP,0.9609929078014184
71027,71027,100,19,124,0,3,146,143,0,3,0.13013698630136986,0.8493150684931506,0.0,0.02054794520547945,0.9794520547945206,0.0,0.02054794520547945,Bill Perkins RECAP,0.9794520547945206
71028,71028,100,24,142,0,6,172,166,0,6,0.13953488372093023,0.8255813953488372,0.0,0.03488372093023256,0.9651162790697675,0.0,0.03488372093023256,Bill Perkins RECAP,0.9651162790697675
71031,71031,100,14,148,0,11,173,162,0,11,0.08092485549132948,0.8554913294797688,0.0,0.06358381502890173,0.9364161849710982,0.0,0.06358381502890173,Bill Perkins RECAP,0.9364161849710982
71032,71032,100,17,188,3,10,218,205,3,10,0.0779816513761468,0.8623853211009175,0.013761467889908258,0.045871559633027525,0.9403669724770642,0.013761467889908258,0.045871559633027525,Bill Perkins RECAP,0.9403669724770642
71033,71033,100,27,206,0,10,243,233,0,10,0.1111111111111111,0.8477366255144033,0.0,0.0411522633744856,0.9588477366255144,0.0,0.0411522633744856,Bill Perkins RECAP,0.9588477366255144
71034,71034,100,22,266,0,3,291,288,0,3,0.07560137457044673,0.9140893470790378,0.0,0.010309278350515464,0.9896907216494846,0.0,0.010309278350515464,Bill Perkins RECAP,0.9896907216494846
71035,71035,100,8,143,0,4,155,151,0,4,0.05161290322580645,0.9225806451612903,0.0,0.025806451612903226,0.9741935483870968,0.0,0.025806451612903226,Bill Perkins RECAP,0.9741935483870968
71038,71038,100,18,230,1,6,255,248,1,6,0.07058823529411765,0.9019607843137255,0.00392156862745098,0.023529411764705882,0.9725490196078431,0.00392156862745098,0.023529411764705882,Bill Perkins RECAP,0.9725490196078431
71044,71044,100,13,110,0,6,129,123,0,6,0.10077519379844961,0.8527131782945736,0.0,0.046511627906976744,0.9534883720930233,0.0,0.046511627906976744,Bill Perkins RECAP,0.9534883720930233
71087,71087,100,5,202,0,2,209,207,0,2,0.023923444976076555,0.9665071770334929,0.0,0.009569377990430622,0.9904306220095693,0.0,0.009569377990430622,Bill Perkins RECAP,0.9904306220095693
71088,71088,100,6,188,0,9,203,194,0,9,0.029556650246305417,0.9261083743842364,0.0,0.04433497536945813,0.9556650246305419,0.0,0.04433497536945813,Bill Perkins RECAP,0.9556650246305419
71089,71089,100,3,141,0,4,148,144,0,4,0.02027027027027027,0.9527027027027027,0.0,0.02702702702702703,0.972972972972973,0.0,0.02702702702702703,Bill Perkins RECAP,0.972972972972973
71090,71090,100,6,163,0,4,173,169,0,4,0.03468208092485549,0.9421965317919075,0.0,0.023121387283236993,0.976878612716763,0.0,0.023121387283236993,Bill Perkins RECAP,0.976878612716763
71091,71091,100,2,144,0,3,149,146,0,3,0.013422818791946308,0.9664429530201343,0.0,0.020134228187919462,0.9798657718120806,0.0,0.020134228187919462,Bill Perkins RECAP,0.9798657718120806
71093,71093,100,0,0,0,0,0,0,0,0,0,0,0,0,0,0,0,n/a,0
71094,71094,100,16,89,0,3,108,105,0,3,0.14814814814814814,0.8240740740740741,0.0,0.027777777777777776,0.9722222222222222,0.0,0.027777777777777776,Bill Perkins RECAP,0.9722222222222222
71095,71095,100,7,94,0,3,104,101,0,3,0.0673076923076923,0.9038461538461539,0.0,0.028846153846153848,0.9711538461538461,0.0,0.028846153846153848,Bill Perkins RECAP,0.9711538461538461
71096,71096,100,4,126,0,2,132,130,0,2,0.030303030303030304,0.9545454545454546,0.0,0.015151515151515152,0.9848484848484849,0.0,0.015151515151515152,Bill Perkins RECAP,0.9848484848484849
72001,72001,100,15,101,0,5,121,116,0,5,0.12396694214876033,0.8347107438016529,0.0,0.04132231404958678,0.9586776859504132,0.0,0.04132231404958678,Bill Perkins RECAP,0.9586776859504132
72204,72204,100,0,0,0,0,0,0,0,0,0,0,0,0,0,0,0,n/a,0
72205,72205,100,0,0,0,0,0,0,0,0,0,0,0,0,0,0,0,n/a,0
