ED,Reported As,Reporting,Brad M. Hoylman (Democratic),Frank J. Scala (Republican),Scattered,Brad M. Hoylman (Working Families),Total Votes,Brad M. Hoylman RECAP,Frank J. Scala RECAP,Scattered RECAP,p_Brad M. Hoylman (Democratic),p_Frank J. Scala (Republican),p_Scattered,p_Brad M. Hoylman (Working Families),p_Brad M. Hoylman RECAP,p_Frank J. Scala RECAP,p_Scattered RECAP,winner,winner_p
65079,65079,100,142,14,0,68,224,210,14,0,0.6339285714285714,0.0625,0.0,0.30357142857142855,0.9375,0.0625,0.0,Brad M. Hoylman RECAP,0.9375
66028,66028,100,206,27,0,75,308,281,27,0,0.6688311688311688,0.08766233766233766,0.0,0.2435064935064935,0.9123376623376623,0.08766233766233766,0.0,Brad M. Hoylman RECAP,0.9123376623376623
66029,66029,100,185,33,0,68,286,253,33,0,0.6468531468531469,0.11538461538461539,0.0,0.23776223776223776,0.8846153846153846,0.11538461538461539,0.0,Brad M. Hoylman RECAP,0.8846153846153846
66030,66030,100,149,15,0,61,225,210,15,0,0.6622222222222223,0.06666666666666667,0.0,0.27111111111111114,0.9333333333333333,0.06666666666666667,0.0,Brad M. Hoylman RECAP,0.9333333333333333
66031,66031,100,145,36,1,75,257,220,36,1,0.5642023346303502,0.14007782101167315,0.0038910505836575876,0.2918287937743191,0.8560311284046692,0.14007782101167315,0.0038910505836575876,Brad M. Hoylman RECAP,0.8560311284046692
66032,66032,100,141,24,1,61,227,202,24,1,0.6211453744493393,0.10572687224669604,0.004405286343612335,0.2687224669603524,0.8898678414096917,0.10572687224669604,0.004405286343612335,Brad M. Hoylman RECAP,0.8898678414096917
66033,66033,100,105,13,0,21,139,126,13,0,0.7553956834532374,0.09352517985611511,0.0,0.1510791366906475,0.9064748201438849,0.09352517985611511,0.0,Brad M. Hoylman RECAP,0.9064748201438849
66034,66034,100,148,27,0,80,255,228,27,0,0.5803921568627451,0.10588235294117647,0.0,0.3137254901960784,0.8941176470588236,0.10588235294117647,0.0,Brad M. Hoylman RECAP,0.8941176470588236
66035,66035,100,164,24,0,84,272,248,24,0,0.6029411764705882,0.08823529411764706,0.0,0.3088235294117647,0.9117647058823529,0.08823529411764706,0.0,Brad M. Hoylman RECAP,0.9117647058823529
66036,66036,100,162,27,1,65,255,227,27,1,0.6352941176470588,0.10588235294117647,0.00392156862745098,0.2549019607843137,0.8901960784313725,0.10588235294117647,0.00392156862745098,Brad M. Hoylman RECAP,0.8901960784313725
66037,66037,100,117,20,0,49,186,166,20,0,0.6290322580645161,0.10752688172043011,0.0,0.26344086021505375,0.8924731182795699,0.10752688172043011,0.0,Brad M. Hoylman RECAP,0.8924731182795699
66038,66038,100,150,26,1,34,211,184,26,1,0.7109004739336493,0.12322274881516587,0.004739336492890996,0.16113744075829384,0.8720379146919431,0.12322274881516587,0.004739336492890996,Brad M. Hoylman RECAP,0.8720379146919431
66039,66039,100,100,35,0,19,154,119,35,0,0.6493506493506493,0.22727272727272727,0.0,0.12337662337662338,0.7727272727272727,0.22727272727272727,0.0,Brad M. Hoylman RECAP,0.7727272727272727
66045,66045,100,293,39,0,82,414,375,39,0,0.7077294685990339,0.09420289855072464,0.0,0.19806763285024154,0.9057971014492754,0.09420289855072464,0.0,Brad M. Hoylman RECAP,0.9057971014492754
66046,66046,100,119,28,0,51,198,170,28,0,0.601010101010101,0.1414141414141414,0.0,0.25757575757575757,0.8585858585858586,0.1414141414141414,0.0,Brad M. Hoylman RECAP,0.8585858585858586
66047,66047,100,163,24,1,46,234,209,24,1,0.6965811965811965,0.10256410256410256,0.004273504273504274,0.19658119658119658,0.8931623931623932,0.10256410256410256,0.004273504273504274,Brad M. Hoylman RECAP,0.8931623931623932
66048,66048,100,196,46,0,31,273,227,46,0,0.717948717948718,0.1684981684981685,0.0,0.11355311355311355,0.8315018315018315,0.1684981684981685,0.0,Brad M. Hoylman RECAP,0.8315018315018315
66049,66049,100,182,41,0,41,264,223,41,0,0.6893939393939394,0.1553030303030303,0.0,0.1553030303030303,0.8446969696969697,0.1553030303030303,0.0,Brad M. Hoylman RECAP,0.8446969696969697
66050,66050,100,166,24,0,37,227,203,24,0,0.7312775330396476,0.10572687224669604,0.0,0.16299559471365638,0.8942731277533039,0.10572687224669604,0.0,Brad M. Hoylman RECAP,0.8942731277533039
66051,66051,100,307,49,2,60,418,367,49,2,0.7344497607655502,0.11722488038277512,0.004784688995215311,0.14354066985645933,0.8779904306220095,0.11722488038277512,0.004784688995215311,Brad M. Hoylman RECAP,0.8779904306220095
66052,66052,100,203,32,0,46,281,249,32,0,0.7224199288256228,0.11387900355871886,0.0,0.16370106761565836,0.8861209964412812,0.11387900355871886,0.0,Brad M. Hoylman RECAP,0.8861209964412812
66053,66053,100,240,71,0,52,363,292,71,0,0.6611570247933884,0.19559228650137742,0.0,0.14325068870523416,0.8044077134986226,0.19559228650137742,0.0,Brad M. Hoylman RECAP,0.8044077134986226
66054,66054,100,200,33,0,33,266,233,33,0,0.7518796992481203,0.12406015037593984,0.0,0.12406015037593984,0.8759398496240601,0.12406015037593984,0.0,Brad M. Hoylman RECAP,0.8759398496240601
66057,66057,100,182,58,0,34,274,216,58,0,0.6642335766423357,0.2116788321167883,0.0,0.12408759124087591,0.7883211678832117,0.2116788321167883,0.0,Brad M. Hoylman RECAP,0.7883211678832117
66058,66058,100,63,18,0,20,101,83,18,0,0.6237623762376238,0.1782178217821782,0.0,0.19801980198019803,0.8217821782178217,0.1782178217821782,0.0,Brad M. Hoylman RECAP,0.8217821782178217
66059,66059,100,193,36,0,70,299,263,36,0,0.6454849498327759,0.12040133779264214,0.0,0.23411371237458195,0.8795986622073578,0.12040133779264214,0.0,Brad M. Hoylman RECAP,0.8795986622073578
66060,66060,100,166,36,1,74,277,240,36,1,0.5992779783393501,0.1299638989169675,0.0036101083032490976,0.26714801444043323,0.8664259927797834,0.1299638989169675,0.0036101083032490976,Brad M. Hoylman RECAP,0.8664259927797834
66061,66061,100,208,48,0,75,331,283,48,0,0.6283987915407855,0.14501510574018128,0.0,0.22658610271903323,0.8549848942598187,0.14501510574018128,0.0,Brad M. Hoylman RECAP,0.8549848942598187
66062,66062,100,115,25,0,25,165,140,25,0,0.696969696969697,0.15151515151515152,0.0,0.15151515151515152,0.8484848484848485,0.15151515151515152,0.0,Brad M. Hoylman RECAP,0.8484848484848485
66063,66063,100,157,27,0,49,233,206,27,0,0.6738197424892703,0.11587982832618025,0.0,0.21030042918454936,0.8841201716738197,0.11587982832618025,0.0,Brad M. Hoylman RECAP,0.8841201716738197
66064,66064,100,98,16,0,38,152,136,16,0,0.6447368421052632,0.10526315789473684,0.0,0.25,0.8947368421052632,0.10526315789473684,0.0,Brad M. Hoylman RECAP,0.8947368421052632
66065,66065,100,55,10,2,22,89,77,10,2,0.6179775280898876,0.11235955056179775,0.02247191011235955,0.24719101123595505,0.8651685393258427,0.11235955056179775,0.02247191011235955,Brad M. Hoylman RECAP,0.8651685393258427
66066,66066,100,156,29,1,34,220,190,29,1,0.7090909090909091,0.1318181818181818,0.004545454545454545,0.15454545454545454,0.8636363636363636,0.1318181818181818,0.004545454545454545,Brad M. Hoylman RECAP,0.8636363636363636
66067,66067,100,163,54,2,48,267,211,54,2,0.6104868913857678,0.20224719101123595,0.00749063670411985,0.1797752808988764,0.7902621722846442,0.20224719101123595,0.00749063670411985,Brad M. Hoylman RECAP,0.7902621722846442
66068,66068,100,124,27,0,47,198,171,27,0,0.6262626262626263,0.13636363636363635,0.0,0.23737373737373738,0.8636363636363636,0.13636363636363635,0.0,Brad M. Hoylman RECAP,0.8636363636363636
66069,66069,100,192,42,0,52,286,244,42,0,0.6713286713286714,0.14685314685314685,0.0,0.18181818181818182,0.8531468531468531,0.14685314685314685,0.0,Brad M. Hoylman RECAP,0.8531468531468531
66071,66071,100,87,16,1,29,133,116,16,1,0.6541353383458647,0.12030075187969924,0.007518796992481203,0.21804511278195488,0.8721804511278195,0.12030075187969924,0.007518796992481203,Brad M. Hoylman RECAP,0.8721804511278195
66072,66072,100,166,27,0,56,249,222,27,0,0.6666666666666666,0.10843373493975904,0.0,0.2248995983935743,0.891566265060241,0.10843373493975904,0.0,Brad M. Hoylman RECAP,0.891566265060241
66073,66073,100,185,39,0,56,280,241,39,0,0.6607142857142857,0.1392857142857143,0.0,0.2,0.8607142857142858,0.1392857142857143,0.0,Brad M. Hoylman RECAP,0.8607142857142858
66074,66074,100,180,23,0,49,252,229,23,0,0.7142857142857143,0.09126984126984126,0.0,0.19444444444444445,0.9087301587301587,0.09126984126984126,0.0,Brad M. Hoylman RECAP,0.9087301587301587
66075,66075,100,173,33,0,49,255,222,33,0,0.6784313725490196,0.12941176470588237,0.0,0.19215686274509805,0.8705882352941177,0.12941176470588237,0.0,Brad M. Hoylman RECAP,0.8705882352941177
66076,66076,100,213,21,0,62,296,275,21,0,0.7195945945945946,0.07094594594594594,0.0,0.20945945945945946,0.9290540540540541,0.07094594594594594,0.0,Brad M. Hoylman RECAP,0.9290540540540541
66077,66077,100,205,38,0,68,311,273,38,0,0.6591639871382636,0.12218649517684887,0.0,0.21864951768488747,0.8778135048231511,0.12218649517684887,0.0,Brad M. Hoylman RECAP,0.8778135048231511
66078,66078,100,195,42,0,77,314,272,42,0,0.6210191082802548,0.1337579617834395,0.0,0.24522292993630573,0.8662420382165605,0.1337579617834395,0.0,Brad M. Hoylman RECAP,0.8662420382165605
66079,66079,100,253,39,0,91,383,344,39,0,0.660574412532637,0.10182767624020887,0.0,0.23759791122715404,0.8981723237597912,0.10182767624020887,0.0,Brad M. Hoylman RECAP,0.8981723237597912
66080,66080,100,249,28,1,100,378,349,28,1,0.6587301587301587,0.07407407407407407,0.0026455026455026454,0.26455026455026454,0.9232804232804233,0.07407407407407407,0.0026455026455026454,Brad M. Hoylman RECAP,0.9232804232804233
66081,66081,100,200,33,0,85,318,285,33,0,0.6289308176100629,0.10377358490566038,0.0,0.2672955974842767,0.8962264150943396,0.10377358490566038,0.0,Brad M. Hoylman RECAP,0.8962264150943396
66082,66082,100,138,23,0,54,215,192,23,0,0.641860465116279,0.10697674418604651,0.0,0.25116279069767444,0.8930232558139535,0.10697674418604651,0.0,Brad M. Hoylman RECAP,0.8930232558139535
66083,66083,100,145,27,1,48,221,193,27,1,0.6561085972850679,0.12217194570135746,0.004524886877828055,0.2171945701357466,0.8733031674208145,0.12217194570135746,0.004524886877828055,Brad M. Hoylman RECAP,0.8733031674208145
66084,66084,100,281,38,1,69,389,350,38,1,0.7223650385604113,0.09768637532133675,0.002570694087403599,0.17737789203084833,0.8997429305912596,0.09768637532133675,0.002570694087403599,Brad M. Hoylman RECAP,0.8997429305912596
66085,66085,100,211,39,0,82,332,293,39,0,0.6355421686746988,0.11746987951807229,0.0,0.2469879518072289,0.8825301204819277,0.11746987951807229,0.0,Brad M. Hoylman RECAP,0.8825301204819277
66086,66086,100,176,46,1,71,294,247,46,1,0.5986394557823129,0.1564625850340136,0.003401360544217687,0.24149659863945577,0.8401360544217688,0.1564625850340136,0.003401360544217687,Brad M. Hoylman RECAP,0.8401360544217688
66087,66087,100,226,24,1,59,310,285,24,1,0.7290322580645161,0.07741935483870968,0.0032258064516129032,0.19032258064516128,0.9193548387096774,0.07741935483870968,0.0032258064516129032,Brad M. Hoylman RECAP,0.9193548387096774
66088,66088,100,137,37,0,44,218,181,37,0,0.6284403669724771,0.16972477064220184,0.0,0.2018348623853211,0.8302752293577982,0.16972477064220184,0.0,Brad M. Hoylman RECAP,0.8302752293577982
66089,66089,100,162,25,1,42,230,204,25,1,0.7043478260869566,0.10869565217391304,0.004347826086956522,0.1826086956521739,0.8869565217391304,0.10869565217391304,0.004347826086956522,Brad M. Hoylman RECAP,0.8869565217391304
66090,66090,100,89,19,1,19,128,108,19,1,0.6953125,0.1484375,0.0078125,0.1484375,0.84375,0.1484375,0.0078125,Brad M. Hoylman RECAP,0.84375
66091,66091,100,90,21,0,30,141,120,21,0,0.6382978723404256,0.14893617021276595,0.0,0.2127659574468085,0.851063829787234,0.14893617021276595,0.0,Brad M. Hoylman RECAP,0.851063829787234
66095,66095,100,110,19,0,16,145,126,19,0,0.7586206896551724,0.1310344827586207,0.0,0.1103448275862069,0.8689655172413793,0.1310344827586207,0.0,Brad M. Hoylman RECAP,0.8689655172413793
66202,66202,100,0,0,0,0,0,0,0,0,0,0,0,0,0,0,0,n/a,0
67002,67002,100,177,20,1,44,242,221,20,1,0.731404958677686,0.08264462809917356,0.004132231404958678,0.18181818181818182,0.9132231404958677,0.08264462809917356,0.004132231404958678,Brad M. Hoylman RECAP,0.9132231404958677
67004,67004,100,106,9,0,28,143,134,9,0,0.7412587412587412,0.06293706293706294,0.0,0.1958041958041958,0.9370629370629371,0.06293706293706294,0.0,Brad M. Hoylman RECAP,0.9370629370629371
67006,67006,100,182,28,1,45,256,227,28,1,0.7109375,0.109375,0.00390625,0.17578125,0.88671875,0.109375,0.00390625,Brad M. Hoylman RECAP,0.88671875
67008,67008,100,142,16,1,29,188,171,16,1,0.7553191489361702,0.0851063829787234,0.005319148936170213,0.15425531914893617,0.9095744680851063,0.0851063829787234,0.005319148936170213,Brad M. Hoylman RECAP,0.9095744680851063
67009,67009,100,102,41,0,14,157,116,41,0,0.6496815286624203,0.2611464968152866,0.0,0.08917197452229299,0.7388535031847133,0.2611464968152866,0.0,Brad M. Hoylman RECAP,0.7388535031847133
67010,67010,100,229,43,1,38,311,267,43,1,0.7363344051446945,0.1382636655948553,0.003215434083601286,0.12218649517684887,0.8585209003215434,0.1382636655948553,0.003215434083601286,Brad M. Hoylman RECAP,0.8585209003215434
67011,67011,100,76,25,1,10,112,86,25,1,0.6785714285714286,0.22321428571428573,0.008928571428571428,0.08928571428571429,0.7678571428571429,0.22321428571428573,0.008928571428571428,Brad M. Hoylman RECAP,0.7678571428571429
67012,67012,100,56,30,2,7,95,63,30,2,0.5894736842105263,0.3157894736842105,0.021052631578947368,0.07368421052631578,0.6631578947368421,0.3157894736842105,0.021052631578947368,Brad M. Hoylman RECAP,0.6631578947368421
67013,67013,100,229,48,0,29,306,258,48,0,0.7483660130718954,0.1568627450980392,0.0,0.09477124183006536,0.8431372549019608,0.1568627450980392,0.0,Brad M. Hoylman RECAP,0.8431372549019608
67014,67014,100,190,44,1,35,270,225,44,1,0.7037037037037037,0.16296296296296298,0.003703703703703704,0.12962962962962962,0.8333333333333334,0.16296296296296298,0.003703703703703704,Brad M. Hoylman RECAP,0.8333333333333334
67015,67015,100,187,40,1,48,276,235,40,1,0.677536231884058,0.14492753623188406,0.0036231884057971015,0.17391304347826086,0.8514492753623188,0.14492753623188406,0.0036231884057971015,Brad M. Hoylman RECAP,0.8514492753623188
67016,67016,100,140,42,0,20,202,160,42,0,0.693069306930693,0.2079207920792079,0.0,0.09900990099009901,0.7920792079207921,0.2079207920792079,0.0,Brad M. Hoylman RECAP,0.7920792079207921
67017,67017,100,140,46,1,25,212,165,46,1,0.660377358490566,0.2169811320754717,0.0047169811320754715,0.1179245283018868,0.7783018867924528,0.2169811320754717,0.0047169811320754715,Brad M. Hoylman RECAP,0.7783018867924528
67018,67018,100,228,36,1,38,303,266,36,1,0.7524752475247525,0.1188118811881188,0.0033003300330033004,0.1254125412541254,0.8778877887788779,0.1188118811881188,0.0033003300330033004,Brad M. Hoylman RECAP,0.8778877887788779
67019,67019,100,162,25,0,18,205,180,25,0,0.7902439024390244,0.12195121951219512,0.0,0.08780487804878048,0.8780487804878049,0.12195121951219512,0.0,Brad M. Hoylman RECAP,0.8780487804878049
67020,67020,100,63,15,0,8,86,71,15,0,0.7325581395348837,0.1744186046511628,0.0,0.09302325581395349,0.8255813953488372,0.1744186046511628,0.0,Brad M. Hoylman RECAP,0.8255813953488372
67021,67021,100,139,61,0,10,210,149,61,0,0.6619047619047619,0.2904761904761905,0.0,0.047619047619047616,0.7095238095238096,0.2904761904761905,0.0,Brad M. Hoylman RECAP,0.7095238095238096
67022,67022,100,132,61,0,15,208,147,61,0,0.6346153846153846,0.2932692307692308,0.0,0.07211538461538461,0.7067307692307693,0.2932692307692308,0.0,Brad M. Hoylman RECAP,0.7067307692307693
67023,67023,100,244,81,0,32,357,276,81,0,0.6834733893557423,0.226890756302521,0.0,0.0896358543417367,0.773109243697479,0.226890756302521,0.0,Brad M. Hoylman RECAP,0.773109243697479
67024,67024,100,99,39,0,19,157,118,39,0,0.6305732484076433,0.2484076433121019,0.0,0.12101910828025478,0.7515923566878981,0.2484076433121019,0.0,Brad M. Hoylman RECAP,0.7515923566878981
67031,67031,100,289,62,0,47,398,336,62,0,0.7261306532663316,0.15577889447236182,0.0,0.11809045226130653,0.8442211055276382,0.15577889447236182,0.0,Brad M. Hoylman RECAP,0.8442211055276382
67032,67032,100,205,76,0,33,314,238,76,0,0.6528662420382165,0.24203821656050956,0.0,0.10509554140127389,0.7579617834394905,0.24203821656050956,0.0,Brad M. Hoylman RECAP,0.7579617834394905
67033,67033,100,138,50,1,26,215,164,50,1,0.641860465116279,0.23255813953488372,0.004651162790697674,0.12093023255813953,0.7627906976744186,0.23255813953488372,0.004651162790697674,Brad M. Hoylman RECAP,0.7627906976744186
67034,67034,100,66,42,0,5,113,71,42,0,0.584070796460177,0.37168141592920356,0.0,0.04424778761061947,0.6283185840707964,0.37168141592920356,0.0,Brad M. Hoylman RECAP,0.6283185840707964
67035,67035,100,172,47,0,28,247,200,47,0,0.6963562753036437,0.1902834008097166,0.0,0.11336032388663968,0.8097165991902834,0.1902834008097166,0.0,Brad M. Hoylman RECAP,0.8097165991902834
67036,67036,100,103,29,0,15,147,118,29,0,0.7006802721088435,0.19727891156462585,0.0,0.10204081632653061,0.8027210884353742,0.19727891156462585,0.0,Brad M. Hoylman RECAP,0.8027210884353742
67037,67037,100,190,60,0,36,286,226,60,0,0.6643356643356644,0.2097902097902098,0.0,0.1258741258741259,0.7902097902097902,0.2097902097902098,0.0,Brad M. Hoylman RECAP,0.7902097902097902
67038,67038,100,125,45,0,15,185,140,45,0,0.6756756756756757,0.24324324324324326,0.0,0.08108108108108109,0.7567567567567568,0.24324324324324326,0.0,Brad M. Hoylman RECAP,0.7567567567567568
67039,67039,100,149,58,0,20,227,169,58,0,0.6563876651982379,0.2555066079295154,0.0,0.0881057268722467,0.7444933920704846,0.2555066079295154,0.0,Brad M. Hoylman RECAP,0.7444933920704846
67040,67040,100,121,39,0,26,186,147,39,0,0.6505376344086021,0.20967741935483872,0.0,0.13978494623655913,0.7903225806451613,0.20967741935483872,0.0,Brad M. Hoylman RECAP,0.7903225806451613
67041,67041,100,193,43,0,52,288,245,43,0,0.6701388888888888,0.14930555555555555,0.0,0.18055555555555555,0.8506944444444444,0.14930555555555555,0.0,Brad M. Hoylman RECAP,0.8506944444444444
67042,67042,100,401,84,1,72,558,473,84,1,0.7186379928315412,0.15053763440860216,0.0017921146953405018,0.12903225806451613,0.8476702508960573,0.15053763440860216,0.0017921146953405018,Brad M. Hoylman RECAP,0.8476702508960573
67043,67043,100,408,64,0,69,541,477,64,0,0.7541589648798521,0.11829944547134935,0.0,0.12754158964879853,0.8817005545286506,0.11829944547134935,0.0,Brad M. Hoylman RECAP,0.8817005545286506
67044,67044,100,181,47,1,43,272,224,47,1,0.6654411764705882,0.17279411764705882,0.003676470588235294,0.15808823529411764,0.8235294117647058,0.17279411764705882,0.003676470588235294,Brad M. Hoylman RECAP,0.8235294117647058
67045,67045,100,165,86,0,18,269,183,86,0,0.6133828996282528,0.31970260223048325,0.0,0.06691449814126393,0.6802973977695167,0.31970260223048325,0.0,Brad M. Hoylman RECAP,0.6802973977695167
67046,67046,100,324,67,0,80,471,404,67,0,0.6878980891719745,0.14225053078556263,0.0,0.16985138004246284,0.8577494692144374,0.14225053078556263,0.0,Brad M. Hoylman RECAP,0.8577494692144374
67047,67047,100,127,92,0,8,227,135,92,0,0.5594713656387665,0.4052863436123348,0.0,0.03524229074889868,0.5947136563876652,0.4052863436123348,0.0,Brad M. Hoylman RECAP,0.5947136563876652
67048,67048,100,350,72,0,67,489,417,72,0,0.7157464212678937,0.147239263803681,0.0,0.13701431492842536,0.852760736196319,0.147239263803681,0.0,Brad M. Hoylman RECAP,0.852760736196319
67049,67049,100,158,47,0,51,256,209,47,0,0.6171875,0.18359375,0.0,0.19921875,0.81640625,0.18359375,0.0,Brad M. Hoylman RECAP,0.81640625
67050,67050,100,272,63,0,46,381,318,63,0,0.7139107611548556,0.16535433070866143,0.0,0.12073490813648294,0.8346456692913385,0.16535433070866143,0.0,Brad M. Hoylman RECAP,0.8346456692913385
67100,67100,100,1,0,0,0,1,1,0,0,1.0,0.0,0.0,0.0,1.0,0.0,0.0,Brad M. Hoylman RECAP,1.0
73006,73006,100,152,38,0,16,206,168,38,0,0.7378640776699029,0.18446601941747573,0.0,0.07766990291262135,0.8155339805825242,0.18446601941747573,0.0,Brad M. Hoylman RECAP,0.8155339805825242
73011,73011,100,115,64,0,17,196,132,64,0,0.5867346938775511,0.32653061224489793,0.0,0.08673469387755102,0.673469387755102,0.32653061224489793,0.0,Brad M. Hoylman RECAP,0.673469387755102
73012,73012,100,19,13,0,1,33,20,13,0,0.5757575757575758,0.3939393939393939,0.0,0.030303030303030304,0.6060606060606061,0.3939393939393939,0.0,Brad M. Hoylman RECAP,0.6060606060606061
73015,73015,100,47,13,0,6,66,53,13,0,0.7121212121212122,0.19696969696969696,0.0,0.09090909090909091,0.803030303030303,0.19696969696969696,0.0,Brad M. Hoylman RECAP,0.803030303030303
73020,73020,100,2,3,0,0,5,2,3,0,0.4,0.6,0.0,0.0,0.4,0.6,0.0,Frank J. Scala RECAP,0.6
73043,73043,100,16,16,0,2,34,18,16,0,0.47058823529411764,0.47058823529411764,0.0,0.058823529411764705,0.5294117647058824,0.47058823529411764,0.0,Brad M. Hoylman RECAP,0.5294117647058824
74019,74019,100,219,76,1,86,382,305,76,1,0.5732984293193717,0.19895287958115182,0.002617801047120419,0.225130890052356,0.7984293193717278,0.19895287958115182,0.002617801047120419,Brad M. Hoylman RECAP,0.7984293193717278
74020,74020,100,133,44,0,47,224,180,44,0,0.59375,0.19642857142857142,0.0,0.20982142857142858,0.8035714285714286,0.19642857142857142,0.0,Brad M. Hoylman RECAP,0.8035714285714286
74021,74021,100,159,14,0,64,237,223,14,0,0.6708860759493671,0.05907172995780591,0.0,0.270042194092827,0.9409282700421941,0.05907172995780591,0.0,Brad M. Hoylman RECAP,0.9409282700421941
74022,74022,100,143,19,0,35,197,178,19,0,0.7258883248730964,0.09644670050761421,0.0,0.17766497461928935,0.9035532994923858,0.09644670050761421,0.0,Brad M. Hoylman RECAP,0.9035532994923858
74023,74023,100,126,41,0,63,230,189,41,0,0.5478260869565217,0.1782608695652174,0.0,0.27391304347826084,0.8217391304347826,0.1782608695652174,0.0,Brad M. Hoylman RECAP,0.8217391304347826
74024,74024,100,148,8,1,64,221,212,8,1,0.669683257918552,0.03619909502262444,0.004524886877828055,0.2895927601809955,0.9592760180995475,0.03619909502262444,0.004524886877828055,Brad M. Hoylman RECAP,0.9592760180995475
74025,74025,100,120,15,1,37,173,157,15,1,0.6936416184971098,0.08670520231213873,0.005780346820809248,0.2138728323699422,0.9075144508670521,0.08670520231213873,0.005780346820809248,Brad M. Hoylman RECAP,0.9075144508670521
74026,74026,100,129,5,0,5,139,134,5,0,0.9280575539568345,0.03597122302158273,0.0,0.03597122302158273,0.9640287769784173,0.03597122302158273,0.0,Brad M. Hoylman RECAP,0.9640287769784173
74027,74027,100,74,7,0,5,86,79,7,0,0.8604651162790697,0.08139534883720931,0.0,0.05813953488372093,0.9186046511627907,0.08139534883720931,0.0,Brad M. Hoylman RECAP,0.9186046511627907
74028,74028,100,55,6,0,1,62,56,6,0,0.8870967741935484,0.0967741935483871,0.0,0.016129032258064516,0.9032258064516129,0.0967741935483871,0.0,Brad M. Hoylman RECAP,0.9032258064516129
74029,74029,100,108,5,0,5,118,113,5,0,0.9152542372881356,0.0423728813559322,0.0,0.0423728813559322,0.9576271186440678,0.0423728813559322,0.0,Brad M. Hoylman RECAP,0.9576271186440678
74030,74030,100,80,4,0,7,91,87,4,0,0.8791208791208791,0.04395604395604396,0.0,0.07692307692307693,0.9560439560439561,0.04395604395604396,0.0,Brad M. Hoylman RECAP,0.9560439560439561
74031,74031,100,192,25,1,42,260,234,25,1,0.7384615384615385,0.09615384615384616,0.0038461538461538464,0.16153846153846155,0.9,0.09615384615384616,0.0038461538461538464,Brad M. Hoylman RECAP,0.9
74032,74032,100,130,19,0,46,195,176,19,0,0.6666666666666666,0.09743589743589744,0.0,0.2358974358974359,0.9025641025641026,0.09743589743589744,0.0,Brad M. Hoylman RECAP,0.9025641025641026
74033,74033,100,155,15,0,62,232,217,15,0,0.6681034482758621,0.06465517241379311,0.0,0.2672413793103448,0.9353448275862069,0.06465517241379311,0.0,Brad M. Hoylman RECAP,0.9353448275862069
74034,74034,100,147,15,0,66,228,213,15,0,0.6447368421052632,0.06578947368421052,0.0,0.2894736842105263,0.9342105263157895,0.06578947368421052,0.0,Brad M. Hoylman RECAP,0.9342105263157895
74035,74035,100,86,12,0,3,101,89,12,0,0.8514851485148515,0.1188118811881188,0.0,0.0297029702970297,0.8811881188118812,0.1188118811881188,0.0,Brad M. Hoylman RECAP,0.8811881188118812
74036,74036,100,144,29,0,65,238,209,29,0,0.6050420168067226,0.12184873949579832,0.0,0.27310924369747897,0.8781512605042017,0.12184873949579832,0.0,Brad M. Hoylman RECAP,0.8781512605042017
74037,74037,100,144,8,1,67,220,211,8,1,0.6545454545454545,0.03636363636363636,0.004545454545454545,0.30454545454545456,0.9590909090909091,0.03636363636363636,0.004545454545454545,Brad M. Hoylman RECAP,0.9590909090909091
74038,74038,100,116,10,0,24,150,140,10,0,0.7733333333333333,0.06666666666666667,0.0,0.16,0.9333333333333333,0.06666666666666667,0.0,Brad M. Hoylman RECAP,0.9333333333333333
74039,74039,100,270,55,2,88,415,358,55,2,0.6506024096385542,0.13253012048192772,0.004819277108433735,0.21204819277108433,0.8626506024096385,0.13253012048192772,0.004819277108433735,Brad M. Hoylman RECAP,0.8626506024096385
74040,74040,100,245,56,0,71,372,316,56,0,0.6586021505376344,0.15053763440860216,0.0,0.19086021505376344,0.8494623655913979,0.15053763440860216,0.0,Brad M. Hoylman RECAP,0.8494623655913979
74041,74041,100,237,63,1,69,370,306,63,1,0.6405405405405405,0.17027027027027028,0.002702702702702703,0.1864864864864865,0.827027027027027,0.17027027027027028,0.002702702702702703,Brad M. Hoylman RECAP,0.827027027027027
74042,74042,100,189,50,0,56,295,245,50,0,0.6406779661016949,0.1694915254237288,0.0,0.18983050847457628,0.8305084745762712,0.1694915254237288,0.0,Brad M. Hoylman RECAP,0.8305084745762712
74043,74043,100,147,42,0,42,231,189,42,0,0.6363636363636364,0.18181818181818182,0.0,0.18181818181818182,0.8181818181818182,0.18181818181818182,0.0,Brad M. Hoylman RECAP,0.8181818181818182
74044,74044,100,178,55,0,56,289,234,55,0,0.615916955017301,0.1903114186851211,0.0,0.19377162629757785,0.8096885813148789,0.1903114186851211,0.0,Brad M. Hoylman RECAP,0.8096885813148789
74045,74045,100,276,95,1,61,433,337,95,1,0.6374133949191686,0.21939953810623555,0.0023094688221709007,0.14087759815242495,0.7782909930715936,0.21939953810623555,0.0023094688221709007,Brad M. Hoylman RECAP,0.7782909930715936
74046,74046,100,284,74,1,65,424,349,74,1,0.6698113207547169,0.17452830188679244,0.0023584905660377358,0.15330188679245282,0.8231132075471698,0.17452830188679244,0.0023584905660377358,Brad M. Hoylman RECAP,0.8231132075471698
74047,74047,100,228,76,1,68,373,296,76,1,0.6112600536193029,0.2037533512064343,0.002680965147453083,0.18230563002680966,0.7935656836461126,0.2037533512064343,0.002680965147453083,Brad M. Hoylman RECAP,0.7935656836461126
74048,74048,100,176,32,0,32,240,208,32,0,0.7333333333333333,0.13333333333333333,0.0,0.13333333333333333,0.8666666666666667,0.13333333333333333,0.0,Brad M. Hoylman RECAP,0.8666666666666667
74049,74049,100,177,78,0,48,303,225,78,0,0.5841584158415841,0.25742574257425743,0.0,0.15841584158415842,0.7425742574257426,0.25742574257425743,0.0,Brad M. Hoylman RECAP,0.7425742574257426
74050,74050,100,280,106,0,48,434,328,106,0,0.6451612903225806,0.24423963133640553,0.0,0.11059907834101383,0.7557603686635944,0.24423963133640553,0.0,Brad M. Hoylman RECAP,0.7557603686635944
74051,74051,100,216,44,0,50,310,266,44,0,0.6967741935483871,0.14193548387096774,0.0,0.16129032258064516,0.8580645161290322,0.14193548387096774,0.0,Brad M. Hoylman RECAP,0.8580645161290322
74052,74052,100,186,57,0,34,277,220,57,0,0.6714801444043321,0.20577617328519857,0.0,0.12274368231046931,0.7942238267148014,0.20577617328519857,0.0,Brad M. Hoylman RECAP,0.7942238267148014
74053,74053,100,108,28,0,47,183,155,28,0,0.5901639344262295,0.15300546448087432,0.0,0.2568306010928962,0.8469945355191257,0.15300546448087432,0.0,Brad M. Hoylman RECAP,0.8469945355191257
74054,74054,100,158,30,0,31,219,189,30,0,0.7214611872146118,0.136986301369863,0.0,0.1415525114155251,0.863013698630137,0.136986301369863,0.0,Brad M. Hoylman RECAP,0.863013698630137
74055,74055,100,85,25,0,9,119,94,25,0,0.7142857142857143,0.21008403361344538,0.0,0.07563025210084033,0.7899159663865546,0.21008403361344538,0.0,Brad M. Hoylman RECAP,0.7899159663865546
74071,74071,100,80,12,2,20,114,100,12,2,0.7017543859649122,0.10526315789473684,0.017543859649122806,0.17543859649122806,0.8771929824561403,0.10526315789473684,0.017543859649122806,Brad M. Hoylman RECAP,0.8771929824561403
74072,74072,100,78,25,0,22,125,100,25,0,0.624,0.2,0.0,0.176,0.8,0.2,0.0,Brad M. Hoylman RECAP,0.8
74073,74073,100,172,49,0,26,247,198,49,0,0.6963562753036437,0.19838056680161945,0.0,0.10526315789473684,0.8016194331983806,0.19838056680161945,0.0,Brad M. Hoylman RECAP,0.8016194331983806
74074,74074,100,201,43,1,51,296,252,43,1,0.6790540540540541,0.14527027027027026,0.0033783783783783786,0.17229729729729729,0.8513513513513513,0.14527027027027026,0.0033783783783783786,Brad M. Hoylman RECAP,0.8513513513513513
74075,74075,100,230,55,0,47,332,277,55,0,0.6927710843373494,0.16566265060240964,0.0,0.14156626506024098,0.8343373493975904,0.16566265060240964,0.0,Brad M. Hoylman RECAP,0.8343373493975904
74076,74076,100,151,16,0,15,182,166,16,0,0.8296703296703297,0.08791208791208792,0.0,0.08241758241758242,0.9120879120879121,0.08791208791208792,0.0,Brad M. Hoylman RECAP,0.9120879120879121
74077,74077,100,146,32,1,13,192,159,32,1,0.7604166666666666,0.16666666666666666,0.005208333333333333,0.06770833333333333,0.828125,0.16666666666666666,0.005208333333333333,Brad M. Hoylman RECAP,0.828125
74078,74078,100,217,46,1,22,286,239,46,1,0.7587412587412588,0.16083916083916083,0.0034965034965034965,0.07692307692307693,0.8356643356643356,0.16083916083916083,0.0034965034965034965,Brad M. Hoylman RECAP,0.8356643356643356
74079,74079,100,177,34,1,25,237,202,34,1,0.7468354430379747,0.14345991561181434,0.004219409282700422,0.10548523206751055,0.8523206751054853,0.14345991561181434,0.004219409282700422,Brad M. Hoylman RECAP,0.8523206751054853
74080,74080,100,137,46,0,24,207,161,46,0,0.6618357487922706,0.2222222222222222,0.0,0.11594202898550725,0.7777777777777778,0.2222222222222222,0.0,Brad M. Hoylman RECAP,0.7777777777777778
74081,74081,100,35,8,0,8,51,43,8,0,0.6862745098039216,0.1568627450980392,0.0,0.1568627450980392,0.8431372549019608,0.1568627450980392,0.0,Brad M. Hoylman RECAP,0.8431372549019608
74083,74083,100,173,41,1,41,256,214,41,1,0.67578125,0.16015625,0.00390625,0.16015625,0.8359375,0.16015625,0.00390625,Brad M. Hoylman RECAP,0.8359375
74084,74084,100,81,49,0,7,137,88,49,0,0.5912408759124088,0.35766423357664234,0.0,0.051094890510948905,0.6423357664233577,0.35766423357664234,0.0,Brad M. Hoylman RECAP,0.6423357664233577
74200,74200,100,0,0,0,0,0,0,0,0,0,0,0,0,0,0,0,n/a,0
74202,74202,100,0,0,0,0,0,0,0,0,0,0,0,0,0,0,0,n/a,0
74203,74203,100,0,0,0,0,0,0,0,0,0,0,0,0,0,0,0,n/a,0
75001,75001,100,305,49,0,71,425,376,49,0,0.7176470588235294,0.11529411764705882,0.0,0.16705882352941176,0.8847058823529412,0.11529411764705882,0.0,Brad M. Hoylman RECAP,0.8847058823529412
75002,75002,100,230,52,0,62,344,292,52,0,0.6686046511627907,0.1511627906976744,0.0,0.18023255813953487,0.8488372093023255,0.1511627906976744,0.0,Brad M. Hoylman RECAP,0.8488372093023255
75003,75003,100,115,13,0,30,158,145,13,0,0.7278481012658228,0.08227848101265822,0.0,0.189873417721519,0.9177215189873418,0.08227848101265822,0.0,Brad M. Hoylman RECAP,0.9177215189873418
75004,75004,100,205,23,0,48,276,253,23,0,0.7427536231884058,0.08333333333333333,0.0,0.17391304347826086,0.9166666666666666,0.08333333333333333,0.0,Brad M. Hoylman RECAP,0.9166666666666666
75005,75005,100,259,41,0,69,369,328,41,0,0.7018970189701897,0.1111111111111111,0.0,0.18699186991869918,0.8888888888888888,0.1111111111111111,0.0,Brad M. Hoylman RECAP,0.8888888888888888
75006,75006,100,232,30,1,54,317,286,30,1,0.7318611987381703,0.0946372239747634,0.0031545741324921135,0.17034700315457413,0.9022082018927445,0.0946372239747634,0.0031545741324921135,Brad M. Hoylman RECAP,0.9022082018927445
75007,75007,100,64,17,0,9,90,73,17,0,0.7111111111111111,0.18888888888888888,0.0,0.1,0.8111111111111111,0.18888888888888888,0.0,Brad M. Hoylman RECAP,0.8111111111111111
75010,75010,100,175,35,0,34,244,209,35,0,0.7172131147540983,0.14344262295081966,0.0,0.13934426229508196,0.8565573770491803,0.14344262295081966,0.0,Brad M. Hoylman RECAP,0.8565573770491803
75011,75011,100,218,38,0,55,311,273,38,0,0.7009646302250804,0.12218649517684887,0.0,0.17684887459807075,0.8778135048231511,0.12218649517684887,0.0,Brad M. Hoylman RECAP,0.8778135048231511
75012,75012,100,158,30,0,33,221,191,30,0,0.7149321266968326,0.13574660633484162,0.0,0.1493212669683258,0.8642533936651584,0.13574660633484162,0.0,Brad M. Hoylman RECAP,0.8642533936651584
75013,75013,100,113,19,0,17,149,130,19,0,0.7583892617449665,0.12751677852348994,0.0,0.11409395973154363,0.87248322147651,0.12751677852348994,0.0,Brad M. Hoylman RECAP,0.87248322147651
75014,75014,100,149,22,1,20,192,169,22,1,0.7760416666666666,0.11458333333333333,0.005208333333333333,0.10416666666666667,0.8802083333333334,0.11458333333333333,0.005208333333333333,Brad M. Hoylman RECAP,0.8802083333333334
75015,75015,100,155,22,0,49,226,204,22,0,0.6858407079646017,0.09734513274336283,0.0,0.2168141592920354,0.9026548672566371,0.09734513274336283,0.0,Brad M. Hoylman RECAP,0.9026548672566371
75016,75016,100,260,28,1,51,340,311,28,1,0.7647058823529411,0.08235294117647059,0.0029411764705882353,0.15,0.9147058823529411,0.08235294117647059,0.0029411764705882353,Brad M. Hoylman RECAP,0.9147058823529411
75017,75017,100,163,23,0,29,215,192,23,0,0.7581395348837209,0.10697674418604651,0.0,0.13488372093023257,0.8930232558139535,0.10697674418604651,0.0,Brad M. Hoylman RECAP,0.8930232558139535
75018,75018,100,100,15,0,29,144,129,15,0,0.6944444444444444,0.10416666666666667,0.0,0.2013888888888889,0.8958333333333334,0.10416666666666667,0.0,Brad M. Hoylman RECAP,0.8958333333333334
75019,75019,100,171,22,0,52,245,223,22,0,0.6979591836734694,0.08979591836734693,0.0,0.21224489795918366,0.9102040816326531,0.08979591836734693,0.0,Brad M. Hoylman RECAP,0.9102040816326531
75020,75020,100,254,24,0,73,351,327,24,0,0.7236467236467237,0.06837606837606838,0.0,0.20797720797720798,0.9316239316239316,0.06837606837606838,0.0,Brad M. Hoylman RECAP,0.9316239316239316
75021,75021,100,126,8,0,30,164,156,8,0,0.7682926829268293,0.04878048780487805,0.0,0.18292682926829268,0.9512195121951219,0.04878048780487805,0.0,Brad M. Hoylman RECAP,0.9512195121951219
75022,75022,100,175,30,0,22,227,197,30,0,0.7709251101321586,0.13215859030837004,0.0,0.09691629955947137,0.8678414096916299,0.13215859030837004,0.0,Brad M. Hoylman RECAP,0.8678414096916299
75023,75023,100,180,25,0,39,244,219,25,0,0.7377049180327869,0.10245901639344263,0.0,0.1598360655737705,0.8975409836065574,0.10245901639344263,0.0,Brad M. Hoylman RECAP,0.8975409836065574
75024,75024,100,186,23,0,53,262,239,23,0,0.7099236641221374,0.08778625954198473,0.0,0.20229007633587787,0.9122137404580153,0.08778625954198473,0.0,Brad M. Hoylman RECAP,0.9122137404580153
75025,75025,100,187,23,0,75,285,262,23,0,0.656140350877193,0.08070175438596491,0.0,0.2631578947368421,0.9192982456140351,0.08070175438596491,0.0,Brad M. Hoylman RECAP,0.9192982456140351
75026,75026,100,235,30,0,80,345,315,30,0,0.6811594202898551,0.08695652173913043,0.0,0.2318840579710145,0.9130434782608695,0.08695652173913043,0.0,Brad M. Hoylman RECAP,0.9130434782608695
75027,75027,100,266,23,0,57,346,323,23,0,0.7687861271676301,0.06647398843930635,0.0,0.16473988439306358,0.9335260115606936,0.06647398843930635,0.0,Brad M. Hoylman RECAP,0.9335260115606936
75028,75028,100,225,45,0,45,315,270,45,0,0.7142857142857143,0.14285714285714285,0.0,0.14285714285714285,0.8571428571428571,0.14285714285714285,0.0,Brad M. Hoylman RECAP,0.8571428571428571
75036,75036,100,195,32,0,44,271,239,32,0,0.7195571955719557,0.11808118081180811,0.0,0.16236162361623616,0.8819188191881919,0.11808118081180811,0.0,Brad M. Hoylman RECAP,0.8819188191881919
75037,75037,100,134,19,0,32,185,166,19,0,0.7243243243243244,0.10270270270270271,0.0,0.17297297297297298,0.8972972972972973,0.10270270270270271,0.0,Brad M. Hoylman RECAP,0.8972972972972973
75038,75038,100,206,58,0,135,399,341,58,0,0.5162907268170426,0.14536340852130325,0.0,0.3383458646616541,0.8546365914786967,0.14536340852130325,0.0,Brad M. Hoylman RECAP,0.8546365914786967
75039,75039,100,119,15,1,28,163,147,15,1,0.7300613496932515,0.09202453987730061,0.006134969325153374,0.17177914110429449,0.901840490797546,0.09202453987730061,0.006134969325153374,Brad M. Hoylman RECAP,0.901840490797546
75040,75040,100,106,9,0,19,134,125,9,0,0.7910447761194029,0.06716417910447761,0.0,0.1417910447761194,0.9328358208955224,0.06716417910447761,0.0,Brad M. Hoylman RECAP,0.9328358208955224
75041,75041,100,193,38,0,80,311,273,38,0,0.6205787781350482,0.12218649517684887,0.0,0.2572347266881029,0.8778135048231511,0.12218649517684887,0.0,Brad M. Hoylman RECAP,0.8778135048231511
75042,75042,100,182,29,0,26,237,208,29,0,0.7679324894514767,0.12236286919831224,0.0,0.10970464135021098,0.8776371308016878,0.12236286919831224,0.0,Brad M. Hoylman RECAP,0.8776371308016878
75043,75043,100,222,42,2,151,417,373,42,2,0.5323741007194245,0.10071942446043165,0.004796163069544364,0.36211031175059955,0.894484412470024,0.10071942446043165,0.004796163069544364,Brad M. Hoylman RECAP,0.894484412470024
75044,75044,100,273,49,0,131,453,404,49,0,0.6026490066225165,0.10816777041942605,0.0,0.2891832229580574,0.891832229580574,0.10816777041942605,0.0,Brad M. Hoylman RECAP,0.891832229580574
75046,75046,100,47,5,0,17,69,64,5,0,0.6811594202898551,0.07246376811594203,0.0,0.2463768115942029,0.927536231884058,0.07246376811594203,0.0,Brad M. Hoylman RECAP,0.927536231884058
75047,75047,100,106,18,0,24,148,130,18,0,0.7162162162162162,0.12162162162162163,0.0,0.16216216216216217,0.8783783783783784,0.12162162162162163,0.0,Brad M. Hoylman RECAP,0.8783783783783784
75048,75048,100,65,8,0,18,91,83,8,0,0.7142857142857143,0.08791208791208792,0.0,0.1978021978021978,0.9120879120879121,0.08791208791208792,0.0,Brad M. Hoylman RECAP,0.9120879120879121
75049,75049,100,89,22,0,13,124,102,22,0,0.717741935483871,0.1774193548387097,0.0,0.10483870967741936,0.8225806451612904,0.1774193548387097,0.0,Brad M. Hoylman RECAP,0.8225806451612904
75050,75050,100,90,21,0,12,123,102,21,0,0.7317073170731707,0.17073170731707318,0.0,0.0975609756097561,0.8292682926829268,0.17073170731707318,0.0,Brad M. Hoylman RECAP,0.8292682926829268
75058,75058,100,84,21,0,12,117,96,21,0,0.717948717948718,0.1794871794871795,0.0,0.10256410256410256,0.8205128205128205,0.1794871794871795,0.0,Brad M. Hoylman RECAP,0.8205128205128205
75062,75062,100,162,32,0,30,224,192,32,0,0.7232142857142857,0.14285714285714285,0.0,0.13392857142857142,0.8571428571428571,0.14285714285714285,0.0,Brad M. Hoylman RECAP,0.8571428571428571
75063,75063,100,135,27,1,30,193,165,27,1,0.6994818652849741,0.13989637305699482,0.0051813471502590676,0.15544041450777202,0.8549222797927462,0.13989637305699482,0.0051813471502590676,Brad M. Hoylman RECAP,0.8549222797927462
75064,75064,100,183,32,1,38,254,221,32,1,0.7204724409448819,0.12598425196850394,0.003937007874015748,0.14960629921259844,0.8700787401574803,0.12598425196850394,0.003937007874015748,Brad M. Hoylman RECAP,0.8700787401574803
75065,75065,100,0,3,0,1,4,1,3,0,0.0,0.75,0.0,0.25,0.25,0.75,0.0,Frank J. Scala RECAP,0.75
75066,75066,100,37,8,0,8,53,45,8,0,0.6981132075471698,0.1509433962264151,0.0,0.1509433962264151,0.8490566037735849,0.1509433962264151,0.0,Brad M. Hoylman RECAP,0.8490566037735849
75068,75068,100,33,17,0,7,57,40,17,0,0.5789473684210527,0.2982456140350877,0.0,0.12280701754385964,0.7017543859649122,0.2982456140350877,0.0,Brad M. Hoylman RECAP,0.7017543859649122
75069,75069,100,101,20,0,18,139,119,20,0,0.7266187050359713,0.14388489208633093,0.0,0.12949640287769784,0.8561151079136691,0.14388489208633093,0.0,Brad M. Hoylman RECAP,0.8561151079136691
75070,75070,100,178,33,0,50,261,228,33,0,0.6819923371647509,0.12643678160919541,0.0,0.19157088122605365,0.8735632183908046,0.12643678160919541,0.0,Brad M. Hoylman RECAP,0.8735632183908046
75071,75071,100,369,40,0,121,530,490,40,0,0.6962264150943396,0.07547169811320754,0.0,0.22830188679245284,0.9245283018867925,0.07547169811320754,0.0,Brad M. Hoylman RECAP,0.9245283018867925
75072,75072,100,436,39,1,113,589,549,39,1,0.7402376910016978,0.06621392190152801,0.001697792869269949,0.19185059422750425,0.9320882852292021,0.06621392190152801,0.001697792869269949,Brad M. Hoylman RECAP,0.9320882852292021
75073,75073,100,105,20,0,22,147,127,20,0,0.7142857142857143,0.1360544217687075,0.0,0.14965986394557823,0.8639455782312925,0.1360544217687075,0.0,Brad M. Hoylman RECAP,0.8639455782312925
75074,75074,100,133,33,1,17,184,150,33,1,0.7228260869565217,0.1793478260869565,0.005434782608695652,0.09239130434782608,0.8152173913043478,0.1793478260869565,0.005434782608695652,Brad M. Hoylman RECAP,0.8152173913043478
75075,75075,100,80,24,1,11,116,91,24,1,0.6896551724137931,0.20689655172413793,0.008620689655172414,0.09482758620689655,0.7844827586206896,0.20689655172413793,0.008620689655172414,Brad M. Hoylman RECAP,0.7844827586206896
75076,75076,100,103,44,0,9,156,112,44,0,0.6602564102564102,0.28205128205128205,0.0,0.057692307692307696,0.717948717948718,0.28205128205128205,0.0,Brad M. Hoylman RECAP,0.717948717948718
75077,75077,100,71,15,0,11,97,82,15,0,0.7319587628865979,0.15463917525773196,0.0,0.1134020618556701,0.845360824742268,0.15463917525773196,0.0,Brad M. Hoylman RECAP,0.845360824742268
75078,75078,100,106,11,0,28,145,134,11,0,0.7310344827586207,0.07586206896551724,0.0,0.19310344827586207,0.9241379310344827,0.07586206896551724,0.0,Brad M. Hoylman RECAP,0.9241379310344827
75079,75079,100,169,23,1,27,220,196,23,1,0.7681818181818182,0.10454545454545454,0.004545454545454545,0.12272727272727273,0.8909090909090909,0.10454545454545454,0.004545454545454545,Brad M. Hoylman RECAP,0.8909090909090909
75080,75080,100,211,34,1,45,291,256,34,1,0.7250859106529209,0.11683848797250859,0.003436426116838488,0.15463917525773196,0.8797250859106529,0.11683848797250859,0.003436426116838488,Brad M. Hoylman RECAP,0.8797250859106529
75081,75081,100,106,21,0,19,146,125,21,0,0.726027397260274,0.14383561643835616,0.0,0.13013698630136986,0.8561643835616438,0.14383561643835616,0.0,Brad M. Hoylman RECAP,0.8561643835616438
75082,75082,100,125,19,2,47,193,172,19,2,0.6476683937823834,0.09844559585492228,0.010362694300518135,0.24352331606217617,0.8911917098445595,0.09844559585492228,0.010362694300518135,Brad M. Hoylman RECAP,0.8911917098445595
75083,75083,100,201,38,0,45,284,246,38,0,0.7077464788732394,0.13380281690140844,0.0,0.15845070422535212,0.8661971830985915,0.13380281690140844,0.0,Brad M. Hoylman RECAP,0.8661971830985915
75084,75084,100,201,46,0,38,285,239,46,0,0.7052631578947368,0.16140350877192983,0.0,0.13333333333333333,0.8385964912280702,0.16140350877192983,0.0,Brad M. Hoylman RECAP,0.8385964912280702
75085,75085,100,110,18,0,20,148,130,18,0,0.7432432432432432,0.12162162162162163,0.0,0.13513513513513514,0.8783783783783784,0.12162162162162163,0.0,Brad M. Hoylman RECAP,0.8783783783783784
75089,75089,100,60,38,0,10,108,70,38,0,0.5555555555555556,0.35185185185185186,0.0,0.09259259259259259,0.6481481481481481,0.35185185185185186,0.0,Brad M. Hoylman RECAP,0.6481481481481481
75093,75093,100,0,0,0,0,0,0,0,0,0,0,0,0,0,0,0,n/a,0
75094,75094,100,121,51,0,25,197,146,51,0,0.6142131979695431,0.25888324873096447,0.0,0.12690355329949238,0.7411167512690355,0.25888324873096447,0.0,Brad M. Hoylman RECAP,0.7411167512690355
75095,75095,100,190,67,0,28,285,218,67,0,0.6666666666666666,0.23508771929824562,0.0,0.09824561403508772,0.7649122807017544,0.23508771929824562,0.0,Brad M. Hoylman RECAP,0.7649122807017544
75096,75096,100,143,49,0,23,215,166,49,0,0.6651162790697674,0.22790697674418606,0.0,0.10697674418604651,0.772093023255814,0.22790697674418606,0.0,Brad M. Hoylman RECAP,0.772093023255814
75097,75097,100,224,73,0,33,330,257,73,0,0.6787878787878788,0.22121212121212122,0.0,0.1,0.7787878787878788,0.22121212121212122,0.0,Brad M. Hoylman RECAP,0.7787878787878788
75098,75098,100,134,53,0,28,215,162,53,0,0.6232558139534884,0.24651162790697675,0.0,0.13023255813953488,0.7534883720930232,0.24651162790697675,0.0,Brad M. Hoylman RECAP,0.7534883720930232
75099,75099,100,132,54,0,45,231,177,54,0,0.5714285714285714,0.23376623376623376,0.0,0.19480519480519481,0.7662337662337663,0.23376623376623376,0.0,Brad M. Hoylman RECAP,0.7662337662337663
75100,75100,100,157,42,1,32,232,189,42,1,0.6767241379310345,0.1810344827586207,0.004310344827586207,0.13793103448275862,0.8146551724137931,0.1810344827586207,0.004310344827586207,Brad M. Hoylman RECAP,0.8146551724137931
75101,75101,100,9,25,0,1,35,10,25,0,0.2571428571428571,0.7142857142857143,0.0,0.02857142857142857,0.2857142857142857,0.7142857142857143,0.0,Frank J. Scala RECAP,0.7142857142857143
75103,75103,100,116,24,0,15,155,131,24,0,0.7483870967741936,0.15483870967741936,0.0,0.0967741935483871,0.8451612903225807,0.15483870967741936,0.0,Brad M. Hoylman RECAP,0.8451612903225807
75200,75200,100,0,0,0,0,0,0,0,0,0,0,0,0,0,0,0,n/a,0
75203,75203,100,0,0,0,0,0,0,0,0,0,0,0,0,0,0,0,n/a,0
75205,75205,100,0,0,0,0,0,0,0,0,0,0,0,0,0,0,0,n/a,0
76200,76200,100,0,0,0,0,0,0,0,0,0,0,0,0,0,0,0,n/a,0
76201,76201,100,0,0,0,0,0,0,0,0,0,0,0,0,0,0,0,n/a,0
76202,76202,100,0,0,0,0,0,0,0,0,0,0,0,0,0,0,0,n/a,0
76203,76203,100,0,0,0,0,0,0,0,0,0,0,0,0,0,0,0,n/a,0
