ED,Reported As,Reporting,Mojgan Cohanim Lancman (Democratic),Mojgan Cohanim Lancman (Republican),Scattered,Total Votes,Mojgan Cohanim Lancman RECAP,Scattered RECAP,p_Mojgan Cohanim Lancman (Democratic),p_Mojgan Cohanim Lancman (Republican),p_Scattered,p_Mojgan Cohanim Lancman RECAP,p_Scattered RECAP,winner,winner_p
23001,23001,100,86,212,1,299,298,1,0.28762541806020064,0.7090301003344481,0.0033444816053511705,0.9966555183946488,0.0033444816053511705,Mojgan Cohanim Lancman RECAP,0.9966555183946488
23002,23002,100,68,238,0,306,306,0,0.2222222222222222,0.7777777777777778,0.0,1.0,0.0,Mojgan Cohanim Lancman RECAP,1.0
23003,23003,100,80,185,0,265,265,0,0.3018867924528302,0.6981132075471698,0.0,1.0,0.0,Mojgan Cohanim Lancman RECAP,1.0
23004,23004,100,19,24,0,43,43,0,0.4418604651162791,0.5581395348837209,0.0,1.0,0.0,Mojgan Cohanim Lancman RECAP,1.0
23005,23005,100,132,155,0,287,287,0,0.45993031358885017,0.5400696864111498,0.0,1.0,0.0,Mojgan Cohanim Lancman RECAP,1.0
23006,23006,100,121,194,3,318,315,3,0.3805031446540881,0.610062893081761,0.009433962264150943,0.9905660377358491,0.009433962264150943,Mojgan Cohanim Lancman RECAP,0.9905660377358491
23007,23007,100,101,224,1,326,325,1,0.3098159509202454,0.6871165644171779,0.003067484662576687,0.9969325153374233,0.003067484662576687,Mojgan Cohanim Lancman RECAP,0.9969325153374233
23008,23008,100,95,162,1,258,257,1,0.3682170542635659,0.627906976744186,0.003875968992248062,0.9961240310077519,0.003875968992248062,Mojgan Cohanim Lancman RECAP,0.9961240310077519
23009,23009,100,120,160,4,284,280,4,0.4225352112676056,0.5633802816901409,0.014084507042253521,0.9859154929577465,0.014084507042253521,Mojgan Cohanim Lancman RECAP,0.9859154929577465
23010,23010,100,123,145,0,268,268,0,0.458955223880597,0.5410447761194029,0.0,1.0,0.0,Mojgan Cohanim Lancman RECAP,1.0
23011,23011,100,106,122,0,228,228,0,0.4649122807017544,0.5350877192982456,0.0,1.0,0.0,Mojgan Cohanim Lancman RECAP,1.0
23012,23012,100,132,50,0,182,182,0,0.7252747252747253,0.27472527472527475,0.0,1.0,0.0,Mojgan Cohanim Lancman RECAP,1.0
23013,23013,100,112,85,1,198,197,1,0.5656565656565656,0.4292929292929293,0.005050505050505051,0.9949494949494949,0.005050505050505051,Mojgan Cohanim Lancman RECAP,0.9949494949494949
23014,23014,100,141,130,2,273,271,2,0.5164835164835165,0.47619047619047616,0.007326007326007326,0.9926739926739927,0.007326007326007326,Mojgan Cohanim Lancman RECAP,0.9926739926739927
23015,23015,100,187,68,1,256,255,1,0.73046875,0.265625,0.00390625,0.99609375,0.00390625,Mojgan Cohanim Lancman RECAP,0.99609375
23016,23016,100,193,67,1,261,260,1,0.7394636015325671,0.2567049808429119,0.0038314176245210726,0.9961685823754789,0.0038314176245210726,Mojgan Cohanim Lancman RECAP,0.9961685823754789
23017,23017,100,127,25,1,153,152,1,0.8300653594771242,0.16339869281045752,0.006535947712418301,0.9934640522875817,0.006535947712418301,Mojgan Cohanim Lancman RECAP,0.9934640522875817
23018,23018,100,99,11,0,110,110,0,0.9,0.1,0.0,1.0,0.0,Mojgan Cohanim Lancman RECAP,1.0
23019,23019,100,185,43,1,229,228,1,0.8078602620087336,0.18777292576419213,0.004366812227074236,0.9956331877729258,0.004366812227074236,Mojgan Cohanim Lancman RECAP,0.9956331877729258
23020,23020,100,0,0,0,0,0,0,0,0,0,0,0,n/a,0
23021,23021,100,78,29,1,108,107,1,0.7222222222222222,0.26851851851851855,0.009259259259259259,0.9907407407407407,0.009259259259259259,Mojgan Cohanim Lancman RECAP,0.9907407407407407
23022,23022,100,1,0,0,1,1,0,1.0,0.0,0.0,1.0,0.0,Mojgan Cohanim Lancman RECAP,1.0
23023,23023,100,96,103,0,199,199,0,0.4824120603015075,0.5175879396984925,0.0,1.0,0.0,Mojgan Cohanim Lancman RECAP,1.0
23024,23024,100,184,30,0,214,214,0,0.8598130841121495,0.14018691588785046,0.0,1.0,0.0,Mojgan Cohanim Lancman RECAP,1.0
23025,23025,100,118,62,1,181,180,1,0.6519337016574586,0.3425414364640884,0.0055248618784530384,0.994475138121547,0.0055248618784530384,Mojgan Cohanim Lancman RECAP,0.994475138121547
23026,23026,100,198,60,1,259,258,1,0.7644787644787645,0.23166023166023167,0.003861003861003861,0.9961389961389961,0.003861003861003861,Mojgan Cohanim Lancman RECAP,0.9961389961389961
23027,23027,100,44,159,2,205,203,2,0.2146341463414634,0.775609756097561,0.00975609756097561,0.9902439024390244,0.00975609756097561,Mojgan Cohanim Lancman RECAP,0.9902439024390244
23028,23028,100,98,148,1,247,246,1,0.3967611336032389,0.5991902834008097,0.004048582995951417,0.9959514170040485,0.004048582995951417,Mojgan Cohanim Lancman RECAP,0.9959514170040485
23029,23029,100,175,46,2,223,221,2,0.7847533632286996,0.2062780269058296,0.008968609865470852,0.9910313901345291,0.008968609865470852,Mojgan Cohanim Lancman RECAP,0.9910313901345291
23030,23030,100,193,37,0,230,230,0,0.8391304347826087,0.1608695652173913,0.0,1.0,0.0,Mojgan Cohanim Lancman RECAP,1.0
23031,23031,100,182,27,1,210,209,1,0.8666666666666667,0.12857142857142856,0.004761904761904762,0.9952380952380953,0.004761904761904762,Mojgan Cohanim Lancman RECAP,0.9952380952380953
23032,23032,100,123,6,0,129,129,0,0.9534883720930233,0.046511627906976744,0.0,1.0,0.0,Mojgan Cohanim Lancman RECAP,1.0
23033,23033,100,145,5,0,150,150,0,0.9666666666666667,0.03333333333333333,0.0,1.0,0.0,Mojgan Cohanim Lancman RECAP,1.0
23034,23034,100,97,10,0,107,107,0,0.9065420560747663,0.09345794392523364,0.0,1.0,0.0,Mojgan Cohanim Lancman RECAP,1.0
23035,23035,100,175,56,1,232,231,1,0.7543103448275862,0.2413793103448276,0.004310344827586207,0.9956896551724138,0.004310344827586207,Mojgan Cohanim Lancman RECAP,0.9956896551724138
23036,23036,100,126,65,0,191,191,0,0.6596858638743456,0.3403141361256545,0.0,1.0,0.0,Mojgan Cohanim Lancman RECAP,1.0
23037,23037,100,132,34,1,167,166,1,0.7904191616766467,0.20359281437125748,0.005988023952095809,0.9940119760479041,0.005988023952095809,Mojgan Cohanim Lancman RECAP,0.9940119760479041
23038,23038,100,20,9,0,29,29,0,0.6896551724137931,0.3103448275862069,0.0,1.0,0.0,Mojgan Cohanim Lancman RECAP,1.0
23039,23039,100,70,120,1,191,190,1,0.36649214659685864,0.6282722513089005,0.005235602094240838,0.9947643979057592,0.005235602094240838,Mojgan Cohanim Lancman RECAP,0.9947643979057592
23040,23040,100,73,130,0,203,203,0,0.35960591133004927,0.6403940886699507,0.0,1.0,0.0,Mojgan Cohanim Lancman RECAP,1.0
23041,23041,100,60,95,2,157,155,2,0.3821656050955414,0.6050955414012739,0.012738853503184714,0.9872611464968153,0.012738853503184714,Mojgan Cohanim Lancman RECAP,0.9872611464968153
23042,23042,100,201,17,0,218,218,0,0.9220183486238532,0.0779816513761468,0.0,1.0,0.0,Mojgan Cohanim Lancman RECAP,1.0
23043,23043,100,62,12,0,74,74,0,0.8378378378378378,0.16216216216216217,0.0,1.0,0.0,Mojgan Cohanim Lancman RECAP,1.0
23044,23044,100,83,141,0,224,224,0,0.3705357142857143,0.6294642857142857,0.0,1.0,0.0,Mojgan Cohanim Lancman RECAP,1.0
23045,23045,100,97,144,0,241,241,0,0.4024896265560166,0.5975103734439834,0.0,1.0,0.0,Mojgan Cohanim Lancman RECAP,1.0
23046,23046,100,86,159,0,245,245,0,0.3510204081632653,0.6489795918367347,0.0,1.0,0.0,Mojgan Cohanim Lancman RECAP,1.0
23047,23047,100,57,89,2,148,146,2,0.38513513513513514,0.6013513513513513,0.013513513513513514,0.9864864864864865,0.013513513513513514,Mojgan Cohanim Lancman RECAP,0.9864864864864865
23048,23048,100,67,73,0,140,140,0,0.4785714285714286,0.5214285714285715,0.0,1.0,0.0,Mojgan Cohanim Lancman RECAP,1.0
23049,23049,100,101,168,1,270,269,1,0.37407407407407406,0.6222222222222222,0.003703703703703704,0.9962962962962963,0.003703703703703704,Mojgan Cohanim Lancman RECAP,0.9962962962962963
23050,23050,100,103,117,0,220,220,0,0.4681818181818182,0.5318181818181819,0.0,1.0,0.0,Mojgan Cohanim Lancman RECAP,1.0
23051,23051,100,79,142,1,222,221,1,0.35585585585585583,0.6396396396396397,0.0045045045045045045,0.9954954954954955,0.0045045045045045045,Mojgan Cohanim Lancman RECAP,0.9954954954954955
23052,23052,100,57,73,1,131,130,1,0.4351145038167939,0.5572519083969466,0.007633587786259542,0.9923664122137404,0.007633587786259542,Mojgan Cohanim Lancman RECAP,0.9923664122137404
23053,23053,100,118,66,0,184,184,0,0.6413043478260869,0.358695652173913,0.0,1.0,0.0,Mojgan Cohanim Lancman RECAP,1.0
23054,23054,100,110,86,0,196,196,0,0.5612244897959183,0.4387755102040816,0.0,1.0,0.0,Mojgan Cohanim Lancman RECAP,1.0
23055,23055,100,35,12,0,47,47,0,0.7446808510638298,0.2553191489361702,0.0,1.0,0.0,Mojgan Cohanim Lancman RECAP,1.0
23056,23056,100,119,48,0,167,167,0,0.7125748502994012,0.2874251497005988,0.0,1.0,0.0,Mojgan Cohanim Lancman RECAP,1.0
23057,23057,100,137,62,0,199,199,0,0.6884422110552764,0.31155778894472363,0.0,1.0,0.0,Mojgan Cohanim Lancman RECAP,1.0
23058,23058,100,136,53,1,190,189,1,0.7157894736842105,0.2789473684210526,0.005263157894736842,0.9947368421052631,0.005263157894736842,Mojgan Cohanim Lancman RECAP,0.9947368421052631
23059,23059,100,120,29,0,149,149,0,0.8053691275167785,0.19463087248322147,0.0,1.0,0.0,Mojgan Cohanim Lancman RECAP,1.0
23060,23060,100,77,32,0,109,109,0,0.7064220183486238,0.29357798165137616,0.0,1.0,0.0,Mojgan Cohanim Lancman RECAP,1.0
23061,23061,100,155,97,0,252,252,0,0.6150793650793651,0.38492063492063494,0.0,1.0,0.0,Mojgan Cohanim Lancman RECAP,1.0
23062,23062,100,196,112,0,308,308,0,0.6363636363636364,0.36363636363636365,0.0,1.0,0.0,Mojgan Cohanim Lancman RECAP,1.0
23063,23063,100,198,95,0,293,293,0,0.6757679180887372,0.3242320819112628,0.0,1.0,0.0,Mojgan Cohanim Lancman RECAP,1.0
23064,23064,100,191,129,0,320,320,0,0.596875,0.403125,0.0,1.0,0.0,Mojgan Cohanim Lancman RECAP,1.0
23065,23065,100,129,69,0,198,198,0,0.6515151515151515,0.3484848484848485,0.0,1.0,0.0,Mojgan Cohanim Lancman RECAP,1.0
23066,23066,100,78,11,0,89,89,0,0.8764044943820225,0.12359550561797752,0.0,1.0,0.0,Mojgan Cohanim Lancman RECAP,1.0
23067,23067,100,63,11,0,74,74,0,0.8513513513513513,0.14864864864864866,0.0,1.0,0.0,Mojgan Cohanim Lancman RECAP,1.0
23068,23068,100,84,15,0,99,99,0,0.8484848484848485,0.15151515151515152,0.0,1.0,0.0,Mojgan Cohanim Lancman RECAP,1.0
23069,23069,100,73,23,0,96,96,0,0.7604166666666666,0.23958333333333334,0.0,1.0,0.0,Mojgan Cohanim Lancman RECAP,1.0
23070,23070,100,78,30,0,108,108,0,0.7222222222222222,0.2777777777777778,0.0,1.0,0.0,Mojgan Cohanim Lancman RECAP,1.0
23071,23038,100,0,0,0,0,0,0,0,0,0,0,0,n/a,0
23072,23072,100,0,0,0,0,0,0,0,0,0,0,0,n/a,0
23073,23073,100,0,0,0,0,0,0,0,0,0,0,0,n/a,0
23074,23073,100,0,0,0,0,0,0,0,0,0,0,0,n/a,0
23075,23075,100,0,0,0,0,0,0,0,0,0,0,0,n/a,0
23076,23076,100,0,0,0,0,0,0,0,0,0,0,0,n/a,0
23077,23077,100,0,0,0,0,0,0,0,0,0,0,0,n/a,0
23078,23077,100,0,0,0,0,0,0,0,0,0,0,0,n/a,0
23079,23077,100,0,0,0,0,0,0,0,0,0,0,0,n/a,0
23080,23072,100,0,0,0,0,0,0,0,0,0,0,0,n/a,0
23081,23072,100,0,0,0,0,0,0,0,0,0,0,0,n/a,0
23082,23072,100,0,0,0,0,0,0,0,0,0,0,0,n/a,0
23083,23022,100,0,0,0,0,0,0,0,0,0,0,0,n/a,0
24001,24001,100,106,52,0,158,158,0,0.6708860759493671,0.3291139240506329,0.0,1.0,0.0,Mojgan Cohanim Lancman RECAP,1.0
24002,24002,100,192,69,0,261,261,0,0.735632183908046,0.26436781609195403,0.0,1.0,0.0,Mojgan Cohanim Lancman RECAP,1.0
24003,24003,100,143,48,1,192,191,1,0.7447916666666666,0.25,0.005208333333333333,0.9947916666666666,0.005208333333333333,Mojgan Cohanim Lancman RECAP,0.9947916666666666
24004,24004,100,90,23,0,113,113,0,0.7964601769911505,0.20353982300884957,0.0,1.0,0.0,Mojgan Cohanim Lancman RECAP,1.0
24005,24005,100,157,66,2,225,223,2,0.6977777777777778,0.29333333333333333,0.008888888888888889,0.9911111111111112,0.008888888888888889,Mojgan Cohanim Lancman RECAP,0.9911111111111112
24006,24006,100,124,68,0,192,192,0,0.6458333333333334,0.3541666666666667,0.0,1.0,0.0,Mojgan Cohanim Lancman RECAP,1.0
24007,24007,100,98,24,0,122,122,0,0.8032786885245902,0.19672131147540983,0.0,1.0,0.0,Mojgan Cohanim Lancman RECAP,1.0
24008,24008,100,42,8,0,50,50,0,0.84,0.16,0.0,1.0,0.0,Mojgan Cohanim Lancman RECAP,1.0
24009,24009,100,5,1,0,6,6,0,0.8333333333333334,0.16666666666666666,0.0,1.0,0.0,Mojgan Cohanim Lancman RECAP,1.0
24010,24010,100,55,34,0,89,89,0,0.6179775280898876,0.38202247191011235,0.0,1.0,0.0,Mojgan Cohanim Lancman RECAP,1.0
24011,24011,100,81,29,2,112,110,2,0.7232142857142857,0.25892857142857145,0.017857142857142856,0.9821428571428571,0.017857142857142856,Mojgan Cohanim Lancman RECAP,0.9821428571428571
24012,24012,100,13,4,0,17,17,0,0.7647058823529411,0.23529411764705882,0.0,1.0,0.0,Mojgan Cohanim Lancman RECAP,1.0
24013,24013,100,149,27,0,176,176,0,0.8465909090909091,0.1534090909090909,0.0,1.0,0.0,Mojgan Cohanim Lancman RECAP,1.0
24014,24014,100,114,28,0,142,142,0,0.8028169014084507,0.19718309859154928,0.0,1.0,0.0,Mojgan Cohanim Lancman RECAP,1.0
24015,24015,100,104,40,0,144,144,0,0.7222222222222222,0.2777777777777778,0.0,1.0,0.0,Mojgan Cohanim Lancman RECAP,1.0
24016,24016,100,75,24,0,99,99,0,0.7575757575757576,0.24242424242424243,0.0,1.0,0.0,Mojgan Cohanim Lancman RECAP,1.0
24017,24017,100,175,58,1,234,233,1,0.7478632478632479,0.24786324786324787,0.004273504273504274,0.9957264957264957,0.004273504273504274,Mojgan Cohanim Lancman RECAP,0.9957264957264957
24018,24018,100,198,77,0,275,275,0,0.72,0.28,0.0,1.0,0.0,Mojgan Cohanim Lancman RECAP,1.0
24019,24019,100,175,103,0,278,278,0,0.6294964028776978,0.37050359712230213,0.0,1.0,0.0,Mojgan Cohanim Lancman RECAP,1.0
24020,24020,100,213,78,2,293,291,2,0.726962457337884,0.26621160409556316,0.006825938566552901,0.9931740614334471,0.006825938566552901,Mojgan Cohanim Lancman RECAP,0.9931740614334471
24021,24021,100,248,86,4,338,334,4,0.7337278106508875,0.25443786982248523,0.011834319526627219,0.9881656804733728,0.011834319526627219,Mojgan Cohanim Lancman RECAP,0.9881656804733728
24022,24022,100,93,43,2,138,136,2,0.6739130434782609,0.3115942028985507,0.014492753623188406,0.9855072463768116,0.014492753623188406,Mojgan Cohanim Lancman RECAP,0.9855072463768116
24023,24023,100,11,5,0,16,16,0,0.6875,0.3125,0.0,1.0,0.0,Mojgan Cohanim Lancman RECAP,1.0
24024,24024,100,198,88,1,287,286,1,0.6898954703832753,0.30662020905923343,0.003484320557491289,0.9965156794425087,0.003484320557491289,Mojgan Cohanim Lancman RECAP,0.9965156794425087
24025,24025,100,197,104,2,303,301,2,0.6501650165016502,0.3432343234323432,0.006600660066006601,0.9933993399339934,0.006600660066006601,Mojgan Cohanim Lancman RECAP,0.9933993399339934
24026,24026,100,80,12,0,92,92,0,0.8695652173913043,0.13043478260869565,0.0,1.0,0.0,Mojgan Cohanim Lancman RECAP,1.0
24027,24027,100,203,10,0,213,213,0,0.9530516431924883,0.046948356807511735,0.0,1.0,0.0,Mojgan Cohanim Lancman RECAP,1.0
24028,24028,100,115,76,1,192,191,1,0.5989583333333334,0.3958333333333333,0.005208333333333333,0.9947916666666666,0.005208333333333333,Mojgan Cohanim Lancman RECAP,0.9947916666666666
24029,24029,100,262,42,1,305,304,1,0.8590163934426229,0.1377049180327869,0.003278688524590164,0.9967213114754099,0.003278688524590164,Mojgan Cohanim Lancman RECAP,0.9967213114754099
24030,24030,100,251,25,0,276,276,0,0.9094202898550725,0.09057971014492754,0.0,1.0,0.0,Mojgan Cohanim Lancman RECAP,1.0
24031,24031,100,100,14,0,114,114,0,0.8771929824561403,0.12280701754385964,0.0,1.0,0.0,Mojgan Cohanim Lancman RECAP,1.0
24032,24032,100,86,40,1,127,126,1,0.6771653543307087,0.31496062992125984,0.007874015748031496,0.9921259842519685,0.007874015748031496,Mojgan Cohanim Lancman RECAP,0.9921259842519685
24033,24033,100,139,100,3,242,239,3,0.5743801652892562,0.4132231404958678,0.012396694214876033,0.987603305785124,0.012396694214876033,Mojgan Cohanim Lancman RECAP,0.987603305785124
24034,24034,100,74,69,0,143,143,0,0.5174825174825175,0.4825174825174825,0.0,1.0,0.0,Mojgan Cohanim Lancman RECAP,1.0
24035,24035,100,135,57,0,192,192,0,0.703125,0.296875,0.0,1.0,0.0,Mojgan Cohanim Lancman RECAP,1.0
24036,24036,100,63,6,0,69,69,0,0.9130434782608695,0.08695652173913043,0.0,1.0,0.0,Mojgan Cohanim Lancman RECAP,1.0
24037,24037,100,148,37,1,186,185,1,0.7956989247311828,0.1989247311827957,0.005376344086021506,0.9946236559139785,0.005376344086021506,Mojgan Cohanim Lancman RECAP,0.9946236559139785
24038,24038,100,0,2,0,2,2,0,0.0,1.0,0.0,1.0,0.0,Mojgan Cohanim Lancman RECAP,1.0
24039,24039,100,19,3,0,22,22,0,0.8636363636363636,0.13636363636363635,0.0,1.0,0.0,Mojgan Cohanim Lancman RECAP,1.0
24040,24040,100,183,30,0,213,213,0,0.8591549295774648,0.14084507042253522,0.0,1.0,0.0,Mojgan Cohanim Lancman RECAP,1.0
24041,24041,100,26,10,0,36,36,0,0.7222222222222222,0.2777777777777778,0.0,1.0,0.0,Mojgan Cohanim Lancman RECAP,1.0
24042,24042,100,70,14,0,84,84,0,0.8333333333333334,0.16666666666666666,0.0,1.0,0.0,Mojgan Cohanim Lancman RECAP,1.0
24043,24043,100,196,20,1,217,216,1,0.9032258064516129,0.09216589861751152,0.004608294930875576,0.9953917050691244,0.004608294930875576,Mojgan Cohanim Lancman RECAP,0.9953917050691244
24044,24044,100,87,16,0,103,103,0,0.8446601941747572,0.1553398058252427,0.0,1.0,0.0,Mojgan Cohanim Lancman RECAP,1.0
24045,24045,100,90,27,2,119,117,2,0.7563025210084033,0.226890756302521,0.01680672268907563,0.9831932773109243,0.01680672268907563,Mojgan Cohanim Lancman RECAP,0.9831932773109243
24046,24046,100,98,25,0,123,123,0,0.7967479674796748,0.2032520325203252,0.0,1.0,0.0,Mojgan Cohanim Lancman RECAP,1.0
24047,24047,100,106,26,0,132,132,0,0.803030303030303,0.19696969696969696,0.0,1.0,0.0,Mojgan Cohanim Lancman RECAP,1.0
24048,24048,100,39,3,0,42,42,0,0.9285714285714286,0.07142857142857142,0.0,1.0,0.0,Mojgan Cohanim Lancman RECAP,1.0
24049,24049,100,224,39,1,264,263,1,0.8484848484848485,0.14772727272727273,0.003787878787878788,0.9962121212121212,0.003787878787878788,Mojgan Cohanim Lancman RECAP,0.9962121212121212
24050,24050,100,124,34,0,158,158,0,0.7848101265822784,0.21518987341772153,0.0,1.0,0.0,Mojgan Cohanim Lancman RECAP,1.0
24051,24051,100,141,38,0,179,179,0,0.7877094972067039,0.2122905027932961,0.0,1.0,0.0,Mojgan Cohanim Lancman RECAP,1.0
24052,24052,100,111,33,0,144,144,0,0.7708333333333334,0.22916666666666666,0.0,1.0,0.0,Mojgan Cohanim Lancman RECAP,1.0
24053,24053,100,168,45,2,215,213,2,0.7813953488372093,0.20930232558139536,0.009302325581395349,0.9906976744186047,0.009302325581395349,Mojgan Cohanim Lancman RECAP,0.9906976744186047
24054,24054,100,135,17,2,154,152,2,0.8766233766233766,0.11038961038961038,0.012987012987012988,0.987012987012987,0.012987012987012988,Mojgan Cohanim Lancman RECAP,0.987012987012987
24055,24055,100,99,9,1,109,108,1,0.908256880733945,0.08256880733944955,0.009174311926605505,0.9908256880733946,0.009174311926605505,Mojgan Cohanim Lancman RECAP,0.9908256880733946
24056,24056,100,12,2,0,14,14,0,0.8571428571428571,0.14285714285714285,0.0,1.0,0.0,Mojgan Cohanim Lancman RECAP,1.0
24057,24057,100,62,11,0,73,73,0,0.8493150684931506,0.1506849315068493,0.0,1.0,0.0,Mojgan Cohanim Lancman RECAP,1.0
24058,24058,100,1,0,0,1,1,0,1.0,0.0,0.0,1.0,0.0,Mojgan Cohanim Lancman RECAP,1.0
24059,24059,100,108,15,1,124,123,1,0.8709677419354839,0.12096774193548387,0.008064516129032258,0.9919354838709677,0.008064516129032258,Mojgan Cohanim Lancman RECAP,0.9919354838709677
24060,24060,100,26,5,0,31,31,0,0.8387096774193549,0.16129032258064516,0.0,1.0,0.0,Mojgan Cohanim Lancman RECAP,1.0
24061,24061,100,104,51,0,155,155,0,0.6709677419354839,0.32903225806451614,0.0,1.0,0.0,Mojgan Cohanim Lancman RECAP,1.0
24062,24062,100,114,22,1,137,136,1,0.8321167883211679,0.16058394160583941,0.0072992700729927005,0.9927007299270073,0.0072992700729927005,Mojgan Cohanim Lancman RECAP,0.9927007299270073
24063,24063,100,83,6,0,89,89,0,0.9325842696629213,0.06741573033707865,0.0,1.0,0.0,Mojgan Cohanim Lancman RECAP,1.0
24064,24064,100,59,4,0,63,63,0,0.9365079365079365,0.06349206349206349,0.0,1.0,0.0,Mojgan Cohanim Lancman RECAP,1.0
24065,24065,100,124,22,0,146,146,0,0.8493150684931506,0.1506849315068493,0.0,1.0,0.0,Mojgan Cohanim Lancman RECAP,1.0
24066,24066,100,136,20,0,156,156,0,0.8717948717948718,0.1282051282051282,0.0,1.0,0.0,Mojgan Cohanim Lancman RECAP,1.0
24067,24067,100,90,16,0,106,106,0,0.8490566037735849,0.1509433962264151,0.0,1.0,0.0,Mojgan Cohanim Lancman RECAP,1.0
24068,24068,100,71,29,0,100,100,0,0.71,0.29,0.0,1.0,0.0,Mojgan Cohanim Lancman RECAP,1.0
24069,24069,100,53,13,0,66,66,0,0.803030303030303,0.19696969696969696,0.0,1.0,0.0,Mojgan Cohanim Lancman RECAP,1.0
24070,24070,100,78,25,0,103,103,0,0.7572815533980582,0.24271844660194175,0.0,1.0,0.0,Mojgan Cohanim Lancman RECAP,1.0
24071,24071,100,83,12,0,95,95,0,0.8736842105263158,0.12631578947368421,0.0,1.0,0.0,Mojgan Cohanim Lancman RECAP,1.0
24072,24072,100,81,18,0,99,99,0,0.8181818181818182,0.18181818181818182,0.0,1.0,0.0,Mojgan Cohanim Lancman RECAP,1.0
24073,24073,100,98,12,0,110,110,0,0.8909090909090909,0.10909090909090909,0.0,1.0,0.0,Mojgan Cohanim Lancman RECAP,1.0
24074,24074,100,89,15,0,104,104,0,0.8557692307692307,0.14423076923076922,0.0,1.0,0.0,Mojgan Cohanim Lancman RECAP,1.0
24075,24075,100,66,10,0,76,76,0,0.868421052631579,0.13157894736842105,0.0,1.0,0.0,Mojgan Cohanim Lancman RECAP,1.0
24076,24076,100,95,22,0,117,117,0,0.811965811965812,0.18803418803418803,0.0,1.0,0.0,Mojgan Cohanim Lancman RECAP,1.0
24077,24077,100,74,19,0,93,93,0,0.7956989247311828,0.20430107526881722,0.0,1.0,0.0,Mojgan Cohanim Lancman RECAP,1.0
24078,24078,100,139,20,0,159,159,0,0.8742138364779874,0.12578616352201258,0.0,1.0,0.0,Mojgan Cohanim Lancman RECAP,1.0
24079,24079,100,56,13,0,69,69,0,0.8115942028985508,0.18840579710144928,0.0,1.0,0.0,Mojgan Cohanim Lancman RECAP,1.0
24080,24080,100,0,0,0,0,0,0,0,0,0,0,0,n/a,0
24081,24060,100,0,0,0,0,0,0,0,0,0,0,0,n/a,0
24082,24082,100,0,0,0,0,0,0,0,0,0,0,0,n/a,0
24083,24080,100,0,0,0,0,0,0,0,0,0,0,0,n/a,0
25001,25001,100,127,65,0,192,192,0,0.6614583333333334,0.3385416666666667,0.0,1.0,0.0,Mojgan Cohanim Lancman RECAP,1.0
25002,25002,100,16,3,1,20,19,1,0.8,0.15,0.05,0.95,0.05,Mojgan Cohanim Lancman RECAP,0.95
25003,25003,100,136,58,0,194,194,0,0.7010309278350515,0.29896907216494845,0.0,1.0,0.0,Mojgan Cohanim Lancman RECAP,1.0
25004,25004,100,118,72,1,191,190,1,0.6178010471204188,0.3769633507853403,0.005235602094240838,0.9947643979057592,0.005235602094240838,Mojgan Cohanim Lancman RECAP,0.9947643979057592
25005,25005,100,21,8,0,29,29,0,0.7241379310344828,0.27586206896551724,0.0,1.0,0.0,Mojgan Cohanim Lancman RECAP,1.0
25006,25006,100,96,24,0,120,120,0,0.8,0.2,0.0,1.0,0.0,Mojgan Cohanim Lancman RECAP,1.0
25007,25007,100,182,35,1,218,217,1,0.8348623853211009,0.16055045871559634,0.0045871559633027525,0.9954128440366973,0.0045871559633027525,Mojgan Cohanim Lancman RECAP,0.9954128440366973
25008,25008,100,93,48,1,142,141,1,0.6549295774647887,0.3380281690140845,0.007042253521126761,0.9929577464788732,0.007042253521126761,Mojgan Cohanim Lancman RECAP,0.9929577464788732
25009,25009,100,26,21,1,48,47,1,0.5416666666666666,0.4375,0.020833333333333332,0.9791666666666666,0.020833333333333332,Mojgan Cohanim Lancman RECAP,0.9791666666666666
25010,25010,100,133,95,1,229,228,1,0.5807860262008734,0.4148471615720524,0.004366812227074236,0.9956331877729258,0.004366812227074236,Mojgan Cohanim Lancman RECAP,0.9956331877729258
25011,25011,100,107,72,1,180,179,1,0.5944444444444444,0.4,0.005555555555555556,0.9944444444444445,0.005555555555555556,Mojgan Cohanim Lancman RECAP,0.9944444444444445
25012,25012,100,119,99,1,219,218,1,0.54337899543379,0.4520547945205479,0.0045662100456621,0.9954337899543378,0.0045662100456621,Mojgan Cohanim Lancman RECAP,0.9954337899543378
25013,25013,100,104,48,0,152,152,0,0.6842105263157895,0.3157894736842105,0.0,1.0,0.0,Mojgan Cohanim Lancman RECAP,1.0
25014,25014,100,89,59,1,149,148,1,0.5973154362416108,0.3959731543624161,0.006711409395973154,0.9932885906040269,0.006711409395973154,Mojgan Cohanim Lancman RECAP,0.9932885906040269
25015,25015,100,95,34,0,129,129,0,0.7364341085271318,0.26356589147286824,0.0,1.0,0.0,Mojgan Cohanim Lancman RECAP,1.0
25016,25016,100,147,81,0,228,228,0,0.6447368421052632,0.35526315789473684,0.0,1.0,0.0,Mojgan Cohanim Lancman RECAP,1.0
25017,25017,100,176,66,0,242,242,0,0.7272727272727273,0.2727272727272727,0.0,1.0,0.0,Mojgan Cohanim Lancman RECAP,1.0
25018,25018,100,244,51,0,295,295,0,0.8271186440677966,0.17288135593220338,0.0,1.0,0.0,Mojgan Cohanim Lancman RECAP,1.0
25019,25019,100,210,35,1,246,245,1,0.8536585365853658,0.14227642276422764,0.0040650406504065045,0.9959349593495935,0.0040650406504065045,Mojgan Cohanim Lancman RECAP,0.9959349593495935
25020,25020,100,158,48,0,206,206,0,0.7669902912621359,0.23300970873786409,0.0,1.0,0.0,Mojgan Cohanim Lancman RECAP,1.0
25021,25021,100,135,64,0,199,199,0,0.678391959798995,0.32160804020100503,0.0,1.0,0.0,Mojgan Cohanim Lancman RECAP,1.0
25022,25022,100,129,53,0,182,182,0,0.7087912087912088,0.29120879120879123,0.0,1.0,0.0,Mojgan Cohanim Lancman RECAP,1.0
25023,25023,100,43,30,1,74,73,1,0.581081081081081,0.40540540540540543,0.013513513513513514,0.9864864864864865,0.013513513513513514,Mojgan Cohanim Lancman RECAP,0.9864864864864865
25024,25024,100,133,53,1,187,186,1,0.7112299465240641,0.28342245989304815,0.0053475935828877,0.9946524064171123,0.0053475935828877,Mojgan Cohanim Lancman RECAP,0.9946524064171123
25025,25025,100,126,81,0,207,207,0,0.6086956521739131,0.391304347826087,0.0,1.0,0.0,Mojgan Cohanim Lancman RECAP,1.0
25026,25026,100,17,3,0,20,20,0,0.85,0.15,0.0,1.0,0.0,Mojgan Cohanim Lancman RECAP,1.0
25027,25027,100,90,69,2,161,159,2,0.5590062111801242,0.42857142857142855,0.012422360248447204,0.9875776397515528,0.012422360248447204,Mojgan Cohanim Lancman RECAP,0.9875776397515528
25028,25028,100,96,56,0,152,152,0,0.631578947368421,0.3684210526315789,0.0,1.0,0.0,Mojgan Cohanim Lancman RECAP,1.0
25029,25029,100,132,105,2,239,237,2,0.5523012552301255,0.4393305439330544,0.008368200836820083,0.9916317991631799,0.008368200836820083,Mojgan Cohanim Lancman RECAP,0.9916317991631799
25030,25030,100,134,70,1,205,204,1,0.6536585365853659,0.34146341463414637,0.004878048780487805,0.9951219512195122,0.004878048780487805,Mojgan Cohanim Lancman RECAP,0.9951219512195122
25031,25031,100,114,12,0,126,126,0,0.9047619047619048,0.09523809523809523,0.0,1.0,0.0,Mojgan Cohanim Lancman RECAP,1.0
25032,25032,100,124,56,0,180,180,0,0.6888888888888889,0.3111111111111111,0.0,1.0,0.0,Mojgan Cohanim Lancman RECAP,1.0
25033,25033,100,105,56,0,161,161,0,0.6521739130434783,0.34782608695652173,0.0,1.0,0.0,Mojgan Cohanim Lancman RECAP,1.0
25034,25034,100,14,6,0,20,20,0,0.7,0.3,0.0,1.0,0.0,Mojgan Cohanim Lancman RECAP,1.0
25035,25035,100,86,61,1,148,147,1,0.581081081081081,0.41216216216216217,0.006756756756756757,0.9932432432432432,0.006756756756756757,Mojgan Cohanim Lancman RECAP,0.9932432432432432
25036,25036,100,109,87,0,196,196,0,0.5561224489795918,0.44387755102040816,0.0,1.0,0.0,Mojgan Cohanim Lancman RECAP,1.0
25037,25037,100,102,82,1,185,184,1,0.5513513513513514,0.44324324324324327,0.005405405405405406,0.9945945945945946,0.005405405405405406,Mojgan Cohanim Lancman RECAP,0.9945945945945946
25038,25038,100,75,52,1,128,127,1,0.5859375,0.40625,0.0078125,0.9921875,0.0078125,Mojgan Cohanim Lancman RECAP,0.9921875
25039,25039,100,102,93,0,195,195,0,0.5230769230769231,0.47692307692307695,0.0,1.0,0.0,Mojgan Cohanim Lancman RECAP,1.0
25040,25040,100,138,103,1,242,241,1,0.5702479338842975,0.4256198347107438,0.004132231404958678,0.9958677685950413,0.004132231404958678,Mojgan Cohanim Lancman RECAP,0.9958677685950413
25041,25041,100,27,19,0,46,46,0,0.5869565217391305,0.41304347826086957,0.0,1.0,0.0,Mojgan Cohanim Lancman RECAP,1.0
25042,25042,100,101,60,0,161,161,0,0.6273291925465838,0.37267080745341613,0.0,1.0,0.0,Mojgan Cohanim Lancman RECAP,1.0
25043,25043,100,125,67,0,192,192,0,0.6510416666666666,0.3489583333333333,0.0,1.0,0.0,Mojgan Cohanim Lancman RECAP,1.0
25044,25044,100,111,46,0,157,157,0,0.7070063694267515,0.2929936305732484,0.0,1.0,0.0,Mojgan Cohanim Lancman RECAP,1.0
25045,25045,100,91,37,0,128,128,0,0.7109375,0.2890625,0.0,1.0,0.0,Mojgan Cohanim Lancman RECAP,1.0
25046,25046,100,72,29,0,101,101,0,0.7128712871287128,0.2871287128712871,0.0,1.0,0.0,Mojgan Cohanim Lancman RECAP,1.0
25047,25047,100,79,42,0,121,121,0,0.6528925619834711,0.34710743801652894,0.0,1.0,0.0,Mojgan Cohanim Lancman RECAP,1.0
25048,25048,100,108,44,1,153,152,1,0.7058823529411765,0.2875816993464052,0.006535947712418301,0.9934640522875817,0.006535947712418301,Mojgan Cohanim Lancman RECAP,0.9934640522875817
25049,25049,100,109,60,2,171,169,2,0.6374269005847953,0.3508771929824561,0.011695906432748537,0.9883040935672515,0.011695906432748537,Mojgan Cohanim Lancman RECAP,0.9883040935672515
25050,25050,100,85,24,1,110,109,1,0.7727272727272727,0.21818181818181817,0.00909090909090909,0.990909090909091,0.00909090909090909,Mojgan Cohanim Lancman RECAP,0.990909090909091
25051,25051,100,96,29,0,125,125,0,0.768,0.232,0.0,1.0,0.0,Mojgan Cohanim Lancman RECAP,1.0
25052,25052,100,106,35,0,141,141,0,0.75177304964539,0.24822695035460993,0.0,1.0,0.0,Mojgan Cohanim Lancman RECAP,1.0
25053,25053,100,176,34,0,210,210,0,0.8380952380952381,0.1619047619047619,0.0,1.0,0.0,Mojgan Cohanim Lancman RECAP,1.0
25054,25054,100,170,23,0,193,193,0,0.8808290155440415,0.11917098445595854,0.0,1.0,0.0,Mojgan Cohanim Lancman RECAP,1.0
25055,25055,100,137,35,0,172,172,0,0.7965116279069767,0.20348837209302326,0.0,1.0,0.0,Mojgan Cohanim Lancman RECAP,1.0
25056,25056,100,92,38,0,130,130,0,0.7076923076923077,0.2923076923076923,0.0,1.0,0.0,Mojgan Cohanim Lancman RECAP,1.0
25057,25057,100,61,27,1,89,88,1,0.6853932584269663,0.30337078651685395,0.011235955056179775,0.9887640449438202,0.011235955056179775,Mojgan Cohanim Lancman RECAP,0.9887640449438202
25058,25058,100,119,67,1,187,186,1,0.6363636363636364,0.3582887700534759,0.0053475935828877,0.9946524064171123,0.0053475935828877,Mojgan Cohanim Lancman RECAP,0.9946524064171123
25059,25059,100,118,52,0,170,170,0,0.6941176470588235,0.3058823529411765,0.0,1.0,0.0,Mojgan Cohanim Lancman RECAP,1.0
25060,25060,100,65,38,0,103,103,0,0.6310679611650486,0.36893203883495146,0.0,1.0,0.0,Mojgan Cohanim Lancman RECAP,1.0
25061,25061,100,106,53,0,159,159,0,0.6666666666666666,0.3333333333333333,0.0,1.0,0.0,Mojgan Cohanim Lancman RECAP,1.0
25062,25062,100,82,28,0,110,110,0,0.7454545454545455,0.2545454545454545,0.0,1.0,0.0,Mojgan Cohanim Lancman RECAP,1.0
25063,25063,100,89,59,3,151,148,3,0.5894039735099338,0.39072847682119205,0.019867549668874173,0.9801324503311258,0.019867549668874173,Mojgan Cohanim Lancman RECAP,0.9801324503311258
25064,25064,100,28,12,0,40,40,0,0.7,0.3,0.0,1.0,0.0,Mojgan Cohanim Lancman RECAP,1.0
25065,25065,100,117,27,0,144,144,0,0.8125,0.1875,0.0,1.0,0.0,Mojgan Cohanim Lancman RECAP,1.0
25066,25066,100,21,8,0,29,29,0,0.7241379310344828,0.27586206896551724,0.0,1.0,0.0,Mojgan Cohanim Lancman RECAP,1.0
25067,25067,100,0,0,0,0,0,0,0,0,0,0,0,n/a,0
26001,26001,100,41,41,0,82,82,0,0.5,0.5,0.0,1.0,0.0,Mojgan Cohanim Lancman RECAP,1.0
26002,26002,100,36,16,0,52,52,0,0.6923076923076923,0.3076923076923077,0.0,1.0,0.0,Mojgan Cohanim Lancman RECAP,1.0
26003,26003,100,144,105,0,249,249,0,0.5783132530120482,0.42168674698795183,0.0,1.0,0.0,Mojgan Cohanim Lancman RECAP,1.0
26004,26004,100,106,102,0,208,208,0,0.5096153846153846,0.49038461538461536,0.0,1.0,0.0,Mojgan Cohanim Lancman RECAP,1.0
26005,26005,100,126,95,0,221,221,0,0.5701357466063348,0.4298642533936652,0.0,1.0,0.0,Mojgan Cohanim Lancman RECAP,1.0
26006,26006,100,90,65,0,155,155,0,0.5806451612903226,0.41935483870967744,0.0,1.0,0.0,Mojgan Cohanim Lancman RECAP,1.0
26007,26007,100,74,56,1,131,130,1,0.5648854961832062,0.42748091603053434,0.007633587786259542,0.9923664122137404,0.007633587786259542,Mojgan Cohanim Lancman RECAP,0.9923664122137404
26008,26008,100,175,113,0,288,288,0,0.6076388888888888,0.3923611111111111,0.0,1.0,0.0,Mojgan Cohanim Lancman RECAP,1.0
26009,26009,100,171,102,1,274,273,1,0.6240875912408759,0.3722627737226277,0.0036496350364963502,0.9963503649635036,0.0036496350364963502,Mojgan Cohanim Lancman RECAP,0.9963503649635036
26010,26010,100,143,91,0,234,234,0,0.6111111111111112,0.3888888888888889,0.0,1.0,0.0,Mojgan Cohanim Lancman RECAP,1.0
26011,26011,100,79,108,1,188,187,1,0.42021276595744683,0.574468085106383,0.005319148936170213,0.9946808510638298,0.005319148936170213,Mojgan Cohanim Lancman RECAP,0.9946808510638298
26012,26012,100,75,97,0,172,172,0,0.436046511627907,0.563953488372093,0.0,1.0,0.0,Mojgan Cohanim Lancman RECAP,1.0
26013,26013,100,125,101,3,229,226,3,0.5458515283842795,0.4410480349344978,0.013100436681222707,0.9868995633187773,0.013100436681222707,Mojgan Cohanim Lancman RECAP,0.9868995633187773
26014,26014,100,92,113,0,205,205,0,0.44878048780487806,0.551219512195122,0.0,1.0,0.0,Mojgan Cohanim Lancman RECAP,1.0
26015,26015,100,175,81,1,257,256,1,0.6809338521400778,0.3151750972762646,0.0038910505836575876,0.9961089494163424,0.0038910505836575876,Mojgan Cohanim Lancman RECAP,0.9961089494163424
26016,26016,100,250,138,1,389,388,1,0.6426735218508998,0.35475578406169667,0.002570694087403599,0.9974293059125964,0.002570694087403599,Mojgan Cohanim Lancman RECAP,0.9974293059125964
26017,26017,100,128,119,0,247,247,0,0.5182186234817814,0.4817813765182186,0.0,1.0,0.0,Mojgan Cohanim Lancman RECAP,1.0
26018,26018,100,57,104,0,161,161,0,0.35403726708074534,0.6459627329192547,0.0,1.0,0.0,Mojgan Cohanim Lancman RECAP,1.0
26019,26019,100,173,86,0,259,259,0,0.667953667953668,0.33204633204633205,0.0,1.0,0.0,Mojgan Cohanim Lancman RECAP,1.0
26020,26020,100,209,77,0,286,286,0,0.7307692307692307,0.2692307692307692,0.0,1.0,0.0,Mojgan Cohanim Lancman RECAP,1.0
26021,26021,100,151,63,0,214,214,0,0.705607476635514,0.29439252336448596,0.0,1.0,0.0,Mojgan Cohanim Lancman RECAP,1.0
26022,26022,100,221,99,0,320,320,0,0.690625,0.309375,0.0,1.0,0.0,Mojgan Cohanim Lancman RECAP,1.0
26023,26023,100,238,85,0,323,323,0,0.7368421052631579,0.2631578947368421,0.0,1.0,0.0,Mojgan Cohanim Lancman RECAP,1.0
26024,26024,100,207,55,2,264,262,2,0.7840909090909091,0.20833333333333334,0.007575757575757576,0.9924242424242424,0.007575757575757576,Mojgan Cohanim Lancman RECAP,0.9924242424242424
26025,26025,100,164,81,0,245,245,0,0.6693877551020408,0.3306122448979592,0.0,1.0,0.0,Mojgan Cohanim Lancman RECAP,1.0
26026,26026,100,118,29,0,147,147,0,0.8027210884353742,0.19727891156462585,0.0,1.0,0.0,Mojgan Cohanim Lancman RECAP,1.0
26027,26027,100,192,79,0,271,271,0,0.7084870848708487,0.2915129151291513,0.0,1.0,0.0,Mojgan Cohanim Lancman RECAP,1.0
26028,26028,100,127,120,1,248,247,1,0.5120967741935484,0.4838709677419355,0.004032258064516129,0.9959677419354839,0.004032258064516129,Mojgan Cohanim Lancman RECAP,0.9959677419354839
26029,26029,100,125,155,0,280,280,0,0.44642857142857145,0.5535714285714286,0.0,1.0,0.0,Mojgan Cohanim Lancman RECAP,1.0
26030,26030,100,176,146,1,323,322,1,0.544891640866873,0.4520123839009288,0.0030959752321981426,0.9969040247678018,0.0030959752321981426,Mojgan Cohanim Lancman RECAP,0.9969040247678018
26031,26031,100,168,164,0,332,332,0,0.5060240963855421,0.4939759036144578,0.0,1.0,0.0,Mojgan Cohanim Lancman RECAP,1.0
26032,26032,100,160,109,1,270,269,1,0.5925925925925926,0.40370370370370373,0.003703703703703704,0.9962962962962963,0.003703703703703704,Mojgan Cohanim Lancman RECAP,0.9962962962962963
26033,26033,100,173,125,4,302,298,4,0.5728476821192053,0.4139072847682119,0.013245033112582781,0.9867549668874173,0.013245033112582781,Mojgan Cohanim Lancman RECAP,0.9867549668874173
26034,26034,100,69,69,0,138,138,0,0.5,0.5,0.0,1.0,0.0,Mojgan Cohanim Lancman RECAP,1.0
26035,26035,100,126,107,0,233,233,0,0.5407725321888412,0.4592274678111588,0.0,1.0,0.0,Mojgan Cohanim Lancman RECAP,1.0
26036,26036,100,51,31,1,83,82,1,0.6144578313253012,0.37349397590361444,0.012048192771084338,0.9879518072289156,0.012048192771084338,Mojgan Cohanim Lancman RECAP,0.9879518072289156
26037,26037,100,121,69,1,191,190,1,0.6335078534031413,0.3612565445026178,0.005235602094240838,0.9947643979057592,0.005235602094240838,Mojgan Cohanim Lancman RECAP,0.9947643979057592
26038,26038,100,11,5,0,16,16,0,0.6875,0.3125,0.0,1.0,0.0,Mojgan Cohanim Lancman RECAP,1.0
26039,26039,100,90,49,0,139,139,0,0.6474820143884892,0.35251798561151076,0.0,1.0,0.0,Mojgan Cohanim Lancman RECAP,1.0
26040,26040,100,71,48,0,119,119,0,0.5966386554621849,0.40336134453781514,0.0,1.0,0.0,Mojgan Cohanim Lancman RECAP,1.0
26041,26041,100,5,4,0,9,9,0,0.5555555555555556,0.4444444444444444,0.0,1.0,0.0,Mojgan Cohanim Lancman RECAP,1.0
26042,26042,100,75,49,0,124,124,0,0.6048387096774194,0.3951612903225806,0.0,1.0,0.0,Mojgan Cohanim Lancman RECAP,1.0
26043,26043,100,49,55,0,104,104,0,0.47115384615384615,0.5288461538461539,0.0,1.0,0.0,Mojgan Cohanim Lancman RECAP,1.0
26044,26044,100,43,25,0,68,68,0,0.6323529411764706,0.36764705882352944,0.0,1.0,0.0,Mojgan Cohanim Lancman RECAP,1.0
26045,26045,100,196,80,0,276,276,0,0.7101449275362319,0.2898550724637681,0.0,1.0,0.0,Mojgan Cohanim Lancman RECAP,1.0
26046,26046,100,199,101,0,300,300,0,0.6633333333333333,0.33666666666666667,0.0,1.0,0.0,Mojgan Cohanim Lancman RECAP,1.0
26047,26047,100,258,88,0,346,346,0,0.7456647398843931,0.2543352601156069,0.0,1.0,0.0,Mojgan Cohanim Lancman RECAP,1.0
26048,26048,100,80,58,0,138,138,0,0.5797101449275363,0.42028985507246375,0.0,1.0,0.0,Mojgan Cohanim Lancman RECAP,1.0
26049,26049,100,87,67,0,154,154,0,0.564935064935065,0.43506493506493504,0.0,1.0,0.0,Mojgan Cohanim Lancman RECAP,1.0
26050,26050,100,132,64,1,197,196,1,0.6700507614213198,0.3248730964467005,0.005076142131979695,0.9949238578680203,0.005076142131979695,Mojgan Cohanim Lancman RECAP,0.9949238578680203
26051,26051,100,76,37,1,114,113,1,0.6666666666666666,0.32456140350877194,0.008771929824561403,0.9912280701754386,0.008771929824561403,Mojgan Cohanim Lancman RECAP,0.9912280701754386
26052,26052,100,102,41,2,145,143,2,0.7034482758620689,0.2827586206896552,0.013793103448275862,0.9862068965517241,0.013793103448275862,Mojgan Cohanim Lancman RECAP,0.9862068965517241
26053,26053,100,137,78,2,217,215,2,0.631336405529954,0.35944700460829493,0.009216589861751152,0.9907834101382489,0.009216589861751152,Mojgan Cohanim Lancman RECAP,0.9907834101382489
26054,26054,100,97,81,1,179,178,1,0.5418994413407822,0.45251396648044695,0.00558659217877095,0.994413407821229,0.00558659217877095,Mojgan Cohanim Lancman RECAP,0.994413407821229
26055,26055,100,77,46,0,123,123,0,0.6260162601626016,0.37398373983739835,0.0,1.0,0.0,Mojgan Cohanim Lancman RECAP,1.0
26056,26056,100,151,96,0,247,247,0,0.611336032388664,0.38866396761133604,0.0,1.0,0.0,Mojgan Cohanim Lancman RECAP,1.0
26057,26057,100,189,85,1,275,274,1,0.6872727272727273,0.3090909090909091,0.0036363636363636364,0.9963636363636363,0.0036363636363636364,Mojgan Cohanim Lancman RECAP,0.9963636363636363
26058,26058,100,134,68,1,203,202,1,0.6600985221674877,0.33497536945812806,0.0049261083743842365,0.9950738916256158,0.0049261083743842365,Mojgan Cohanim Lancman RECAP,0.9950738916256158
26059,26059,100,150,122,1,273,272,1,0.5494505494505495,0.4468864468864469,0.003663003663003663,0.9963369963369964,0.003663003663003663,Mojgan Cohanim Lancman RECAP,0.9963369963369964
26060,26060,100,118,111,1,230,229,1,0.5130434782608696,0.4826086956521739,0.004347826086956522,0.9956521739130435,0.004347826086956522,Mojgan Cohanim Lancman RECAP,0.9956521739130435
26061,26061,100,108,99,1,208,207,1,0.5192307692307693,0.47596153846153844,0.004807692307692308,0.9951923076923077,0.004807692307692308,Mojgan Cohanim Lancman RECAP,0.9951923076923077
26062,26062,100,129,63,0,192,192,0,0.671875,0.328125,0.0,1.0,0.0,Mojgan Cohanim Lancman RECAP,1.0
26063,26063,100,135,116,1,252,251,1,0.5357142857142857,0.4603174603174603,0.003968253968253968,0.996031746031746,0.003968253968253968,Mojgan Cohanim Lancman RECAP,0.996031746031746
26064,26064,100,105,92,0,197,197,0,0.5329949238578681,0.467005076142132,0.0,1.0,0.0,Mojgan Cohanim Lancman RECAP,1.0
26065,26065,100,146,81,3,230,227,3,0.6347826086956522,0.3521739130434783,0.013043478260869565,0.9869565217391304,0.013043478260869565,Mojgan Cohanim Lancman RECAP,0.9869565217391304
26066,26066,100,150,136,1,287,286,1,0.5226480836236934,0.4738675958188153,0.003484320557491289,0.9965156794425087,0.003484320557491289,Mojgan Cohanim Lancman RECAP,0.9965156794425087
26067,26067,100,126,83,0,209,209,0,0.6028708133971292,0.39712918660287083,0.0,1.0,0.0,Mojgan Cohanim Lancman RECAP,1.0
26068,26068,100,106,108,1,215,214,1,0.4930232558139535,0.5023255813953489,0.004651162790697674,0.9953488372093023,0.004651162790697674,Mojgan Cohanim Lancman RECAP,0.9953488372093023
26069,26069,100,149,130,3,282,279,3,0.5283687943262412,0.46099290780141844,0.010638297872340425,0.9893617021276596,0.010638297872340425,Mojgan Cohanim Lancman RECAP,0.9893617021276596
26070,26070,100,161,65,1,227,226,1,0.7092511013215859,0.28634361233480177,0.004405286343612335,0.9955947136563876,0.004405286343612335,Mojgan Cohanim Lancman RECAP,0.9955947136563876
26071,26071,100,255,67,0,322,322,0,0.7919254658385093,0.2080745341614907,0.0,1.0,0.0,Mojgan Cohanim Lancman RECAP,1.0
26072,26072,100,148,81,1,230,229,1,0.6434782608695652,0.3521739130434783,0.004347826086956522,0.9956521739130435,0.004347826086956522,Mojgan Cohanim Lancman RECAP,0.9956521739130435
26073,26073,100,494,126,0,620,620,0,0.7967741935483871,0.2032258064516129,0.0,1.0,0.0,Mojgan Cohanim Lancman RECAP,1.0
26074,26074,100,114,35,0,149,149,0,0.7651006711409396,0.2348993288590604,0.0,1.0,0.0,Mojgan Cohanim Lancman RECAP,1.0
26075,26075,100,134,65,0,199,199,0,0.6733668341708543,0.32663316582914576,0.0,1.0,0.0,Mojgan Cohanim Lancman RECAP,1.0
26076,26076,100,124,58,0,182,182,0,0.6813186813186813,0.31868131868131866,0.0,1.0,0.0,Mojgan Cohanim Lancman RECAP,1.0
26077,26077,100,0,0,0,0,0,0,0,0,0,0,0,n/a,0
26078,26078,100,0,0,0,0,0,0,0,0,0,0,0,n/a,0
27001,27001,100,77,138,2,217,215,2,0.3548387096774194,0.6359447004608295,0.009216589861751152,0.9907834101382489,0.009216589861751152,Mojgan Cohanim Lancman RECAP,0.9907834101382489
27002,27002,100,136,15,1,152,151,1,0.8947368421052632,0.09868421052631579,0.006578947368421052,0.993421052631579,0.006578947368421052,Mojgan Cohanim Lancman RECAP,0.993421052631579
27003,27003,100,112,52,2,166,164,2,0.6746987951807228,0.3132530120481928,0.012048192771084338,0.9879518072289156,0.012048192771084338,Mojgan Cohanim Lancman RECAP,0.9879518072289156
27004,27004,100,155,59,1,215,214,1,0.7209302325581395,0.2744186046511628,0.004651162790697674,0.9953488372093023,0.004651162790697674,Mojgan Cohanim Lancman RECAP,0.9953488372093023
27005,27005,100,141,71,0,212,212,0,0.6650943396226415,0.33490566037735847,0.0,1.0,0.0,Mojgan Cohanim Lancman RECAP,1.0
27006,27006,100,146,37,1,184,183,1,0.7934782608695652,0.20108695652173914,0.005434782608695652,0.9945652173913043,0.005434782608695652,Mojgan Cohanim Lancman RECAP,0.9945652173913043
27007,27007,100,276,54,0,330,330,0,0.8363636363636363,0.16363636363636364,0.0,1.0,0.0,Mojgan Cohanim Lancman RECAP,1.0
27008,27008,100,133,37,0,170,170,0,0.7823529411764706,0.21764705882352942,0.0,1.0,0.0,Mojgan Cohanim Lancman RECAP,1.0
27009,27009,100,173,25,0,198,198,0,0.8737373737373737,0.12626262626262627,0.0,1.0,0.0,Mojgan Cohanim Lancman RECAP,1.0
27010,27010,100,3,0,0,3,3,0,1.0,0.0,0.0,1.0,0.0,Mojgan Cohanim Lancman RECAP,1.0
27011,27011,100,103,10,0,113,113,0,0.911504424778761,0.08849557522123894,0.0,1.0,0.0,Mojgan Cohanim Lancman RECAP,1.0
27012,27012,100,147,54,0,201,201,0,0.7313432835820896,0.26865671641791045,0.0,1.0,0.0,Mojgan Cohanim Lancman RECAP,1.0
27013,27013,100,235,49,0,284,284,0,0.8274647887323944,0.17253521126760563,0.0,1.0,0.0,Mojgan Cohanim Lancman RECAP,1.0
27014,27014,100,192,52,0,244,244,0,0.7868852459016393,0.21311475409836064,0.0,1.0,0.0,Mojgan Cohanim Lancman RECAP,1.0
27015,27015,100,129,27,1,157,156,1,0.821656050955414,0.17197452229299362,0.006369426751592357,0.9936305732484076,0.006369426751592357,Mojgan Cohanim Lancman RECAP,0.9936305732484076
27016,27016,100,56,16,0,72,72,0,0.7777777777777778,0.2222222222222222,0.0,1.0,0.0,Mojgan Cohanim Lancman RECAP,1.0
27017,27017,100,119,36,0,155,155,0,0.7677419354838709,0.23225806451612904,0.0,1.0,0.0,Mojgan Cohanim Lancman RECAP,1.0
27018,27018,100,11,10,0,21,21,0,0.5238095238095238,0.47619047619047616,0.0,1.0,0.0,Mojgan Cohanim Lancman RECAP,1.0
27019,27019,100,174,61,1,236,235,1,0.7372881355932204,0.2584745762711864,0.00423728813559322,0.9957627118644068,0.00423728813559322,Mojgan Cohanim Lancman RECAP,0.9957627118644068
27020,27020,100,141,41,0,182,182,0,0.7747252747252747,0.22527472527472528,0.0,1.0,0.0,Mojgan Cohanim Lancman RECAP,1.0
27021,27021,100,224,51,1,276,275,1,0.8115942028985508,0.18478260869565216,0.0036231884057971015,0.9963768115942029,0.0036231884057971015,Mojgan Cohanim Lancman RECAP,0.9963768115942029
27022,27022,100,101,81,0,182,182,0,0.554945054945055,0.44505494505494503,0.0,1.0,0.0,Mojgan Cohanim Lancman RECAP,1.0
27023,27023,100,73,125,1,199,198,1,0.36683417085427134,0.628140703517588,0.005025125628140704,0.9949748743718593,0.005025125628140704,Mojgan Cohanim Lancman RECAP,0.9949748743718593
27024,27024,100,76,93,3,172,169,3,0.4418604651162791,0.5406976744186046,0.01744186046511628,0.9825581395348837,0.01744186046511628,Mojgan Cohanim Lancman RECAP,0.9825581395348837
27025,27025,100,75,176,2,253,251,2,0.2964426877470356,0.6956521739130435,0.007905138339920948,0.9920948616600791,0.007905138339920948,Mojgan Cohanim Lancman RECAP,0.9920948616600791
27026,27026,100,73,113,0,186,186,0,0.3924731182795699,0.6075268817204301,0.0,1.0,0.0,Mojgan Cohanim Lancman RECAP,1.0
27027,27027,100,87,114,1,202,201,1,0.4306930693069307,0.5643564356435643,0.0049504950495049506,0.995049504950495,0.0049504950495049506,Mojgan Cohanim Lancman RECAP,0.995049504950495
27028,27028,100,139,59,1,199,198,1,0.6984924623115578,0.2964824120603015,0.005025125628140704,0.9949748743718593,0.005025125628140704,Mojgan Cohanim Lancman RECAP,0.9949748743718593
27029,27029,100,71,30,1,102,101,1,0.696078431372549,0.29411764705882354,0.00980392156862745,0.9901960784313726,0.00980392156862745,Mojgan Cohanim Lancman RECAP,0.9901960784313726
27030,27030,100,67,65,3,135,132,3,0.4962962962962963,0.48148148148148145,0.022222222222222223,0.9777777777777777,0.022222222222222223,Mojgan Cohanim Lancman RECAP,0.9777777777777777
27031,27031,100,15,3,0,18,18,0,0.8333333333333334,0.16666666666666666,0.0,1.0,0.0,Mojgan Cohanim Lancman RECAP,1.0
27032,27032,100,19,1,0,20,20,0,0.95,0.05,0.0,1.0,0.0,Mojgan Cohanim Lancman RECAP,1.0
27033,27033,100,17,1,0,18,18,0,0.9444444444444444,0.05555555555555555,0.0,1.0,0.0,Mojgan Cohanim Lancman RECAP,1.0
27034,27034,100,148,40,0,188,188,0,0.7872340425531915,0.2127659574468085,0.0,1.0,0.0,Mojgan Cohanim Lancman RECAP,1.0
27035,27035,100,207,52,3,262,259,3,0.7900763358778626,0.1984732824427481,0.011450381679389313,0.9885496183206107,0.011450381679389313,Mojgan Cohanim Lancman RECAP,0.9885496183206107
27036,27036,100,181,64,0,245,245,0,0.7387755102040816,0.2612244897959184,0.0,1.0,0.0,Mojgan Cohanim Lancman RECAP,1.0
27037,27037,100,252,33,0,285,285,0,0.8842105263157894,0.11578947368421053,0.0,1.0,0.0,Mojgan Cohanim Lancman RECAP,1.0
27038,27038,100,259,31,4,294,290,4,0.8809523809523809,0.1054421768707483,0.013605442176870748,0.9863945578231292,0.013605442176870748,Mojgan Cohanim Lancman RECAP,0.9863945578231292
27039,27039,100,195,24,0,219,219,0,0.8904109589041096,0.1095890410958904,0.0,1.0,0.0,Mojgan Cohanim Lancman RECAP,1.0
27040,27040,100,158,22,0,180,180,0,0.8777777777777778,0.12222222222222222,0.0,1.0,0.0,Mojgan Cohanim Lancman RECAP,1.0
27041,27041,100,134,14,0,148,148,0,0.9054054054054054,0.0945945945945946,0.0,1.0,0.0,Mojgan Cohanim Lancman RECAP,1.0
27042,27042,100,191,33,1,225,224,1,0.8488888888888889,0.14666666666666667,0.0044444444444444444,0.9955555555555555,0.0044444444444444444,Mojgan Cohanim Lancman RECAP,0.9955555555555555
27043,27043,100,99,42,0,141,141,0,0.7021276595744681,0.2978723404255319,0.0,1.0,0.0,Mojgan Cohanim Lancman RECAP,1.0
27044,27044,100,100,26,1,127,126,1,0.7874015748031497,0.2047244094488189,0.007874015748031496,0.9921259842519685,0.007874015748031496,Mojgan Cohanim Lancman RECAP,0.9921259842519685
27045,27045,100,171,23,1,195,194,1,0.8769230769230769,0.11794871794871795,0.005128205128205128,0.9948717948717949,0.005128205128205128,Mojgan Cohanim Lancman RECAP,0.9948717948717949
27046,27046,100,32,21,0,53,53,0,0.6037735849056604,0.39622641509433965,0.0,1.0,0.0,Mojgan Cohanim Lancman RECAP,1.0
27047,27047,100,119,27,2,148,146,2,0.8040540540540541,0.18243243243243243,0.013513513513513514,0.9864864864864865,0.013513513513513514,Mojgan Cohanim Lancman RECAP,0.9864864864864865
27048,27048,100,91,51,0,142,142,0,0.6408450704225352,0.3591549295774648,0.0,1.0,0.0,Mojgan Cohanim Lancman RECAP,1.0
27049,27049,100,124,68,0,192,192,0,0.6458333333333334,0.3541666666666667,0.0,1.0,0.0,Mojgan Cohanim Lancman RECAP,1.0
27050,27050,100,98,50,0,148,148,0,0.6621621621621622,0.33783783783783783,0.0,1.0,0.0,Mojgan Cohanim Lancman RECAP,1.0
27051,27051,100,91,133,1,225,224,1,0.40444444444444444,0.5911111111111111,0.0044444444444444444,0.9955555555555555,0.0044444444444444444,Mojgan Cohanim Lancman RECAP,0.9955555555555555
27052,27052,100,123,56,0,179,179,0,0.6871508379888268,0.3128491620111732,0.0,1.0,0.0,Mojgan Cohanim Lancman RECAP,1.0
27053,27053,100,67,32,0,99,99,0,0.6767676767676768,0.32323232323232326,0.0,1.0,0.0,Mojgan Cohanim Lancman RECAP,1.0
27054,27054,100,89,21,1,111,110,1,0.8018018018018018,0.1891891891891892,0.009009009009009009,0.990990990990991,0.009009009009009009,Mojgan Cohanim Lancman RECAP,0.990990990990991
27055,27055,100,109,41,0,150,150,0,0.7266666666666667,0.2733333333333333,0.0,1.0,0.0,Mojgan Cohanim Lancman RECAP,1.0
27056,27056,100,122,16,0,138,138,0,0.8840579710144928,0.11594202898550725,0.0,1.0,0.0,Mojgan Cohanim Lancman RECAP,1.0
27057,27057,100,34,68,0,102,102,0,0.3333333333333333,0.6666666666666666,0.0,1.0,0.0,Mojgan Cohanim Lancman RECAP,1.0
27058,27058,100,0,0,0,0,0,0,0,0,0,0,0,n/a,0
27059,27059,100,74,89,0,163,163,0,0.4539877300613497,0.5460122699386503,0.0,1.0,0.0,Mojgan Cohanim Lancman RECAP,1.0
27060,27060,100,127,78,0,205,205,0,0.6195121951219512,0.3804878048780488,0.0,1.0,0.0,Mojgan Cohanim Lancman RECAP,1.0
27061,27061,100,101,90,2,193,191,2,0.5233160621761658,0.46632124352331605,0.010362694300518135,0.9896373056994818,0.010362694300518135,Mojgan Cohanim Lancman RECAP,0.9896373056994818
27062,27062,100,119,52,1,172,171,1,0.6918604651162791,0.3023255813953488,0.005813953488372093,0.9941860465116279,0.005813953488372093,Mojgan Cohanim Lancman RECAP,0.9941860465116279
27063,27063,100,98,48,3,149,146,3,0.6577181208053692,0.3221476510067114,0.020134228187919462,0.9798657718120806,0.020134228187919462,Mojgan Cohanim Lancman RECAP,0.9798657718120806
27064,27064,100,108,43,0,151,151,0,0.7152317880794702,0.2847682119205298,0.0,1.0,0.0,Mojgan Cohanim Lancman RECAP,1.0
27065,27065,100,91,72,0,163,163,0,0.558282208588957,0.44171779141104295,0.0,1.0,0.0,Mojgan Cohanim Lancman RECAP,1.0
27066,27066,100,121,67,0,188,188,0,0.6436170212765957,0.35638297872340424,0.0,1.0,0.0,Mojgan Cohanim Lancman RECAP,1.0
27067,27067,100,90,62,0,152,152,0,0.5921052631578947,0.40789473684210525,0.0,1.0,0.0,Mojgan Cohanim Lancman RECAP,1.0
27068,27068,100,107,77,1,185,184,1,0.5783783783783784,0.41621621621621624,0.005405405405405406,0.9945945945945946,0.005405405405405406,Mojgan Cohanim Lancman RECAP,0.9945945945945946
27069,27069,100,0,0,0,0,0,0,0,0,0,0,0,n/a,0
27070,27070,100,0,0,0,0,0,0,0,0,0,0,0,n/a,0
27071,27071,100,0,0,0,0,0,0,0,0,0,0,0,n/a,0
27072,27072,100,0,0,0,0,0,0,0,0,0,0,0,n/a,0
27073,27073,100,0,0,0,0,0,0,0,0,0,0,0,n/a,0
27074,27074,100,0,0,0,0,0,0,0,0,0,0,0,n/a,0
27075,27074,100,0,0,0,0,0,0,0,0,0,0,0,n/a,0
27076,27076,100,0,0,0,0,0,0,0,0,0,0,0,n/a,0
27077,27077,100,0,0,0,0,0,0,0,0,0,0,0,n/a,0
27078,27077,100,0,0,0,0,0,0,0,0,0,0,0,n/a,0
28001,28001,100,71,23,1,95,94,1,0.7473684210526316,0.24210526315789474,0.010526315789473684,0.9894736842105263,0.010526315789473684,Mojgan Cohanim Lancman RECAP,0.9894736842105263
28002,28002,100,56,28,0,84,84,0,0.6666666666666666,0.3333333333333333,0.0,1.0,0.0,Mojgan Cohanim Lancman RECAP,1.0
28003,28003,100,122,53,0,175,175,0,0.6971428571428572,0.3028571428571429,0.0,1.0,0.0,Mojgan Cohanim Lancman RECAP,1.0
28004,28004,100,46,20,0,66,66,0,0.696969696969697,0.30303030303030304,0.0,1.0,0.0,Mojgan Cohanim Lancman RECAP,1.0
28005,28005,100,34,19,0,53,53,0,0.6415094339622641,0.3584905660377358,0.0,1.0,0.0,Mojgan Cohanim Lancman RECAP,1.0
28006,28006,100,69,53,1,123,122,1,0.5609756097560976,0.43089430894308944,0.008130081300813009,0.991869918699187,0.008130081300813009,Mojgan Cohanim Lancman RECAP,0.991869918699187
28007,28007,100,50,28,0,78,78,0,0.6410256410256411,0.358974358974359,0.0,1.0,0.0,Mojgan Cohanim Lancman RECAP,1.0
28008,28008,100,15,35,0,50,50,0,0.3,0.7,0.0,1.0,0.0,Mojgan Cohanim Lancman RECAP,1.0
28009,28009,100,89,34,1,124,123,1,0.717741935483871,0.27419354838709675,0.008064516129032258,0.9919354838709677,0.008064516129032258,Mojgan Cohanim Lancman RECAP,0.9919354838709677
28010,28010,100,129,66,0,195,195,0,0.6615384615384615,0.3384615384615385,0.0,1.0,0.0,Mojgan Cohanim Lancman RECAP,1.0
28011,28011,100,76,35,0,111,111,0,0.6846846846846847,0.3153153153153153,0.0,1.0,0.0,Mojgan Cohanim Lancman RECAP,1.0
28012,28012,100,118,50,0,168,168,0,0.7023809523809523,0.2976190476190476,0.0,1.0,0.0,Mojgan Cohanim Lancman RECAP,1.0
28013,28013,100,4,4,0,8,8,0,0.5,0.5,0.0,1.0,0.0,Mojgan Cohanim Lancman RECAP,1.0
28014,28014,100,54,34,1,89,88,1,0.6067415730337079,0.38202247191011235,0.011235955056179775,0.9887640449438202,0.011235955056179775,Mojgan Cohanim Lancman RECAP,0.9887640449438202
28015,28015,100,105,95,3,203,200,3,0.5172413793103449,0.46798029556650245,0.014778325123152709,0.9852216748768473,0.014778325123152709,Mojgan Cohanim Lancman RECAP,0.9852216748768473
28016,28016,100,88,161,3,252,249,3,0.3492063492063492,0.6388888888888888,0.011904761904761904,0.9880952380952381,0.011904761904761904,Mojgan Cohanim Lancman RECAP,0.9880952380952381
28017,28017,100,85,98,2,185,183,2,0.4594594594594595,0.5297297297297298,0.010810810810810811,0.9891891891891892,0.010810810810810811,Mojgan Cohanim Lancman RECAP,0.9891891891891892
28018,28018,100,155,116,2,273,271,2,0.5677655677655677,0.4249084249084249,0.007326007326007326,0.9926739926739927,0.007326007326007326,Mojgan Cohanim Lancman RECAP,0.9926739926739927
28019,28019,100,181,114,4,299,295,4,0.6053511705685619,0.38127090301003347,0.013377926421404682,0.9866220735785953,0.013377926421404682,Mojgan Cohanim Lancman RECAP,0.9866220735785953
28020,28020,100,203,75,2,280,278,2,0.725,0.26785714285714285,0.007142857142857143,0.9928571428571429,0.007142857142857143,Mojgan Cohanim Lancman RECAP,0.9928571428571429
28021,28021,100,192,112,0,304,304,0,0.631578947368421,0.3684210526315789,0.0,1.0,0.0,Mojgan Cohanim Lancman RECAP,1.0
28022,28022,100,199,99,2,300,298,2,0.6633333333333333,0.33,0.006666666666666667,0.9933333333333333,0.006666666666666667,Mojgan Cohanim Lancman RECAP,0.9933333333333333
28023,28023,100,198,48,0,246,246,0,0.8048780487804879,0.1951219512195122,0.0,1.0,0.0,Mojgan Cohanim Lancman RECAP,1.0
28024,28024,100,113,30,0,143,143,0,0.7902097902097902,0.2097902097902098,0.0,1.0,0.0,Mojgan Cohanim Lancman RECAP,1.0
28025,28025,100,167,47,1,215,214,1,0.7767441860465116,0.2186046511627907,0.004651162790697674,0.9953488372093023,0.004651162790697674,Mojgan Cohanim Lancman RECAP,0.9953488372093023
28026,28026,100,75,15,0,90,90,0,0.8333333333333334,0.16666666666666666,0.0,1.0,0.0,Mojgan Cohanim Lancman RECAP,1.0
28027,28027,100,69,35,0,104,104,0,0.6634615384615384,0.33653846153846156,0.0,1.0,0.0,Mojgan Cohanim Lancman RECAP,1.0
28028,28028,100,194,67,1,262,261,1,0.7404580152671756,0.25572519083969464,0.003816793893129771,0.9961832061068703,0.003816793893129771,Mojgan Cohanim Lancman RECAP,0.9961832061068703
28029,28029,100,159,55,0,214,214,0,0.7429906542056075,0.2570093457943925,0.0,1.0,0.0,Mojgan Cohanim Lancman RECAP,1.0
28030,28030,100,136,43,1,180,179,1,0.7555555555555555,0.2388888888888889,0.005555555555555556,0.9944444444444445,0.005555555555555556,Mojgan Cohanim Lancman RECAP,0.9944444444444445
28031,28031,100,228,55,1,284,283,1,0.8028169014084507,0.1936619718309859,0.0035211267605633804,0.9964788732394366,0.0035211267605633804,Mojgan Cohanim Lancman RECAP,0.9964788732394366
28032,28032,100,96,51,0,147,147,0,0.6530612244897959,0.3469387755102041,0.0,1.0,0.0,Mojgan Cohanim Lancman RECAP,1.0
28033,28033,100,5,3,0,8,8,0,0.625,0.375,0.0,1.0,0.0,Mojgan Cohanim Lancman RECAP,1.0
28034,28034,100,17,8,0,25,25,0,0.68,0.32,0.0,1.0,0.0,Mojgan Cohanim Lancman RECAP,1.0
28035,28035,100,188,68,1,257,256,1,0.7315175097276264,0.26459143968871596,0.0038910505836575876,0.9961089494163424,0.0038910505836575876,Mojgan Cohanim Lancman RECAP,0.9961089494163424
28036,28036,100,182,37,0,219,219,0,0.8310502283105022,0.1689497716894977,0.0,1.0,0.0,Mojgan Cohanim Lancman RECAP,1.0
28037,28037,100,145,44,1,190,189,1,0.7631578947368421,0.23157894736842105,0.005263157894736842,0.9947368421052631,0.005263157894736842,Mojgan Cohanim Lancman RECAP,0.9947368421052631
28038,28038,100,171,46,1,218,217,1,0.7844036697247706,0.21100917431192662,0.0045871559633027525,0.9954128440366973,0.0045871559633027525,Mojgan Cohanim Lancman RECAP,0.9954128440366973
28039,28039,100,202,44,2,248,246,2,0.8145161290322581,0.1774193548387097,0.008064516129032258,0.9919354838709677,0.008064516129032258,Mojgan Cohanim Lancman RECAP,0.9919354838709677
28040,28040,100,178,47,0,225,225,0,0.7911111111111111,0.2088888888888889,0.0,1.0,0.0,Mojgan Cohanim Lancman RECAP,1.0
28041,28041,100,155,56,1,212,211,1,0.7311320754716981,0.2641509433962264,0.0047169811320754715,0.9952830188679245,0.0047169811320754715,Mojgan Cohanim Lancman RECAP,0.9952830188679245
28042,28042,100,195,32,1,228,227,1,0.8552631578947368,0.14035087719298245,0.0043859649122807015,0.9956140350877193,0.0043859649122807015,Mojgan Cohanim Lancman RECAP,0.9956140350877193
28043,28043,100,128,52,0,180,180,0,0.7111111111111111,0.28888888888888886,0.0,1.0,0.0,Mojgan Cohanim Lancman RECAP,1.0
28044,28044,100,151,57,3,211,208,3,0.7156398104265402,0.27014218009478674,0.014218009478672985,0.985781990521327,0.014218009478672985,Mojgan Cohanim Lancman RECAP,0.985781990521327
28045,28045,100,105,79,1,185,184,1,0.5675675675675675,0.42702702702702705,0.005405405405405406,0.9945945945945946,0.005405405405405406,Mojgan Cohanim Lancman RECAP,0.9945945945945946
28046,28046,100,162,52,2,216,214,2,0.75,0.24074074074074073,0.009259259259259259,0.9907407407407407,0.009259259259259259,Mojgan Cohanim Lancman RECAP,0.9907407407407407
28047,28047,100,240,67,0,307,307,0,0.7817589576547231,0.2182410423452769,0.0,1.0,0.0,Mojgan Cohanim Lancman RECAP,1.0
28048,28048,100,198,65,2,265,263,2,0.7471698113207547,0.24528301886792453,0.007547169811320755,0.9924528301886792,0.007547169811320755,Mojgan Cohanim Lancman RECAP,0.9924528301886792
28049,28049,100,106,33,1,140,139,1,0.7571428571428571,0.2357142857142857,0.007142857142857143,0.9928571428571429,0.007142857142857143,Mojgan Cohanim Lancman RECAP,0.9928571428571429
28050,28050,100,136,52,1,189,188,1,0.7195767195767195,0.2751322751322751,0.005291005291005291,0.9947089947089947,0.005291005291005291,Mojgan Cohanim Lancman RECAP,0.9947089947089947
28051,28051,100,119,54,0,173,173,0,0.6878612716763006,0.31213872832369943,0.0,1.0,0.0,Mojgan Cohanim Lancman RECAP,1.0
28052,28052,100,49,41,0,90,90,0,0.5444444444444444,0.45555555555555555,0.0,1.0,0.0,Mojgan Cohanim Lancman RECAP,1.0
28053,28053,100,98,49,0,147,147,0,0.6666666666666666,0.3333333333333333,0.0,1.0,0.0,Mojgan Cohanim Lancman RECAP,1.0
28054,28054,100,32,11,0,43,43,0,0.7441860465116279,0.2558139534883721,0.0,1.0,0.0,Mojgan Cohanim Lancman RECAP,1.0
28055,28055,100,28,9,0,37,37,0,0.7567567567567568,0.24324324324324326,0.0,1.0,0.0,Mojgan Cohanim Lancman RECAP,1.0
28056,28056,100,111,35,0,146,146,0,0.7602739726027398,0.23972602739726026,0.0,1.0,0.0,Mojgan Cohanim Lancman RECAP,1.0
28057,28057,100,81,32,1,114,113,1,0.7105263157894737,0.2807017543859649,0.008771929824561403,0.9912280701754386,0.008771929824561403,Mojgan Cohanim Lancman RECAP,0.9912280701754386
28058,28058,100,104,32,1,137,136,1,0.7591240875912408,0.23357664233576642,0.0072992700729927005,0.9927007299270073,0.0072992700729927005,Mojgan Cohanim Lancman RECAP,0.9927007299270073
28059,28059,100,7,2,0,9,9,0,0.7777777777777778,0.2222222222222222,0.0,1.0,0.0,Mojgan Cohanim Lancman RECAP,1.0
28060,28060,100,142,61,1,204,203,1,0.696078431372549,0.29901960784313725,0.004901960784313725,0.9950980392156863,0.004901960784313725,Mojgan Cohanim Lancman RECAP,0.9950980392156863
28061,28061,100,97,60,0,157,157,0,0.6178343949044586,0.3821656050955414,0.0,1.0,0.0,Mojgan Cohanim Lancman RECAP,1.0
28062,28062,100,124,80,0,204,204,0,0.6078431372549019,0.39215686274509803,0.0,1.0,0.0,Mojgan Cohanim Lancman RECAP,1.0
28063,28063,100,136,91,1,228,227,1,0.5964912280701754,0.3991228070175439,0.0043859649122807015,0.9956140350877193,0.0043859649122807015,Mojgan Cohanim Lancman RECAP,0.9956140350877193
28064,28064,100,103,89,1,193,192,1,0.533678756476684,0.46113989637305697,0.0051813471502590676,0.9948186528497409,0.0051813471502590676,Mojgan Cohanim Lancman RECAP,0.9948186528497409
28065,28065,100,162,89,2,253,251,2,0.6403162055335968,0.35177865612648224,0.007905138339920948,0.9920948616600791,0.007905138339920948,Mojgan Cohanim Lancman RECAP,0.9920948616600791
28066,28066,100,175,96,2,273,271,2,0.6410256410256411,0.3516483516483517,0.007326007326007326,0.9926739926739927,0.007326007326007326,Mojgan Cohanim Lancman RECAP,0.9926739926739927
28067,28067,100,127,91,0,218,218,0,0.5825688073394495,0.41743119266055045,0.0,1.0,0.0,Mojgan Cohanim Lancman RECAP,1.0
28068,28068,100,148,80,1,229,228,1,0.6462882096069869,0.34934497816593885,0.004366812227074236,0.9956331877729258,0.004366812227074236,Mojgan Cohanim Lancman RECAP,0.9956331877729258
28069,28069,100,77,74,0,151,151,0,0.5099337748344371,0.4900662251655629,0.0,1.0,0.0,Mojgan Cohanim Lancman RECAP,1.0
28070,28070,100,108,112,0,220,220,0,0.4909090909090909,0.509090909090909,0.0,1.0,0.0,Mojgan Cohanim Lancman RECAP,1.0
28071,28071,100,111,150,0,261,261,0,0.42528735632183906,0.5747126436781609,0.0,1.0,0.0,Mojgan Cohanim Lancman RECAP,1.0
28072,28072,100,79,73,0,152,152,0,0.5197368421052632,0.48026315789473684,0.0,1.0,0.0,Mojgan Cohanim Lancman RECAP,1.0
28073,28073,100,116,95,0,211,211,0,0.5497630331753555,0.45023696682464454,0.0,1.0,0.0,Mojgan Cohanim Lancman RECAP,1.0
28074,28074,100,108,90,1,199,198,1,0.542713567839196,0.45226130653266333,0.005025125628140704,0.9949748743718593,0.005025125628140704,Mojgan Cohanim Lancman RECAP,0.9949748743718593
28075,28075,100,113,144,1,258,257,1,0.437984496124031,0.5581395348837209,0.003875968992248062,0.9961240310077519,0.003875968992248062,Mojgan Cohanim Lancman RECAP,0.9961240310077519
28076,28076,100,91,136,3,230,227,3,0.39565217391304347,0.591304347826087,0.013043478260869565,0.9869565217391304,0.013043478260869565,Mojgan Cohanim Lancman RECAP,0.9869565217391304
28077,28077,100,117,119,1,237,236,1,0.4936708860759494,0.5021097046413502,0.004219409282700422,0.9957805907172996,0.004219409282700422,Mojgan Cohanim Lancman RECAP,0.9957805907172996
28078,28078,100,98,43,1,142,141,1,0.6901408450704225,0.3028169014084507,0.007042253521126761,0.9929577464788732,0.007042253521126761,Mojgan Cohanim Lancman RECAP,0.9929577464788732
28079,28079,100,0,0,0,0,0,0,0,0,0,0,0,n/a,0
29001,29001,100,84,4,0,88,88,0,0.9545454545454546,0.045454545454545456,0.0,1.0,0.0,Mojgan Cohanim Lancman RECAP,1.0
29002,29002,100,168,16,0,184,184,0,0.9130434782608695,0.08695652173913043,0.0,1.0,0.0,Mojgan Cohanim Lancman RECAP,1.0
29003,29003,100,132,9,0,141,141,0,0.9361702127659575,0.06382978723404255,0.0,1.0,0.0,Mojgan Cohanim Lancman RECAP,1.0
29004,29004,100,150,15,1,166,165,1,0.9036144578313253,0.09036144578313253,0.006024096385542169,0.9939759036144579,0.006024096385542169,Mojgan Cohanim Lancman RECAP,0.9939759036144579
29005,29005,100,46,3,0,49,49,0,0.9387755102040817,0.061224489795918366,0.0,1.0,0.0,Mojgan Cohanim Lancman RECAP,1.0
29006,29006,100,135,13,0,148,148,0,0.9121621621621622,0.08783783783783784,0.0,1.0,0.0,Mojgan Cohanim Lancman RECAP,1.0
29007,29007,100,14,4,0,18,18,0,0.7777777777777778,0.2222222222222222,0.0,1.0,0.0,Mojgan Cohanim Lancman RECAP,1.0
29008,29008,100,111,13,0,124,124,0,0.8951612903225806,0.10483870967741936,0.0,1.0,0.0,Mojgan Cohanim Lancman RECAP,1.0
29009,29009,100,137,15,0,152,152,0,0.9013157894736842,0.09868421052631579,0.0,1.0,0.0,Mojgan Cohanim Lancman RECAP,1.0
29010,29010,100,175,27,0,202,202,0,0.8663366336633663,0.13366336633663367,0.0,1.0,0.0,Mojgan Cohanim Lancman RECAP,1.0
29011,29011,100,53,14,0,67,67,0,0.7910447761194029,0.208955223880597,0.0,1.0,0.0,Mojgan Cohanim Lancman RECAP,1.0
29012,29012,100,174,7,0,181,181,0,0.9613259668508287,0.03867403314917127,0.0,1.0,0.0,Mojgan Cohanim Lancman RECAP,1.0
29013,29013,100,103,9,1,113,112,1,0.911504424778761,0.07964601769911504,0.008849557522123894,0.9911504424778761,0.008849557522123894,Mojgan Cohanim Lancman RECAP,0.9911504424778761
29014,29014,100,131,4,0,135,135,0,0.9703703703703703,0.02962962962962963,0.0,1.0,0.0,Mojgan Cohanim Lancman RECAP,1.0
29015,29015,100,203,20,0,223,223,0,0.9103139013452914,0.08968609865470852,0.0,1.0,0.0,Mojgan Cohanim Lancman RECAP,1.0
29016,29016,100,112,14,0,126,126,0,0.8888888888888888,0.1111111111111111,0.0,1.0,0.0,Mojgan Cohanim Lancman RECAP,1.0
29017,29017,100,142,3,0,145,145,0,0.9793103448275862,0.020689655172413793,0.0,1.0,0.0,Mojgan Cohanim Lancman RECAP,1.0
29018,29018,100,164,6,0,170,170,0,0.9647058823529412,0.03529411764705882,0.0,1.0,0.0,Mojgan Cohanim Lancman RECAP,1.0
29019,29019,100,107,3,0,110,110,0,0.9727272727272728,0.02727272727272727,0.0,1.0,0.0,Mojgan Cohanim Lancman RECAP,1.0
29020,29020,100,206,3,0,209,209,0,0.9856459330143541,0.014354066985645933,0.0,1.0,0.0,Mojgan Cohanim Lancman RECAP,1.0
29021,29021,100,278,3,0,281,281,0,0.9893238434163701,0.010676156583629894,0.0,1.0,0.0,Mojgan Cohanim Lancman RECAP,1.0
29022,29022,100,275,3,0,278,278,0,0.9892086330935251,0.01079136690647482,0.0,1.0,0.0,Mojgan Cohanim Lancman RECAP,1.0
29023,29023,100,241,3,0,244,244,0,0.9877049180327869,0.012295081967213115,0.0,1.0,0.0,Mojgan Cohanim Lancman RECAP,1.0
29024,29024,100,275,2,0,277,277,0,0.9927797833935018,0.007220216606498195,0.0,1.0,0.0,Mojgan Cohanim Lancman RECAP,1.0
29025,29025,100,286,8,0,294,294,0,0.9727891156462585,0.027210884353741496,0.0,1.0,0.0,Mojgan Cohanim Lancman RECAP,1.0
29026,29026,100,288,8,0,296,296,0,0.972972972972973,0.02702702702702703,0.0,1.0,0.0,Mojgan Cohanim Lancman RECAP,1.0
29027,29027,100,237,8,0,245,245,0,0.9673469387755103,0.0326530612244898,0.0,1.0,0.0,Mojgan Cohanim Lancman RECAP,1.0
29028,29028,100,247,2,0,249,249,0,0.9919678714859438,0.008032128514056224,0.0,1.0,0.0,Mojgan Cohanim Lancman RECAP,1.0
29029,29029,100,318,5,0,323,323,0,0.9845201238390093,0.015479876160990712,0.0,1.0,0.0,Mojgan Cohanim Lancman RECAP,1.0
29030,29030,100,210,5,1,216,215,1,0.9722222222222222,0.023148148148148147,0.004629629629629629,0.9953703703703703,0.004629629629629629,Mojgan Cohanim Lancman RECAP,0.9953703703703703
29031,29031,100,292,4,0,296,296,0,0.9864864864864865,0.013513513513513514,0.0,1.0,0.0,Mojgan Cohanim Lancman RECAP,1.0
29032,29032,100,289,4,0,293,293,0,0.9863481228668942,0.013651877133105802,0.0,1.0,0.0,Mojgan Cohanim Lancman RECAP,1.0
29033,29033,100,253,2,0,255,255,0,0.9921568627450981,0.00784313725490196,0.0,1.0,0.0,Mojgan Cohanim Lancman RECAP,1.0
29034,29034,100,254,4,0,258,258,0,0.9844961240310077,0.015503875968992248,0.0,1.0,0.0,Mojgan Cohanim Lancman RECAP,1.0
29035,29035,100,161,3,0,164,164,0,0.9817073170731707,0.018292682926829267,0.0,1.0,0.0,Mojgan Cohanim Lancman RECAP,1.0
29036,29036,100,137,19,0,156,156,0,0.8782051282051282,0.12179487179487179,0.0,1.0,0.0,Mojgan Cohanim Lancman RECAP,1.0
29037,29037,100,145,16,0,161,161,0,0.9006211180124224,0.09937888198757763,0.0,1.0,0.0,Mojgan Cohanim Lancman RECAP,1.0
29038,29038,100,196,15,0,211,211,0,0.9289099526066351,0.07109004739336493,0.0,1.0,0.0,Mojgan Cohanim Lancman RECAP,1.0
29039,29039,100,87,13,0,100,100,0,0.87,0.13,0.0,1.0,0.0,Mojgan Cohanim Lancman RECAP,1.0
29040,29040,100,125,0,0,125,125,0,1.0,0.0,0.0,1.0,0.0,Mojgan Cohanim Lancman RECAP,1.0
29041,29041,100,188,3,2,193,191,2,0.9740932642487047,0.015544041450777202,0.010362694300518135,0.9896373056994818,0.010362694300518135,Mojgan Cohanim Lancman RECAP,0.9896373056994818
29042,29042,100,214,5,0,219,219,0,0.9771689497716894,0.0228310502283105,0.0,1.0,0.0,Mojgan Cohanim Lancman RECAP,1.0
29043,29043,100,170,11,0,181,181,0,0.9392265193370166,0.06077348066298342,0.0,1.0,0.0,Mojgan Cohanim Lancman RECAP,1.0
29044,29044,100,145,8,0,153,153,0,0.9477124183006536,0.05228758169934641,0.0,1.0,0.0,Mojgan Cohanim Lancman RECAP,1.0
29045,29045,100,205,9,0,214,214,0,0.9579439252336449,0.04205607476635514,0.0,1.0,0.0,Mojgan Cohanim Lancman RECAP,1.0
29046,29046,100,213,14,0,227,227,0,0.9383259911894273,0.06167400881057269,0.0,1.0,0.0,Mojgan Cohanim Lancman RECAP,1.0
29047,29047,100,231,6,0,237,237,0,0.9746835443037974,0.02531645569620253,0.0,1.0,0.0,Mojgan Cohanim Lancman RECAP,1.0
29048,29048,100,166,10,2,178,176,2,0.9325842696629213,0.056179775280898875,0.011235955056179775,0.9887640449438202,0.011235955056179775,Mojgan Cohanim Lancman RECAP,0.9887640449438202
29049,29049,100,158,8,0,166,166,0,0.9518072289156626,0.04819277108433735,0.0,1.0,0.0,Mojgan Cohanim Lancman RECAP,1.0
29050,29050,100,247,5,0,252,252,0,0.9801587301587301,0.01984126984126984,0.0,1.0,0.0,Mojgan Cohanim Lancman RECAP,1.0
29051,29051,100,286,4,0,290,290,0,0.9862068965517241,0.013793103448275862,0.0,1.0,0.0,Mojgan Cohanim Lancman RECAP,1.0
29052,29052,100,244,1,0,245,245,0,0.9959183673469387,0.004081632653061225,0.0,1.0,0.0,Mojgan Cohanim Lancman RECAP,1.0
29053,29053,100,194,5,0,199,199,0,0.9748743718592965,0.02512562814070352,0.0,1.0,0.0,Mojgan Cohanim Lancman RECAP,1.0
29054,29054,100,265,7,0,272,272,0,0.9742647058823529,0.025735294117647058,0.0,1.0,0.0,Mojgan Cohanim Lancman RECAP,1.0
29055,29055,100,262,9,0,271,271,0,0.966789667896679,0.033210332103321034,0.0,1.0,0.0,Mojgan Cohanim Lancman RECAP,1.0
29056,29056,100,214,3,0,217,217,0,0.9861751152073732,0.013824884792626729,0.0,1.0,0.0,Mojgan Cohanim Lancman RECAP,1.0
29057,29057,100,182,6,1,189,188,1,0.9629629629629629,0.031746031746031744,0.005291005291005291,0.9947089947089947,0.005291005291005291,Mojgan Cohanim Lancman RECAP,0.9947089947089947
29058,29058,100,236,8,0,244,244,0,0.9672131147540983,0.03278688524590164,0.0,1.0,0.0,Mojgan Cohanim Lancman RECAP,1.0
29059,29059,100,326,4,1,331,330,1,0.9848942598187311,0.012084592145015106,0.0030211480362537764,0.9969788519637462,0.0030211480362537764,Mojgan Cohanim Lancman RECAP,0.9969788519637462
29060,29060,100,308,5,0,313,313,0,0.9840255591054313,0.01597444089456869,0.0,1.0,0.0,Mojgan Cohanim Lancman RECAP,1.0
29061,29061,100,295,6,0,301,301,0,0.9800664451827242,0.019933554817275746,0.0,1.0,0.0,Mojgan Cohanim Lancman RECAP,1.0
29062,29062,100,336,7,1,344,343,1,0.9767441860465116,0.020348837209302327,0.0029069767441860465,0.997093023255814,0.0029069767441860465,Mojgan Cohanim Lancman RECAP,0.997093023255814
29063,29063,100,265,2,0,267,267,0,0.9925093632958801,0.00749063670411985,0.0,1.0,0.0,Mojgan Cohanim Lancman RECAP,1.0
29064,29064,100,188,5,0,193,193,0,0.9740932642487047,0.025906735751295335,0.0,1.0,0.0,Mojgan Cohanim Lancman RECAP,1.0
29065,29065,100,181,5,0,186,186,0,0.9731182795698925,0.026881720430107527,0.0,1.0,0.0,Mojgan Cohanim Lancman RECAP,1.0
29066,29066,100,204,9,0,213,213,0,0.9577464788732394,0.04225352112676056,0.0,1.0,0.0,Mojgan Cohanim Lancman RECAP,1.0
29067,29067,100,175,7,0,182,182,0,0.9615384615384616,0.038461538461538464,0.0,1.0,0.0,Mojgan Cohanim Lancman RECAP,1.0
29068,29068,100,221,19,0,240,240,0,0.9208333333333333,0.07916666666666666,0.0,1.0,0.0,Mojgan Cohanim Lancman RECAP,1.0
29069,29069,100,82,2,0,84,84,0,0.9761904761904762,0.023809523809523808,0.0,1.0,0.0,Mojgan Cohanim Lancman RECAP,1.0
29070,29070,100,194,2,0,196,196,0,0.9897959183673469,0.01020408163265306,0.0,1.0,0.0,Mojgan Cohanim Lancman RECAP,1.0
29071,29071,100,190,13,0,203,203,0,0.9359605911330049,0.06403940886699508,0.0,1.0,0.0,Mojgan Cohanim Lancman RECAP,1.0
30001,30001,100,46,14,0,60,60,0,0.7666666666666667,0.23333333333333334,0.0,1.0,0.0,Mojgan Cohanim Lancman RECAP,1.0
30002,30002,100,106,50,0,156,156,0,0.6794871794871795,0.32051282051282054,0.0,1.0,0.0,Mojgan Cohanim Lancman RECAP,1.0
30003,30003,100,3,2,0,5,5,0,0.6,0.4,0.0,1.0,0.0,Mojgan Cohanim Lancman RECAP,1.0
30004,30004,100,119,105,0,224,224,0,0.53125,0.46875,0.0,1.0,0.0,Mojgan Cohanim Lancman RECAP,1.0
30005,30005,100,81,143,0,224,224,0,0.36160714285714285,0.6383928571428571,0.0,1.0,0.0,Mojgan Cohanim Lancman RECAP,1.0
30006,30006,100,95,134,2,231,229,2,0.41125541125541126,0.5800865800865801,0.008658008658008658,0.9913419913419913,0.008658008658008658,Mojgan Cohanim Lancman RECAP,0.9913419913419913
30007,30007,100,83,99,0,182,182,0,0.45604395604395603,0.5439560439560439,0.0,1.0,0.0,Mojgan Cohanim Lancman RECAP,1.0
30008,30008,100,116,128,2,246,244,2,0.4715447154471545,0.5203252032520326,0.008130081300813009,0.991869918699187,0.008130081300813009,Mojgan Cohanim Lancman RECAP,0.991869918699187
30009,30009,100,98,133,1,232,231,1,0.4224137931034483,0.5732758620689655,0.004310344827586207,0.9956896551724138,0.004310344827586207,Mojgan Cohanim Lancman RECAP,0.9956896551724138
30010,30010,100,113,106,1,220,219,1,0.5136363636363637,0.4818181818181818,0.004545454545454545,0.9954545454545455,0.004545454545454545,Mojgan Cohanim Lancman RECAP,0.9954545454545455
30011,30011,100,92,101,1,194,193,1,0.4742268041237113,0.520618556701031,0.005154639175257732,0.9948453608247423,0.005154639175257732,Mojgan Cohanim Lancman RECAP,0.9948453608247423
30012,30012,100,82,151,1,234,233,1,0.3504273504273504,0.6452991452991453,0.004273504273504274,0.9957264957264957,0.004273504273504274,Mojgan Cohanim Lancman RECAP,0.9957264957264957
30013,30013,100,110,83,0,193,193,0,0.5699481865284974,0.43005181347150256,0.0,1.0,0.0,Mojgan Cohanim Lancman RECAP,1.0
30014,30014,100,102,122,0,224,224,0,0.45535714285714285,0.5446428571428571,0.0,1.0,0.0,Mojgan Cohanim Lancman RECAP,1.0
30015,30015,100,48,77,0,125,125,0,0.384,0.616,0.0,1.0,0.0,Mojgan Cohanim Lancman RECAP,1.0
30016,30016,100,89,77,1,167,166,1,0.5329341317365269,0.46107784431137727,0.005988023952095809,0.9940119760479041,0.005988023952095809,Mojgan Cohanim Lancman RECAP,0.9940119760479041
30017,30017,100,106,75,2,183,181,2,0.5792349726775956,0.4098360655737705,0.01092896174863388,0.9890710382513661,0.01092896174863388,Mojgan Cohanim Lancman RECAP,0.9890710382513661
30018,30018,100,109,91,0,200,200,0,0.545,0.455,0.0,1.0,0.0,Mojgan Cohanim Lancman RECAP,1.0
30019,30019,100,1,2,0,3,3,0,0.3333333333333333,0.6666666666666666,0.0,1.0,0.0,Mojgan Cohanim Lancman RECAP,1.0
30020,30020,100,48,58,1,107,106,1,0.4485981308411215,0.5420560747663551,0.009345794392523364,0.9906542056074766,0.009345794392523364,Mojgan Cohanim Lancman RECAP,0.9906542056074766
30021,30021,100,120,84,0,204,204,0,0.5882352941176471,0.4117647058823529,0.0,1.0,0.0,Mojgan Cohanim Lancman RECAP,1.0
30022,30022,100,105,76,0,181,181,0,0.580110497237569,0.4198895027624309,0.0,1.0,0.0,Mojgan Cohanim Lancman RECAP,1.0
30023,30023,100,104,74,0,178,178,0,0.5842696629213483,0.4157303370786517,0.0,1.0,0.0,Mojgan Cohanim Lancman RECAP,1.0
30024,30024,100,57,27,0,84,84,0,0.6785714285714286,0.32142857142857145,0.0,1.0,0.0,Mojgan Cohanim Lancman RECAP,1.0
30025,30025,100,116,80,1,197,196,1,0.5888324873096447,0.40609137055837563,0.005076142131979695,0.9949238578680203,0.005076142131979695,Mojgan Cohanim Lancman RECAP,0.9949238578680203
30026,30026,100,99,64,0,163,163,0,0.6073619631901841,0.39263803680981596,0.0,1.0,0.0,Mojgan Cohanim Lancman RECAP,1.0
30027,30027,100,127,66,0,193,193,0,0.6580310880829016,0.34196891191709844,0.0,1.0,0.0,Mojgan Cohanim Lancman RECAP,1.0
30028,30028,100,0,0,0,0,0,0,0,0,0,0,0,n/a,0
30029,30029,100,7,10,0,17,17,0,0.4117647058823529,0.5882352941176471,0.0,1.0,0.0,Mojgan Cohanim Lancman RECAP,1.0
30030,30030,100,70,41,0,111,111,0,0.6306306306306306,0.36936936936936937,0.0,1.0,0.0,Mojgan Cohanim Lancman RECAP,1.0
30031,30031,100,48,18,0,66,66,0,0.7272727272727273,0.2727272727272727,0.0,1.0,0.0,Mojgan Cohanim Lancman RECAP,1.0
30032,30032,100,21,3,1,25,24,1,0.84,0.12,0.04,0.96,0.04,Mojgan Cohanim Lancman RECAP,0.96
30033,30033,100,34,13,0,47,47,0,0.723404255319149,0.2765957446808511,0.0,1.0,0.0,Mojgan Cohanim Lancman RECAP,1.0
30034,30034,100,0,0,0,0,0,0,0,0,0,0,0,n/a,0
30063,30063,100,52,14,0,66,66,0,0.7878787878787878,0.21212121212121213,0.0,1.0,0.0,Mojgan Cohanim Lancman RECAP,1.0
30035,30063,100,0,0,0,0,0,0,0,0,0,0,0,n/a,0
30036,30036,100,99,58,1,158,157,1,0.6265822784810127,0.3670886075949367,0.006329113924050633,0.9936708860759493,0.006329113924050633,Mojgan Cohanim Lancman RECAP,0.9936708860759493
30037,30037,100,93,29,1,123,122,1,0.7560975609756098,0.23577235772357724,0.008130081300813009,0.991869918699187,0.008130081300813009,Mojgan Cohanim Lancman RECAP,0.991869918699187
30038,30038,100,89,20,0,109,109,0,0.8165137614678899,0.1834862385321101,0.0,1.0,0.0,Mojgan Cohanim Lancman RECAP,1.0
30039,30039,100,208,98,0,306,306,0,0.6797385620915033,0.3202614379084967,0.0,1.0,0.0,Mojgan Cohanim Lancman RECAP,1.0
30040,30040,100,174,71,1,246,245,1,0.7073170731707317,0.2886178861788618,0.0040650406504065045,0.9959349593495935,0.0040650406504065045,Mojgan Cohanim Lancman RECAP,0.9959349593495935
30041,30041,100,48,12,1,61,60,1,0.7868852459016393,0.19672131147540983,0.01639344262295082,0.9836065573770492,0.01639344262295082,Mojgan Cohanim Lancman RECAP,0.9836065573770492
30042,30042,100,113,37,0,150,150,0,0.7533333333333333,0.24666666666666667,0.0,1.0,0.0,Mojgan Cohanim Lancman RECAP,1.0
30043,30043,100,167,50,1,218,217,1,0.7660550458715596,0.22935779816513763,0.0045871559633027525,0.9954128440366973,0.0045871559633027525,Mojgan Cohanim Lancman RECAP,0.9954128440366973
30044,30044,100,163,47,0,210,210,0,0.7761904761904762,0.22380952380952382,0.0,1.0,0.0,Mojgan Cohanim Lancman RECAP,1.0
30045,30045,100,149,43,2,194,192,2,0.7680412371134021,0.22164948453608246,0.010309278350515464,0.9896907216494846,0.010309278350515464,Mojgan Cohanim Lancman RECAP,0.9896907216494846
30046,30046,100,168,34,2,204,202,2,0.8235294117647058,0.16666666666666666,0.00980392156862745,0.9901960784313726,0.00980392156862745,Mojgan Cohanim Lancman RECAP,0.9901960784313726
30047,30047,100,96,14,0,110,110,0,0.8727272727272727,0.12727272727272726,0.0,1.0,0.0,Mojgan Cohanim Lancman RECAP,1.0
30048,30048,100,225,108,0,333,333,0,0.6756756756756757,0.32432432432432434,0.0,1.0,0.0,Mojgan Cohanim Lancman RECAP,1.0
30049,30049,100,223,56,1,280,279,1,0.7964285714285714,0.2,0.0035714285714285713,0.9964285714285714,0.0035714285714285713,Mojgan Cohanim Lancman RECAP,0.9964285714285714
30050,30050,100,164,47,3,214,211,3,0.7663551401869159,0.21962616822429906,0.014018691588785047,0.985981308411215,0.014018691588785047,Mojgan Cohanim Lancman RECAP,0.985981308411215
30051,30051,100,172,43,1,216,215,1,0.7962962962962963,0.19907407407407407,0.004629629629629629,0.9953703703703703,0.004629629629629629,Mojgan Cohanim Lancman RECAP,0.9953703703703703
30052,30052,100,120,32,1,153,152,1,0.7843137254901961,0.20915032679738563,0.006535947712418301,0.9934640522875817,0.006535947712418301,Mojgan Cohanim Lancman RECAP,0.9934640522875817
30053,30053,100,93,33,0,126,126,0,0.7380952380952381,0.2619047619047619,0.0,1.0,0.0,Mojgan Cohanim Lancman RECAP,1.0
30054,30054,100,19,5,0,24,24,0,0.7916666666666666,0.20833333333333334,0.0,1.0,0.0,Mojgan Cohanim Lancman RECAP,1.0
30055,30055,100,81,39,0,120,120,0,0.675,0.325,0.0,1.0,0.0,Mojgan Cohanim Lancman RECAP,1.0
30056,30056,100,123,18,0,141,141,0,0.8723404255319149,0.1276595744680851,0.0,1.0,0.0,Mojgan Cohanim Lancman RECAP,1.0
30057,30057,100,119,9,1,129,128,1,0.9224806201550387,0.06976744186046512,0.007751937984496124,0.9922480620155039,0.007751937984496124,Mojgan Cohanim Lancman RECAP,0.9922480620155039
30058,30058,100,138,15,1,154,153,1,0.8961038961038961,0.09740259740259741,0.006493506493506494,0.9935064935064936,0.006493506493506494,Mojgan Cohanim Lancman RECAP,0.9935064935064936
30059,30059,100,70,4,0,74,74,0,0.9459459459459459,0.05405405405405406,0.0,1.0,0.0,Mojgan Cohanim Lancman RECAP,1.0
30060,30060,100,82,42,0,124,124,0,0.6612903225806451,0.3387096774193548,0.0,1.0,0.0,Mojgan Cohanim Lancman RECAP,1.0
30061,30061,100,240,84,1,325,324,1,0.7384615384615385,0.25846153846153846,0.003076923076923077,0.9969230769230769,0.003076923076923077,Mojgan Cohanim Lancman RECAP,0.9969230769230769
30062,30062,100,66,12,1,79,78,1,0.8354430379746836,0.1518987341772152,0.012658227848101266,0.9873417721518988,0.012658227848101266,Mojgan Cohanim Lancman RECAP,0.9873417721518988
30064,30064,100,129,36,1,166,165,1,0.7771084337349398,0.21686746987951808,0.006024096385542169,0.9939759036144579,0.006024096385542169,Mojgan Cohanim Lancman RECAP,0.9939759036144579
30065,30065,100,228,63,1,292,291,1,0.7808219178082192,0.21575342465753425,0.003424657534246575,0.9965753424657534,0.003424657534246575,Mojgan Cohanim Lancman RECAP,0.9965753424657534
30066,30066,100,170,32,1,203,202,1,0.8374384236453202,0.15763546798029557,0.0049261083743842365,0.9950738916256158,0.0049261083743842365,Mojgan Cohanim Lancman RECAP,0.9950738916256158
30067,30067,100,188,23,2,213,211,2,0.8826291079812206,0.107981220657277,0.009389671361502348,0.9906103286384976,0.009389671361502348,Mojgan Cohanim Lancman RECAP,0.9906103286384976
30068,30068,100,96,15,0,111,111,0,0.8648648648648649,0.13513513513513514,0.0,1.0,0.0,Mojgan Cohanim Lancman RECAP,1.0
30069,30069,100,147,29,2,178,176,2,0.8258426966292135,0.16292134831460675,0.011235955056179775,0.9887640449438202,0.011235955056179775,Mojgan Cohanim Lancman RECAP,0.9887640449438202
30070,30070,100,0,0,0,0,0,0,0,0,0,0,0,n/a,0
30071,30071,100,0,0,0,0,0,0,0,0,0,0,0,n/a,0
30072,30024,100,0,0,0,0,0,0,0,0,0,0,0,n/a,0
31001,31001,100,96,20,0,116,116,0,0.8275862068965517,0.1724137931034483,0.0,1.0,0.0,Mojgan Cohanim Lancman RECAP,1.0
31002,31002,100,114,22,1,137,136,1,0.8321167883211679,0.16058394160583941,0.0072992700729927005,0.9927007299270073,0.0072992700729927005,Mojgan Cohanim Lancman RECAP,0.9927007299270073
31003,31003,100,108,22,0,130,130,0,0.8307692307692308,0.16923076923076924,0.0,1.0,0.0,Mojgan Cohanim Lancman RECAP,1.0
31004,31004,100,130,11,0,141,141,0,0.9219858156028369,0.07801418439716312,0.0,1.0,0.0,Mojgan Cohanim Lancman RECAP,1.0
31005,31005,100,90,25,0,115,115,0,0.782608695652174,0.21739130434782608,0.0,1.0,0.0,Mojgan Cohanim Lancman RECAP,1.0
31006,31006,100,6,1,0,7,7,0,0.8571428571428571,0.14285714285714285,0.0,1.0,0.0,Mojgan Cohanim Lancman RECAP,1.0
31007,31007,100,78,12,0,90,90,0,0.8666666666666667,0.13333333333333333,0.0,1.0,0.0,Mojgan Cohanim Lancman RECAP,1.0
31008,31008,100,76,35,0,111,111,0,0.6846846846846847,0.3153153153153153,0.0,1.0,0.0,Mojgan Cohanim Lancman RECAP,1.0
31009,31009,100,110,13,1,124,123,1,0.8870967741935484,0.10483870967741936,0.008064516129032258,0.9919354838709677,0.008064516129032258,Mojgan Cohanim Lancman RECAP,0.9919354838709677
31010,31010,100,167,21,0,188,188,0,0.8882978723404256,0.11170212765957446,0.0,1.0,0.0,Mojgan Cohanim Lancman RECAP,1.0
31011,31011,100,178,12,0,190,190,0,0.9368421052631579,0.06315789473684211,0.0,1.0,0.0,Mojgan Cohanim Lancman RECAP,1.0
31012,31012,100,105,16,1,122,121,1,0.860655737704918,0.13114754098360656,0.00819672131147541,0.9918032786885246,0.00819672131147541,Mojgan Cohanim Lancman RECAP,0.9918032786885246
31013,31013,100,149,11,0,160,160,0,0.93125,0.06875,0.0,1.0,0.0,Mojgan Cohanim Lancman RECAP,1.0
31014,31014,100,180,2,1,183,182,1,0.9836065573770492,0.01092896174863388,0.00546448087431694,0.994535519125683,0.00546448087431694,Mojgan Cohanim Lancman RECAP,0.994535519125683
31015,31015,100,145,4,0,149,149,0,0.9731543624161074,0.026845637583892617,0.0,1.0,0.0,Mojgan Cohanim Lancman RECAP,1.0
31016,31016,100,60,4,0,64,64,0,0.9375,0.0625,0.0,1.0,0.0,Mojgan Cohanim Lancman RECAP,1.0
31017,31017,100,125,1,0,126,126,0,0.9920634920634921,0.007936507936507936,0.0,1.0,0.0,Mojgan Cohanim Lancman RECAP,1.0
31018,31018,100,183,5,0,188,188,0,0.973404255319149,0.026595744680851064,0.0,1.0,0.0,Mojgan Cohanim Lancman RECAP,1.0
31019,31019,100,206,5,0,211,211,0,0.976303317535545,0.023696682464454975,0.0,1.0,0.0,Mojgan Cohanim Lancman RECAP,1.0
31020,31020,100,35,11,0,46,46,0,0.7608695652173914,0.2391304347826087,0.0,1.0,0.0,Mojgan Cohanim Lancman RECAP,1.0
31021,31021,100,5,0,0,5,5,0,1.0,0.0,0.0,1.0,0.0,Mojgan Cohanim Lancman RECAP,1.0
31022,31022,100,108,17,1,126,125,1,0.8571428571428571,0.1349206349206349,0.007936507936507936,0.9920634920634921,0.007936507936507936,Mojgan Cohanim Lancman RECAP,0.9920634920634921
31023,31023,100,59,23,0,82,82,0,0.7195121951219512,0.2804878048780488,0.0,1.0,0.0,Mojgan Cohanim Lancman RECAP,1.0
31024,31024,100,164,8,1,173,172,1,0.9479768786127167,0.046242774566473986,0.005780346820809248,0.9942196531791907,0.005780346820809248,Mojgan Cohanim Lancman RECAP,0.9942196531791907
31025,31025,100,108,15,0,123,123,0,0.8780487804878049,0.12195121951219512,0.0,1.0,0.0,Mojgan Cohanim Lancman RECAP,1.0
31026,31026,100,87,26,1,114,113,1,0.7631578947368421,0.22807017543859648,0.008771929824561403,0.9912280701754386,0.008771929824561403,Mojgan Cohanim Lancman RECAP,0.9912280701754386
31027,31027,100,63,46,1,110,109,1,0.5727272727272728,0.41818181818181815,0.00909090909090909,0.990909090909091,0.00909090909090909,Mojgan Cohanim Lancman RECAP,0.990909090909091
31028,31028,100,66,17,0,83,83,0,0.7951807228915663,0.20481927710843373,0.0,1.0,0.0,Mojgan Cohanim Lancman RECAP,1.0
31029,31029,100,176,3,0,179,179,0,0.9832402234636871,0.01675977653631285,0.0,1.0,0.0,Mojgan Cohanim Lancman RECAP,1.0
31030,31030,100,4,1,0,5,5,0,0.8,0.2,0.0,1.0,0.0,Mojgan Cohanim Lancman RECAP,1.0
31031,31030,100,0,0,0,0,0,0,0,0,0,0,0,n/a,0
31032,31032,100,196,14,0,210,210,0,0.9333333333333333,0.06666666666666667,0.0,1.0,0.0,Mojgan Cohanim Lancman RECAP,1.0
31033,31033,100,69,1,0,70,70,0,0.9857142857142858,0.014285714285714285,0.0,1.0,0.0,Mojgan Cohanim Lancman RECAP,1.0
31034,31034,100,239,3,0,242,242,0,0.987603305785124,0.012396694214876033,0.0,1.0,0.0,Mojgan Cohanim Lancman RECAP,1.0
31035,31035,100,189,4,0,193,193,0,0.9792746113989638,0.02072538860103627,0.0,1.0,0.0,Mojgan Cohanim Lancman RECAP,1.0
31036,31036,100,224,1,0,225,225,0,0.9955555555555555,0.0044444444444444444,0.0,1.0,0.0,Mojgan Cohanim Lancman RECAP,1.0
31037,31037,100,201,3,0,204,204,0,0.9852941176470589,0.014705882352941176,0.0,1.0,0.0,Mojgan Cohanim Lancman RECAP,1.0
31038,31038,100,231,2,0,233,233,0,0.9914163090128756,0.008583690987124463,0.0,1.0,0.0,Mojgan Cohanim Lancman RECAP,1.0
31039,31039,100,119,15,1,135,134,1,0.8814814814814815,0.1111111111111111,0.007407407407407408,0.9925925925925926,0.007407407407407408,Mojgan Cohanim Lancman RECAP,0.9925925925925926
31040,31040,100,225,4,0,229,229,0,0.982532751091703,0.017467248908296942,0.0,1.0,0.0,Mojgan Cohanim Lancman RECAP,1.0
31041,31041,100,167,1,0,168,168,0,0.9940476190476191,0.005952380952380952,0.0,1.0,0.0,Mojgan Cohanim Lancman RECAP,1.0
31042,31042,100,237,7,0,244,244,0,0.9713114754098361,0.028688524590163935,0.0,1.0,0.0,Mojgan Cohanim Lancman RECAP,1.0
31043,31043,100,268,9,0,277,277,0,0.9675090252707581,0.032490974729241874,0.0,1.0,0.0,Mojgan Cohanim Lancman RECAP,1.0
31044,31044,100,261,8,0,269,269,0,0.9702602230483272,0.02973977695167286,0.0,1.0,0.0,Mojgan Cohanim Lancman RECAP,1.0
31045,31045,100,82,7,0,89,89,0,0.9213483146067416,0.07865168539325842,0.0,1.0,0.0,Mojgan Cohanim Lancman RECAP,1.0
31046,31046,100,162,7,0,169,169,0,0.9585798816568047,0.04142011834319527,0.0,1.0,0.0,Mojgan Cohanim Lancman RECAP,1.0
31047,31047,100,182,5,1,188,187,1,0.9680851063829787,0.026595744680851064,0.005319148936170213,0.9946808510638298,0.005319148936170213,Mojgan Cohanim Lancman RECAP,0.9946808510638298
31048,31048,100,174,8,0,182,182,0,0.9560439560439561,0.04395604395604396,0.0,1.0,0.0,Mojgan Cohanim Lancman RECAP,1.0
31049,31049,100,191,10,0,201,201,0,0.9502487562189055,0.04975124378109453,0.0,1.0,0.0,Mojgan Cohanim Lancman RECAP,1.0
31050,31050,100,175,4,0,179,179,0,0.9776536312849162,0.0223463687150838,0.0,1.0,0.0,Mojgan Cohanim Lancman RECAP,1.0
31051,31051,100,224,11,0,235,235,0,0.9531914893617022,0.04680851063829787,0.0,1.0,0.0,Mojgan Cohanim Lancman RECAP,1.0
31052,31052,100,235,8,3,246,243,3,0.9552845528455285,0.032520325203252036,0.012195121951219513,0.9878048780487805,0.012195121951219513,Mojgan Cohanim Lancman RECAP,0.9878048780487805
31053,31053,100,244,21,0,265,265,0,0.9207547169811321,0.07924528301886792,0.0,1.0,0.0,Mojgan Cohanim Lancman RECAP,1.0
31054,31054,100,193,17,0,210,210,0,0.919047619047619,0.08095238095238096,0.0,1.0,0.0,Mojgan Cohanim Lancman RECAP,1.0
31055,31055,100,117,5,1,123,122,1,0.9512195121951219,0.04065040650406504,0.008130081300813009,0.991869918699187,0.008130081300813009,Mojgan Cohanim Lancman RECAP,0.991869918699187
31056,31056,100,90,5,0,95,95,0,0.9473684210526315,0.05263157894736842,0.0,1.0,0.0,Mojgan Cohanim Lancman RECAP,1.0
31057,31057,100,157,15,0,172,172,0,0.9127906976744186,0.0872093023255814,0.0,1.0,0.0,Mojgan Cohanim Lancman RECAP,1.0
31058,31058,100,156,4,0,160,160,0,0.975,0.025,0.0,1.0,0.0,Mojgan Cohanim Lancman RECAP,1.0
31059,31059,100,169,17,1,187,186,1,0.9037433155080213,0.09090909090909091,0.0053475935828877,0.9946524064171123,0.0053475935828877,Mojgan Cohanim Lancman RECAP,0.9946524064171123
31060,31060,100,0,0,0,0,0,0,0,0,0,0,0,n/a,0
31061,31061,100,162,2,0,164,164,0,0.9878048780487805,0.012195121951219513,0.0,1.0,0.0,Mojgan Cohanim Lancman RECAP,1.0
31062,31062,100,136,5,0,141,141,0,0.9645390070921985,0.03546099290780142,0.0,1.0,0.0,Mojgan Cohanim Lancman RECAP,1.0
31063,31063,100,219,5,0,224,224,0,0.9776785714285714,0.022321428571428572,0.0,1.0,0.0,Mojgan Cohanim Lancman RECAP,1.0
31064,31064,100,203,5,1,209,208,1,0.9712918660287081,0.023923444976076555,0.004784688995215311,0.9952153110047847,0.004784688995215311,Mojgan Cohanim Lancman RECAP,0.9952153110047847
31065,31020,100,0,0,0,0,0,0,0,0,0,0,0,n/a,0
31066,31020,100,0,0,0,0,0,0,0,0,0,0,0,n/a,0
31067,31020,100,0,0,0,0,0,0,0,0,0,0,0,n/a,0
31068,31020,100,0,0,0,0,0,0,0,0,0,0,0,n/a,0
31069,31020,100,0,0,0,0,0,0,0,0,0,0,0,n/a,0
31070,31020,100,0,0,0,0,0,0,0,0,0,0,0,n/a,0
31071,31071,100,0,0,0,0,0,0,0,0,0,0,0,n/a,0
31072,31072,100,0,0,0,0,0,0,0,0,0,0,0,n/a,0
31073,31073,100,0,0,0,0,0,0,0,0,0,0,0,n/a,0
31074,31074,100,0,0,0,0,0,0,0,0,0,0,0,n/a,0
31075,31020,100,0,0,0,0,0,0,0,0,0,0,0,n/a,0
31076,31020,100,0,0,0,0,0,0,0,0,0,0,0,n/a,0
31077,31077,100,0,0,0,0,0,0,0,0,0,0,0,n/a,0
32001,32001,100,190,11,0,201,201,0,0.945273631840796,0.05472636815920398,0.0,1.0,0.0,Mojgan Cohanim Lancman RECAP,1.0
32002,32002,100,3,0,0,3,3,0,1.0,0.0,0.0,1.0,0.0,Mojgan Cohanim Lancman RECAP,1.0
32003,32003,100,197,9,0,206,206,0,0.9563106796116505,0.043689320388349516,0.0,1.0,0.0,Mojgan Cohanim Lancman RECAP,1.0
32004,32004,100,213,19,1,233,232,1,0.9141630901287554,0.0815450643776824,0.004291845493562232,0.9957081545064378,0.004291845493562232,Mojgan Cohanim Lancman RECAP,0.9957081545064378
32005,32005,100,133,12,1,146,145,1,0.910958904109589,0.0821917808219178,0.00684931506849315,0.9931506849315068,0.00684931506849315,Mojgan Cohanim Lancman RECAP,0.9931506849315068
32006,32006,100,166,17,0,183,183,0,0.907103825136612,0.09289617486338798,0.0,1.0,0.0,Mojgan Cohanim Lancman RECAP,1.0
32007,32007,100,19,6,1,26,25,1,0.7307692307692307,0.23076923076923078,0.038461538461538464,0.9615384615384616,0.038461538461538464,Mojgan Cohanim Lancman RECAP,0.9615384615384616
32008,32008,100,26,2,0,28,28,0,0.9285714285714286,0.07142857142857142,0.0,1.0,0.0,Mojgan Cohanim Lancman RECAP,1.0
32009,32009,100,26,2,0,28,28,0,0.9285714285714286,0.07142857142857142,0.0,1.0,0.0,Mojgan Cohanim Lancman RECAP,1.0
32010,32010,100,10,1,0,11,11,0,0.9090909090909091,0.09090909090909091,0.0,1.0,0.0,Mojgan Cohanim Lancman RECAP,1.0
32011,32011,100,59,20,0,79,79,0,0.7468354430379747,0.25316455696202533,0.0,1.0,0.0,Mojgan Cohanim Lancman RECAP,1.0
32013,32013,100,23,0,0,23,23,0,1.0,0.0,0.0,1.0,0.0,Mojgan Cohanim Lancman RECAP,1.0
32012,32013,100,0,0,0,0,0,0,0,0,0,0,0,n/a,0
32014,32014,100,3,0,0,3,3,0,1.0,0.0,0.0,1.0,0.0,Mojgan Cohanim Lancman RECAP,1.0
32015,32015,100,153,6,0,159,159,0,0.9622641509433962,0.03773584905660377,0.0,1.0,0.0,Mojgan Cohanim Lancman RECAP,1.0
32016,32016,100,183,9,0,192,192,0,0.953125,0.046875,0.0,1.0,0.0,Mojgan Cohanim Lancman RECAP,1.0
32017,32017,100,154,4,0,158,158,0,0.9746835443037974,0.02531645569620253,0.0,1.0,0.0,Mojgan Cohanim Lancman RECAP,1.0
32018,32018,100,112,8,0,120,120,0,0.9333333333333333,0.06666666666666667,0.0,1.0,0.0,Mojgan Cohanim Lancman RECAP,1.0
32019,32019,100,124,14,0,138,138,0,0.8985507246376812,0.10144927536231885,0.0,1.0,0.0,Mojgan Cohanim Lancman RECAP,1.0
32020,32020,100,130,15,0,145,145,0,0.896551724137931,0.10344827586206896,0.0,1.0,0.0,Mojgan Cohanim Lancman RECAP,1.0
32021,32021,100,168,3,0,171,171,0,0.9824561403508771,0.017543859649122806,0.0,1.0,0.0,Mojgan Cohanim Lancman RECAP,1.0
32022,32022,100,134,2,1,137,136,1,0.9781021897810219,0.014598540145985401,0.0072992700729927005,0.9927007299270073,0.0072992700729927005,Mojgan Cohanim Lancman RECAP,0.9927007299270073
32023,32023,100,117,4,0,121,121,0,0.9669421487603306,0.03305785123966942,0.0,1.0,0.0,Mojgan Cohanim Lancman RECAP,1.0
32024,32024,100,92,2,0,94,94,0,0.9787234042553191,0.02127659574468085,0.0,1.0,0.0,Mojgan Cohanim Lancman RECAP,1.0
32025,32025,100,151,3,0,154,154,0,0.9805194805194806,0.01948051948051948,0.0,1.0,0.0,Mojgan Cohanim Lancman RECAP,1.0
32026,32026,100,135,0,0,135,135,0,1.0,0.0,0.0,1.0,0.0,Mojgan Cohanim Lancman RECAP,1.0
32027,32027,100,158,5,1,164,163,1,0.9634146341463414,0.03048780487804878,0.006097560975609756,0.9939024390243902,0.006097560975609756,Mojgan Cohanim Lancman RECAP,0.9939024390243902
32028,32028,100,143,3,0,146,146,0,0.9794520547945206,0.02054794520547945,0.0,1.0,0.0,Mojgan Cohanim Lancman RECAP,1.0
32029,32029,100,194,9,0,203,203,0,0.9556650246305419,0.04433497536945813,0.0,1.0,0.0,Mojgan Cohanim Lancman RECAP,1.0
32030,32030,100,163,4,0,167,167,0,0.9760479041916168,0.023952095808383235,0.0,1.0,0.0,Mojgan Cohanim Lancman RECAP,1.0
32031,32031,100,172,2,0,174,174,0,0.9885057471264368,0.011494252873563218,0.0,1.0,0.0,Mojgan Cohanim Lancman RECAP,1.0
32032,32032,100,95,3,0,98,98,0,0.9693877551020408,0.030612244897959183,0.0,1.0,0.0,Mojgan Cohanim Lancman RECAP,1.0
32033,32033,100,243,4,1,248,247,1,0.9798387096774194,0.016129032258064516,0.004032258064516129,0.9959677419354839,0.004032258064516129,Mojgan Cohanim Lancman RECAP,0.9959677419354839
32034,32034,100,234,2,0,236,236,0,0.9915254237288136,0.00847457627118644,0.0,1.0,0.0,Mojgan Cohanim Lancman RECAP,1.0
32035,32035,100,182,2,0,184,184,0,0.9891304347826086,0.010869565217391304,0.0,1.0,0.0,Mojgan Cohanim Lancman RECAP,1.0
32036,32036,100,198,1,0,199,199,0,0.9949748743718593,0.005025125628140704,0.0,1.0,0.0,Mojgan Cohanim Lancman RECAP,1.0
32037,32037,100,90,1,1,92,91,1,0.9782608695652174,0.010869565217391304,0.010869565217391304,0.9891304347826086,0.010869565217391304,Mojgan Cohanim Lancman RECAP,0.9891304347826086
32038,32038,100,217,10,0,227,227,0,0.9559471365638766,0.04405286343612335,0.0,1.0,0.0,Mojgan Cohanim Lancman RECAP,1.0
32039,32039,100,183,8,0,191,191,0,0.9581151832460733,0.041884816753926704,0.0,1.0,0.0,Mojgan Cohanim Lancman RECAP,1.0
32040,32040,100,256,4,1,261,260,1,0.9808429118773946,0.01532567049808429,0.0038314176245210726,0.9961685823754789,0.0038314176245210726,Mojgan Cohanim Lancman RECAP,0.9961685823754789
32041,32041,100,224,6,0,230,230,0,0.9739130434782609,0.02608695652173913,0.0,1.0,0.0,Mojgan Cohanim Lancman RECAP,1.0
32042,32042,100,261,1,0,262,262,0,0.9961832061068703,0.003816793893129771,0.0,1.0,0.0,Mojgan Cohanim Lancman RECAP,1.0
32043,32043,100,245,6,0,251,251,0,0.9760956175298805,0.02390438247011952,0.0,1.0,0.0,Mojgan Cohanim Lancman RECAP,1.0
32044,32044,100,94,1,1,96,95,1,0.9791666666666666,0.010416666666666666,0.010416666666666666,0.9895833333333334,0.010416666666666666,Mojgan Cohanim Lancman RECAP,0.9895833333333334
32045,32045,100,243,6,0,249,249,0,0.9759036144578314,0.024096385542168676,0.0,1.0,0.0,Mojgan Cohanim Lancman RECAP,1.0
32046,32046,100,149,0,0,149,149,0,1.0,0.0,0.0,1.0,0.0,Mojgan Cohanim Lancman RECAP,1.0
32047,32047,100,139,3,0,142,142,0,0.9788732394366197,0.02112676056338028,0.0,1.0,0.0,Mojgan Cohanim Lancman RECAP,1.0
32048,32048,100,126,0,1,127,126,1,0.9921259842519685,0.0,0.007874015748031496,0.9921259842519685,0.007874015748031496,Mojgan Cohanim Lancman RECAP,0.9921259842519685
32049,32049,100,185,2,1,188,187,1,0.9840425531914894,0.010638297872340425,0.005319148936170213,0.9946808510638298,0.005319148936170213,Mojgan Cohanim Lancman RECAP,0.9946808510638298
32050,32050,100,219,3,0,222,222,0,0.9864864864864865,0.013513513513513514,0.0,1.0,0.0,Mojgan Cohanim Lancman RECAP,1.0
32051,32051,100,210,3,0,213,213,0,0.9859154929577465,0.014084507042253521,0.0,1.0,0.0,Mojgan Cohanim Lancman RECAP,1.0
32052,32052,100,122,1,0,123,123,0,0.991869918699187,0.008130081300813009,0.0,1.0,0.0,Mojgan Cohanim Lancman RECAP,1.0
32053,32053,100,182,4,0,186,186,0,0.978494623655914,0.021505376344086023,0.0,1.0,0.0,Mojgan Cohanim Lancman RECAP,1.0
32054,32054,100,144,0,0,144,144,0,1.0,0.0,0.0,1.0,0.0,Mojgan Cohanim Lancman RECAP,1.0
32055,32055,100,174,1,0,175,175,0,0.9942857142857143,0.005714285714285714,0.0,1.0,0.0,Mojgan Cohanim Lancman RECAP,1.0
32056,32056,100,72,1,0,73,73,0,0.9863013698630136,0.0136986301369863,0.0,1.0,0.0,Mojgan Cohanim Lancman RECAP,1.0
32057,32057,100,268,3,0,271,271,0,0.988929889298893,0.01107011070110701,0.0,1.0,0.0,Mojgan Cohanim Lancman RECAP,1.0
32058,32058,100,248,1,0,249,249,0,0.9959839357429718,0.004016064257028112,0.0,1.0,0.0,Mojgan Cohanim Lancman RECAP,1.0
32059,32059,100,210,5,2,217,215,2,0.967741935483871,0.02304147465437788,0.009216589861751152,0.9907834101382489,0.009216589861751152,Mojgan Cohanim Lancman RECAP,0.9907834101382489
32060,32060,100,284,9,0,293,293,0,0.9692832764505119,0.030716723549488054,0.0,1.0,0.0,Mojgan Cohanim Lancman RECAP,1.0
32061,32061,100,237,5,0,242,242,0,0.9793388429752066,0.02066115702479339,0.0,1.0,0.0,Mojgan Cohanim Lancman RECAP,1.0
32062,32062,100,272,8,0,280,280,0,0.9714285714285714,0.02857142857142857,0.0,1.0,0.0,Mojgan Cohanim Lancman RECAP,1.0
32063,32063,100,247,4,1,252,251,1,0.9801587301587301,0.015873015873015872,0.003968253968253968,0.996031746031746,0.003968253968253968,Mojgan Cohanim Lancman RECAP,0.996031746031746
32064,32064,100,245,4,0,249,249,0,0.9839357429718876,0.01606425702811245,0.0,1.0,0.0,Mojgan Cohanim Lancman RECAP,1.0
32065,32065,100,259,3,1,263,262,1,0.9847908745247148,0.011406844106463879,0.0038022813688212928,0.9961977186311787,0.0038022813688212928,Mojgan Cohanim Lancman RECAP,0.9961977186311787
32066,32066,100,257,3,0,260,260,0,0.9884615384615385,0.011538461538461539,0.0,1.0,0.0,Mojgan Cohanim Lancman RECAP,1.0
32067,32067,100,235,6,2,243,241,2,0.9670781893004116,0.024691358024691357,0.00823045267489712,0.9917695473251029,0.00823045267489712,Mojgan Cohanim Lancman RECAP,0.9917695473251029
32068,32068,100,251,4,0,255,255,0,0.984313725490196,0.01568627450980392,0.0,1.0,0.0,Mojgan Cohanim Lancman RECAP,1.0
32069,32069,100,259,1,0,260,260,0,0.9961538461538462,0.0038461538461538464,0.0,1.0,0.0,Mojgan Cohanim Lancman RECAP,1.0
32070,32070,100,261,3,0,264,264,0,0.9886363636363636,0.011363636363636364,0.0,1.0,0.0,Mojgan Cohanim Lancman RECAP,1.0
32071,32071,100,205,5,1,211,210,1,0.9715639810426541,0.023696682464454975,0.004739336492890996,0.995260663507109,0.004739336492890996,Mojgan Cohanim Lancman RECAP,0.995260663507109
32072,32072,100,202,3,0,205,205,0,0.9853658536585366,0.014634146341463415,0.0,1.0,0.0,Mojgan Cohanim Lancman RECAP,1.0
32073,32073,100,169,6,1,176,175,1,0.9602272727272727,0.03409090909090909,0.005681818181818182,0.9943181818181818,0.005681818181818182,Mojgan Cohanim Lancman RECAP,0.9943181818181818
32074,32074,100,145,5,0,150,150,0,0.9666666666666667,0.03333333333333333,0.0,1.0,0.0,Mojgan Cohanim Lancman RECAP,1.0
32075,32075,100,146,1,0,147,147,0,0.9931972789115646,0.006802721088435374,0.0,1.0,0.0,Mojgan Cohanim Lancman RECAP,1.0
32076,32056,100,0,0,0,0,0,0,0,0,0,0,0,n/a,0
32077,32077,100,152,8,0,160,160,0,0.95,0.05,0.0,1.0,0.0,Mojgan Cohanim Lancman RECAP,1.0
32078,32078,100,157,2,0,159,159,0,0.9874213836477987,0.012578616352201259,0.0,1.0,0.0,Mojgan Cohanim Lancman RECAP,1.0
33001,33001,100,122,105,0,227,227,0,0.5374449339207048,0.46255506607929514,0.0,1.0,0.0,Mojgan Cohanim Lancman RECAP,1.0
33002,33002,100,145,86,0,231,231,0,0.6277056277056277,0.3722943722943723,0.0,1.0,0.0,Mojgan Cohanim Lancman RECAP,1.0
33003,33003,100,163,56,1,220,219,1,0.740909090909091,0.2545454545454545,0.004545454545454545,0.9954545454545455,0.004545454545454545,Mojgan Cohanim Lancman RECAP,0.9954545454545455
33004,33004,100,146,67,2,215,213,2,0.6790697674418604,0.3116279069767442,0.009302325581395349,0.9906976744186047,0.009302325581395349,Mojgan Cohanim Lancman RECAP,0.9906976744186047
33005,33005,100,149,79,2,230,228,2,0.6478260869565218,0.34347826086956523,0.008695652173913044,0.991304347826087,0.008695652173913044,Mojgan Cohanim Lancman RECAP,0.991304347826087
33006,33006,100,139,90,0,229,229,0,0.6069868995633187,0.3930131004366812,0.0,1.0,0.0,Mojgan Cohanim Lancman RECAP,1.0
33007,33007,100,116,99,1,216,215,1,0.5370370370370371,0.4583333333333333,0.004629629629629629,0.9953703703703703,0.004629629629629629,Mojgan Cohanim Lancman RECAP,0.9953703703703703
33008,33008,100,80,50,0,130,130,0,0.6153846153846154,0.38461538461538464,0.0,1.0,0.0,Mojgan Cohanim Lancman RECAP,1.0
33009,33009,100,111,90,0,201,201,0,0.5522388059701493,0.44776119402985076,0.0,1.0,0.0,Mojgan Cohanim Lancman RECAP,1.0
33010,33010,100,82,48,0,130,130,0,0.6307692307692307,0.36923076923076925,0.0,1.0,0.0,Mojgan Cohanim Lancman RECAP,1.0
33011,33011,100,110,47,0,157,157,0,0.7006369426751592,0.29936305732484075,0.0,1.0,0.0,Mojgan Cohanim Lancman RECAP,1.0
33012,33012,100,147,96,1,244,243,1,0.6024590163934426,0.39344262295081966,0.004098360655737705,0.9959016393442623,0.004098360655737705,Mojgan Cohanim Lancman RECAP,0.9959016393442623
33013,33013,100,160,70,0,230,230,0,0.6956521739130435,0.30434782608695654,0.0,1.0,0.0,Mojgan Cohanim Lancman RECAP,1.0
33014,33014,100,113,28,0,141,141,0,0.8014184397163121,0.19858156028368795,0.0,1.0,0.0,Mojgan Cohanim Lancman RECAP,1.0
33015,33015,100,75,44,0,119,119,0,0.6302521008403361,0.3697478991596639,0.0,1.0,0.0,Mojgan Cohanim Lancman RECAP,1.0
33016,33016,100,27,5,0,32,32,0,0.84375,0.15625,0.0,1.0,0.0,Mojgan Cohanim Lancman RECAP,1.0
33017,33017,100,141,40,0,181,181,0,0.7790055248618785,0.22099447513812154,0.0,1.0,0.0,Mojgan Cohanim Lancman RECAP,1.0
33018,33018,100,126,55,0,181,181,0,0.6961325966850829,0.30386740331491713,0.0,1.0,0.0,Mojgan Cohanim Lancman RECAP,1.0
33019,33019,100,149,49,0,198,198,0,0.7525252525252525,0.2474747474747475,0.0,1.0,0.0,Mojgan Cohanim Lancman RECAP,1.0
33020,33020,100,147,31,0,178,178,0,0.8258426966292135,0.17415730337078653,0.0,1.0,0.0,Mojgan Cohanim Lancman RECAP,1.0
33021,33021,100,190,28,1,219,218,1,0.867579908675799,0.1278538812785388,0.0045662100456621,0.9954337899543378,0.0045662100456621,Mojgan Cohanim Lancman RECAP,0.9954337899543378
33022,33022,100,149,31,1,181,180,1,0.8232044198895028,0.1712707182320442,0.0055248618784530384,0.994475138121547,0.0055248618784530384,Mojgan Cohanim Lancman RECAP,0.994475138121547
33023,33023,100,161,17,1,179,178,1,0.8994413407821229,0.09497206703910614,0.00558659217877095,0.994413407821229,0.00558659217877095,Mojgan Cohanim Lancman RECAP,0.994413407821229
33024,33024,100,162,20,0,182,182,0,0.8901098901098901,0.10989010989010989,0.0,1.0,0.0,Mojgan Cohanim Lancman RECAP,1.0
33025,33025,100,154,13,2,169,167,2,0.9112426035502958,0.07692307692307693,0.011834319526627219,0.9881656804733728,0.011834319526627219,Mojgan Cohanim Lancman RECAP,0.9881656804733728
33026,33026,100,104,8,0,112,112,0,0.9285714285714286,0.07142857142857142,0.0,1.0,0.0,Mojgan Cohanim Lancman RECAP,1.0
33027,33027,100,169,30,0,199,199,0,0.8492462311557789,0.1507537688442211,0.0,1.0,0.0,Mojgan Cohanim Lancman RECAP,1.0
33028,33028,100,162,30,0,192,192,0,0.84375,0.15625,0.0,1.0,0.0,Mojgan Cohanim Lancman RECAP,1.0
33029,33029,100,194,6,0,200,200,0,0.97,0.03,0.0,1.0,0.0,Mojgan Cohanim Lancman RECAP,1.0
33030,33030,100,227,0,0,227,227,0,1.0,0.0,0.0,1.0,0.0,Mojgan Cohanim Lancman RECAP,1.0
33031,33031,100,209,0,0,209,209,0,1.0,0.0,0.0,1.0,0.0,Mojgan Cohanim Lancman RECAP,1.0
33032,33032,100,233,3,1,237,236,1,0.9831223628691983,0.012658227848101266,0.004219409282700422,0.9957805907172996,0.004219409282700422,Mojgan Cohanim Lancman RECAP,0.9957805907172996
33033,33033,100,180,6,1,187,186,1,0.9625668449197861,0.03208556149732621,0.0053475935828877,0.9946524064171123,0.0053475935828877,Mojgan Cohanim Lancman RECAP,0.9946524064171123
33034,33034,100,212,1,1,214,213,1,0.9906542056074766,0.004672897196261682,0.004672897196261682,0.9953271028037384,0.004672897196261682,Mojgan Cohanim Lancman RECAP,0.9953271028037384
33035,33035,100,222,2,0,224,224,0,0.9910714285714286,0.008928571428571428,0.0,1.0,0.0,Mojgan Cohanim Lancman RECAP,1.0
33036,33036,100,214,1,0,215,215,0,0.9953488372093023,0.004651162790697674,0.0,1.0,0.0,Mojgan Cohanim Lancman RECAP,1.0
33037,33037,100,214,5,1,220,219,1,0.9727272727272728,0.022727272727272728,0.004545454545454545,0.9954545454545455,0.004545454545454545,Mojgan Cohanim Lancman RECAP,0.9954545454545455
33038,33038,100,196,4,0,200,200,0,0.98,0.02,0.0,1.0,0.0,Mojgan Cohanim Lancman RECAP,1.0
33039,33039,100,160,4,0,164,164,0,0.975609756097561,0.024390243902439025,0.0,1.0,0.0,Mojgan Cohanim Lancman RECAP,1.0
33040,33040,100,156,3,1,160,159,1,0.975,0.01875,0.00625,0.99375,0.00625,Mojgan Cohanim Lancman RECAP,0.99375
33041,33041,100,204,1,0,205,205,0,0.9951219512195122,0.004878048780487805,0.0,1.0,0.0,Mojgan Cohanim Lancman RECAP,1.0
33042,33042,100,210,6,0,216,216,0,0.9722222222222222,0.027777777777777776,0.0,1.0,0.0,Mojgan Cohanim Lancman RECAP,1.0
33043,33043,100,142,7,0,149,149,0,0.9530201342281879,0.04697986577181208,0.0,1.0,0.0,Mojgan Cohanim Lancman RECAP,1.0
33044,33044,100,202,9,0,211,211,0,0.957345971563981,0.04265402843601896,0.0,1.0,0.0,Mojgan Cohanim Lancman RECAP,1.0
33045,33045,100,244,7,2,253,251,2,0.9644268774703557,0.02766798418972332,0.007905138339920948,0.9920948616600791,0.007905138339920948,Mojgan Cohanim Lancman RECAP,0.9920948616600791
33046,33046,100,216,5,0,221,221,0,0.9773755656108597,0.02262443438914027,0.0,1.0,0.0,Mojgan Cohanim Lancman RECAP,1.0
33047,33047,100,187,4,0,191,191,0,0.9790575916230366,0.020942408376963352,0.0,1.0,0.0,Mojgan Cohanim Lancman RECAP,1.0
33048,33048,100,199,7,0,206,206,0,0.9660194174757282,0.03398058252427184,0.0,1.0,0.0,Mojgan Cohanim Lancman RECAP,1.0
33049,33049,100,224,12,0,236,236,0,0.9491525423728814,0.05084745762711865,0.0,1.0,0.0,Mojgan Cohanim Lancman RECAP,1.0
33050,33050,100,208,8,0,216,216,0,0.9629629629629629,0.037037037037037035,0.0,1.0,0.0,Mojgan Cohanim Lancman RECAP,1.0
33051,33051,100,209,10,3,222,219,3,0.9414414414414415,0.04504504504504504,0.013513513513513514,0.9864864864864865,0.013513513513513514,Mojgan Cohanim Lancman RECAP,0.9864864864864865
33052,33052,100,204,24,1,229,228,1,0.8908296943231441,0.10480349344978165,0.004366812227074236,0.9956331877729258,0.004366812227074236,Mojgan Cohanim Lancman RECAP,0.9956331877729258
33053,33053,100,220,3,0,223,223,0,0.9865470852017937,0.013452914798206279,0.0,1.0,0.0,Mojgan Cohanim Lancman RECAP,1.0
33054,33054,100,223,2,0,225,225,0,0.9911111111111112,0.008888888888888889,0.0,1.0,0.0,Mojgan Cohanim Lancman RECAP,1.0
33055,33055,100,249,7,0,256,256,0,0.97265625,0.02734375,0.0,1.0,0.0,Mojgan Cohanim Lancman RECAP,1.0
33056,33056,100,269,5,1,275,274,1,0.9781818181818182,0.01818181818181818,0.0036363636363636364,0.9963636363636363,0.0036363636363636364,Mojgan Cohanim Lancman RECAP,0.9963636363636363
33057,33057,100,274,11,3,288,285,3,0.9513888888888888,0.03819444444444445,0.010416666666666666,0.9895833333333334,0.010416666666666666,Mojgan Cohanim Lancman RECAP,0.9895833333333334
33058,33058,100,239,4,0,243,243,0,0.9835390946502057,0.01646090534979424,0.0,1.0,0.0,Mojgan Cohanim Lancman RECAP,1.0
33059,33059,100,245,7,0,252,252,0,0.9722222222222222,0.027777777777777776,0.0,1.0,0.0,Mojgan Cohanim Lancman RECAP,1.0
33060,33060,100,217,6,0,223,223,0,0.9730941704035875,0.026905829596412557,0.0,1.0,0.0,Mojgan Cohanim Lancman RECAP,1.0
33061,33061,100,165,5,0,170,170,0,0.9705882352941176,0.029411764705882353,0.0,1.0,0.0,Mojgan Cohanim Lancman RECAP,1.0
33062,33062,100,250,1,1,252,251,1,0.9920634920634921,0.003968253968253968,0.003968253968253968,0.996031746031746,0.003968253968253968,Mojgan Cohanim Lancman RECAP,0.996031746031746
33063,33063,100,258,3,0,261,261,0,0.9885057471264368,0.011494252873563218,0.0,1.0,0.0,Mojgan Cohanim Lancman RECAP,1.0
33064,33064,100,220,4,0,224,224,0,0.9821428571428571,0.017857142857142856,0.0,1.0,0.0,Mojgan Cohanim Lancman RECAP,1.0
33065,33065,100,343,8,0,351,351,0,0.9772079772079773,0.022792022792022793,0.0,1.0,0.0,Mojgan Cohanim Lancman RECAP,1.0
33066,33066,100,263,2,0,265,265,0,0.9924528301886792,0.007547169811320755,0.0,1.0,0.0,Mojgan Cohanim Lancman RECAP,1.0
33067,33067,100,256,1,1,258,257,1,0.9922480620155039,0.003875968992248062,0.003875968992248062,0.9961240310077519,0.003875968992248062,Mojgan Cohanim Lancman RECAP,0.9961240310077519
33068,33068,100,309,5,0,314,314,0,0.9840764331210191,0.01592356687898089,0.0,1.0,0.0,Mojgan Cohanim Lancman RECAP,1.0
33069,33069,100,178,1,0,179,179,0,0.994413407821229,0.00558659217877095,0.0,1.0,0.0,Mojgan Cohanim Lancman RECAP,1.0
33070,33070,100,180,5,0,185,185,0,0.972972972972973,0.02702702702702703,0.0,1.0,0.0,Mojgan Cohanim Lancman RECAP,1.0
33071,33071,100,179,5,0,184,184,0,0.9728260869565217,0.02717391304347826,0.0,1.0,0.0,Mojgan Cohanim Lancman RECAP,1.0
33072,33072,100,179,2,1,182,181,1,0.9835164835164835,0.01098901098901099,0.005494505494505495,0.9945054945054945,0.005494505494505495,Mojgan Cohanim Lancman RECAP,0.9945054945054945
33073,33073,100,185,6,0,191,191,0,0.9685863874345549,0.031413612565445025,0.0,1.0,0.0,Mojgan Cohanim Lancman RECAP,1.0
34001,34001,100,151,12,0,163,163,0,0.9263803680981595,0.0736196319018405,0.0,1.0,0.0,Mojgan Cohanim Lancman RECAP,1.0
34002,34002,100,103,25,0,128,128,0,0.8046875,0.1953125,0.0,1.0,0.0,Mojgan Cohanim Lancman RECAP,1.0
34003,34003,100,126,16,0,142,142,0,0.8873239436619719,0.11267605633802817,0.0,1.0,0.0,Mojgan Cohanim Lancman RECAP,1.0
34004,34004,100,142,11,0,153,153,0,0.9281045751633987,0.0718954248366013,0.0,1.0,0.0,Mojgan Cohanim Lancman RECAP,1.0
34005,34005,100,140,13,0,153,153,0,0.9150326797385621,0.08496732026143791,0.0,1.0,0.0,Mojgan Cohanim Lancman RECAP,1.0
34006,34006,100,64,11,0,75,75,0,0.8533333333333334,0.14666666666666667,0.0,1.0,0.0,Mojgan Cohanim Lancman RECAP,1.0
34007,34007,100,120,11,0,131,131,0,0.916030534351145,0.08396946564885496,0.0,1.0,0.0,Mojgan Cohanim Lancman RECAP,1.0
34008,34008,100,127,30,0,157,157,0,0.8089171974522293,0.1910828025477707,0.0,1.0,0.0,Mojgan Cohanim Lancman RECAP,1.0
34009,34009,100,153,34,0,187,187,0,0.8181818181818182,0.18181818181818182,0.0,1.0,0.0,Mojgan Cohanim Lancman RECAP,1.0
34010,34010,100,105,44,1,150,149,1,0.7,0.29333333333333333,0.006666666666666667,0.9933333333333333,0.006666666666666667,Mojgan Cohanim Lancman RECAP,0.9933333333333333
34011,34011,100,70,16,0,86,86,0,0.813953488372093,0.18604651162790697,0.0,1.0,0.0,Mojgan Cohanim Lancman RECAP,1.0
34012,34012,100,70,19,0,89,89,0,0.7865168539325843,0.21348314606741572,0.0,1.0,0.0,Mojgan Cohanim Lancman RECAP,1.0
34013,34013,100,190,43,0,233,233,0,0.8154506437768241,0.18454935622317598,0.0,1.0,0.0,Mojgan Cohanim Lancman RECAP,1.0
34014,34014,100,96,15,0,111,111,0,0.8648648648648649,0.13513513513513514,0.0,1.0,0.0,Mojgan Cohanim Lancman RECAP,1.0
34015,34015,100,159,37,1,197,196,1,0.8071065989847716,0.18781725888324874,0.005076142131979695,0.9949238578680203,0.005076142131979695,Mojgan Cohanim Lancman RECAP,0.9949238578680203
34016,34016,100,203,80,3,286,283,3,0.7097902097902098,0.27972027972027974,0.01048951048951049,0.9895104895104895,0.01048951048951049,Mojgan Cohanim Lancman RECAP,0.9895104895104895
34017,34017,100,179,50,1,230,229,1,0.7782608695652173,0.21739130434782608,0.004347826086956522,0.9956521739130435,0.004347826086956522,Mojgan Cohanim Lancman RECAP,0.9956521739130435
34018,34018,100,189,48,1,238,237,1,0.7941176470588235,0.20168067226890757,0.004201680672268907,0.9957983193277311,0.004201680672268907,Mojgan Cohanim Lancman RECAP,0.9957983193277311
34019,34019,100,181,37,2,220,218,2,0.8227272727272728,0.16818181818181818,0.00909090909090909,0.990909090909091,0.00909090909090909,Mojgan Cohanim Lancman RECAP,0.990909090909091
34020,34020,100,162,28,1,191,190,1,0.8481675392670157,0.14659685863874344,0.005235602094240838,0.9947643979057592,0.005235602094240838,Mojgan Cohanim Lancman RECAP,0.9947643979057592
34021,34021,100,122,17,0,139,139,0,0.8776978417266187,0.1223021582733813,0.0,1.0,0.0,Mojgan Cohanim Lancman RECAP,1.0
34022,34022,100,137,36,3,176,173,3,0.7784090909090909,0.20454545454545456,0.017045454545454544,0.9829545454545454,0.017045454545454544,Mojgan Cohanim Lancman RECAP,0.9829545454545454
34023,34023,100,159,20,1,180,179,1,0.8833333333333333,0.1111111111111111,0.005555555555555556,0.9944444444444445,0.005555555555555556,Mojgan Cohanim Lancman RECAP,0.9944444444444445
34024,34024,100,192,49,0,241,241,0,0.7966804979253111,0.2033195020746888,0.0,1.0,0.0,Mojgan Cohanim Lancman RECAP,1.0
34025,34025,100,286,55,1,342,341,1,0.8362573099415205,0.1608187134502924,0.0029239766081871343,0.9970760233918129,0.0029239766081871343,Mojgan Cohanim Lancman RECAP,0.9970760233918129
34026,34026,100,152,31,1,184,183,1,0.8260869565217391,0.16847826086956522,0.005434782608695652,0.9945652173913043,0.005434782608695652,Mojgan Cohanim Lancman RECAP,0.9945652173913043
34027,34027,100,119,27,1,147,146,1,0.8095238095238095,0.1836734693877551,0.006802721088435374,0.9931972789115646,0.006802721088435374,Mojgan Cohanim Lancman RECAP,0.9931972789115646
34028,34028,100,173,29,1,203,202,1,0.8522167487684729,0.14285714285714285,0.0049261083743842365,0.9950738916256158,0.0049261083743842365,Mojgan Cohanim Lancman RECAP,0.9950738916256158
34029,34029,100,155,29,0,184,184,0,0.842391304347826,0.15760869565217392,0.0,1.0,0.0,Mojgan Cohanim Lancman RECAP,1.0
34030,34030,100,4,0,0,4,4,0,1.0,0.0,0.0,1.0,0.0,Mojgan Cohanim Lancman RECAP,1.0
34031,34031,100,44,5,0,49,49,0,0.8979591836734694,0.10204081632653061,0.0,1.0,0.0,Mojgan Cohanim Lancman RECAP,1.0
34032,34032,100,23,6,0,29,29,0,0.7931034482758621,0.20689655172413793,0.0,1.0,0.0,Mojgan Cohanim Lancman RECAP,1.0
34033,34033,100,16,2,0,18,18,0,0.8888888888888888,0.1111111111111111,0.0,1.0,0.0,Mojgan Cohanim Lancman RECAP,1.0
34034,34034,100,24,7,0,31,31,0,0.7741935483870968,0.22580645161290322,0.0,1.0,0.0,Mojgan Cohanim Lancman RECAP,1.0
34035,34035,100,138,34,0,172,172,0,0.8023255813953488,0.19767441860465115,0.0,1.0,0.0,Mojgan Cohanim Lancman RECAP,1.0
34036,34036,100,138,37,0,175,175,0,0.7885714285714286,0.21142857142857144,0.0,1.0,0.0,Mojgan Cohanim Lancman RECAP,1.0
34037,34037,100,105,33,0,138,138,0,0.7608695652173914,0.2391304347826087,0.0,1.0,0.0,Mojgan Cohanim Lancman RECAP,1.0
34038,34038,100,102,29,0,131,131,0,0.7786259541984732,0.22137404580152673,0.0,1.0,0.0,Mojgan Cohanim Lancman RECAP,1.0
34039,34039,100,123,36,1,160,159,1,0.76875,0.225,0.00625,0.99375,0.00625,Mojgan Cohanim Lancman RECAP,0.99375
34040,34040,100,121,53,0,174,174,0,0.6954022988505747,0.3045977011494253,0.0,1.0,0.0,Mojgan Cohanim Lancman RECAP,1.0
34041,34041,100,61,25,0,86,86,0,0.7093023255813954,0.29069767441860467,0.0,1.0,0.0,Mojgan Cohanim Lancman RECAP,1.0
34042,34042,100,70,13,0,83,83,0,0.8433734939759037,0.1566265060240964,0.0,1.0,0.0,Mojgan Cohanim Lancman RECAP,1.0
34043,34043,100,54,16,0,70,70,0,0.7714285714285715,0.22857142857142856,0.0,1.0,0.0,Mojgan Cohanim Lancman RECAP,1.0
34044,34044,100,42,13,0,55,55,0,0.7636363636363637,0.23636363636363636,0.0,1.0,0.0,Mojgan Cohanim Lancman RECAP,1.0
34045,34045,100,138,43,1,182,181,1,0.7582417582417582,0.23626373626373626,0.005494505494505495,0.9945054945054945,0.005494505494505495,Mojgan Cohanim Lancman RECAP,0.9945054945054945
34046,34046,100,45,15,0,60,60,0,0.75,0.25,0.0,1.0,0.0,Mojgan Cohanim Lancman RECAP,1.0
34047,34047,100,8,1,0,9,9,0,0.8888888888888888,0.1111111111111111,0.0,1.0,0.0,Mojgan Cohanim Lancman RECAP,1.0
34048,34048,100,60,26,0,86,86,0,0.6976744186046512,0.3023255813953488,0.0,1.0,0.0,Mojgan Cohanim Lancman RECAP,1.0
34049,34049,100,159,37,2,198,196,2,0.803030303030303,0.18686868686868688,0.010101010101010102,0.98989898989899,0.010101010101010102,Mojgan Cohanim Lancman RECAP,0.98989898989899
34050,34050,100,146,23,1,170,169,1,0.8588235294117647,0.13529411764705881,0.0058823529411764705,0.9941176470588236,0.0058823529411764705,Mojgan Cohanim Lancman RECAP,0.9941176470588236
34051,34051,100,162,34,0,196,196,0,0.826530612244898,0.17346938775510204,0.0,1.0,0.0,Mojgan Cohanim Lancman RECAP,1.0
34052,34052,100,93,21,1,115,114,1,0.808695652173913,0.1826086956521739,0.008695652173913044,0.991304347826087,0.008695652173913044,Mojgan Cohanim Lancman RECAP,0.991304347826087
34053,34053,100,16,4,0,20,20,0,0.8,0.2,0.0,1.0,0.0,Mojgan Cohanim Lancman RECAP,1.0
34056,34056,100,14,3,0,17,17,0,0.8235294117647058,0.17647058823529413,0.0,1.0,0.0,Mojgan Cohanim Lancman RECAP,1.0
34054,34056,100,0,0,0,0,0,0,0,0,0,0,0,n/a,0
34055,34053,100,0,0,0,0,0,0,0,0,0,0,0,n/a,0
34057,34057,100,30,5,0,35,35,0,0.8571428571428571,0.14285714285714285,0.0,1.0,0.0,Mojgan Cohanim Lancman RECAP,1.0
34058,34057,100,0,0,0,0,0,0,0,0,0,0,0,n/a,0
34059,34059,100,4,0,0,4,4,0,1.0,0.0,0.0,1.0,0.0,Mojgan Cohanim Lancman RECAP,1.0
34060,34060,100,109,31,1,141,140,1,0.7730496453900709,0.2198581560283688,0.0070921985815602835,0.9929078014184397,0.0070921985815602835,Mojgan Cohanim Lancman RECAP,0.9929078014184397
34061,34061,100,7,5,0,12,12,0,0.5833333333333334,0.4166666666666667,0.0,1.0,0.0,Mojgan Cohanim Lancman RECAP,1.0
34062,34062,100,28,15,0,43,43,0,0.6511627906976745,0.3488372093023256,0.0,1.0,0.0,Mojgan Cohanim Lancman RECAP,1.0
34063,34063,100,247,41,0,288,288,0,0.8576388888888888,0.1423611111111111,0.0,1.0,0.0,Mojgan Cohanim Lancman RECAP,1.0
34064,34030,100,0,0,0,0,0,0,0,0,0,0,0,n/a,0
35001,35001,100,21,8,1,30,29,1,0.7,0.26666666666666666,0.03333333333333333,0.9666666666666667,0.03333333333333333,Mojgan Cohanim Lancman RECAP,0.9666666666666667
35002,35002,100,80,45,1,126,125,1,0.6349206349206349,0.35714285714285715,0.007936507936507936,0.9920634920634921,0.007936507936507936,Mojgan Cohanim Lancman RECAP,0.9920634920634921
35003,35003,100,84,40,1,125,124,1,0.672,0.32,0.008,0.992,0.008,Mojgan Cohanim Lancman RECAP,0.992
35004,35004,100,55,21,0,76,76,0,0.7236842105263158,0.27631578947368424,0.0,1.0,0.0,Mojgan Cohanim Lancman RECAP,1.0
35005,35005,100,101,45,2,148,146,2,0.6824324324324325,0.30405405405405406,0.013513513513513514,0.9864864864864865,0.013513513513513514,Mojgan Cohanim Lancman RECAP,0.9864864864864865
35006,35006,100,88,23,3,114,111,3,0.7719298245614035,0.20175438596491227,0.02631578947368421,0.9736842105263158,0.02631578947368421,Mojgan Cohanim Lancman RECAP,0.9736842105263158
35007,35007,100,116,31,0,147,147,0,0.7891156462585034,0.2108843537414966,0.0,1.0,0.0,Mojgan Cohanim Lancman RECAP,1.0
35008,35008,100,78,23,0,101,101,0,0.7722772277227723,0.22772277227722773,0.0,1.0,0.0,Mojgan Cohanim Lancman RECAP,1.0
35009,35009,100,132,39,2,173,171,2,0.7630057803468208,0.2254335260115607,0.011560693641618497,0.9884393063583815,0.011560693641618497,Mojgan Cohanim Lancman RECAP,0.9884393063583815
35010,35010,100,142,36,0,178,178,0,0.797752808988764,0.20224719101123595,0.0,1.0,0.0,Mojgan Cohanim Lancman RECAP,1.0
35011,35011,100,91,25,1,117,116,1,0.7777777777777778,0.21367521367521367,0.008547008547008548,0.9914529914529915,0.008547008547008548,Mojgan Cohanim Lancman RECAP,0.9914529914529915
35012,35012,100,124,32,0,156,156,0,0.7948717948717948,0.20512820512820512,0.0,1.0,0.0,Mojgan Cohanim Lancman RECAP,1.0
35013,35013,100,117,18,0,135,135,0,0.8666666666666667,0.13333333333333333,0.0,1.0,0.0,Mojgan Cohanim Lancman RECAP,1.0
35014,35014,100,93,15,0,108,108,0,0.8611111111111112,0.1388888888888889,0.0,1.0,0.0,Mojgan Cohanim Lancman RECAP,1.0
35015,35015,100,226,8,0,234,234,0,0.9658119658119658,0.03418803418803419,0.0,1.0,0.0,Mojgan Cohanim Lancman RECAP,1.0
35016,35016,100,199,10,0,209,209,0,0.9521531100478469,0.04784688995215311,0.0,1.0,0.0,Mojgan Cohanim Lancman RECAP,1.0
35017,35017,100,198,8,0,206,206,0,0.9611650485436893,0.038834951456310676,0.0,1.0,0.0,Mojgan Cohanim Lancman RECAP,1.0
35018,35018,100,248,19,0,267,267,0,0.9288389513108615,0.07116104868913857,0.0,1.0,0.0,Mojgan Cohanim Lancman RECAP,1.0
35019,35019,100,160,17,2,179,177,2,0.8938547486033519,0.09497206703910614,0.0111731843575419,0.9888268156424581,0.0111731843575419,Mojgan Cohanim Lancman RECAP,0.9888268156424581
35020,35020,100,245,14,0,259,259,0,0.9459459459459459,0.05405405405405406,0.0,1.0,0.0,Mojgan Cohanim Lancman RECAP,1.0
35021,35021,100,233,24,1,258,257,1,0.9031007751937985,0.09302325581395349,0.003875968992248062,0.9961240310077519,0.003875968992248062,Mojgan Cohanim Lancman RECAP,0.9961240310077519
35022,35022,100,79,13,0,92,92,0,0.8586956521739131,0.14130434782608695,0.0,1.0,0.0,Mojgan Cohanim Lancman RECAP,1.0
35023,35023,100,145,59,0,204,204,0,0.7107843137254902,0.28921568627450983,0.0,1.0,0.0,Mojgan Cohanim Lancman RECAP,1.0
35024,35024,100,114,41,1,156,155,1,0.7307692307692307,0.26282051282051283,0.00641025641025641,0.9935897435897436,0.00641025641025641,Mojgan Cohanim Lancman RECAP,0.9935897435897436
35025,35025,100,284,7,0,291,291,0,0.9759450171821306,0.024054982817869417,0.0,1.0,0.0,Mojgan Cohanim Lancman RECAP,1.0
35026,35026,100,91,52,0,143,143,0,0.6363636363636364,0.36363636363636365,0.0,1.0,0.0,Mojgan Cohanim Lancman RECAP,1.0
35027,35027,100,116,45,0,161,161,0,0.7204968944099379,0.2795031055900621,0.0,1.0,0.0,Mojgan Cohanim Lancman RECAP,1.0
35028,35028,100,34,2,0,36,36,0,0.9444444444444444,0.05555555555555555,0.0,1.0,0.0,Mojgan Cohanim Lancman RECAP,1.0
35029,35029,100,2,1,0,3,3,0,0.6666666666666666,0.3333333333333333,0.0,1.0,0.0,Mojgan Cohanim Lancman RECAP,1.0
35030,35030,100,33,13,1,47,46,1,0.7021276595744681,0.2765957446808511,0.02127659574468085,0.9787234042553191,0.02127659574468085,Mojgan Cohanim Lancman RECAP,0.9787234042553191
35034,35034,100,23,6,0,29,29,0,0.7931034482758621,0.20689655172413793,0.0,1.0,0.0,Mojgan Cohanim Lancman RECAP,1.0
35031,35034,100,0,0,0,0,0,0,0,0,0,0,0,n/a,0
35032,35032,100,85,10,0,95,95,0,0.8947368421052632,0.10526315789473684,0.0,1.0,0.0,Mojgan Cohanim Lancman RECAP,1.0
35033,35033,100,109,22,0,131,131,0,0.8320610687022901,0.16793893129770993,0.0,1.0,0.0,Mojgan Cohanim Lancman RECAP,1.0
35035,35035,100,103,13,0,116,116,0,0.8879310344827587,0.11206896551724138,0.0,1.0,0.0,Mojgan Cohanim Lancman RECAP,1.0
35036,35036,100,14,2,0,16,16,0,0.875,0.125,0.0,1.0,0.0,Mojgan Cohanim Lancman RECAP,1.0
35037,35037,100,80,15,0,95,95,0,0.8421052631578947,0.15789473684210525,0.0,1.0,0.0,Mojgan Cohanim Lancman RECAP,1.0
35038,35038,100,117,8,0,125,125,0,0.936,0.064,0.0,1.0,0.0,Mojgan Cohanim Lancman RECAP,1.0
35039,35039,100,190,7,0,197,197,0,0.9644670050761421,0.03553299492385787,0.0,1.0,0.0,Mojgan Cohanim Lancman RECAP,1.0
35040,35040,100,126,20,0,146,146,0,0.863013698630137,0.136986301369863,0.0,1.0,0.0,Mojgan Cohanim Lancman RECAP,1.0
35041,35041,100,204,13,1,218,217,1,0.9357798165137615,0.05963302752293578,0.0045871559633027525,0.9954128440366973,0.0045871559633027525,Mojgan Cohanim Lancman RECAP,0.9954128440366973
35042,35042,100,117,9,0,126,126,0,0.9285714285714286,0.07142857142857142,0.0,1.0,0.0,Mojgan Cohanim Lancman RECAP,1.0
35043,35043,100,171,3,0,174,174,0,0.9827586206896551,0.017241379310344827,0.0,1.0,0.0,Mojgan Cohanim Lancman RECAP,1.0
35044,35044,100,136,2,0,138,138,0,0.9855072463768116,0.014492753623188406,0.0,1.0,0.0,Mojgan Cohanim Lancman RECAP,1.0
35045,35045,100,225,7,0,232,232,0,0.9698275862068966,0.03017241379310345,0.0,1.0,0.0,Mojgan Cohanim Lancman RECAP,1.0
35046,35046,100,144,11,0,155,155,0,0.9290322580645162,0.07096774193548387,0.0,1.0,0.0,Mojgan Cohanim Lancman RECAP,1.0
35047,35047,100,132,1,0,133,133,0,0.9924812030075187,0.007518796992481203,0.0,1.0,0.0,Mojgan Cohanim Lancman RECAP,1.0
35048,35048,100,251,9,0,260,260,0,0.9653846153846154,0.03461538461538462,0.0,1.0,0.0,Mojgan Cohanim Lancman RECAP,1.0
35049,35049,100,33,13,0,46,46,0,0.717391304347826,0.2826086956521739,0.0,1.0,0.0,Mojgan Cohanim Lancman RECAP,1.0
35050,35050,100,123,17,1,141,140,1,0.8723404255319149,0.12056737588652482,0.0070921985815602835,0.9929078014184397,0.0070921985815602835,Mojgan Cohanim Lancman RECAP,0.9929078014184397
35051,35051,100,173,18,1,192,191,1,0.9010416666666666,0.09375,0.005208333333333333,0.9947916666666666,0.005208333333333333,Mojgan Cohanim Lancman RECAP,0.9947916666666666
35052,35052,100,228,17,0,245,245,0,0.9306122448979591,0.06938775510204082,0.0,1.0,0.0,Mojgan Cohanim Lancman RECAP,1.0
35053,35053,100,217,10,0,227,227,0,0.9559471365638766,0.04405286343612335,0.0,1.0,0.0,Mojgan Cohanim Lancman RECAP,1.0
35054,35054,100,0,0,0,0,0,0,0,0,0,0,0,n/a,0
35055,35055,100,0,0,0,0,0,0,0,0,0,0,0,n/a,0
35056,35056,100,0,0,0,0,0,0,0,0,0,0,0,n/a,0
35057,35035,100,0,0,0,0,0,0,0,0,0,0,0,n/a,0
35058,35035,100,0,0,0,0,0,0,0,0,0,0,0,n/a,0
35059,35059,100,0,0,0,0,0,0,0,0,0,0,0,n/a,0
35060,35056,100,0,0,0,0,0,0,0,0,0,0,0,n/a,0
35061,35061,100,0,0,0,0,0,0,0,0,0,0,0,n/a,0
35062,35055,100,0,0,0,0,0,0,0,0,0,0,0,n/a,0
36001,36001,100,269,82,3,354,351,3,0.7598870056497176,0.23163841807909605,0.00847457627118644,0.9915254237288136,0.00847457627118644,Mojgan Cohanim Lancman RECAP,0.9915254237288136
36002,36002,100,238,57,1,296,295,1,0.8040540540540541,0.19256756756756757,0.0033783783783783786,0.9966216216216216,0.0033783783783783786,Mojgan Cohanim Lancman RECAP,0.9966216216216216
36003,36003,100,140,27,1,168,167,1,0.8333333333333334,0.16071428571428573,0.005952380952380952,0.9940476190476191,0.005952380952380952,Mojgan Cohanim Lancman RECAP,0.9940476190476191
36004,36004,100,129,34,3,166,163,3,0.7771084337349398,0.20481927710843373,0.018072289156626505,0.9819277108433735,0.018072289156626505,Mojgan Cohanim Lancman RECAP,0.9819277108433735
36005,36005,100,161,29,0,190,190,0,0.8473684210526315,0.15263157894736842,0.0,1.0,0.0,Mojgan Cohanim Lancman RECAP,1.0
36006,36006,100,133,22,0,155,155,0,0.8580645161290322,0.14193548387096774,0.0,1.0,0.0,Mojgan Cohanim Lancman RECAP,1.0
36007,36007,100,147,33,1,181,180,1,0.8121546961325967,0.18232044198895028,0.0055248618784530384,0.994475138121547,0.0055248618784530384,Mojgan Cohanim Lancman RECAP,0.994475138121547
36008,36008,100,176,41,2,219,217,2,0.8036529680365296,0.1872146118721461,0.0091324200913242,0.9908675799086758,0.0091324200913242,Mojgan Cohanim Lancman RECAP,0.9908675799086758
36009,36009,100,230,35,0,265,265,0,0.8679245283018868,0.1320754716981132,0.0,1.0,0.0,Mojgan Cohanim Lancman RECAP,1.0
36010,36010,100,176,27,2,205,203,2,0.8585365853658536,0.13170731707317074,0.00975609756097561,0.9902439024390244,0.00975609756097561,Mojgan Cohanim Lancman RECAP,0.9902439024390244
36011,36011,100,128,28,1,157,156,1,0.8152866242038217,0.17834394904458598,0.006369426751592357,0.9936305732484076,0.006369426751592357,Mojgan Cohanim Lancman RECAP,0.9936305732484076
36012,36012,100,212,38,0,250,250,0,0.848,0.152,0.0,1.0,0.0,Mojgan Cohanim Lancman RECAP,1.0
36013,36013,100,189,30,4,223,219,4,0.8475336322869955,0.13452914798206278,0.017937219730941704,0.9820627802690582,0.017937219730941704,Mojgan Cohanim Lancman RECAP,0.9820627802690582
36014,36014,100,149,33,0,182,182,0,0.8186813186813187,0.1813186813186813,0.0,1.0,0.0,Mojgan Cohanim Lancman RECAP,1.0
36015,36015,100,126,19,5,150,145,5,0.84,0.12666666666666668,0.03333333333333333,0.9666666666666667,0.03333333333333333,Mojgan Cohanim Lancman RECAP,0.9666666666666667
36016,36016,100,187,30,3,220,217,3,0.85,0.13636363636363635,0.013636363636363636,0.9863636363636363,0.013636363636363636,Mojgan Cohanim Lancman RECAP,0.9863636363636363
36017,36017,100,170,34,0,204,204,0,0.8333333333333334,0.16666666666666666,0.0,1.0,0.0,Mojgan Cohanim Lancman RECAP,1.0
36018,36018,100,142,31,3,176,173,3,0.8068181818181818,0.17613636363636365,0.017045454545454544,0.9829545454545454,0.017045454545454544,Mojgan Cohanim Lancman RECAP,0.9829545454545454
36019,36019,100,144,29,2,175,173,2,0.8228571428571428,0.1657142857142857,0.011428571428571429,0.9885714285714285,0.011428571428571429,Mojgan Cohanim Lancman RECAP,0.9885714285714285
36020,36020,100,218,20,2,240,238,2,0.9083333333333333,0.08333333333333333,0.008333333333333333,0.9916666666666667,0.008333333333333333,Mojgan Cohanim Lancman RECAP,0.9916666666666667
36021,36021,100,171,15,0,186,186,0,0.9193548387096774,0.08064516129032258,0.0,1.0,0.0,Mojgan Cohanim Lancman RECAP,1.0
36022,36022,100,140,24,0,164,164,0,0.8536585365853658,0.14634146341463414,0.0,1.0,0.0,Mojgan Cohanim Lancman RECAP,1.0
36023,36023,100,109,25,1,135,134,1,0.8074074074074075,0.18518518518518517,0.007407407407407408,0.9925925925925926,0.007407407407407408,Mojgan Cohanim Lancman RECAP,0.9925925925925926
36024,36024,100,128,20,1,149,148,1,0.8590604026845637,0.1342281879194631,0.006711409395973154,0.9932885906040269,0.006711409395973154,Mojgan Cohanim Lancman RECAP,0.9932885906040269
36025,36025,100,110,22,3,135,132,3,0.8148148148148148,0.16296296296296298,0.022222222222222223,0.9777777777777777,0.022222222222222223,Mojgan Cohanim Lancman RECAP,0.9777777777777777
36026,36026,100,86,22,0,108,108,0,0.7962962962962963,0.2037037037037037,0.0,1.0,0.0,Mojgan Cohanim Lancman RECAP,1.0
36027,36027,100,97,21,1,119,118,1,0.8151260504201681,0.17647058823529413,0.008403361344537815,0.9915966386554622,0.008403361344537815,Mojgan Cohanim Lancman RECAP,0.9915966386554622
36028,36028,100,90,23,4,117,113,4,0.7692307692307693,0.19658119658119658,0.03418803418803419,0.9658119658119658,0.03418803418803419,Mojgan Cohanim Lancman RECAP,0.9658119658119658
36029,36029,100,75,41,0,116,116,0,0.646551724137931,0.35344827586206895,0.0,1.0,0.0,Mojgan Cohanim Lancman RECAP,1.0
36030,36030,100,89,18,2,109,107,2,0.8165137614678899,0.1651376146788991,0.01834862385321101,0.981651376146789,0.01834862385321101,Mojgan Cohanim Lancman RECAP,0.981651376146789
36031,36031,100,139,37,1,177,176,1,0.7853107344632768,0.20903954802259886,0.005649717514124294,0.9943502824858758,0.005649717514124294,Mojgan Cohanim Lancman RECAP,0.9943502824858758
36032,36032,100,110,27,1,138,137,1,0.7971014492753623,0.1956521739130435,0.007246376811594203,0.9927536231884058,0.007246376811594203,Mojgan Cohanim Lancman RECAP,0.9927536231884058
36033,36033,100,173,27,2,202,200,2,0.8564356435643564,0.13366336633663367,0.009900990099009901,0.9900990099009901,0.009900990099009901,Mojgan Cohanim Lancman RECAP,0.9900990099009901
36034,36034,100,143,34,1,178,177,1,0.8033707865168539,0.19101123595505617,0.0056179775280898875,0.9943820224719101,0.0056179775280898875,Mojgan Cohanim Lancman RECAP,0.9943820224719101
36035,36035,100,156,30,2,188,186,2,0.8297872340425532,0.1595744680851064,0.010638297872340425,0.9893617021276596,0.010638297872340425,Mojgan Cohanim Lancman RECAP,0.9893617021276596
36036,36036,100,179,26,1,206,205,1,0.8689320388349514,0.1262135922330097,0.0048543689320388345,0.9951456310679612,0.0048543689320388345,Mojgan Cohanim Lancman RECAP,0.9951456310679612
36037,36037,100,174,38,2,214,212,2,0.8130841121495327,0.17757009345794392,0.009345794392523364,0.9906542056074766,0.009345794392523364,Mojgan Cohanim Lancman RECAP,0.9906542056074766
36038,36038,100,158,40,1,199,198,1,0.7939698492462312,0.20100502512562815,0.005025125628140704,0.9949748743718593,0.005025125628140704,Mojgan Cohanim Lancman RECAP,0.9949748743718593
36039,36039,100,172,39,1,212,211,1,0.8113207547169812,0.18396226415094338,0.0047169811320754715,0.9952830188679245,0.0047169811320754715,Mojgan Cohanim Lancman RECAP,0.9952830188679245
36040,36040,100,167,46,0,213,213,0,0.784037558685446,0.215962441314554,0.0,1.0,0.0,Mojgan Cohanim Lancman RECAP,1.0
36041,36041,100,170,58,4,232,228,4,0.7327586206896551,0.25,0.017241379310344827,0.9827586206896551,0.017241379310344827,Mojgan Cohanim Lancman RECAP,0.9827586206896551
36042,36042,100,165,39,0,204,204,0,0.8088235294117647,0.19117647058823528,0.0,1.0,0.0,Mojgan Cohanim Lancman RECAP,1.0
36043,36043,100,22,9,0,31,31,0,0.7096774193548387,0.2903225806451613,0.0,1.0,0.0,Mojgan Cohanim Lancman RECAP,1.0
36044,36044,100,14,0,0,14,14,0,1.0,0.0,0.0,1.0,0.0,Mojgan Cohanim Lancman RECAP,1.0
36045,36045,100,81,12,1,94,93,1,0.8617021276595744,0.1276595744680851,0.010638297872340425,0.9893617021276596,0.010638297872340425,Mojgan Cohanim Lancman RECAP,0.9893617021276596
36046,36046,100,81,44,1,126,125,1,0.6428571428571429,0.3492063492063492,0.007936507936507936,0.9920634920634921,0.007936507936507936,Mojgan Cohanim Lancman RECAP,0.9920634920634921
36047,36047,100,115,49,0,164,164,0,0.7012195121951219,0.29878048780487804,0.0,1.0,0.0,Mojgan Cohanim Lancman RECAP,1.0
36048,36048,100,85,62,0,147,147,0,0.5782312925170068,0.4217687074829932,0.0,1.0,0.0,Mojgan Cohanim Lancman RECAP,1.0
36049,36049,100,127,30,1,158,157,1,0.8037974683544303,0.189873417721519,0.006329113924050633,0.9936708860759493,0.006329113924050633,Mojgan Cohanim Lancman RECAP,0.9936708860759493
36050,36050,100,34,16,0,50,50,0,0.68,0.32,0.0,1.0,0.0,Mojgan Cohanim Lancman RECAP,1.0
36051,36051,100,13,1,0,14,14,0,0.9285714285714286,0.07142857142857142,0.0,1.0,0.0,Mojgan Cohanim Lancman RECAP,1.0
36052,36052,100,171,30,3,204,201,3,0.8382352941176471,0.14705882352941177,0.014705882352941176,0.9852941176470589,0.014705882352941176,Mojgan Cohanim Lancman RECAP,0.9852941176470589
36053,36053,100,123,86,0,209,209,0,0.5885167464114832,0.41148325358851673,0.0,1.0,0.0,Mojgan Cohanim Lancman RECAP,1.0
36054,36054,100,72,56,0,128,128,0,0.5625,0.4375,0.0,1.0,0.0,Mojgan Cohanim Lancman RECAP,1.0
36055,36055,100,142,57,0,199,199,0,0.7135678391959799,0.2864321608040201,0.0,1.0,0.0,Mojgan Cohanim Lancman RECAP,1.0
36056,36056,100,102,29,1,132,131,1,0.7727272727272727,0.2196969696969697,0.007575757575757576,0.9924242424242424,0.007575757575757576,Mojgan Cohanim Lancman RECAP,0.9924242424242424
36057,36057,100,126,43,0,169,169,0,0.7455621301775148,0.25443786982248523,0.0,1.0,0.0,Mojgan Cohanim Lancman RECAP,1.0
36058,36058,100,129,31,0,160,160,0,0.80625,0.19375,0.0,1.0,0.0,Mojgan Cohanim Lancman RECAP,1.0
36059,36059,100,120,32,3,155,152,3,0.7741935483870968,0.2064516129032258,0.01935483870967742,0.9806451612903225,0.01935483870967742,Mojgan Cohanim Lancman RECAP,0.9806451612903225
36060,36060,100,145,43,1,189,188,1,0.7671957671957672,0.2275132275132275,0.005291005291005291,0.9947089947089947,0.005291005291005291,Mojgan Cohanim Lancman RECAP,0.9947089947089947
36061,36061,100,127,41,1,169,168,1,0.7514792899408284,0.24260355029585798,0.005917159763313609,0.9940828402366864,0.005917159763313609,Mojgan Cohanim Lancman RECAP,0.9940828402366864
36062,36062,100,108,12,0,120,120,0,0.9,0.1,0.0,1.0,0.0,Mojgan Cohanim Lancman RECAP,1.0
36063,36063,100,121,12,1,134,133,1,0.9029850746268657,0.08955223880597014,0.007462686567164179,0.9925373134328358,0.007462686567164179,Mojgan Cohanim Lancman RECAP,0.9925373134328358
36064,36064,100,157,20,1,178,177,1,0.8820224719101124,0.11235955056179775,0.0056179775280898875,0.9943820224719101,0.0056179775280898875,Mojgan Cohanim Lancman RECAP,0.9943820224719101
36065,36065,100,44,3,1,48,47,1,0.9166666666666666,0.0625,0.020833333333333332,0.9791666666666666,0.020833333333333332,Mojgan Cohanim Lancman RECAP,0.9791666666666666
36066,36066,100,89,15,0,104,104,0,0.8557692307692307,0.14423076923076922,0.0,1.0,0.0,Mojgan Cohanim Lancman RECAP,1.0
36067,36067,100,114,30,0,144,144,0,0.7916666666666666,0.20833333333333334,0.0,1.0,0.0,Mojgan Cohanim Lancman RECAP,1.0
36068,36068,100,0,0,0,0,0,0,0,0,0,0,0,n/a,0
36069,36050,100,0,0,0,0,0,0,0,0,0,0,0,n/a,0
36070,36044,100,0,0,0,0,0,0,0,0,0,0,0,n/a,0
36071,36071,100,0,0,0,0,0,0,0,0,0,0,0,n/a,0
37001,37001,100,175,45,0,220,220,0,0.7954545454545454,0.20454545454545456,0.0,1.0,0.0,Mojgan Cohanim Lancman RECAP,1.0
37002,37002,100,139,9,0,148,148,0,0.9391891891891891,0.060810810810810814,0.0,1.0,0.0,Mojgan Cohanim Lancman RECAP,1.0
37003,37003,100,127,1,0,128,128,0,0.9921875,0.0078125,0.0,1.0,0.0,Mojgan Cohanim Lancman RECAP,1.0
37004,37004,100,139,3,0,142,142,0,0.9788732394366197,0.02112676056338028,0.0,1.0,0.0,Mojgan Cohanim Lancman RECAP,1.0
37005,37005,100,84,13,0,97,97,0,0.865979381443299,0.13402061855670103,0.0,1.0,0.0,Mojgan Cohanim Lancman RECAP,1.0
37006,37006,100,67,17,0,84,84,0,0.7976190476190477,0.20238095238095238,0.0,1.0,0.0,Mojgan Cohanim Lancman RECAP,1.0
37007,37007,100,96,8,0,104,104,0,0.9230769230769231,0.07692307692307693,0.0,1.0,0.0,Mojgan Cohanim Lancman RECAP,1.0
37008,37008,100,163,5,1,169,168,1,0.9644970414201184,0.029585798816568046,0.005917159763313609,0.9940828402366864,0.005917159763313609,Mojgan Cohanim Lancman RECAP,0.9940828402366864
37009,37009,100,106,4,0,110,110,0,0.9636363636363636,0.03636363636363636,0.0,1.0,0.0,Mojgan Cohanim Lancman RECAP,1.0
37010,37010,100,158,17,2,177,175,2,0.8926553672316384,0.096045197740113,0.011299435028248588,0.9887005649717514,0.011299435028248588,Mojgan Cohanim Lancman RECAP,0.9887005649717514
37011,37011,100,179,22,1,202,201,1,0.8861386138613861,0.10891089108910891,0.0049504950495049506,0.995049504950495,0.0049504950495049506,Mojgan Cohanim Lancman RECAP,0.995049504950495
37012,37012,100,141,3,0,144,144,0,0.9791666666666666,0.020833333333333332,0.0,1.0,0.0,Mojgan Cohanim Lancman RECAP,1.0
37013,37013,100,131,3,0,134,134,0,0.9776119402985075,0.022388059701492536,0.0,1.0,0.0,Mojgan Cohanim Lancman RECAP,1.0
37014,37014,100,149,9,0,158,158,0,0.9430379746835443,0.056962025316455694,0.0,1.0,0.0,Mojgan Cohanim Lancman RECAP,1.0
37015,37015,100,110,5,0,115,115,0,0.9565217391304348,0.043478260869565216,0.0,1.0,0.0,Mojgan Cohanim Lancman RECAP,1.0
37016,37016,100,136,5,0,141,141,0,0.9645390070921985,0.03546099290780142,0.0,1.0,0.0,Mojgan Cohanim Lancman RECAP,1.0
37017,37017,100,164,9,1,174,173,1,0.9425287356321839,0.05172413793103448,0.005747126436781609,0.9942528735632183,0.005747126436781609,Mojgan Cohanim Lancman RECAP,0.9942528735632183
37018,37018,100,206,25,0,231,231,0,0.8917748917748918,0.10822510822510822,0.0,1.0,0.0,Mojgan Cohanim Lancman RECAP,1.0
37019,37019,100,255,37,2,294,292,2,0.8673469387755102,0.12585034013605442,0.006802721088435374,0.9931972789115646,0.006802721088435374,Mojgan Cohanim Lancman RECAP,0.9931972789115646
37020,37020,100,132,28,3,163,160,3,0.8098159509202454,0.17177914110429449,0.018404907975460124,0.9815950920245399,0.018404907975460124,Mojgan Cohanim Lancman RECAP,0.9815950920245399
37021,37021,100,192,32,0,224,224,0,0.8571428571428571,0.14285714285714285,0.0,1.0,0.0,Mojgan Cohanim Lancman RECAP,1.0
37022,37022,100,234,37,4,275,271,4,0.850909090909091,0.13454545454545455,0.014545454545454545,0.9854545454545455,0.014545454545454545,Mojgan Cohanim Lancman RECAP,0.9854545454545455
37023,37023,100,145,39,6,190,184,6,0.7631578947368421,0.20526315789473684,0.031578947368421054,0.968421052631579,0.031578947368421054,Mojgan Cohanim Lancman RECAP,0.968421052631579
37024,37024,100,171,25,2,198,196,2,0.8636363636363636,0.12626262626262627,0.010101010101010102,0.98989898989899,0.010101010101010102,Mojgan Cohanim Lancman RECAP,0.98989898989899
37025,37025,100,28,5,0,33,33,0,0.8484848484848485,0.15151515151515152,0.0,1.0,0.0,Mojgan Cohanim Lancman RECAP,1.0
37026,37025,100,0,0,0,0,0,0,0,0,0,0,0,n/a,0
37027,37027,100,274,49,0,323,323,0,0.848297213622291,0.15170278637770898,0.0,1.0,0.0,Mojgan Cohanim Lancman RECAP,1.0
37028,37028,100,245,33,2,280,278,2,0.875,0.11785714285714285,0.007142857142857143,0.9928571428571429,0.007142857142857143,Mojgan Cohanim Lancman RECAP,0.9928571428571429
37029,37029,100,207,45,2,254,252,2,0.8149606299212598,0.17716535433070865,0.007874015748031496,0.9921259842519685,0.007874015748031496,Mojgan Cohanim Lancman RECAP,0.9921259842519685
37030,37030,100,204,38,1,243,242,1,0.8395061728395061,0.15637860082304528,0.00411522633744856,0.9958847736625515,0.00411522633744856,Mojgan Cohanim Lancman RECAP,0.9958847736625515
37031,37031,100,194,34,0,228,228,0,0.8508771929824561,0.14912280701754385,0.0,1.0,0.0,Mojgan Cohanim Lancman RECAP,1.0
37032,37032,100,150,24,1,175,174,1,0.8571428571428571,0.13714285714285715,0.005714285714285714,0.9942857142857143,0.005714285714285714,Mojgan Cohanim Lancman RECAP,0.9942857142857143
37033,37033,100,132,17,0,149,149,0,0.8859060402684564,0.11409395973154363,0.0,1.0,0.0,Mojgan Cohanim Lancman RECAP,1.0
37034,37034,100,134,19,0,153,153,0,0.8758169934640523,0.12418300653594772,0.0,1.0,0.0,Mojgan Cohanim Lancman RECAP,1.0
37035,37035,100,180,31,0,211,211,0,0.8530805687203792,0.14691943127962084,0.0,1.0,0.0,Mojgan Cohanim Lancman RECAP,1.0
37036,37036,100,191,29,1,221,220,1,0.8642533936651584,0.13122171945701358,0.004524886877828055,0.995475113122172,0.004524886877828055,Mojgan Cohanim Lancman RECAP,0.995475113122172
37037,37037,100,213,41,0,254,254,0,0.8385826771653543,0.16141732283464566,0.0,1.0,0.0,Mojgan Cohanim Lancman RECAP,1.0
37038,37038,100,187,36,2,225,223,2,0.8311111111111111,0.16,0.008888888888888889,0.9911111111111112,0.008888888888888889,Mojgan Cohanim Lancman RECAP,0.9911111111111112
37039,37039,100,171,41,1,213,212,1,0.8028169014084507,0.19248826291079812,0.004694835680751174,0.9953051643192489,0.004694835680751174,Mojgan Cohanim Lancman RECAP,0.9953051643192489
37040,37040,100,0,0,0,0,0,0,0,0,0,0,0,n/a,0
37041,37041,100,27,12,0,39,39,0,0.6923076923076923,0.3076923076923077,0.0,1.0,0.0,Mojgan Cohanim Lancman RECAP,1.0
37042,37042,100,50,30,0,80,80,0,0.625,0.375,0.0,1.0,0.0,Mojgan Cohanim Lancman RECAP,1.0
37043,37043,100,104,64,1,169,168,1,0.6153846153846154,0.378698224852071,0.005917159763313609,0.9940828402366864,0.005917159763313609,Mojgan Cohanim Lancman RECAP,0.9940828402366864
37044,37044,100,114,74,1,189,188,1,0.6031746031746031,0.3915343915343915,0.005291005291005291,0.9947089947089947,0.005291005291005291,Mojgan Cohanim Lancman RECAP,0.9947089947089947
37045,37045,100,73,31,0,104,104,0,0.7019230769230769,0.2980769230769231,0.0,1.0,0.0,Mojgan Cohanim Lancman RECAP,1.0
37046,37046,100,95,56,1,152,151,1,0.625,0.3684210526315789,0.006578947368421052,0.993421052631579,0.006578947368421052,Mojgan Cohanim Lancman RECAP,0.993421052631579
37047,37047,100,104,49,0,153,153,0,0.6797385620915033,0.3202614379084967,0.0,1.0,0.0,Mojgan Cohanim Lancman RECAP,1.0
37048,37048,100,110,38,0,148,148,0,0.7432432432432432,0.25675675675675674,0.0,1.0,0.0,Mojgan Cohanim Lancman RECAP,1.0
37049,37049,100,85,24,1,110,109,1,0.7727272727272727,0.21818181818181817,0.00909090909090909,0.990909090909091,0.00909090909090909,Mojgan Cohanim Lancman RECAP,0.990909090909091
37050,37050,100,93,27,0,120,120,0,0.775,0.225,0.0,1.0,0.0,Mojgan Cohanim Lancman RECAP,1.0
37051,37051,100,3,1,0,4,4,0,0.75,0.25,0.0,1.0,0.0,Mojgan Cohanim Lancman RECAP,1.0
37052,37052,100,36,15,0,51,51,0,0.7058823529411765,0.29411764705882354,0.0,1.0,0.0,Mojgan Cohanim Lancman RECAP,1.0
37053,37053,100,21,9,0,30,30,0,0.7,0.3,0.0,1.0,0.0,Mojgan Cohanim Lancman RECAP,1.0
37054,37054,100,76,26,0,102,102,0,0.7450980392156863,0.2549019607843137,0.0,1.0,0.0,Mojgan Cohanim Lancman RECAP,1.0
37055,37051,100,0,0,0,0,0,0,0,0,0,0,0,n/a,0
37056,37056,100,91,11,2,104,102,2,0.875,0.10576923076923077,0.019230769230769232,0.9807692307692307,0.019230769230769232,Mojgan Cohanim Lancman RECAP,0.9807692307692307
37057,37057,100,126,26,0,152,152,0,0.8289473684210527,0.17105263157894737,0.0,1.0,0.0,Mojgan Cohanim Lancman RECAP,1.0
37058,37058,100,131,25,2,158,156,2,0.8291139240506329,0.15822784810126583,0.012658227848101266,0.9873417721518988,0.012658227848101266,Mojgan Cohanim Lancman RECAP,0.9873417721518988
37059,37059,100,107,19,1,127,126,1,0.84251968503937,0.14960629921259844,0.007874015748031496,0.9921259842519685,0.007874015748031496,Mojgan Cohanim Lancman RECAP,0.9921259842519685
37060,37060,100,11,5,0,16,16,0,0.6875,0.3125,0.0,1.0,0.0,Mojgan Cohanim Lancman RECAP,1.0
37061,37061,100,59,27,0,86,86,0,0.686046511627907,0.313953488372093,0.0,1.0,0.0,Mojgan Cohanim Lancman RECAP,1.0
37062,37062,100,82,36,0,118,118,0,0.6949152542372882,0.3050847457627119,0.0,1.0,0.0,Mojgan Cohanim Lancman RECAP,1.0
37063,37063,100,204,49,1,254,253,1,0.8031496062992126,0.19291338582677164,0.003937007874015748,0.9960629921259843,0.003937007874015748,Mojgan Cohanim Lancman RECAP,0.9960629921259843
37064,37064,100,221,54,4,279,275,4,0.7921146953405018,0.1935483870967742,0.014336917562724014,0.985663082437276,0.014336917562724014,Mojgan Cohanim Lancman RECAP,0.985663082437276
37065,37065,100,153,43,0,196,196,0,0.7806122448979592,0.2193877551020408,0.0,1.0,0.0,Mojgan Cohanim Lancman RECAP,1.0
37066,37066,100,0,0,0,0,0,0,0,0,0,0,0,n/a,0
37067,37067,100,93,37,2,132,130,2,0.7045454545454546,0.2803030303030303,0.015151515151515152,0.9848484848484849,0.015151515151515152,Mojgan Cohanim Lancman RECAP,0.9848484848484849
37068,37068,100,98,28,1,127,126,1,0.7716535433070866,0.2204724409448819,0.007874015748031496,0.9921259842519685,0.007874015748031496,Mojgan Cohanim Lancman RECAP,0.9921259842519685
37069,37069,100,0,0,0,0,0,0,0,0,0,0,0,n/a,0
37070,37070,100,0,0,0,0,0,0,0,0,0,0,0,n/a,0
37071,37071,100,0,0,0,0,0,0,0,0,0,0,0,n/a,0
37072,37071,100,0,0,0,0,0,0,0,0,0,0,0,n/a,0
37073,37073,100,0,0,0,0,0,0,0,0,0,0,0,n/a,0
37074,37070,100,0,0,0,0,0,0,0,0,0,0,0,n/a,0
38001,38001,100,114,19,0,133,133,0,0.8571428571428571,0.14285714285714285,0.0,1.0,0.0,Mojgan Cohanim Lancman RECAP,1.0
38002,38002,100,110,10,1,121,120,1,0.9090909090909091,0.08264462809917356,0.008264462809917356,0.9917355371900827,0.008264462809917356,Mojgan Cohanim Lancman RECAP,0.9917355371900827
38003,38003,100,104,13,0,117,117,0,0.8888888888888888,0.1111111111111111,0.0,1.0,0.0,Mojgan Cohanim Lancman RECAP,1.0
38004,38004,100,83,9,1,93,92,1,0.8924731182795699,0.0967741935483871,0.010752688172043012,0.989247311827957,0.010752688172043012,Mojgan Cohanim Lancman RECAP,0.989247311827957
38005,38005,100,94,9,0,103,103,0,0.912621359223301,0.08737864077669903,0.0,1.0,0.0,Mojgan Cohanim Lancman RECAP,1.0
38006,38006,100,117,34,0,151,151,0,0.7748344370860927,0.2251655629139073,0.0,1.0,0.0,Mojgan Cohanim Lancman RECAP,1.0
38007,38007,100,97,20,0,117,117,0,0.8290598290598291,0.17094017094017094,0.0,1.0,0.0,Mojgan Cohanim Lancman RECAP,1.0
38008,38008,100,131,32,2,165,163,2,0.793939393939394,0.19393939393939394,0.012121212121212121,0.9878787878787879,0.012121212121212121,Mojgan Cohanim Lancman RECAP,0.9878787878787879
38009,38009,100,112,47,1,160,159,1,0.7,0.29375,0.00625,0.99375,0.00625,Mojgan Cohanim Lancman RECAP,0.99375
38010,38010,100,122,45,1,168,167,1,0.7261904761904762,0.26785714285714285,0.005952380952380952,0.9940476190476191,0.005952380952380952,Mojgan Cohanim Lancman RECAP,0.9940476190476191
38011,38011,100,2,0,0,2,2,0,1.0,0.0,0.0,1.0,0.0,Mojgan Cohanim Lancman RECAP,1.0
38012,38012,100,57,41,1,99,98,1,0.5757575757575758,0.41414141414141414,0.010101010101010102,0.98989898989899,0.010101010101010102,Mojgan Cohanim Lancman RECAP,0.98989898989899
38013,38013,100,53,37,0,90,90,0,0.5888888888888889,0.4111111111111111,0.0,1.0,0.0,Mojgan Cohanim Lancman RECAP,1.0
38014,38014,100,105,76,0,181,181,0,0.580110497237569,0.4198895027624309,0.0,1.0,0.0,Mojgan Cohanim Lancman RECAP,1.0
38015,38015,100,36,28,1,65,64,1,0.5538461538461539,0.4307692307692308,0.015384615384615385,0.9846153846153847,0.015384615384615385,Mojgan Cohanim Lancman RECAP,0.9846153846153847
38016,38016,100,119,73,3,195,192,3,0.6102564102564103,0.37435897435897436,0.015384615384615385,0.9846153846153847,0.015384615384615385,Mojgan Cohanim Lancman RECAP,0.9846153846153847
38017,38017,100,114,105,2,221,219,2,0.5158371040723982,0.4751131221719457,0.00904977375565611,0.9909502262443439,0.00904977375565611,Mojgan Cohanim Lancman RECAP,0.9909502262443439
38018,38018,100,94,89,0,183,183,0,0.5136612021857924,0.48633879781420764,0.0,1.0,0.0,Mojgan Cohanim Lancman RECAP,1.0
38019,38019,100,58,83,0,141,141,0,0.41134751773049644,0.5886524822695035,0.0,1.0,0.0,Mojgan Cohanim Lancman RECAP,1.0
38020,38020,100,28,8,0,36,36,0,0.7777777777777778,0.2222222222222222,0.0,1.0,0.0,Mojgan Cohanim Lancman RECAP,1.0
38021,38021,100,69,17,0,86,86,0,0.8023255813953488,0.19767441860465115,0.0,1.0,0.0,Mojgan Cohanim Lancman RECAP,1.0
38022,38022,100,180,116,1,297,296,1,0.6060606060606061,0.39057239057239057,0.003367003367003367,0.9966329966329966,0.003367003367003367,Mojgan Cohanim Lancman RECAP,0.9966329966329966
38023,38023,100,106,31,0,137,137,0,0.7737226277372263,0.22627737226277372,0.0,1.0,0.0,Mojgan Cohanim Lancman RECAP,1.0
38024,38024,100,118,18,1,137,136,1,0.8613138686131386,0.13138686131386862,0.0072992700729927005,0.9927007299270073,0.0072992700729927005,Mojgan Cohanim Lancman RECAP,0.9927007299270073
38025,38025,100,103,23,0,126,126,0,0.8174603174603174,0.18253968253968253,0.0,1.0,0.0,Mojgan Cohanim Lancman RECAP,1.0
38026,38026,100,48,21,0,69,69,0,0.6956521739130435,0.30434782608695654,0.0,1.0,0.0,Mojgan Cohanim Lancman RECAP,1.0
38027,38027,100,71,10,0,81,81,0,0.8765432098765432,0.12345679012345678,0.0,1.0,0.0,Mojgan Cohanim Lancman RECAP,1.0
38028,38028,100,91,95,1,187,186,1,0.48663101604278075,0.5080213903743316,0.0053475935828877,0.9946524064171123,0.0053475935828877,Mojgan Cohanim Lancman RECAP,0.9946524064171123
38029,38029,100,132,10,1,143,142,1,0.9230769230769231,0.06993006993006994,0.006993006993006993,0.993006993006993,0.006993006993006993,Mojgan Cohanim Lancman RECAP,0.993006993006993
38030,38030,100,122,22,0,144,144,0,0.8472222222222222,0.1527777777777778,0.0,1.0,0.0,Mojgan Cohanim Lancman RECAP,1.0
38031,38031,100,86,25,0,111,111,0,0.7747747747747747,0.22522522522522523,0.0,1.0,0.0,Mojgan Cohanim Lancman RECAP,1.0
38032,38032,100,124,27,0,151,151,0,0.8211920529801324,0.17880794701986755,0.0,1.0,0.0,Mojgan Cohanim Lancman RECAP,1.0
38033,38033,100,43,20,0,63,63,0,0.6825396825396826,0.31746031746031744,0.0,1.0,0.0,Mojgan Cohanim Lancman RECAP,1.0
38034,38034,100,35,9,0,44,44,0,0.7954545454545454,0.20454545454545456,0.0,1.0,0.0,Mojgan Cohanim Lancman RECAP,1.0
38035,38035,100,21,1,1,23,22,1,0.9130434782608695,0.043478260869565216,0.043478260869565216,0.9565217391304348,0.043478260869565216,Mojgan Cohanim Lancman RECAP,0.9565217391304348
38036,38036,100,21,3,0,24,24,0,0.875,0.125,0.0,1.0,0.0,Mojgan Cohanim Lancman RECAP,1.0
38037,38037,100,35,7,0,42,42,0,0.8333333333333334,0.16666666666666666,0.0,1.0,0.0,Mojgan Cohanim Lancman RECAP,1.0
38038,38038,100,103,15,1,119,118,1,0.865546218487395,0.12605042016806722,0.008403361344537815,0.9915966386554622,0.008403361344537815,Mojgan Cohanim Lancman RECAP,0.9915966386554622
38039,38039,100,85,28,1,114,113,1,0.7456140350877193,0.24561403508771928,0.008771929824561403,0.9912280701754386,0.008771929824561403,Mojgan Cohanim Lancman RECAP,0.9912280701754386
38040,38040,100,102,24,0,126,126,0,0.8095238095238095,0.19047619047619047,0.0,1.0,0.0,Mojgan Cohanim Lancman RECAP,1.0
38041,38041,100,126,18,1,145,144,1,0.8689655172413793,0.12413793103448276,0.006896551724137931,0.993103448275862,0.006896551724137931,Mojgan Cohanim Lancman RECAP,0.993103448275862
38042,38042,100,84,27,0,111,111,0,0.7567567567567568,0.24324324324324326,0.0,1.0,0.0,Mojgan Cohanim Lancman RECAP,1.0
38043,38043,100,80,12,1,93,92,1,0.8602150537634409,0.12903225806451613,0.010752688172043012,0.989247311827957,0.010752688172043012,Mojgan Cohanim Lancman RECAP,0.989247311827957
38044,38044,100,94,33,0,127,127,0,0.7401574803149606,0.25984251968503935,0.0,1.0,0.0,Mojgan Cohanim Lancman RECAP,1.0
38045,38045,100,48,6,0,54,54,0,0.8888888888888888,0.1111111111111111,0.0,1.0,0.0,Mojgan Cohanim Lancman RECAP,1.0
38046,38046,100,59,20,0,79,79,0,0.7468354430379747,0.25316455696202533,0.0,1.0,0.0,Mojgan Cohanim Lancman RECAP,1.0
38047,38047,100,78,20,2,100,98,2,0.78,0.2,0.02,0.98,0.02,Mojgan Cohanim Lancman RECAP,0.98
38048,38048,100,123,68,2,193,191,2,0.6373056994818653,0.35233160621761656,0.010362694300518135,0.9896373056994818,0.010362694300518135,Mojgan Cohanim Lancman RECAP,0.9896373056994818
38049,38049,100,106,43,1,150,149,1,0.7066666666666667,0.2866666666666667,0.006666666666666667,0.9933333333333333,0.006666666666666667,Mojgan Cohanim Lancman RECAP,0.9933333333333333
38050,38050,100,99,26,2,127,125,2,0.7795275590551181,0.2047244094488189,0.015748031496062992,0.984251968503937,0.015748031496062992,Mojgan Cohanim Lancman RECAP,0.984251968503937
38051,38051,100,160,53,1,214,213,1,0.7476635514018691,0.24766355140186916,0.004672897196261682,0.9953271028037384,0.004672897196261682,Mojgan Cohanim Lancman RECAP,0.9953271028037384
38052,38052,100,128,71,0,199,199,0,0.6432160804020101,0.35678391959798994,0.0,1.0,0.0,Mojgan Cohanim Lancman RECAP,1.0
38053,38053,100,33,16,0,49,49,0,0.673469387755102,0.32653061224489793,0.0,1.0,0.0,Mojgan Cohanim Lancman RECAP,1.0
38054,38054,100,65,23,0,88,88,0,0.7386363636363636,0.26136363636363635,0.0,1.0,0.0,Mojgan Cohanim Lancman RECAP,1.0
38055,38055,100,131,35,0,166,166,0,0.7891566265060241,0.21084337349397592,0.0,1.0,0.0,Mojgan Cohanim Lancman RECAP,1.0
38056,38056,100,130,42,2,174,172,2,0.7471264367816092,0.2413793103448276,0.011494252873563218,0.9885057471264368,0.011494252873563218,Mojgan Cohanim Lancman RECAP,0.9885057471264368
38057,38057,100,160,31,0,191,191,0,0.837696335078534,0.16230366492146597,0.0,1.0,0.0,Mojgan Cohanim Lancman RECAP,1.0
38058,38058,100,149,52,0,201,201,0,0.7412935323383084,0.25870646766169153,0.0,1.0,0.0,Mojgan Cohanim Lancman RECAP,1.0
38059,38059,100,79,22,0,101,101,0,0.7821782178217822,0.21782178217821782,0.0,1.0,0.0,Mojgan Cohanim Lancman RECAP,1.0
38060,38060,100,0,0,0,0,0,0,0,0,0,0,0,n/a,0
38061,38061,100,0,0,0,0,0,0,0,0,0,0,0,n/a,0
39001,39001,100,140,23,0,163,163,0,0.8588957055214724,0.1411042944785276,0.0,1.0,0.0,Mojgan Cohanim Lancman RECAP,1.0
39002,39002,100,138,13,1,152,151,1,0.9078947368421053,0.08552631578947369,0.006578947368421052,0.993421052631579,0.006578947368421052,Mojgan Cohanim Lancman RECAP,0.993421052631579
39003,39003,100,121,38,0,159,159,0,0.7610062893081762,0.2389937106918239,0.0,1.0,0.0,Mojgan Cohanim Lancman RECAP,1.0
39004,39004,100,128,20,1,149,148,1,0.8590604026845637,0.1342281879194631,0.006711409395973154,0.9932885906040269,0.006711409395973154,Mojgan Cohanim Lancman RECAP,0.9932885906040269
39005,39005,100,96,18,0,114,114,0,0.8421052631578947,0.15789473684210525,0.0,1.0,0.0,Mojgan Cohanim Lancman RECAP,1.0
39006,39006,100,75,8,0,83,83,0,0.9036144578313253,0.0963855421686747,0.0,1.0,0.0,Mojgan Cohanim Lancman RECAP,1.0
39007,39007,100,190,30,1,221,220,1,0.8597285067873304,0.13574660633484162,0.004524886877828055,0.995475113122172,0.004524886877828055,Mojgan Cohanim Lancman RECAP,0.995475113122172
39008,39008,100,100,18,0,118,118,0,0.847457627118644,0.15254237288135594,0.0,1.0,0.0,Mojgan Cohanim Lancman RECAP,1.0
39009,39009,100,123,12,0,135,135,0,0.9111111111111111,0.08888888888888889,0.0,1.0,0.0,Mojgan Cohanim Lancman RECAP,1.0
39010,39010,100,130,20,0,150,150,0,0.8666666666666667,0.13333333333333333,0.0,1.0,0.0,Mojgan Cohanim Lancman RECAP,1.0
39011,39011,100,76,23,0,99,99,0,0.7676767676767676,0.23232323232323232,0.0,1.0,0.0,Mojgan Cohanim Lancman RECAP,1.0
39012,39012,100,118,24,0,142,142,0,0.8309859154929577,0.16901408450704225,0.0,1.0,0.0,Mojgan Cohanim Lancman RECAP,1.0
39013,39013,100,75,14,0,89,89,0,0.8426966292134831,0.15730337078651685,0.0,1.0,0.0,Mojgan Cohanim Lancman RECAP,1.0
39014,39014,100,65,12,0,77,77,0,0.8441558441558441,0.15584415584415584,0.0,1.0,0.0,Mojgan Cohanim Lancman RECAP,1.0
39015,39015,100,127,17,1,145,144,1,0.8758620689655172,0.11724137931034483,0.006896551724137931,0.993103448275862,0.006896551724137931,Mojgan Cohanim Lancman RECAP,0.993103448275862
39016,39016,100,118,28,0,146,146,0,0.8082191780821918,0.1917808219178082,0.0,1.0,0.0,Mojgan Cohanim Lancman RECAP,1.0
39017,39017,100,111,23,0,134,134,0,0.8283582089552238,0.17164179104477612,0.0,1.0,0.0,Mojgan Cohanim Lancman RECAP,1.0
39018,39018,100,149,26,1,176,175,1,0.8465909090909091,0.14772727272727273,0.005681818181818182,0.9943181818181818,0.005681818181818182,Mojgan Cohanim Lancman RECAP,0.9943181818181818
39019,39019,100,160,25,1,186,185,1,0.8602150537634409,0.13440860215053763,0.005376344086021506,0.9946236559139785,0.005376344086021506,Mojgan Cohanim Lancman RECAP,0.9946236559139785
39020,39020,100,11,3,0,14,14,0,0.7857142857142857,0.21428571428571427,0.0,1.0,0.0,Mojgan Cohanim Lancman RECAP,1.0
39021,39021,100,24,6,0,30,30,0,0.8,0.2,0.0,1.0,0.0,Mojgan Cohanim Lancman RECAP,1.0
39022,39022,100,26,9,0,35,35,0,0.7428571428571429,0.2571428571428571,0.0,1.0,0.0,Mojgan Cohanim Lancman RECAP,1.0
39023,39023,100,75,19,1,95,94,1,0.7894736842105263,0.2,0.010526315789473684,0.9894736842105263,0.010526315789473684,Mojgan Cohanim Lancman RECAP,0.9894736842105263
39024,39024,100,40,14,0,54,54,0,0.7407407407407407,0.25925925925925924,0.0,1.0,0.0,Mojgan Cohanim Lancman RECAP,1.0
39025,39025,100,90,20,0,110,110,0,0.8181818181818182,0.18181818181818182,0.0,1.0,0.0,Mojgan Cohanim Lancman RECAP,1.0
39026,39026,100,78,17,0,95,95,0,0.8210526315789474,0.17894736842105263,0.0,1.0,0.0,Mojgan Cohanim Lancman RECAP,1.0
39027,39027,100,64,21,0,85,85,0,0.7529411764705882,0.24705882352941178,0.0,1.0,0.0,Mojgan Cohanim Lancman RECAP,1.0
39028,39028,100,21,4,0,25,25,0,0.84,0.16,0.0,1.0,0.0,Mojgan Cohanim Lancman RECAP,1.0
39029,39029,100,109,23,0,132,132,0,0.8257575757575758,0.17424242424242425,0.0,1.0,0.0,Mojgan Cohanim Lancman RECAP,1.0
39030,39030,100,97,17,0,114,114,0,0.8508771929824561,0.14912280701754385,0.0,1.0,0.0,Mojgan Cohanim Lancman RECAP,1.0
39031,39031,100,65,18,1,84,83,1,0.7738095238095238,0.21428571428571427,0.011904761904761904,0.9880952380952381,0.011904761904761904,Mojgan Cohanim Lancman RECAP,0.9880952380952381
39032,39032,100,68,13,1,82,81,1,0.8292682926829268,0.15853658536585366,0.012195121951219513,0.9878048780487805,0.012195121951219513,Mojgan Cohanim Lancman RECAP,0.9878048780487805
39033,39033,100,110,27,1,138,137,1,0.7971014492753623,0.1956521739130435,0.007246376811594203,0.9927536231884058,0.007246376811594203,Mojgan Cohanim Lancman RECAP,0.9927536231884058
39034,39034,100,111,42,0,153,153,0,0.7254901960784313,0.27450980392156865,0.0,1.0,0.0,Mojgan Cohanim Lancman RECAP,1.0
39035,39035,100,43,36,1,80,79,1,0.5375,0.45,0.0125,0.9875,0.0125,Mojgan Cohanim Lancman RECAP,0.9875
39036,39036,100,10,7,0,17,17,0,0.5882352941176471,0.4117647058823529,0.0,1.0,0.0,Mojgan Cohanim Lancman RECAP,1.0
39037,39037,100,87,22,0,109,109,0,0.7981651376146789,0.2018348623853211,0.0,1.0,0.0,Mojgan Cohanim Lancman RECAP,1.0
39038,39038,100,88,9,0,97,97,0,0.9072164948453608,0.09278350515463918,0.0,1.0,0.0,Mojgan Cohanim Lancman RECAP,1.0
39039,39039,100,0,0,0,0,0,0,0,0,0,0,0,n/a,0
39040,39040,100,23,7,0,30,30,0,0.7666666666666667,0.23333333333333334,0.0,1.0,0.0,Mojgan Cohanim Lancman RECAP,1.0
39041,39041,100,120,21,0,141,141,0,0.851063829787234,0.14893617021276595,0.0,1.0,0.0,Mojgan Cohanim Lancman RECAP,1.0
39042,39042,100,16,3,0,19,19,0,0.8421052631578947,0.15789473684210525,0.0,1.0,0.0,Mojgan Cohanim Lancman RECAP,1.0
39043,39043,100,100,24,0,124,124,0,0.8064516129032258,0.1935483870967742,0.0,1.0,0.0,Mojgan Cohanim Lancman RECAP,1.0
39044,39044,100,191,44,0,235,235,0,0.8127659574468085,0.18723404255319148,0.0,1.0,0.0,Mojgan Cohanim Lancman RECAP,1.0
39045,39045,100,204,40,1,245,244,1,0.8326530612244898,0.16326530612244897,0.004081632653061225,0.9959183673469387,0.004081632653061225,Mojgan Cohanim Lancman RECAP,0.9959183673469387
39046,39046,100,272,49,0,321,321,0,0.8473520249221184,0.1526479750778816,0.0,1.0,0.0,Mojgan Cohanim Lancman RECAP,1.0
39047,39047,100,212,45,0,257,257,0,0.8249027237354085,0.17509727626459143,0.0,1.0,0.0,Mojgan Cohanim Lancman RECAP,1.0
39048,39048,100,97,15,0,112,112,0,0.8660714285714286,0.13392857142857142,0.0,1.0,0.0,Mojgan Cohanim Lancman RECAP,1.0
39049,39049,100,137,25,1,163,162,1,0.8404907975460123,0.15337423312883436,0.006134969325153374,0.9938650306748467,0.006134969325153374,Mojgan Cohanim Lancman RECAP,0.9938650306748467
39050,39050,100,40,12,0,52,52,0,0.7692307692307693,0.23076923076923078,0.0,1.0,0.0,Mojgan Cohanim Lancman RECAP,1.0
39051,39051,100,113,25,0,138,138,0,0.8188405797101449,0.18115942028985507,0.0,1.0,0.0,Mojgan Cohanim Lancman RECAP,1.0
40001,40001,100,89,111,3,203,200,3,0.43842364532019706,0.5467980295566502,0.014778325123152709,0.9852216748768473,0.014778325123152709,Mojgan Cohanim Lancman RECAP,0.9852216748768473
40002,40002,100,83,78,0,161,161,0,0.515527950310559,0.484472049689441,0.0,1.0,0.0,Mojgan Cohanim Lancman RECAP,1.0
40003,40003,100,98,47,0,145,145,0,0.6758620689655173,0.32413793103448274,0.0,1.0,0.0,Mojgan Cohanim Lancman RECAP,1.0
40004,40004,100,89,53,1,143,142,1,0.6223776223776224,0.3706293706293706,0.006993006993006993,0.993006993006993,0.006993006993006993,Mojgan Cohanim Lancman RECAP,0.993006993006993
40005,40005,100,89,110,0,199,199,0,0.4472361809045226,0.5527638190954773,0.0,1.0,0.0,Mojgan Cohanim Lancman RECAP,1.0
40006,40006,100,90,116,0,206,206,0,0.4368932038834951,0.5631067961165048,0.0,1.0,0.0,Mojgan Cohanim Lancman RECAP,1.0
40007,40007,100,123,119,1,243,242,1,0.5061728395061729,0.4897119341563786,0.00411522633744856,0.9958847736625515,0.00411522633744856,Mojgan Cohanim Lancman RECAP,0.9958847736625515
40008,40008,100,69,19,0,88,88,0,0.7840909090909091,0.2159090909090909,0.0,1.0,0.0,Mojgan Cohanim Lancman RECAP,1.0
40009,40009,100,141,134,0,275,275,0,0.5127272727272727,0.48727272727272725,0.0,1.0,0.0,Mojgan Cohanim Lancman RECAP,1.0
40010,40010,100,0,0,0,0,0,0,0,0,0,0,0,n/a,0
40011,40011,100,21,6,0,27,27,0,0.7777777777777778,0.2222222222222222,0.0,1.0,0.0,Mojgan Cohanim Lancman RECAP,1.0
40012,40012,100,18,8,0,26,26,0,0.6923076923076923,0.3076923076923077,0.0,1.0,0.0,Mojgan Cohanim Lancman RECAP,1.0
40013,40013,100,104,51,0,155,155,0,0.6709677419354839,0.32903225806451614,0.0,1.0,0.0,Mojgan Cohanim Lancman RECAP,1.0
40014,40014,100,94,42,1,137,136,1,0.6861313868613139,0.30656934306569344,0.0072992700729927005,0.9927007299270073,0.0072992700729927005,Mojgan Cohanim Lancman RECAP,0.9927007299270073
40015,40015,100,125,47,0,172,172,0,0.7267441860465116,0.27325581395348836,0.0,1.0,0.0,Mojgan Cohanim Lancman RECAP,1.0
40016,40016,100,136,41,1,178,177,1,0.7640449438202247,0.2303370786516854,0.0056179775280898875,0.9943820224719101,0.0056179775280898875,Mojgan Cohanim Lancman RECAP,0.9943820224719101
40017,40017,100,56,23,0,79,79,0,0.7088607594936709,0.2911392405063291,0.0,1.0,0.0,Mojgan Cohanim Lancman RECAP,1.0
40018,40018,100,141,27,2,170,168,2,0.8294117647058824,0.1588235294117647,0.011764705882352941,0.9882352941176471,0.011764705882352941,Mojgan Cohanim Lancman RECAP,0.9882352941176471
40019,40019,100,137,21,2,160,158,2,0.85625,0.13125,0.0125,0.9875,0.0125,Mojgan Cohanim Lancman RECAP,0.9875
40020,40020,100,127,47,0,174,174,0,0.7298850574712644,0.27011494252873564,0.0,1.0,0.0,Mojgan Cohanim Lancman RECAP,1.0
40021,40021,100,81,20,0,101,101,0,0.801980198019802,0.19801980198019803,0.0,1.0,0.0,Mojgan Cohanim Lancman RECAP,1.0
40022,40022,100,166,45,1,212,211,1,0.7830188679245284,0.21226415094339623,0.0047169811320754715,0.9952830188679245,0.0047169811320754715,Mojgan Cohanim Lancman RECAP,0.9952830188679245
40023,40023,100,111,32,0,143,143,0,0.7762237762237763,0.22377622377622378,0.0,1.0,0.0,Mojgan Cohanim Lancman RECAP,1.0
40024,40024,100,137,25,0,162,162,0,0.845679012345679,0.15432098765432098,0.0,1.0,0.0,Mojgan Cohanim Lancman RECAP,1.0
40025,40025,100,105,29,1,135,134,1,0.7777777777777778,0.21481481481481482,0.007407407407407408,0.9925925925925926,0.007407407407407408,Mojgan Cohanim Lancman RECAP,0.9925925925925926
40026,40026,100,78,26,0,104,104,0,0.75,0.25,0.0,1.0,0.0,Mojgan Cohanim Lancman RECAP,1.0
40027,40027,100,97,36,1,134,133,1,0.7238805970149254,0.26865671641791045,0.007462686567164179,0.9925373134328358,0.007462686567164179,Mojgan Cohanim Lancman RECAP,0.9925373134328358
40028,40028,100,47,15,1,63,62,1,0.746031746031746,0.23809523809523808,0.015873015873015872,0.9841269841269841,0.015873015873015872,Mojgan Cohanim Lancman RECAP,0.9841269841269841
40029,40029,100,112,42,0,154,154,0,0.7272727272727273,0.2727272727272727,0.0,1.0,0.0,Mojgan Cohanim Lancman RECAP,1.0
40030,40030,100,115,87,0,202,202,0,0.5693069306930693,0.4306930693069307,0.0,1.0,0.0,Mojgan Cohanim Lancman RECAP,1.0
40031,40031,100,109,46,0,155,155,0,0.7032258064516129,0.2967741935483871,0.0,1.0,0.0,Mojgan Cohanim Lancman RECAP,1.0
40032,40032,100,105,28,0,133,133,0,0.7894736842105263,0.21052631578947367,0.0,1.0,0.0,Mojgan Cohanim Lancman RECAP,1.0
40033,40033,100,149,24,0,173,173,0,0.861271676300578,0.13872832369942195,0.0,1.0,0.0,Mojgan Cohanim Lancman RECAP,1.0
40034,40034,100,111,27,1,139,138,1,0.7985611510791367,0.19424460431654678,0.007194244604316547,0.9928057553956835,0.007194244604316547,Mojgan Cohanim Lancman RECAP,0.9928057553956835
40035,40035,100,171,31,0,202,202,0,0.8465346534653465,0.15346534653465346,0.0,1.0,0.0,Mojgan Cohanim Lancman RECAP,1.0
40036,40036,100,126,40,0,166,166,0,0.7590361445783133,0.24096385542168675,0.0,1.0,0.0,Mojgan Cohanim Lancman RECAP,1.0
40037,40037,100,148,21,0,169,169,0,0.8757396449704142,0.1242603550295858,0.0,1.0,0.0,Mojgan Cohanim Lancman RECAP,1.0
40038,40038,100,104,37,1,142,141,1,0.7323943661971831,0.2605633802816901,0.007042253521126761,0.9929577464788732,0.007042253521126761,Mojgan Cohanim Lancman RECAP,0.9929577464788732
40039,40039,100,160,37,1,198,197,1,0.8080808080808081,0.18686868686868688,0.005050505050505051,0.9949494949494949,0.005050505050505051,Mojgan Cohanim Lancman RECAP,0.9949494949494949
40040,40040,100,120,19,1,140,139,1,0.8571428571428571,0.1357142857142857,0.007142857142857143,0.9928571428571429,0.007142857142857143,Mojgan Cohanim Lancman RECAP,0.9928571428571429
40041,40041,100,116,29,0,145,145,0,0.8,0.2,0.0,1.0,0.0,Mojgan Cohanim Lancman RECAP,1.0
40042,40042,100,103,33,2,138,136,2,0.7463768115942029,0.2391304347826087,0.014492753623188406,0.9855072463768116,0.014492753623188406,Mojgan Cohanim Lancman RECAP,0.9855072463768116
40043,40043,100,94,34,0,128,128,0,0.734375,0.265625,0.0,1.0,0.0,Mojgan Cohanim Lancman RECAP,1.0
40044,40044,100,78,21,1,100,99,1,0.78,0.21,0.01,0.99,0.01,Mojgan Cohanim Lancman RECAP,0.99
40045,40045,100,81,10,0,91,91,0,0.8901098901098901,0.10989010989010989,0.0,1.0,0.0,Mojgan Cohanim Lancman RECAP,1.0
40046,40046,100,53,8,0,61,61,0,0.8688524590163934,0.13114754098360656,0.0,1.0,0.0,Mojgan Cohanim Lancman RECAP,1.0
40047,40047,100,152,39,1,192,191,1,0.7916666666666666,0.203125,0.005208333333333333,0.9947916666666666,0.005208333333333333,Mojgan Cohanim Lancman RECAP,0.9947916666666666
40048,40048,100,210,71,0,281,281,0,0.7473309608540926,0.2526690391459075,0.0,1.0,0.0,Mojgan Cohanim Lancman RECAP,1.0
40049,40049,100,89,40,0,129,129,0,0.689922480620155,0.31007751937984496,0.0,1.0,0.0,Mojgan Cohanim Lancman RECAP,1.0
40050,40050,100,98,7,0,105,105,0,0.9333333333333333,0.06666666666666667,0.0,1.0,0.0,Mojgan Cohanim Lancman RECAP,1.0
40051,40051,100,133,24,0,157,157,0,0.8471337579617835,0.15286624203821655,0.0,1.0,0.0,Mojgan Cohanim Lancman RECAP,1.0
40052,40052,100,59,24,0,83,83,0,0.7108433734939759,0.2891566265060241,0.0,1.0,0.0,Mojgan Cohanim Lancman RECAP,1.0
40053,40053,100,74,37,3,114,111,3,0.6491228070175439,0.32456140350877194,0.02631578947368421,0.9736842105263158,0.02631578947368421,Mojgan Cohanim Lancman RECAP,0.9736842105263158
40054,40054,100,0,0,0,0,0,0,0,0,0,0,0,n/a,0
40055,40054,100,0,0,0,0,0,0,0,0,0,0,0,n/a,0
