ED,Reported As,Reporting,Francisco P. Moya (Working Families),Scattered,Francisco P. Moya (Democratic),Total Votes,Francisco P. Moya RECAP,Scattered RECAP,p_Francisco P. Moya (Working Families),p_Scattered,p_Francisco P. Moya (Democratic),p_Francisco P. Moya RECAP,p_Scattered RECAP,winner,winner_p
39001,39001,100,14,0,143,157,157,0,0.08917197452229299,0.0,0.910828025477707,1.0,0.0,Francisco P. Moya RECAP,1.0
39002,39002,100,8,0,154,162,162,0,0.04938271604938271,0.0,0.9506172839506173,1.0,0.0,Francisco P. Moya RECAP,1.0
39003,39003,100,8,0,148,156,156,0,0.05128205128205128,0.0,0.9487179487179487,1.0,0.0,Francisco P. Moya RECAP,1.0
39004,39004,100,12,0,140,152,152,0,0.07894736842105263,0.0,0.9210526315789473,1.0,0.0,Francisco P. Moya RECAP,1.0
39005,39005,100,7,0,99,106,106,0,0.0660377358490566,0.0,0.9339622641509434,1.0,0.0,Francisco P. Moya RECAP,1.0
39006,39006,100,6,0,76,82,82,0,0.07317073170731707,0.0,0.926829268292683,1.0,0.0,Francisco P. Moya RECAP,1.0
39007,39007,100,9,1,209,219,218,1,0.0410958904109589,0.0045662100456621,0.954337899543379,0.9954337899543378,0.0045662100456621,Francisco P. Moya RECAP,0.9954337899543378
39008,39008,100,8,1,119,128,127,1,0.0625,0.0078125,0.9296875,0.9921875,0.0078125,Francisco P. Moya RECAP,0.9921875
39009,39009,100,5,0,125,130,130,0,0.038461538461538464,0.0,0.9615384615384616,1.0,0.0,Francisco P. Moya RECAP,1.0
39010,39010,100,9,1,143,153,152,1,0.058823529411764705,0.006535947712418301,0.934640522875817,0.9934640522875817,0.006535947712418301,Francisco P. Moya RECAP,0.9934640522875817
39011,39011,100,13,0,105,118,118,0,0.11016949152542373,0.0,0.8898305084745762,1.0,0.0,Francisco P. Moya RECAP,1.0
39012,39012,100,8,0,139,147,147,0,0.05442176870748299,0.0,0.9455782312925171,1.0,0.0,Francisco P. Moya RECAP,1.0
39013,39013,100,7,3,90,100,97,3,0.07,0.03,0.9,0.97,0.03,Francisco P. Moya RECAP,0.97
39014,39014,100,3,0,82,85,85,0,0.03529411764705882,0.0,0.9647058823529412,1.0,0.0,Francisco P. Moya RECAP,1.0
39015,39015,100,13,1,138,152,151,1,0.08552631578947369,0.006578947368421052,0.9078947368421053,0.993421052631579,0.006578947368421052,Francisco P. Moya RECAP,0.993421052631579
39016,39016,100,8,0,139,147,147,0,0.05442176870748299,0.0,0.9455782312925171,1.0,0.0,Francisco P. Moya RECAP,1.0
39017,39017,100,14,0,122,136,136,0,0.10294117647058823,0.0,0.8970588235294118,1.0,0.0,Francisco P. Moya RECAP,1.0
39018,39018,100,37,1,144,182,181,1,0.2032967032967033,0.005494505494505495,0.7912087912087912,0.9945054945054945,0.005494505494505495,Francisco P. Moya RECAP,0.9945054945054945
39019,39019,100,22,5,159,186,181,5,0.11827956989247312,0.026881720430107527,0.8548387096774194,0.9731182795698925,0.026881720430107527,Francisco P. Moya RECAP,0.9731182795698925
39020,39020,100,0,0,13,13,13,0,0.0,0.0,1.0,1.0,0.0,Francisco P. Moya RECAP,1.0
39021,39021,100,2,0,23,25,25,0,0.08,0.0,0.92,1.0,0.0,Francisco P. Moya RECAP,1.0
39022,39022,100,1,0,31,32,32,0,0.03125,0.0,0.96875,1.0,0.0,Francisco P. Moya RECAP,1.0
39023,39023,100,2,1,86,89,88,1,0.02247191011235955,0.011235955056179775,0.9662921348314607,0.9887640449438202,0.011235955056179775,Francisco P. Moya RECAP,0.9887640449438202
39024,39024,100,4,0,42,46,46,0,0.08695652173913043,0.0,0.9130434782608695,1.0,0.0,Francisco P. Moya RECAP,1.0
39025,39025,100,5,1,92,98,97,1,0.05102040816326531,0.01020408163265306,0.9387755102040817,0.9897959183673469,0.01020408163265306,Francisco P. Moya RECAP,0.9897959183673469
39026,39026,100,15,1,75,91,90,1,0.16483516483516483,0.01098901098901099,0.8241758241758241,0.989010989010989,0.01098901098901099,Francisco P. Moya RECAP,0.989010989010989
39027,39027,100,7,0,73,80,80,0,0.0875,0.0,0.9125,1.0,0.0,Francisco P. Moya RECAP,1.0
39028,39028,100,2,0,19,21,21,0,0.09523809523809523,0.0,0.9047619047619048,1.0,0.0,Francisco P. Moya RECAP,1.0
39029,39029,100,11,0,117,128,128,0,0.0859375,0.0,0.9140625,1.0,0.0,Francisco P. Moya RECAP,1.0
39030,39030,100,6,0,101,107,107,0,0.056074766355140186,0.0,0.9439252336448598,1.0,0.0,Francisco P. Moya RECAP,1.0
39031,39031,100,10,0,69,79,79,0,0.12658227848101267,0.0,0.8734177215189873,1.0,0.0,Francisco P. Moya RECAP,1.0
39032,39032,100,4,1,74,79,78,1,0.05063291139240506,0.012658227848101266,0.9367088607594937,0.9873417721518988,0.012658227848101266,Francisco P. Moya RECAP,0.9873417721518988
39033,39033,100,18,2,112,132,130,2,0.13636363636363635,0.015151515151515152,0.8484848484848485,0.9848484848484849,0.015151515151515152,Francisco P. Moya RECAP,0.9848484848484849
39034,39034,100,15,0,127,142,142,0,0.1056338028169014,0.0,0.8943661971830986,1.0,0.0,Francisco P. Moya RECAP,1.0
39035,39035,100,9,4,58,71,67,4,0.1267605633802817,0.056338028169014086,0.8169014084507042,0.9436619718309859,0.056338028169014086,Francisco P. Moya RECAP,0.9436619718309859
39036,39036,100,2,0,10,12,12,0,0.16666666666666666,0.0,0.8333333333333334,1.0,0.0,Francisco P. Moya RECAP,1.0
39037,39037,100,14,0,88,102,102,0,0.13725490196078433,0.0,0.8627450980392157,1.0,0.0,Francisco P. Moya RECAP,1.0
39038,39038,100,12,0,87,99,99,0,0.12121212121212122,0.0,0.8787878787878788,1.0,0.0,Francisco P. Moya RECAP,1.0
39039,39039,100,0,0,0,0,0,0,0,0,0,0,0,n/a,0
39040,39040,100,6,0,25,31,31,0,0.1935483870967742,0.0,0.8064516129032258,1.0,0.0,Francisco P. Moya RECAP,1.0
39041,39041,100,7,0,133,140,140,0,0.05,0.0,0.95,1.0,0.0,Francisco P. Moya RECAP,1.0
39042,39042,100,0,0,18,18,18,0,0.0,0.0,1.0,1.0,0.0,Francisco P. Moya RECAP,1.0
39043,39043,100,17,0,103,120,120,0,0.14166666666666666,0.0,0.8583333333333333,1.0,0.0,Francisco P. Moya RECAP,1.0
39044,39044,100,48,2,188,238,236,2,0.20168067226890757,0.008403361344537815,0.7899159663865546,0.9915966386554622,0.008403361344537815,Francisco P. Moya RECAP,0.9915966386554622
39045,39045,100,59,3,187,249,246,3,0.23694779116465864,0.012048192771084338,0.751004016064257,0.9879518072289156,0.012048192771084338,Francisco P. Moya RECAP,0.9879518072289156
39046,39046,100,102,6,224,332,326,6,0.3072289156626506,0.018072289156626505,0.6746987951807228,0.9819277108433735,0.018072289156626505,Francisco P. Moya RECAP,0.9819277108433735
39047,39047,100,43,0,204,247,247,0,0.17408906882591094,0.0,0.8259109311740891,1.0,0.0,Francisco P. Moya RECAP,1.0
39048,39048,100,10,0,95,105,105,0,0.09523809523809523,0.0,0.9047619047619048,1.0,0.0,Francisco P. Moya RECAP,1.0
39049,39049,100,17,1,142,160,159,1,0.10625,0.00625,0.8875,0.99375,0.00625,Francisco P. Moya RECAP,0.99375
39050,39050,100,3,0,46,49,49,0,0.061224489795918366,0.0,0.9387755102040817,1.0,0.0,Francisco P. Moya RECAP,1.0
39051,39051,100,21,0,115,136,136,0,0.15441176470588236,0.0,0.8455882352941176,1.0,0.0,Francisco P. Moya RECAP,1.0
