ED,Reported As,Reporting,Anthony Aldorasi (StopCommonCore),Scattered,Michael N. Gianaris (Working Families),Michael N. Gianaris (Democratic),Total Votes,Anthony Aldorasi RECAP,Scattered RECAP,Michael N. Gianaris RECAP,p_Anthony Aldorasi (StopCommonCore),p_Scattered,p_Michael N. Gianaris (Working Families),p_Michael N. Gianaris (Democratic),p_Anthony Aldorasi RECAP,p_Scattered RECAP,p_Michael N. Gianaris RECAP,winner,winner_p
23066,23066,100,1,0,6,78,85,1,0,84,0.011764705882352941,0.0,0.07058823529411765,0.9176470588235294,0.011764705882352941,0.0,0.9882352941176471,Michael N. Gianaris RECAP,0.9882352941176471
23067,23067,100,0,0,0,68,68,0,0,68,0.0,0.0,0.0,1.0,0.0,0.0,1.0,Michael N. Gianaris RECAP,1.0
30063,30063,100,4,0,15,43,62,4,0,58,0.06451612903225806,0.0,0.24193548387096775,0.6935483870967742,0.06451612903225806,0.0,0.9354838709677419,Michael N. Gianaris RECAP,0.9354838709677419
30035,30063,100,0,0,0,0,0,0,0,0,0,0,0,0,0,0,0,n/a,0
30038,30038,100,4,0,19,94,117,4,0,113,0.03418803418803419,0.0,0.1623931623931624,0.8034188034188035,0.03418803418803419,0.0,0.9658119658119658,Michael N. Gianaris RECAP,0.9658119658119658
30039,30039,100,13,3,35,245,296,13,3,280,0.04391891891891892,0.010135135135135136,0.11824324324324324,0.8277027027027027,0.04391891891891892,0.010135135135135136,0.9459459459459459,Michael N. Gianaris RECAP,0.9459459459459459
30040,30040,100,5,1,27,210,243,5,1,237,0.0205761316872428,0.00411522633744856,0.1111111111111111,0.8641975308641975,0.0205761316872428,0.00411522633744856,0.9753086419753086,Michael N. Gianaris RECAP,0.9753086419753086
30041,30041,100,1,1,7,54,63,1,1,61,0.015873015873015872,0.015873015873015872,0.1111111111111111,0.8571428571428571,0.015873015873015872,0.015873015873015872,0.9682539682539683,Michael N. Gianaris RECAP,0.9682539682539683
30042,30042,100,5,2,18,120,145,5,2,138,0.034482758620689655,0.013793103448275862,0.12413793103448276,0.8275862068965517,0.034482758620689655,0.013793103448275862,0.9517241379310345,Michael N. Gianaris RECAP,0.9517241379310345
30043,30043,100,11,1,26,181,219,11,1,207,0.0502283105022831,0.0045662100456621,0.1187214611872146,0.8264840182648402,0.0502283105022831,0.0045662100456621,0.9452054794520548,Michael N. Gianaris RECAP,0.9452054794520548
30044,30044,100,15,0,19,179,213,15,0,198,0.07042253521126761,0.0,0.0892018779342723,0.8403755868544601,0.07042253521126761,0.0,0.9295774647887324,Michael N. Gianaris RECAP,0.9295774647887324
30045,30045,100,8,0,23,160,191,8,0,183,0.041884816753926704,0.0,0.12041884816753927,0.837696335078534,0.041884816753926704,0.0,0.9581151832460733,Michael N. Gianaris RECAP,0.9581151832460733
30046,30046,100,19,1,44,154,218,19,1,198,0.0871559633027523,0.0045871559633027525,0.2018348623853211,0.7064220183486238,0.0871559633027523,0.0045871559633027525,0.908256880733945,Michael N. Gianaris RECAP,0.908256880733945
30047,30047,100,4,1,18,92,115,4,1,110,0.034782608695652174,0.008695652173913044,0.1565217391304348,0.8,0.034782608695652174,0.008695652173913044,0.9565217391304348,Michael N. Gianaris RECAP,0.9565217391304348
30048,30048,100,18,0,43,268,329,18,0,311,0.0547112462006079,0.0,0.13069908814589665,0.8145896656534954,0.0547112462006079,0.0,0.9452887537993921,Michael N. Gianaris RECAP,0.9452887537993921
30049,30049,100,9,0,38,237,284,9,0,275,0.03169014084507042,0.0,0.13380281690140844,0.8345070422535211,0.03169014084507042,0.0,0.9683098591549296,Michael N. Gianaris RECAP,0.9683098591549296
30050,30050,100,20,1,40,184,245,20,1,224,0.08163265306122448,0.004081632653061225,0.16326530612244897,0.7510204081632653,0.08163265306122448,0.004081632653061225,0.9142857142857143,Michael N. Gianaris RECAP,0.9142857142857143
30051,30051,100,16,1,28,177,222,16,1,205,0.07207207207207207,0.0045045045045045045,0.12612612612612611,0.7972972972972973,0.07207207207207207,0.0045045045045045045,0.9234234234234234,Michael N. Gianaris RECAP,0.9234234234234234
30052,30052,100,5,1,12,137,155,5,1,149,0.03225806451612903,0.0064516129032258064,0.07741935483870968,0.8838709677419355,0.03225806451612903,0.0064516129032258064,0.9612903225806452,Michael N. Gianaris RECAP,0.9612903225806452
30053,30053,100,7,0,14,103,124,7,0,117,0.056451612903225805,0.0,0.11290322580645161,0.8306451612903226,0.056451612903225805,0.0,0.9435483870967742,Michael N. Gianaris RECAP,0.9435483870967742
30056,30056,100,2,0,21,125,148,2,0,146,0.013513513513513514,0.0,0.14189189189189189,0.8445945945945946,0.013513513513513514,0.0,0.9864864864864865,Michael N. Gianaris RECAP,0.9864864864864865
30060,30060,100,9,1,22,91,123,9,1,113,0.07317073170731707,0.008130081300813009,0.17886178861788618,0.7398373983739838,0.07317073170731707,0.008130081300813009,0.9186991869918699,Michael N. Gianaris RECAP,0.9186991869918699
30061,30061,100,13,1,50,272,336,13,1,322,0.03869047619047619,0.002976190476190476,0.1488095238095238,0.8095238095238095,0.03869047619047619,0.002976190476190476,0.9583333333333334,Michael N. Gianaris RECAP,0.9583333333333334
30062,30062,100,5,1,13,65,84,5,1,78,0.05952380952380952,0.011904761904761904,0.15476190476190477,0.7738095238095238,0.05952380952380952,0.011904761904761904,0.9285714285714286,Michael N. Gianaris RECAP,0.9285714285714286
30064,30064,100,8,1,33,115,157,8,1,148,0.050955414012738856,0.006369426751592357,0.21019108280254778,0.732484076433121,0.050955414012738856,0.006369426751592357,0.9426751592356688,Michael N. Gianaris RECAP,0.9426751592356688
30065,30065,100,9,1,51,226,287,9,1,277,0.0313588850174216,0.003484320557491289,0.17770034843205576,0.7874564459930313,0.0313588850174216,0.003484320557491289,0.9651567944250871,Michael N. Gianaris RECAP,0.9651567944250871
30066,30066,100,6,1,28,174,209,6,1,202,0.028708133971291867,0.004784688995215311,0.1339712918660287,0.8325358851674641,0.028708133971291867,0.004784688995215311,0.9665071770334929,Michael N. Gianaris RECAP,0.9665071770334929
30067,30067,100,7,0,26,187,220,7,0,213,0.031818181818181815,0.0,0.11818181818181818,0.85,0.031818181818181815,0.0,0.9681818181818181,Michael N. Gianaris RECAP,0.9681818181818181
30068,30068,100,4,1,16,92,113,4,1,108,0.035398230088495575,0.008849557522123894,0.1415929203539823,0.8141592920353983,0.035398230088495575,0.008849557522123894,0.9557522123893806,Michael N. Gianaris RECAP,0.9557522123893806
30069,30069,100,3,1,23,158,185,3,1,181,0.016216216216216217,0.005405405405405406,0.12432432432432433,0.8540540540540541,0.016216216216216217,0.005405405405405406,0.9783783783783784,Michael N. Gianaris RECAP,0.9783783783783784
30071,30071,100,0,0,0,0,0,0,0,0,0,0,0,0,0,0,0,n/a,0
34047,34047,100,1,0,0,9,10,1,0,9,0.1,0.0,0.0,0.9,0.1,0.0,0.9,Michael N. Gianaris RECAP,0.9
34048,34048,100,4,2,9,62,77,4,2,71,0.05194805194805195,0.025974025974025976,0.11688311688311688,0.8051948051948052,0.05194805194805195,0.025974025974025976,0.922077922077922,Michael N. Gianaris RECAP,0.922077922077922
34049,34049,100,5,1,28,163,197,5,1,191,0.025380710659898477,0.005076142131979695,0.14213197969543148,0.8274111675126904,0.025380710659898477,0.005076142131979695,0.9695431472081218,Michael N. Gianaris RECAP,0.9695431472081218
34050,34050,100,5,1,17,155,178,5,1,172,0.028089887640449437,0.0056179775280898875,0.09550561797752809,0.8707865168539326,0.028089887640449437,0.0056179775280898875,0.9662921348314607,Michael N. Gianaris RECAP,0.9662921348314607
34051,34051,100,3,1,25,169,198,3,1,194,0.015151515151515152,0.005050505050505051,0.12626262626262627,0.8535353535353535,0.015151515151515152,0.005050505050505051,0.9797979797979798,Michael N. Gianaris RECAP,0.9797979797979798
34052,34052,100,7,0,10,100,117,7,0,110,0.05982905982905983,0.0,0.08547008547008547,0.8547008547008547,0.05982905982905983,0.0,0.9401709401709402,Michael N. Gianaris RECAP,0.9401709401709402
34053,34053,100,1,0,1,16,18,1,0,17,0.05555555555555555,0.0,0.05555555555555555,0.8888888888888888,0.05555555555555555,0.0,0.9444444444444444,Michael N. Gianaris RECAP,0.9444444444444444
34055,34053,100,0,0,0,0,0,0,0,0,0,0,0,0,0,0,0,n/a,0
34059,34059,100,0,0,0,4,4,0,0,4,0.0,0.0,0.0,1.0,0.0,0.0,1.0,Michael N. Gianaris RECAP,1.0
34060,34060,100,3,3,17,111,134,3,3,128,0.022388059701492536,0.022388059701492536,0.12686567164179105,0.8283582089552238,0.022388059701492536,0.022388059701492536,0.9552238805970149,Michael N. Gianaris RECAP,0.9552238805970149
36001,36001,100,17,2,78,275,372,17,2,353,0.0456989247311828,0.005376344086021506,0.20967741935483872,0.739247311827957,0.0456989247311828,0.005376344086021506,0.9489247311827957,Michael N. Gianaris RECAP,0.9489247311827957
36002,36002,100,4,0,46,262,312,4,0,308,0.01282051282051282,0.0,0.14743589743589744,0.8397435897435898,0.01282051282051282,0.0,0.9871794871794872,Michael N. Gianaris RECAP,0.9871794871794872
36003,36003,100,4,0,27,136,167,4,0,163,0.023952095808383235,0.0,0.16167664670658682,0.8143712574850299,0.023952095808383235,0.0,0.9760479041916168,Michael N. Gianaris RECAP,0.9760479041916168
36004,36004,100,6,2,37,120,165,6,2,157,0.03636363636363636,0.012121212121212121,0.22424242424242424,0.7272727272727273,0.03636363636363636,0.012121212121212121,0.9515151515151515,Michael N. Gianaris RECAP,0.9515151515151515
36005,36005,100,9,1,33,165,208,9,1,198,0.04326923076923077,0.004807692307692308,0.15865384615384615,0.7932692307692307,0.04326923076923077,0.004807692307692308,0.9519230769230769,Michael N. Gianaris RECAP,0.9519230769230769
36006,36006,100,3,1,25,130,159,3,1,155,0.018867924528301886,0.006289308176100629,0.15723270440251572,0.8176100628930818,0.018867924528301886,0.006289308176100629,0.9748427672955975,Michael N. Gianaris RECAP,0.9748427672955975
36007,36007,100,8,3,22,146,179,8,3,168,0.0446927374301676,0.01675977653631285,0.12290502793296089,0.8156424581005587,0.0446927374301676,0.01675977653631285,0.9385474860335196,Michael N. Gianaris RECAP,0.9385474860335196
36008,36008,100,9,0,42,183,234,9,0,225,0.038461538461538464,0.0,0.1794871794871795,0.782051282051282,0.038461538461538464,0.0,0.9615384615384616,Michael N. Gianaris RECAP,0.9615384615384616
36009,36009,100,12,0,29,252,293,12,0,281,0.040955631399317405,0.0,0.09897610921501707,0.8600682593856656,0.040955631399317405,0.0,0.9590443686006825,Michael N. Gianaris RECAP,0.9590443686006825
36010,36010,100,12,0,32,180,224,12,0,212,0.05357142857142857,0.0,0.14285714285714285,0.8035714285714286,0.05357142857142857,0.0,0.9464285714285714,Michael N. Gianaris RECAP,0.9464285714285714
36011,36011,100,6,1,14,141,162,6,1,155,0.037037037037037035,0.006172839506172839,0.08641975308641975,0.8703703703703703,0.037037037037037035,0.006172839506172839,0.9567901234567902,Michael N. Gianaris RECAP,0.9567901234567902
36012,36012,100,6,0,34,219,259,6,0,253,0.023166023166023165,0.0,0.13127413127413126,0.8455598455598455,0.023166023166023165,0.0,0.9768339768339769,Michael N. Gianaris RECAP,0.9768339768339769
36013,36013,100,13,0,31,193,237,13,0,224,0.05485232067510549,0.0,0.1308016877637131,0.8143459915611815,0.05485232067510549,0.0,0.9451476793248945,Michael N. Gianaris RECAP,0.9451476793248945
36014,36014,100,14,0,17,164,195,14,0,181,0.07179487179487179,0.0,0.08717948717948718,0.841025641025641,0.07179487179487179,0.0,0.9282051282051282,Michael N. Gianaris RECAP,0.9282051282051282
36015,36015,100,8,3,24,126,161,8,3,150,0.049689440993788817,0.018633540372670808,0.14906832298136646,0.782608695652174,0.049689440993788817,0.018633540372670808,0.9316770186335404,Michael N. Gianaris RECAP,0.9316770186335404
36016,36016,100,3,5,27,197,232,3,5,224,0.01293103448275862,0.021551724137931036,0.11637931034482758,0.8491379310344828,0.01293103448275862,0.021551724137931036,0.9655172413793104,Michael N. Gianaris RECAP,0.9655172413793104
36017,36017,100,14,0,31,162,207,14,0,193,0.06763285024154589,0.0,0.1497584541062802,0.782608695652174,0.06763285024154589,0.0,0.9323671497584541,Michael N. Gianaris RECAP,0.9323671497584541
36018,36018,100,7,1,28,157,193,7,1,185,0.03626943005181347,0.0051813471502590676,0.14507772020725387,0.8134715025906736,0.03626943005181347,0.0051813471502590676,0.9585492227979274,Michael N. Gianaris RECAP,0.9585492227979274
36019,36019,100,6,1,26,158,191,6,1,184,0.031413612565445025,0.005235602094240838,0.13612565445026178,0.8272251308900523,0.031413612565445025,0.005235602094240838,0.9633507853403142,Michael N. Gianaris RECAP,0.9633507853403142
36020,36020,100,13,1,47,205,266,13,1,252,0.04887218045112782,0.0037593984962406013,0.17669172932330826,0.7706766917293233,0.04887218045112782,0.0037593984962406013,0.9473684210526315,Michael N. Gianaris RECAP,0.9473684210526315
36021,36021,100,4,2,35,161,202,4,2,196,0.019801980198019802,0.009900990099009901,0.17326732673267325,0.7970297029702971,0.019801980198019802,0.009900990099009901,0.9702970297029703,Michael N. Gianaris RECAP,0.9702970297029703
36022,36022,100,5,0,27,137,169,5,0,164,0.029585798816568046,0.0,0.15976331360946747,0.8106508875739645,0.029585798816568046,0.0,0.9704142011834319,Michael N. Gianaris RECAP,0.9704142011834319
36023,36023,100,3,0,18,101,122,3,0,119,0.02459016393442623,0.0,0.14754098360655737,0.8278688524590164,0.02459016393442623,0.0,0.9754098360655737,Michael N. Gianaris RECAP,0.9754098360655737
36024,36024,100,9,2,25,125,161,9,2,150,0.055900621118012424,0.012422360248447204,0.15527950310559005,0.7763975155279503,0.055900621118012424,0.012422360248447204,0.9316770186335404,Michael N. Gianaris RECAP,0.9316770186335404
36025,36025,100,6,1,17,119,143,6,1,136,0.04195804195804196,0.006993006993006993,0.11888111888111888,0.8321678321678322,0.04195804195804196,0.006993006993006993,0.951048951048951,Michael N. Gianaris RECAP,0.951048951048951
36026,36026,100,6,0,25,72,103,6,0,97,0.05825242718446602,0.0,0.24271844660194175,0.6990291262135923,0.05825242718446602,0.0,0.941747572815534,Michael N. Gianaris RECAP,0.941747572815534
36027,36027,100,8,0,25,97,130,8,0,122,0.06153846153846154,0.0,0.19230769230769232,0.7461538461538462,0.06153846153846154,0.0,0.9384615384615385,Michael N. Gianaris RECAP,0.9384615384615385
36028,36028,100,11,3,13,97,124,11,3,110,0.08870967741935484,0.024193548387096774,0.10483870967741936,0.782258064516129,0.08870967741935484,0.024193548387096774,0.8870967741935484,Michael N. Gianaris RECAP,0.8870967741935484
36029,36029,100,11,1,15,90,117,11,1,105,0.09401709401709402,0.008547008547008548,0.1282051282051282,0.7692307692307693,0.09401709401709402,0.008547008547008548,0.8974358974358975,Michael N. Gianaris RECAP,0.8974358974358975
36030,36030,100,6,2,17,96,121,6,2,113,0.049586776859504134,0.01652892561983471,0.14049586776859505,0.7933884297520661,0.049586776859504134,0.01652892561983471,0.9338842975206612,Michael N. Gianaris RECAP,0.9338842975206612
36031,36031,100,8,1,19,148,176,8,1,167,0.045454545454545456,0.005681818181818182,0.10795454545454546,0.8409090909090909,0.045454545454545456,0.005681818181818182,0.9488636363636364,Michael N. Gianaris RECAP,0.9488636363636364
36032,36032,100,9,1,22,117,149,9,1,139,0.06040268456375839,0.006711409395973154,0.1476510067114094,0.785234899328859,0.06040268456375839,0.006711409395973154,0.9328859060402684,Michael N. Gianaris RECAP,0.9328859060402684
36033,36033,100,7,2,21,196,226,7,2,217,0.030973451327433628,0.008849557522123894,0.09292035398230089,0.8672566371681416,0.030973451327433628,0.008849557522123894,0.9601769911504425,Michael N. Gianaris RECAP,0.9601769911504425
36034,36034,100,7,1,29,159,196,7,1,188,0.03571428571428571,0.00510204081632653,0.14795918367346939,0.8112244897959183,0.03571428571428571,0.00510204081632653,0.9591836734693877,Michael N. Gianaris RECAP,0.9591836734693877
36035,36035,100,9,0,29,174,212,9,0,203,0.04245283018867924,0.0,0.13679245283018868,0.8207547169811321,0.04245283018867924,0.0,0.9575471698113207,Michael N. Gianaris RECAP,0.9575471698113207
36036,36036,100,10,0,44,163,217,10,0,207,0.04608294930875576,0.0,0.20276497695852536,0.7511520737327189,0.04608294930875576,0.0,0.9539170506912442,Michael N. Gianaris RECAP,0.9539170506912442
36037,36037,100,14,2,47,178,241,14,2,225,0.058091286307053944,0.008298755186721992,0.1950207468879668,0.7385892116182573,0.058091286307053944,0.008298755186721992,0.9336099585062241,Michael N. Gianaris RECAP,0.9336099585062241
36038,36038,100,9,0,29,184,222,9,0,213,0.04054054054054054,0.0,0.13063063063063063,0.8288288288288288,0.04054054054054054,0.0,0.9594594594594594,Michael N. Gianaris RECAP,0.9594594594594594
36039,36039,100,11,0,37,193,241,11,0,230,0.04564315352697095,0.0,0.15352697095435686,0.8008298755186722,0.04564315352697095,0.0,0.9543568464730291,Michael N. Gianaris RECAP,0.9543568464730291
36040,36040,100,11,0,34,185,230,11,0,219,0.04782608695652174,0.0,0.14782608695652175,0.8043478260869565,0.04782608695652174,0.0,0.9521739130434783,Michael N. Gianaris RECAP,0.9521739130434783
36041,36041,100,14,2,39,191,246,14,2,230,0.056910569105691054,0.008130081300813009,0.15853658536585366,0.7764227642276422,0.056910569105691054,0.008130081300813009,0.9349593495934959,Michael N. Gianaris RECAP,0.9349593495934959
36042,36042,100,7,0,32,188,227,7,0,220,0.030837004405286344,0.0,0.14096916299559473,0.8281938325991189,0.030837004405286344,0.0,0.9691629955947136,Michael N. Gianaris RECAP,0.9691629955947136
36043,36043,100,0,0,9,25,34,0,0,34,0.0,0.0,0.2647058823529412,0.7352941176470589,0.0,0.0,1.0,Michael N. Gianaris RECAP,1.0
36045,36045,100,3,2,13,79,97,3,2,92,0.030927835051546393,0.020618556701030927,0.13402061855670103,0.8144329896907216,0.030927835051546393,0.020618556701030927,0.9484536082474226,Michael N. Gianaris RECAP,0.9484536082474226
36049,36049,100,5,0,23,131,159,5,0,154,0.031446540880503145,0.0,0.14465408805031446,0.8238993710691824,0.031446540880503145,0.0,0.9685534591194969,Michael N. Gianaris RECAP,0.9685534591194969
36052,36052,100,6,1,28,171,206,6,1,199,0.02912621359223301,0.0048543689320388345,0.13592233009708737,0.8300970873786407,0.02912621359223301,0.0048543689320388345,0.9660194174757282,Michael N. Gianaris RECAP,0.9660194174757282
36064,36064,100,10,2,29,148,189,10,2,177,0.05291005291005291,0.010582010582010581,0.15343915343915343,0.783068783068783,0.05291005291005291,0.010582010582010581,0.9365079365079365,Michael N. Gianaris RECAP,0.9365079365079365
36065,36065,100,0,0,4,45,49,0,0,49,0.0,0.0,0.08163265306122448,0.9183673469387755,0.0,0.0,1.0,Michael N. Gianaris RECAP,1.0
36066,36066,100,7,0,19,92,118,7,0,111,0.059322033898305086,0.0,0.16101694915254236,0.7796610169491526,0.059322033898305086,0.0,0.940677966101695,Michael N. Gianaris RECAP,0.940677966101695
37001,37001,100,15,0,27,193,235,15,0,220,0.06382978723404255,0.0,0.1148936170212766,0.8212765957446808,0.06382978723404255,0.0,0.9361702127659575,Michael N. Gianaris RECAP,0.9361702127659575
37002,37002,100,3,0,9,145,157,3,0,154,0.01910828025477707,0.0,0.05732484076433121,0.9235668789808917,0.01910828025477707,0.0,0.9808917197452229,Michael N. Gianaris RECAP,0.9808917197452229
37003,37003,100,0,0,0,147,147,0,0,147,0.0,0.0,0.0,1.0,0.0,0.0,1.0,Michael N. Gianaris RECAP,1.0
37004,37004,100,1,1,5,153,160,1,1,158,0.00625,0.00625,0.03125,0.95625,0.00625,0.00625,0.9875,Michael N. Gianaris RECAP,0.9875
37005,37005,100,8,0,12,96,116,8,0,108,0.06896551724137931,0.0,0.10344827586206896,0.8275862068965517,0.06896551724137931,0.0,0.9310344827586207,Michael N. Gianaris RECAP,0.9310344827586207
37006,37006,100,8,0,14,72,94,8,0,86,0.0851063829787234,0.0,0.14893617021276595,0.7659574468085106,0.0851063829787234,0.0,0.9148936170212766,Michael N. Gianaris RECAP,0.9148936170212766
37007,37007,100,3,0,7,106,116,3,0,113,0.02586206896551724,0.0,0.0603448275862069,0.9137931034482759,0.02586206896551724,0.0,0.9741379310344828,Michael N. Gianaris RECAP,0.9741379310344828
37008,37008,100,0,0,5,179,184,0,0,184,0.0,0.0,0.02717391304347826,0.9728260869565217,0.0,0.0,1.0,Michael N. Gianaris RECAP,1.0
37009,37009,100,6,0,6,116,128,6,0,122,0.046875,0.0,0.046875,0.90625,0.046875,0.0,0.953125,Michael N. Gianaris RECAP,0.953125
37010,37010,100,10,1,11,172,194,10,1,183,0.05154639175257732,0.005154639175257732,0.05670103092783505,0.8865979381443299,0.05154639175257732,0.005154639175257732,0.9432989690721649,Michael N. Gianaris RECAP,0.9432989690721649
37011,37011,100,6,1,32,169,208,6,1,201,0.028846153846153848,0.004807692307692308,0.15384615384615385,0.8125,0.028846153846153848,0.004807692307692308,0.9663461538461539,Michael N. Gianaris RECAP,0.9663461538461539
37012,37012,100,2,0,4,152,158,2,0,156,0.012658227848101266,0.0,0.02531645569620253,0.9620253164556962,0.012658227848101266,0.0,0.9873417721518988,Michael N. Gianaris RECAP,0.9873417721518988
37013,37013,100,1,0,1,136,138,1,0,137,0.007246376811594203,0.0,0.007246376811594203,0.9855072463768116,0.007246376811594203,0.0,0.9927536231884058,Michael N. Gianaris RECAP,0.9927536231884058
37014,37014,100,1,0,5,156,162,1,0,161,0.006172839506172839,0.0,0.030864197530864196,0.9629629629629629,0.006172839506172839,0.0,0.9938271604938271,Michael N. Gianaris RECAP,0.9938271604938271
37015,37015,100,2,0,6,121,129,2,0,127,0.015503875968992248,0.0,0.046511627906976744,0.937984496124031,0.015503875968992248,0.0,0.9844961240310077,Michael N. Gianaris RECAP,0.9844961240310077
37016,37016,100,1,0,5,145,151,1,0,150,0.006622516556291391,0.0,0.033112582781456956,0.9602649006622517,0.006622516556291391,0.0,0.9933774834437086,Michael N. Gianaris RECAP,0.9933774834437086
37017,37017,100,3,1,4,169,177,3,1,173,0.01694915254237288,0.005649717514124294,0.022598870056497175,0.9548022598870056,0.01694915254237288,0.005649717514124294,0.9774011299435028,Michael N. Gianaris RECAP,0.9774011299435028
37018,37018,100,2,1,56,189,248,2,1,245,0.008064516129032258,0.004032258064516129,0.22580645161290322,0.7620967741935484,0.008064516129032258,0.004032258064516129,0.9879032258064516,Michael N. Gianaris RECAP,0.9879032258064516
37019,37019,100,18,1,67,221,307,18,1,288,0.05863192182410423,0.003257328990228013,0.2182410423452769,0.7198697068403909,0.05863192182410423,0.003257328990228013,0.9381107491856677,Michael N. Gianaris RECAP,0.9381107491856677
37020,37020,100,7,5,30,125,167,7,5,155,0.041916167664670656,0.029940119760479042,0.17964071856287425,0.7485029940119761,0.041916167664670656,0.029940119760479042,0.9281437125748503,Michael N. Gianaris RECAP,0.9281437125748503
37021,37021,100,5,0,23,213,241,5,0,236,0.02074688796680498,0.0,0.0954356846473029,0.8838174273858921,0.02074688796680498,0.0,0.979253112033195,Michael N. Gianaris RECAP,0.979253112033195
37022,37022,100,15,2,54,227,298,15,2,281,0.050335570469798654,0.006711409395973154,0.18120805369127516,0.761744966442953,0.050335570469798654,0.006711409395973154,0.9429530201342282,Michael N. Gianaris RECAP,0.9429530201342282
37023,37023,100,10,3,23,165,201,10,3,188,0.04975124378109453,0.014925373134328358,0.11442786069651742,0.8208955223880597,0.04975124378109453,0.014925373134328358,0.9353233830845771,Michael N. Gianaris RECAP,0.9353233830845771
37024,37024,100,12,1,31,162,206,12,1,193,0.05825242718446602,0.0048543689320388345,0.15048543689320387,0.7864077669902912,0.05825242718446602,0.0048543689320388345,0.9368932038834952,Michael N. Gianaris RECAP,0.9368932038834952
37025,37025,100,1,0,2,31,34,1,0,33,0.029411764705882353,0.0,0.058823529411764705,0.9117647058823529,0.029411764705882353,0.0,0.9705882352941176,Michael N. Gianaris RECAP,0.9705882352941176
37026,37025,100,0,0,0,0,0,0,0,0,0,0,0,0,0,0,0,n/a,0
37027,37027,100,19,0,122,235,376,19,0,357,0.05053191489361702,0.0,0.324468085106383,0.625,0.05053191489361702,0.0,0.949468085106383,Michael N. Gianaris RECAP,0.949468085106383
37028,37028,100,16,1,52,225,294,16,1,277,0.05442176870748299,0.003401360544217687,0.17687074829931973,0.7653061224489796,0.05442176870748299,0.003401360544217687,0.9421768707482994,Michael N. Gianaris RECAP,0.9421768707482994
37029,37029,100,15,2,45,187,249,15,2,232,0.060240963855421686,0.008032128514056224,0.18072289156626506,0.751004016064257,0.060240963855421686,0.008032128514056224,0.9317269076305221,Michael N. Gianaris RECAP,0.9317269076305221
37030,37030,100,14,0,36,191,241,14,0,227,0.058091286307053944,0.0,0.14937759336099585,0.7925311203319502,0.058091286307053944,0.0,0.941908713692946,Michael N. Gianaris RECAP,0.941908713692946
37031,37031,100,12,1,26,189,228,12,1,215,0.05263157894736842,0.0043859649122807015,0.11403508771929824,0.8289473684210527,0.05263157894736842,0.0043859649122807015,0.9429824561403509,Michael N. Gianaris RECAP,0.9429824561403509
37032,37032,100,7,2,24,152,185,7,2,176,0.03783783783783784,0.010810810810810811,0.12972972972972974,0.8216216216216217,0.03783783783783784,0.010810810810810811,0.9513513513513514,Michael N. Gianaris RECAP,0.9513513513513514
37033,37033,100,8,0,10,135,153,8,0,145,0.05228758169934641,0.0,0.06535947712418301,0.8823529411764706,0.05228758169934641,0.0,0.9477124183006536,Michael N. Gianaris RECAP,0.9477124183006536
37034,37034,100,4,0,16,139,159,4,0,155,0.025157232704402517,0.0,0.10062893081761007,0.8742138364779874,0.025157232704402517,0.0,0.9748427672955975,Michael N. Gianaris RECAP,0.9748427672955975
37035,37035,100,6,0,21,190,217,6,0,211,0.027649769585253458,0.0,0.0967741935483871,0.8755760368663594,0.027649769585253458,0.0,0.9723502304147466,Michael N. Gianaris RECAP,0.9723502304147466
37036,37036,100,4,1,49,180,234,4,1,229,0.017094017094017096,0.004273504273504274,0.2094017094017094,0.7692307692307693,0.017094017094017096,0.004273504273504274,0.9786324786324786,Michael N. Gianaris RECAP,0.9786324786324786
37037,37037,100,11,1,60,214,286,11,1,274,0.038461538461538464,0.0034965034965034965,0.2097902097902098,0.7482517482517482,0.038461538461538464,0.0034965034965034965,0.958041958041958,Michael N. Gianaris RECAP,0.958041958041958
37038,37038,100,9,0,46,183,238,9,0,229,0.037815126050420166,0.0,0.19327731092436976,0.7689075630252101,0.037815126050420166,0.0,0.9621848739495799,Michael N. Gianaris RECAP,0.9621848739495799
37039,37039,100,7,0,29,165,201,7,0,194,0.03482587064676617,0.0,0.14427860696517414,0.8208955223880597,0.03482587064676617,0.0,0.9651741293532339,Michael N. Gianaris RECAP,0.9651741293532339
37040,37040,100,0,0,0,0,0,0,0,0,0,0,0,0,0,0,0,n/a,0
37041,37041,100,2,0,6,34,42,2,0,40,0.047619047619047616,0.0,0.14285714285714285,0.8095238095238095,0.047619047619047616,0.0,0.9523809523809523,Michael N. Gianaris RECAP,0.9523809523809523
37051,37051,100,0,0,2,3,5,0,0,5,0.0,0.0,0.4,0.6,0.0,0.0,1.0,Michael N. Gianaris RECAP,1.0
37055,37051,100,0,0,0,0,0,0,0,0,0,0,0,0,0,0,0,n/a,0
37056,37056,100,3,1,14,88,106,3,1,102,0.02830188679245283,0.009433962264150943,0.1320754716981132,0.8301886792452831,0.02830188679245283,0.009433962264150943,0.9622641509433962,Michael N. Gianaris RECAP,0.9622641509433962
37057,37057,100,9,0,29,114,152,9,0,143,0.05921052631578947,0.0,0.19078947368421054,0.75,0.05921052631578947,0.0,0.9407894736842105,Michael N. Gianaris RECAP,0.9407894736842105
37058,37058,100,5,0,27,129,161,5,0,156,0.031055900621118012,0.0,0.16770186335403728,0.8012422360248447,0.031055900621118012,0.0,0.968944099378882,Michael N. Gianaris RECAP,0.968944099378882
37059,37059,100,4,2,24,103,133,4,2,127,0.03007518796992481,0.015037593984962405,0.18045112781954886,0.7744360902255639,0.03007518796992481,0.015037593984962405,0.9548872180451128,Michael N. Gianaris RECAP,0.9548872180451128
37063,37063,100,16,1,27,217,261,16,1,244,0.06130268199233716,0.0038314176245210726,0.10344827586206896,0.8314176245210728,0.06130268199233716,0.0038314176245210726,0.9348659003831418,Michael N. Gianaris RECAP,0.9348659003831418
37064,37064,100,14,2,67,218,301,14,2,285,0.046511627906976744,0.006644518272425249,0.22259136212624583,0.7242524916943521,0.046511627906976744,0.006644518272425249,0.946843853820598,Michael N. Gianaris RECAP,0.946843853820598
37065,37065,100,11,1,27,160,199,11,1,187,0.05527638190954774,0.005025125628140704,0.135678391959799,0.8040201005025126,0.05527638190954774,0.005025125628140704,0.9396984924623115,Michael N. Gianaris RECAP,0.9396984924623115
37067,37067,100,8,1,18,97,124,8,1,115,0.06451612903225806,0.008064516129032258,0.14516129032258066,0.782258064516129,0.06451612903225806,0.008064516129032258,0.9274193548387096,Michael N. Gianaris RECAP,0.9274193548387096
37068,37068,100,8,0,19,106,133,8,0,125,0.06015037593984962,0.0,0.14285714285714285,0.7969924812030075,0.06015037593984962,0.0,0.9398496240601504,Michael N. Gianaris RECAP,0.9398496240601504
37069,37069,100,0,0,0,0,0,0,0,0,0,0,0,0,0,0,0,n/a,0
37070,37070,100,0,0,0,0,0,0,0,0,0,0,0,0,0,0,0,n/a,0
37071,37071,100,0,0,0,0,0,0,0,0,0,0,0,0,0,0,0,n/a,0
37072,37071,100,0,0,0,0,0,0,0,0,0,0,0,0,0,0,0,n/a,0
37073,37073,100,0,0,0,0,0,0,0,0,0,0,0,0,0,0,0,n/a,0
37074,37070,100,0,0,0,0,0,0,0,0,0,0,0,0,0,0,0,n/a,0
38001,38001,100,2,0,19,111,132,2,0,130,0.015151515151515152,0.0,0.14393939393939395,0.8409090909090909,0.015151515151515152,0.0,0.9848484848484849,Michael N. Gianaris RECAP,0.9848484848484849
38002,38002,100,6,0,11,108,125,6,0,119,0.048,0.0,0.088,0.864,0.048,0.0,0.952,Michael N. Gianaris RECAP,0.952
38003,38003,100,4,0,14,101,119,4,0,115,0.03361344537815126,0.0,0.11764705882352941,0.8487394957983193,0.03361344537815126,0.0,0.9663865546218487,Michael N. Gianaris RECAP,0.9663865546218487
38004,38004,100,2,1,15,87,105,2,1,102,0.01904761904761905,0.009523809523809525,0.14285714285714285,0.8285714285714286,0.01904761904761905,0.009523809523809525,0.9714285714285714,Michael N. Gianaris RECAP,0.9714285714285714
38005,38005,100,4,0,8,101,113,4,0,109,0.035398230088495575,0.0,0.07079646017699115,0.8938053097345132,0.035398230088495575,0.0,0.9646017699115044,Michael N. Gianaris RECAP,0.9646017699115044
38006,38006,100,10,1,25,116,152,10,1,141,0.06578947368421052,0.006578947368421052,0.16447368421052633,0.7631578947368421,0.06578947368421052,0.006578947368421052,0.9276315789473685,Michael N. Gianaris RECAP,0.9276315789473685
38007,38007,100,7,0,17,97,121,7,0,114,0.05785123966942149,0.0,0.14049586776859505,0.8016528925619835,0.05785123966942149,0.0,0.9421487603305785,Michael N. Gianaris RECAP,0.9421487603305785
38008,38008,100,22,0,34,121,177,22,0,155,0.12429378531073447,0.0,0.192090395480226,0.6836158192090396,0.12429378531073447,0.0,0.8757062146892656,Michael N. Gianaris RECAP,0.8757062146892656
38009,38009,100,10,3,20,124,157,10,3,144,0.06369426751592357,0.01910828025477707,0.12738853503184713,0.7898089171974523,0.06369426751592357,0.01910828025477707,0.9171974522292994,Michael N. Gianaris RECAP,0.9171974522292994
38010,38010,100,16,1,21,128,166,16,1,149,0.0963855421686747,0.006024096385542169,0.12650602409638553,0.7710843373493976,0.0963855421686747,0.006024096385542169,0.8975903614457831,Michael N. Gianaris RECAP,0.8975903614457831
38011,38011,100,0,0,1,1,2,0,0,2,0.0,0.0,0.5,0.5,0.0,0.0,1.0,Michael N. Gianaris RECAP,1.0
38012,38012,100,10,1,6,63,80,10,1,69,0.125,0.0125,0.075,0.7875,0.125,0.0125,0.8625,Michael N. Gianaris RECAP,0.8625
38013,38013,100,6,0,18,60,84,6,0,78,0.07142857142857142,0.0,0.21428571428571427,0.7142857142857143,0.07142857142857142,0.0,0.9285714285714286,Michael N. Gianaris RECAP,0.9285714285714286
38022,38022,100,18,2,34,214,268,18,2,248,0.06716417910447761,0.007462686567164179,0.12686567164179105,0.7985074626865671,0.06716417910447761,0.007462686567164179,0.9253731343283582,Michael N. Gianaris RECAP,0.9253731343283582
38023,38023,100,6,0,12,111,129,6,0,123,0.046511627906976744,0.0,0.09302325581395349,0.8604651162790697,0.046511627906976744,0.0,0.9534883720930233,Michael N. Gianaris RECAP,0.9534883720930233
38024,38024,100,4,1,5,120,130,4,1,125,0.03076923076923077,0.007692307692307693,0.038461538461538464,0.9230769230769231,0.03076923076923077,0.007692307692307693,0.9615384615384616,Michael N. Gianaris RECAP,0.9615384615384616
38025,38025,100,8,0,7,108,123,8,0,115,0.06504065040650407,0.0,0.056910569105691054,0.8780487804878049,0.06504065040650407,0.0,0.9349593495934959,Michael N. Gianaris RECAP,0.9349593495934959
38026,38026,100,5,0,10,58,73,5,0,68,0.0684931506849315,0.0,0.136986301369863,0.7945205479452054,0.0684931506849315,0.0,0.9315068493150684,Michael N. Gianaris RECAP,0.9315068493150684
38027,38027,100,1,0,6,69,76,1,0,75,0.013157894736842105,0.0,0.07894736842105263,0.9078947368421053,0.013157894736842105,0.0,0.9868421052631579,Michael N. Gianaris RECAP,0.9868421052631579
38029,38029,100,1,0,3,146,150,1,0,149,0.006666666666666667,0.0,0.02,0.9733333333333334,0.006666666666666667,0.0,0.9933333333333333,Michael N. Gianaris RECAP,0.9933333333333333
38045,38045,100,1,0,3,49,53,1,0,52,0.018867924528301886,0.0,0.05660377358490566,0.9245283018867925,0.018867924528301886,0.0,0.9811320754716981,Michael N. Gianaris RECAP,0.9811320754716981
38053,38053,100,3,0,9,31,43,3,0,40,0.06976744186046512,0.0,0.20930232558139536,0.7209302325581395,0.06976744186046512,0.0,0.9302325581395349,Michael N. Gianaris RECAP,0.9302325581395349
38060,38060,100,0,0,0,0,0,0,0,0,0,0,0,0,0,0,0,n/a,0
39032,39032,100,3,1,5,71,80,3,1,76,0.0375,0.0125,0.0625,0.8875,0.0375,0.0125,0.95,Michael N. Gianaris RECAP,0.95
39033,39033,100,7,1,18,109,135,7,1,127,0.05185185185185185,0.007407407407407408,0.13333333333333333,0.8074074074074075,0.05185185185185185,0.007407407407407408,0.9407407407407408,Michael N. Gianaris RECAP,0.9407407407407408
