ED,Reported As,Reporting,Andrew D. Hevesi (Working Families),Andrew D. Hevesi (Democratic),Scattered,Total Votes,Andrew D. Hevesi RECAP,Scattered RECAP,p_Andrew D. Hevesi (Working Families),p_Andrew D. Hevesi (Democratic),p_Scattered,p_Andrew D. Hevesi RECAP,p_Scattered RECAP,winner,winner_p
28001,28001,100,12,80,1,93,92,1,0.12903225806451613,0.8602150537634409,0.010752688172043012,0.989247311827957,0.010752688172043012,Andrew D. Hevesi RECAP,0.989247311827957
28002,28002,100,13,59,4,76,72,4,0.17105263157894737,0.7763157894736842,0.05263157894736842,0.9473684210526315,0.05263157894736842,Andrew D. Hevesi RECAP,0.9473684210526315
28003,28003,100,16,140,0,156,156,0,0.10256410256410256,0.8974358974358975,0.0,1.0,0.0,Andrew D. Hevesi RECAP,1.0
28004,28004,100,7,49,0,56,56,0,0.125,0.875,0.0,1.0,0.0,Andrew D. Hevesi RECAP,1.0
28005,28005,100,9,37,0,46,46,0,0.1956521739130435,0.8043478260869565,0.0,1.0,0.0,Andrew D. Hevesi RECAP,1.0
28006,28006,100,16,81,0,97,97,0,0.16494845360824742,0.8350515463917526,0.0,1.0,0.0,Andrew D. Hevesi RECAP,1.0
28007,28007,100,15,57,0,72,72,0,0.20833333333333334,0.7916666666666666,0.0,1.0,0.0,Andrew D. Hevesi RECAP,1.0
28008,28008,100,8,29,3,40,37,3,0.2,0.725,0.075,0.925,0.075,Andrew D. Hevesi RECAP,0.925
28009,28009,100,19,102,1,122,121,1,0.1557377049180328,0.8360655737704918,0.00819672131147541,0.9918032786885246,0.00819672131147541,Andrew D. Hevesi RECAP,0.9918032786885246
28010,28010,100,23,147,1,171,170,1,0.13450292397660818,0.8596491228070176,0.005847953216374269,0.9941520467836257,0.005847953216374269,Andrew D. Hevesi RECAP,0.9941520467836257
28011,28011,100,12,82,1,95,94,1,0.12631578947368421,0.8631578947368421,0.010526315789473684,0.9894736842105263,0.010526315789473684,Andrew D. Hevesi RECAP,0.9894736842105263
28012,28012,100,26,121,2,149,147,2,0.174496644295302,0.8120805369127517,0.013422818791946308,0.9865771812080537,0.013422818791946308,Andrew D. Hevesi RECAP,0.9865771812080537
28013,28013,100,2,6,0,8,8,0,0.25,0.75,0.0,1.0,0.0,Andrew D. Hevesi RECAP,1.0
28014,28014,100,8,59,1,68,67,1,0.11764705882352941,0.8676470588235294,0.014705882352941176,0.9852941176470589,0.014705882352941176,Andrew D. Hevesi RECAP,0.9852941176470589
28015,28015,100,27,146,4,177,173,4,0.15254237288135594,0.8248587570621468,0.022598870056497175,0.9774011299435028,0.022598870056497175,Andrew D. Hevesi RECAP,0.9774011299435028
28016,28016,100,31,137,7,175,168,7,0.17714285714285713,0.7828571428571428,0.04,0.96,0.04,Andrew D. Hevesi RECAP,0.96
28017,28017,100,36,104,4,144,140,4,0.25,0.7222222222222222,0.027777777777777776,0.9722222222222222,0.027777777777777776,Andrew D. Hevesi RECAP,0.9722222222222222
28018,28018,100,37,181,5,223,218,5,0.16591928251121077,0.8116591928251121,0.02242152466367713,0.9775784753363229,0.02242152466367713,Andrew D. Hevesi RECAP,0.9775784753363229
28019,28019,100,38,216,6,260,254,6,0.14615384615384616,0.8307692307692308,0.023076923076923078,0.9769230769230769,0.023076923076923078,Andrew D. Hevesi RECAP,0.9769230769230769
28020,28020,100,30,205,3,238,235,3,0.12605042016806722,0.8613445378151261,0.012605042016806723,0.9873949579831933,0.012605042016806723,Andrew D. Hevesi RECAP,0.9873949579831933
28021,28021,100,20,226,3,249,246,3,0.08032128514056225,0.9076305220883534,0.012048192771084338,0.9879518072289156,0.012048192771084338,Andrew D. Hevesi RECAP,0.9879518072289156
28022,28022,100,37,228,4,269,265,4,0.137546468401487,0.8475836431226765,0.01486988847583643,0.9851301115241635,0.01486988847583643,Andrew D. Hevesi RECAP,0.9851301115241635
28023,28023,100,37,208,3,248,245,3,0.14919354838709678,0.8387096774193549,0.012096774193548387,0.9879032258064516,0.012096774193548387,Andrew D. Hevesi RECAP,0.9879032258064516
28024,28024,100,11,134,1,146,145,1,0.07534246575342465,0.9178082191780822,0.00684931506849315,0.9931506849315068,0.00684931506849315,Andrew D. Hevesi RECAP,0.9931506849315068
28025,28025,100,22,174,5,201,196,5,0.10945273631840796,0.8656716417910447,0.024875621890547265,0.9751243781094527,0.024875621890547265,Andrew D. Hevesi RECAP,0.9751243781094527
28026,28026,100,8,80,0,88,88,0,0.09090909090909091,0.9090909090909091,0.0,1.0,0.0,Andrew D. Hevesi RECAP,1.0
28027,28027,100,15,78,0,93,93,0,0.16129032258064516,0.8387096774193549,0.0,1.0,0.0,Andrew D. Hevesi RECAP,1.0
28028,28028,100,39,220,2,261,259,2,0.14942528735632185,0.842911877394636,0.007662835249042145,0.9923371647509579,0.007662835249042145,Andrew D. Hevesi RECAP,0.9923371647509579
28029,28029,100,17,183,2,202,200,2,0.08415841584158416,0.905940594059406,0.009900990099009901,0.9900990099009901,0.009900990099009901,Andrew D. Hevesi RECAP,0.9900990099009901
28030,28030,100,25,140,2,167,165,2,0.1497005988023952,0.8383233532934131,0.011976047904191617,0.9880239520958084,0.011976047904191617,Andrew D. Hevesi RECAP,0.9880239520958084
28031,28031,100,35,245,2,282,280,2,0.12411347517730496,0.8687943262411347,0.0070921985815602835,0.9929078014184397,0.0070921985815602835,Andrew D. Hevesi RECAP,0.9929078014184397
28032,28032,100,14,116,2,132,130,2,0.10606060606060606,0.8787878787878788,0.015151515151515152,0.9848484848484849,0.015151515151515152,Andrew D. Hevesi RECAP,0.9848484848484849
28033,28033,100,0,7,0,7,7,0,0.0,1.0,0.0,1.0,0.0,Andrew D. Hevesi RECAP,1.0
28034,28034,100,5,20,0,25,25,0,0.2,0.8,0.0,1.0,0.0,Andrew D. Hevesi RECAP,1.0
28035,28035,100,33,223,2,258,256,2,0.12790697674418605,0.8643410852713178,0.007751937984496124,0.9922480620155039,0.007751937984496124,Andrew D. Hevesi RECAP,0.9922480620155039
28036,28036,100,36,189,3,228,225,3,0.15789473684210525,0.8289473684210527,0.013157894736842105,0.9868421052631579,0.013157894736842105,Andrew D. Hevesi RECAP,0.9868421052631579
28037,28037,100,24,165,1,190,189,1,0.12631578947368421,0.868421052631579,0.005263157894736842,0.9947368421052631,0.005263157894736842,Andrew D. Hevesi RECAP,0.9947368421052631
28038,28038,100,31,186,2,219,217,2,0.1415525114155251,0.8493150684931506,0.0091324200913242,0.9908675799086758,0.0091324200913242,Andrew D. Hevesi RECAP,0.9908675799086758
28039,28039,100,27,220,3,250,247,3,0.108,0.88,0.012,0.988,0.012,Andrew D. Hevesi RECAP,0.988
28040,28040,100,30,195,4,229,225,4,0.13100436681222707,0.851528384279476,0.017467248908296942,0.982532751091703,0.017467248908296942,Andrew D. Hevesi RECAP,0.982532751091703
28041,28041,100,29,172,1,202,201,1,0.14356435643564355,0.8514851485148515,0.0049504950495049506,0.995049504950495,0.0049504950495049506,Andrew D. Hevesi RECAP,0.995049504950495
28042,28042,100,20,219,4,243,239,4,0.0823045267489712,0.9012345679012346,0.01646090534979424,0.9835390946502057,0.01646090534979424,Andrew D. Hevesi RECAP,0.9835390946502057
28043,28043,100,20,140,1,161,160,1,0.12422360248447205,0.8695652173913043,0.006211180124223602,0.9937888198757764,0.006211180124223602,Andrew D. Hevesi RECAP,0.9937888198757764
28044,28044,100,27,178,2,207,205,2,0.13043478260869565,0.8599033816425121,0.00966183574879227,0.9903381642512077,0.00966183574879227,Andrew D. Hevesi RECAP,0.9903381642512077
28045,28045,100,15,129,3,147,144,3,0.10204081632653061,0.8775510204081632,0.02040816326530612,0.9795918367346939,0.02040816326530612,Andrew D. Hevesi RECAP,0.9795918367346939
28046,28046,100,26,180,3,209,206,3,0.12440191387559808,0.861244019138756,0.014354066985645933,0.9856459330143541,0.014354066985645933,Andrew D. Hevesi RECAP,0.9856459330143541
28047,28047,100,37,268,1,306,305,1,0.12091503267973856,0.8758169934640523,0.0032679738562091504,0.9967320261437909,0.0032679738562091504,Andrew D. Hevesi RECAP,0.9967320261437909
28048,28048,100,31,223,5,259,254,5,0.11969111969111969,0.861003861003861,0.019305019305019305,0.9806949806949807,0.019305019305019305,Andrew D. Hevesi RECAP,0.9806949806949807
28049,28049,100,13,117,1,131,130,1,0.09923664122137404,0.8931297709923665,0.007633587786259542,0.9923664122137404,0.007633587786259542,Andrew D. Hevesi RECAP,0.9923664122137404
28050,28050,100,18,149,2,169,167,2,0.10650887573964497,0.8816568047337278,0.011834319526627219,0.9881656804733728,0.011834319526627219,Andrew D. Hevesi RECAP,0.9881656804733728
28051,28051,100,13,136,0,149,149,0,0.087248322147651,0.912751677852349,0.0,1.0,0.0,Andrew D. Hevesi RECAP,1.0
28052,28052,100,5,58,1,64,63,1,0.078125,0.90625,0.015625,0.984375,0.015625,Andrew D. Hevesi RECAP,0.984375
28053,28053,100,13,118,2,133,131,2,0.09774436090225563,0.8872180451127819,0.015037593984962405,0.9849624060150376,0.015037593984962405,Andrew D. Hevesi RECAP,0.9849624060150376
28054,28054,100,4,36,0,40,40,0,0.1,0.9,0.0,1.0,0.0,Andrew D. Hevesi RECAP,1.0
28055,28055,100,5,33,0,38,38,0,0.13157894736842105,0.868421052631579,0.0,1.0,0.0,Andrew D. Hevesi RECAP,1.0
28056,28056,100,14,114,2,130,128,2,0.1076923076923077,0.8769230769230769,0.015384615384615385,0.9846153846153847,0.015384615384615385,Andrew D. Hevesi RECAP,0.9846153846153847
28057,28057,100,12,87,3,102,99,3,0.11764705882352941,0.8529411764705882,0.029411764705882353,0.9705882352941176,0.029411764705882353,Andrew D. Hevesi RECAP,0.9705882352941176
28058,28058,100,16,111,1,128,127,1,0.125,0.8671875,0.0078125,0.9921875,0.0078125,Andrew D. Hevesi RECAP,0.9921875
28059,28059,100,2,9,0,11,11,0,0.18181818181818182,0.8181818181818182,0.0,1.0,0.0,Andrew D. Hevesi RECAP,1.0
28060,28060,100,16,165,1,182,181,1,0.08791208791208792,0.9065934065934066,0.005494505494505495,0.9945054945054945,0.005494505494505495,Andrew D. Hevesi RECAP,0.9945054945054945
28061,28061,100,18,112,2,132,130,2,0.13636363636363635,0.8484848484848485,0.015151515151515152,0.9848484848484849,0.015151515151515152,Andrew D. Hevesi RECAP,0.9848484848484849
28062,28062,100,28,139,1,168,167,1,0.16666666666666666,0.8273809523809523,0.005952380952380952,0.9940476190476191,0.005952380952380952,Andrew D. Hevesi RECAP,0.9940476190476191
28063,28063,100,32,149,4,185,181,4,0.17297297297297298,0.8054054054054054,0.021621621621621623,0.9783783783783784,0.021621621621621623,Andrew D. Hevesi RECAP,0.9783783783783784
28064,28064,100,35,128,0,163,163,0,0.2147239263803681,0.7852760736196319,0.0,1.0,0.0,Andrew D. Hevesi RECAP,1.0
28065,28065,100,34,183,3,220,217,3,0.15454545454545454,0.8318181818181818,0.013636363636363636,0.9863636363636363,0.013636363636363636,Andrew D. Hevesi RECAP,0.9863636363636363
28066,28066,100,33,209,6,248,242,6,0.13306451612903225,0.842741935483871,0.024193548387096774,0.9758064516129032,0.024193548387096774,Andrew D. Hevesi RECAP,0.9758064516129032
28067,28067,100,21,162,4,187,183,4,0.11229946524064172,0.8663101604278075,0.0213903743315508,0.9786096256684492,0.0213903743315508,Andrew D. Hevesi RECAP,0.9786096256684492
28068,28068,100,28,176,2,206,204,2,0.13592233009708737,0.8543689320388349,0.009708737864077669,0.9902912621359223,0.009708737864077669,Andrew D. Hevesi RECAP,0.9902912621359223
28069,28069,100,15,102,0,117,117,0,0.1282051282051282,0.8717948717948718,0.0,1.0,0.0,Andrew D. Hevesi RECAP,1.0
28070,28070,100,50,129,2,181,179,2,0.27624309392265195,0.712707182320442,0.011049723756906077,0.988950276243094,0.011049723756906077,Andrew D. Hevesi RECAP,0.988950276243094
28071,28071,100,40,156,2,198,196,2,0.20202020202020202,0.7878787878787878,0.010101010101010102,0.98989898989899,0.010101010101010102,Andrew D. Hevesi RECAP,0.98989898989899
28072,28072,100,20,98,1,119,118,1,0.16806722689075632,0.8235294117647058,0.008403361344537815,0.9915966386554622,0.008403361344537815,Andrew D. Hevesi RECAP,0.9915966386554622
28073,28073,100,35,137,0,172,172,0,0.20348837209302326,0.7965116279069767,0.0,1.0,0.0,Andrew D. Hevesi RECAP,1.0
28074,28074,100,30,133,3,166,163,3,0.18072289156626506,0.8012048192771084,0.018072289156626505,0.9819277108433735,0.018072289156626505,Andrew D. Hevesi RECAP,0.9819277108433735
28075,28075,100,44,164,1,209,208,1,0.21052631578947367,0.784688995215311,0.004784688995215311,0.9952153110047847,0.004784688995215311,Andrew D. Hevesi RECAP,0.9952153110047847
28076,28076,100,25,139,4,168,164,4,0.1488095238095238,0.8273809523809523,0.023809523809523808,0.9761904761904762,0.023809523809523808,Andrew D. Hevesi RECAP,0.9761904761904762
28077,28077,100,31,152,1,184,183,1,0.16847826086956522,0.8260869565217391,0.005434782608695652,0.9945652173913043,0.005434782608695652,Andrew D. Hevesi RECAP,0.9945652173913043
28078,28078,100,15,103,3,121,118,3,0.12396694214876033,0.8512396694214877,0.024793388429752067,0.9752066115702479,0.024793388429752067,Andrew D. Hevesi RECAP,0.9752066115702479
28079,28079,100,0,0,0,0,0,0,0,0,0,0,0,n/a,0
