ED,Reported As,Reporting,Aravella Simotas (Working Families),Aravella Simotas (Democratic),Scattered,Total Votes,Aravella Simotas RECAP,Scattered RECAP,p_Aravella Simotas (Working Families),p_Aravella Simotas (Democratic),p_Scattered,p_Aravella Simotas RECAP,p_Scattered RECAP,winner,winner_p
36001,36001,100,87,266,2,355,353,2,0.24507042253521127,0.7492957746478873,0.005633802816901409,0.9943661971830986,0.005633802816901409,Aravella Simotas RECAP,0.9943661971830986
36002,36002,100,42,259,1,302,301,1,0.1390728476821192,0.8576158940397351,0.0033112582781456954,0.9966887417218543,0.0033112582781456954,Aravella Simotas RECAP,0.9966887417218543
36003,36003,100,28,133,0,161,161,0,0.17391304347826086,0.8260869565217391,0.0,1.0,0.0,Aravella Simotas RECAP,1.0
36004,36004,100,40,114,3,157,154,3,0.25477707006369427,0.7261146496815286,0.01910828025477707,0.9808917197452229,0.01910828025477707,Aravella Simotas RECAP,0.9808917197452229
36005,36005,100,38,162,2,202,200,2,0.18811881188118812,0.801980198019802,0.009900990099009901,0.9900990099009901,0.009900990099009901,Aravella Simotas RECAP,0.9900990099009901
36006,36006,100,25,125,0,150,150,0,0.16666666666666666,0.8333333333333334,0.0,1.0,0.0,Aravella Simotas RECAP,1.0
36007,36007,100,26,141,2,169,167,2,0.15384615384615385,0.834319526627219,0.011834319526627219,0.9881656804733728,0.011834319526627219,Aravella Simotas RECAP,0.9881656804733728
36008,36008,100,38,182,1,221,220,1,0.17194570135746606,0.8235294117647058,0.004524886877828055,0.995475113122172,0.004524886877828055,Aravella Simotas RECAP,0.995475113122172
36009,36009,100,33,248,0,281,281,0,0.11743772241992882,0.8825622775800712,0.0,1.0,0.0,Aravella Simotas RECAP,1.0
36010,36010,100,30,173,2,205,203,2,0.14634146341463414,0.8439024390243902,0.00975609756097561,0.9902439024390244,0.00975609756097561,Aravella Simotas RECAP,0.9902439024390244
36011,36011,100,15,140,1,156,155,1,0.09615384615384616,0.8974358974358975,0.00641025641025641,0.9935897435897436,0.00641025641025641,Aravella Simotas RECAP,0.9935897435897436
36012,36012,100,30,221,0,251,251,0,0.11952191235059761,0.8804780876494024,0.0,1.0,0.0,Aravella Simotas RECAP,1.0
36013,36013,100,30,195,4,229,225,4,0.13100436681222707,0.851528384279476,0.017467248908296942,0.982532751091703,0.017467248908296942,Aravella Simotas RECAP,0.982532751091703
36014,36014,100,18,159,2,179,177,2,0.1005586592178771,0.888268156424581,0.0111731843575419,0.9888268156424581,0.0111731843575419,Aravella Simotas RECAP,0.9888268156424581
36015,36015,100,23,123,5,151,146,5,0.152317880794702,0.8145695364238411,0.033112582781456956,0.9668874172185431,0.033112582781456956,Aravella Simotas RECAP,0.9668874172185431
36016,36016,100,28,189,5,222,217,5,0.12612612612612611,0.8513513513513513,0.02252252252252252,0.9774774774774775,0.02252252252252252,Aravella Simotas RECAP,0.9774774774774775
36017,36017,100,28,170,0,198,198,0,0.1414141414141414,0.8585858585858586,0.0,1.0,0.0,Aravella Simotas RECAP,1.0
36018,36018,100,29,148,3,180,177,3,0.16111111111111112,0.8222222222222222,0.016666666666666666,0.9833333333333333,0.016666666666666666,Aravella Simotas RECAP,0.9833333333333333
36019,36019,100,27,147,1,175,174,1,0.15428571428571428,0.84,0.005714285714285714,0.9942857142857143,0.005714285714285714,Aravella Simotas RECAP,0.9942857142857143
36020,36020,100,49,204,1,254,253,1,0.19291338582677164,0.8031496062992126,0.003937007874015748,0.9960629921259843,0.003937007874015748,Aravella Simotas RECAP,0.9960629921259843
36021,36021,100,40,154,1,195,194,1,0.20512820512820512,0.7897435897435897,0.005128205128205128,0.9948717948717949,0.005128205128205128,Aravella Simotas RECAP,0.9948717948717949
36022,36022,100,25,138,0,163,163,0,0.15337423312883436,0.8466257668711656,0.0,1.0,0.0,Aravella Simotas RECAP,1.0
36023,36023,100,18,106,0,124,124,0,0.14516129032258066,0.8548387096774194,0.0,1.0,0.0,Aravella Simotas RECAP,1.0
36024,36024,100,35,121,1,157,156,1,0.2229299363057325,0.7707006369426752,0.006369426751592357,0.9936305732484076,0.006369426751592357,Aravella Simotas RECAP,0.9936305732484076
36025,36025,100,21,119,1,141,140,1,0.14893617021276595,0.8439716312056738,0.0070921985815602835,0.9929078014184397,0.0070921985815602835,Aravella Simotas RECAP,0.9929078014184397
36026,36026,100,24,74,0,98,98,0,0.24489795918367346,0.7551020408163265,0.0,1.0,0.0,Aravella Simotas RECAP,1.0
36027,36027,100,24,88,2,114,112,2,0.21052631578947367,0.7719298245614035,0.017543859649122806,0.9824561403508771,0.017543859649122806,Aravella Simotas RECAP,0.9824561403508771
36028,36028,100,16,94,4,114,110,4,0.14035087719298245,0.8245614035087719,0.03508771929824561,0.9649122807017544,0.03508771929824561,Aravella Simotas RECAP,0.9649122807017544
36029,36029,100,19,88,2,109,107,2,0.1743119266055046,0.8073394495412844,0.01834862385321101,0.981651376146789,0.01834862385321101,Aravella Simotas RECAP,0.981651376146789
36030,36030,100,22,90,3,115,112,3,0.19130434782608696,0.782608695652174,0.02608695652173913,0.9739130434782609,0.02608695652173913,Aravella Simotas RECAP,0.9739130434782609
36031,36031,100,23,146,1,170,169,1,0.13529411764705881,0.8588235294117647,0.0058823529411764705,0.9941176470588236,0.0058823529411764705,Aravella Simotas RECAP,0.9941176470588236
36032,36032,100,26,114,2,142,140,2,0.18309859154929578,0.8028169014084507,0.014084507042253521,0.9859154929577465,0.014084507042253521,Aravella Simotas RECAP,0.9859154929577465
36033,36033,100,21,190,4,215,211,4,0.09767441860465116,0.8837209302325582,0.018604651162790697,0.9813953488372092,0.018604651162790697,Aravella Simotas RECAP,0.9813953488372092
36034,36034,100,32,152,1,185,184,1,0.17297297297297298,0.8216216216216217,0.005405405405405406,0.9945945945945946,0.005405405405405406,Aravella Simotas RECAP,0.9945945945945946
36035,36035,100,32,166,2,200,198,2,0.16,0.83,0.01,0.99,0.01,Aravella Simotas RECAP,0.99
36036,36036,100,53,160,0,213,213,0,0.24882629107981222,0.7511737089201878,0.0,1.0,0.0,Aravella Simotas RECAP,1.0
36037,36037,100,53,179,2,234,232,2,0.2264957264957265,0.7649572649572649,0.008547008547008548,0.9914529914529915,0.008547008547008548,Aravella Simotas RECAP,0.9914529914529915
36038,36038,100,36,185,1,222,221,1,0.16216216216216217,0.8333333333333334,0.0045045045045045045,0.9954954954954955,0.0045045045045045045,Aravella Simotas RECAP,0.9954954954954955
36039,36039,100,36,179,3,218,215,3,0.1651376146788991,0.8211009174311926,0.013761467889908258,0.9862385321100917,0.013761467889908258,Aravella Simotas RECAP,0.9862385321100917
36040,36040,100,34,183,2,219,217,2,0.1552511415525114,0.8356164383561644,0.0091324200913242,0.9908675799086758,0.0091324200913242,Aravella Simotas RECAP,0.9908675799086758
36041,36041,100,48,186,4,238,234,4,0.20168067226890757,0.7815126050420168,0.01680672268907563,0.9831932773109243,0.01680672268907563,Aravella Simotas RECAP,0.9831932773109243
36042,36042,100,31,183,3,217,214,3,0.14285714285714285,0.8433179723502304,0.013824884792626729,0.9861751152073732,0.013824884792626729,Aravella Simotas RECAP,0.9861751152073732
36043,36043,100,8,24,0,32,32,0,0.25,0.75,0.0,1.0,0.0,Aravella Simotas RECAP,1.0
36044,36044,100,0,14,0,14,14,0,0.0,1.0,0.0,1.0,0.0,Aravella Simotas RECAP,1.0
36045,36045,100,14,80,2,96,94,2,0.14583333333333334,0.8333333333333334,0.020833333333333332,0.9791666666666666,0.020833333333333332,Aravella Simotas RECAP,0.9791666666666666
36046,36046,100,16,98,2,116,114,2,0.13793103448275862,0.8448275862068966,0.017241379310344827,0.9827586206896551,0.017241379310344827,Aravella Simotas RECAP,0.9827586206896551
36047,36047,100,24,134,0,158,158,0,0.1518987341772152,0.8481012658227848,0.0,1.0,0.0,Aravella Simotas RECAP,1.0
36048,36048,100,23,117,1,141,140,1,0.16312056737588654,0.8297872340425532,0.0070921985815602835,0.9929078014184397,0.0070921985815602835,Aravella Simotas RECAP,0.9929078014184397
36049,36049,100,26,120,1,147,146,1,0.17687074829931973,0.8163265306122449,0.006802721088435374,0.9931972789115646,0.006802721088435374,Aravella Simotas RECAP,0.9931972789115646
36050,36050,100,4,42,0,46,46,0,0.08695652173913043,0.9130434782608695,0.0,1.0,0.0,Aravella Simotas RECAP,1.0
36051,36051,100,0,15,0,15,15,0,0.0,1.0,0.0,1.0,0.0,Aravella Simotas RECAP,1.0
36052,36052,100,30,169,0,199,199,0,0.1507537688442211,0.8492462311557789,0.0,1.0,0.0,Aravella Simotas RECAP,1.0
36053,36053,100,30,157,1,188,187,1,0.1595744680851064,0.8351063829787234,0.005319148936170213,0.9946808510638298,0.005319148936170213,Aravella Simotas RECAP,0.9946808510638298
36054,36054,100,16,95,2,113,111,2,0.1415929203539823,0.8407079646017699,0.017699115044247787,0.9823008849557522,0.017699115044247787,Aravella Simotas RECAP,0.9823008849557522
36055,36055,100,39,146,1,186,185,1,0.20967741935483872,0.7849462365591398,0.005376344086021506,0.9946236559139785,0.005376344086021506,Aravella Simotas RECAP,0.9946236559139785
36056,36056,100,28,99,2,129,127,2,0.21705426356589147,0.7674418604651163,0.015503875968992248,0.9844961240310077,0.015503875968992248,Aravella Simotas RECAP,0.9844961240310077
36057,36057,100,27,133,1,161,160,1,0.16770186335403728,0.8260869565217391,0.006211180124223602,0.9937888198757764,0.006211180124223602,Aravella Simotas RECAP,0.9937888198757764
36058,36058,100,25,138,0,163,163,0,0.15337423312883436,0.8466257668711656,0.0,1.0,0.0,Aravella Simotas RECAP,1.0
36059,36059,100,35,112,6,153,147,6,0.22875816993464052,0.7320261437908496,0.0392156862745098,0.9607843137254902,0.0392156862745098,Aravella Simotas RECAP,0.9607843137254902
36060,36060,100,27,138,3,168,165,3,0.16071428571428573,0.8214285714285714,0.017857142857142856,0.9821428571428571,0.017857142857142856,Aravella Simotas RECAP,0.9821428571428571
36061,36061,100,24,136,4,164,160,4,0.14634146341463414,0.8292682926829268,0.024390243902439025,0.975609756097561,0.024390243902439025,Aravella Simotas RECAP,0.975609756097561
36062,36062,100,16,117,0,133,133,0,0.12030075187969924,0.8796992481203008,0.0,1.0,0.0,Aravella Simotas RECAP,1.0
36063,36063,100,12,132,0,144,144,0,0.08333333333333333,0.9166666666666666,0.0,1.0,0.0,Aravella Simotas RECAP,1.0
36064,36064,100,32,138,1,171,170,1,0.1871345029239766,0.8070175438596491,0.005847953216374269,0.9941520467836257,0.005847953216374269,Aravella Simotas RECAP,0.9941520467836257
36065,36065,100,5,44,0,49,49,0,0.10204081632653061,0.8979591836734694,0.0,1.0,0.0,Aravella Simotas RECAP,1.0
36066,36066,100,20,93,0,113,113,0,0.17699115044247787,0.8230088495575221,0.0,1.0,0.0,Aravella Simotas RECAP,1.0
36067,36067,100,23,118,1,142,141,1,0.1619718309859155,0.8309859154929577,0.007042253521126761,0.9929577464788732,0.007042253521126761,Aravella Simotas RECAP,0.9929577464788732
36068,36068,100,0,0,0,0,0,0,0,0,0,0,0,n/a,0
36069,36050,100,0,0,0,0,0,0,0,0,0,0,0,n/a,0
36070,36044,100,0,0,0,0,0,0,0,0,0,0,0,n/a,0
36071,36071,100,0,0,0,0,0,0,0,0,0,0,0,n/a,0
