ED,Reported As,Reporting,Grace Meng (Democratic),Grace Meng (Working Families),Scattered,Total Votes,Grace Meng RECAP,Scattered RECAP,p_Grace Meng (Democratic),p_Grace Meng (Working Families),p_Scattered,p_Grace Meng RECAP,p_Scattered RECAP,winner,winner_p
24016,24016,100,95,14,0,109,109,0,0.8715596330275229,0.12844036697247707,0.0,1.0,0.0,Grace Meng RECAP,1.0
24017,24017,100,197,22,3,222,219,3,0.8873873873873874,0.0990990990990991,0.013513513513513514,0.9864864864864865,0.013513513513513514,Grace Meng RECAP,0.9864864864864865
24018,24018,100,206,39,2,247,245,2,0.8340080971659919,0.15789473684210525,0.008097165991902834,0.9919028340080972,0.008097165991902834,Grace Meng RECAP,0.9919028340080972
24019,24019,100,217,26,4,247,243,4,0.8785425101214575,0.10526315789473684,0.016194331983805668,0.9838056680161943,0.016194331983805668,Grace Meng RECAP,0.9838056680161943
24020,24020,100,245,23,4,272,268,4,0.9007352941176471,0.08455882352941177,0.014705882352941176,0.9852941176470589,0.014705882352941176,Grace Meng RECAP,0.9852941176470589
24021,24021,100,267,22,5,294,289,5,0.9081632653061225,0.07482993197278912,0.017006802721088437,0.9829931972789115,0.017006802721088437,Grace Meng RECAP,0.9829931972789115
24022,24022,100,117,16,3,136,133,3,0.8602941176470589,0.11764705882352941,0.022058823529411766,0.9779411764705882,0.022058823529411766,Grace Meng RECAP,0.9779411764705882
24023,24023,100,12,3,0,15,15,0,0.8,0.2,0.0,1.0,0.0,Grace Meng RECAP,1.0
24024,24024,100,217,36,2,255,253,2,0.8509803921568627,0.1411764705882353,0.00784313725490196,0.9921568627450981,0.00784313725490196,Grace Meng RECAP,0.9921568627450981
24025,24025,100,228,31,6,265,259,6,0.8603773584905661,0.1169811320754717,0.022641509433962263,0.9773584905660377,0.022641509433962263,Grace Meng RECAP,0.9773584905660377
24041,24041,100,40,5,1,46,45,1,0.8695652173913043,0.10869565217391304,0.021739130434782608,0.9782608695652174,0.021739130434782608,Grace Meng RECAP,0.9782608695652174
24042,24042,100,71,11,0,82,82,0,0.8658536585365854,0.13414634146341464,0.0,1.0,0.0,Grace Meng RECAP,1.0
24043,24043,100,211,13,0,224,224,0,0.9419642857142857,0.05803571428571429,0.0,1.0,0.0,Grace Meng RECAP,1.0
24044,24044,100,92,10,0,102,102,0,0.9019607843137255,0.09803921568627451,0.0,1.0,0.0,Grace Meng RECAP,1.0
24045,24045,100,100,17,2,119,117,2,0.8403361344537815,0.14285714285714285,0.01680672268907563,0.9831932773109243,0.01680672268907563,Grace Meng RECAP,0.9831932773109243
24046,24046,100,104,12,1,117,116,1,0.8888888888888888,0.10256410256410256,0.008547008547008548,0.9914529914529915,0.008547008547008548,Grace Meng RECAP,0.9914529914529915
24047,24047,100,123,13,0,136,136,0,0.9044117647058824,0.09558823529411764,0.0,1.0,0.0,Grace Meng RECAP,1.0
24048,24048,100,42,0,1,43,42,1,0.9767441860465116,0.0,0.023255813953488372,0.9767441860465116,0.023255813953488372,Grace Meng RECAP,0.9767441860465116
24049,24049,100,225,36,5,266,261,5,0.8458646616541353,0.13533834586466165,0.018796992481203006,0.981203007518797,0.018796992481203006,Grace Meng RECAP,0.981203007518797
24050,24050,100,137,12,2,151,149,2,0.9072847682119205,0.07947019867549669,0.013245033112582781,0.9867549668874173,0.013245033112582781,Grace Meng RECAP,0.9867549668874173
24051,24051,100,162,12,2,176,174,2,0.9204545454545454,0.06818181818181818,0.011363636363636364,0.9886363636363636,0.011363636363636364,Grace Meng RECAP,0.9886363636363636
24052,24052,100,118,10,2,130,128,2,0.9076923076923077,0.07692307692307693,0.015384615384615385,0.9846153846153847,0.015384615384615385,Grace Meng RECAP,0.9846153846153847
24053,24053,100,183,19,2,204,202,2,0.8970588235294118,0.09313725490196079,0.00980392156862745,0.9901960784313726,0.00980392156862745,Grace Meng RECAP,0.9901960784313726
24054,24054,100,141,13,1,155,154,1,0.9096774193548387,0.08387096774193549,0.0064516129032258064,0.9935483870967742,0.0064516129032258064,Grace Meng RECAP,0.9935483870967742
24055,24055,100,112,4,0,116,116,0,0.9655172413793104,0.034482758620689655,0.0,1.0,0.0,Grace Meng RECAP,1.0
24056,24056,100,13,0,1,14,13,1,0.9285714285714286,0.0,0.07142857142857142,0.9285714285714286,0.07142857142857142,Grace Meng RECAP,0.9285714285714286
24062,24062,100,118,5,1,124,123,1,0.9516129032258065,0.04032258064516129,0.008064516129032258,0.9919354838709677,0.008064516129032258,Grace Meng RECAP,0.9919354838709677
24067,24067,100,98,7,0,105,105,0,0.9333333333333333,0.06666666666666667,0.0,1.0,0.0,Grace Meng RECAP,1.0
24078,24078,100,136,8,0,144,144,0,0.9444444444444444,0.05555555555555555,0.0,1.0,0.0,Grace Meng RECAP,1.0
24080,24080,100,0,0,0,0,0,0,0,0,0,0,0,n/a,0
24083,24080,100,0,0,0,0,0,0,0,0,0,0,0,n/a,0
25001,25001,100,152,23,3,178,175,3,0.8539325842696629,0.12921348314606743,0.016853932584269662,0.9831460674157303,0.016853932584269662,Grace Meng RECAP,0.9831460674157303
25002,25002,100,16,2,1,19,18,1,0.8421052631578947,0.10526315789473684,0.05263157894736842,0.9473684210526315,0.05263157894736842,Grace Meng RECAP,0.9473684210526315
25003,25003,100,151,9,4,164,160,4,0.9207317073170732,0.054878048780487805,0.024390243902439025,0.975609756097561,0.024390243902439025,Grace Meng RECAP,0.975609756097561
25004,25004,100,130,23,1,154,153,1,0.8441558441558441,0.14935064935064934,0.006493506493506494,0.9935064935064936,0.006493506493506494,Grace Meng RECAP,0.9935064935064936
25005,25005,100,27,3,1,31,30,1,0.8709677419354839,0.0967741935483871,0.03225806451612903,0.967741935483871,0.03225806451612903,Grace Meng RECAP,0.967741935483871
25006,25006,100,106,5,1,112,111,1,0.9464285714285714,0.044642857142857144,0.008928571428571428,0.9910714285714286,0.008928571428571428,Grace Meng RECAP,0.9910714285714286
25007,25007,100,198,18,2,218,216,2,0.908256880733945,0.08256880733944955,0.009174311926605505,0.9908256880733946,0.009174311926605505,Grace Meng RECAP,0.9908256880733946
25008,25008,100,116,20,0,136,136,0,0.8529411764705882,0.14705882352941177,0.0,1.0,0.0,Grace Meng RECAP,1.0
25009,25009,100,34,4,2,40,38,2,0.85,0.1,0.05,0.95,0.05,Grace Meng RECAP,0.95
25010,25010,100,177,14,4,195,191,4,0.9076923076923077,0.07179487179487179,0.020512820512820513,0.9794871794871794,0.020512820512820513,Grace Meng RECAP,0.9794871794871794
25011,25011,100,137,19,2,158,156,2,0.8670886075949367,0.12025316455696203,0.012658227848101266,0.9873417721518988,0.012658227848101266,Grace Meng RECAP,0.9873417721518988
25012,25012,100,180,31,3,214,211,3,0.8411214953271028,0.14485981308411214,0.014018691588785047,0.985981308411215,0.014018691588785047,Grace Meng RECAP,0.985981308411215
25013,25013,100,126,24,1,151,150,1,0.8344370860927153,0.15894039735099338,0.006622516556291391,0.9933774834437086,0.006622516556291391,Grace Meng RECAP,0.9933774834437086
25014,25014,100,106,20,0,126,126,0,0.8412698412698413,0.15873015873015872,0.0,1.0,0.0,Grace Meng RECAP,1.0
25015,25015,100,124,11,1,136,135,1,0.9117647058823529,0.08088235294117647,0.007352941176470588,0.9926470588235294,0.007352941176470588,Grace Meng RECAP,0.9926470588235294
25016,25016,100,192,27,2,221,219,2,0.8687782805429864,0.12217194570135746,0.00904977375565611,0.9909502262443439,0.00904977375565611,Grace Meng RECAP,0.9909502262443439
25017,25017,100,199,24,2,225,223,2,0.8844444444444445,0.10666666666666667,0.008888888888888889,0.9911111111111112,0.008888888888888889,Grace Meng RECAP,0.9911111111111112
25018,25018,100,250,23,1,274,273,1,0.9124087591240876,0.08394160583941605,0.0036496350364963502,0.9963503649635036,0.0036496350364963502,Grace Meng RECAP,0.9963503649635036
25019,25019,100,236,11,1,248,247,1,0.9516129032258065,0.04435483870967742,0.004032258064516129,0.9959677419354839,0.004032258064516129,Grace Meng RECAP,0.9959677419354839
25020,25020,100,189,16,2,207,205,2,0.9130434782608695,0.07729468599033816,0.00966183574879227,0.9903381642512077,0.00966183574879227,Grace Meng RECAP,0.9903381642512077
25021,25021,100,172,14,0,186,186,0,0.9247311827956989,0.07526881720430108,0.0,1.0,0.0,Grace Meng RECAP,1.0
25022,25022,100,154,16,1,171,170,1,0.9005847953216374,0.0935672514619883,0.005847953216374269,0.9941520467836257,0.005847953216374269,Grace Meng RECAP,0.9941520467836257
25023,25023,100,57,11,1,69,68,1,0.8260869565217391,0.15942028985507245,0.014492753623188406,0.9855072463768116,0.014492753623188406,Grace Meng RECAP,0.9855072463768116
25024,25024,100,170,15,1,186,185,1,0.9139784946236559,0.08064516129032258,0.005376344086021506,0.9946236559139785,0.005376344086021506,Grace Meng RECAP,0.9946236559139785
25026,25026,100,21,1,0,22,22,0,0.9545454545454546,0.045454545454545456,0.0,1.0,0.0,Grace Meng RECAP,1.0
25027,25027,100,113,21,3,137,134,3,0.8248175182481752,0.15328467153284672,0.021897810218978103,0.9781021897810219,0.021897810218978103,Grace Meng RECAP,0.9781021897810219
25028,25028,100,118,16,1,135,134,1,0.8740740740740741,0.11851851851851852,0.007407407407407408,0.9925925925925926,0.007407407407407408,Grace Meng RECAP,0.9925925925925926
25029,25029,100,177,25,1,203,202,1,0.8719211822660099,0.12315270935960591,0.0049261083743842365,0.9950738916256158,0.0049261083743842365,Grace Meng RECAP,0.9950738916256158
25030,25030,100,144,18,3,165,162,3,0.8727272727272727,0.10909090909090909,0.01818181818181818,0.9818181818181818,0.01818181818181818,Grace Meng RECAP,0.9818181818181818
25031,25031,100,125,6,0,131,131,0,0.9541984732824428,0.04580152671755725,0.0,1.0,0.0,Grace Meng RECAP,1.0
25032,25032,100,150,22,0,172,172,0,0.872093023255814,0.12790697674418605,0.0,1.0,0.0,Grace Meng RECAP,1.0
25033,25033,100,132,11,0,143,143,0,0.9230769230769231,0.07692307692307693,0.0,1.0,0.0,Grace Meng RECAP,1.0
25034,25034,100,17,0,0,17,17,0,1.0,0.0,0.0,1.0,0.0,Grace Meng RECAP,1.0
25035,25035,100,125,11,1,137,136,1,0.9124087591240876,0.08029197080291971,0.0072992700729927005,0.9927007299270073,0.0072992700729927005,Grace Meng RECAP,0.9927007299270073
25036,25036,100,146,30,1,177,176,1,0.8248587570621468,0.1694915254237288,0.005649717514124294,0.9943502824858758,0.005649717514124294,Grace Meng RECAP,0.9943502824858758
25037,25037,100,133,18,2,153,151,2,0.869281045751634,0.11764705882352941,0.013071895424836602,0.9869281045751634,0.013071895424836602,Grace Meng RECAP,0.9869281045751634
25038,25038,100,103,10,0,113,113,0,0.911504424778761,0.08849557522123894,0.0,1.0,0.0,Grace Meng RECAP,1.0
25039,25039,100,140,17,1,158,157,1,0.8860759493670886,0.10759493670886076,0.006329113924050633,0.9936708860759493,0.006329113924050633,Grace Meng RECAP,0.9936708860759493
25040,25040,100,164,32,3,199,196,3,0.8241206030150754,0.16080402010050251,0.01507537688442211,0.9849246231155779,0.01507537688442211,Grace Meng RECAP,0.9849246231155779
25041,25041,100,35,5,1,41,40,1,0.8536585365853658,0.12195121951219512,0.024390243902439025,0.975609756097561,0.024390243902439025,Grace Meng RECAP,0.975609756097561
25042,25042,100,133,19,3,155,152,3,0.8580645161290322,0.12258064516129032,0.01935483870967742,0.9806451612903225,0.01935483870967742,Grace Meng RECAP,0.9806451612903225
25043,25043,100,149,16,1,166,165,1,0.8975903614457831,0.0963855421686747,0.006024096385542169,0.9939759036144579,0.006024096385542169,Grace Meng RECAP,0.9939759036144579
25044,25044,100,148,17,3,168,165,3,0.8809523809523809,0.10119047619047619,0.017857142857142856,0.9821428571428571,0.017857142857142856,Grace Meng RECAP,0.9821428571428571
25045,25045,100,108,15,1,124,123,1,0.8709677419354839,0.12096774193548387,0.008064516129032258,0.9919354838709677,0.008064516129032258,Grace Meng RECAP,0.9919354838709677
25046,25046,100,111,10,0,121,121,0,0.9173553719008265,0.08264462809917356,0.0,1.0,0.0,Grace Meng RECAP,1.0
25047,25047,100,109,7,0,116,116,0,0.9396551724137931,0.0603448275862069,0.0,1.0,0.0,Grace Meng RECAP,1.0
25048,25048,100,131,16,1,148,147,1,0.8851351351351351,0.10810810810810811,0.006756756756756757,0.9932432432432432,0.006756756756756757,Grace Meng RECAP,0.9932432432432432
25049,25049,100,141,14,5,160,155,5,0.88125,0.0875,0.03125,0.96875,0.03125,Grace Meng RECAP,0.96875
25050,25050,100,116,14,2,132,130,2,0.8787878787878788,0.10606060606060606,0.015151515151515152,0.9848484848484849,0.015151515151515152,Grace Meng RECAP,0.9848484848484849
25051,25051,100,135,13,0,148,148,0,0.9121621621621622,0.08783783783783784,0.0,1.0,0.0,Grace Meng RECAP,1.0
25052,25052,100,138,9,0,147,147,0,0.9387755102040817,0.061224489795918366,0.0,1.0,0.0,Grace Meng RECAP,1.0
25053,25053,100,228,12,0,240,240,0,0.95,0.05,0.0,1.0,0.0,Grace Meng RECAP,1.0
25054,25054,100,192,12,1,205,204,1,0.9365853658536586,0.05853658536585366,0.004878048780487805,0.9951219512195122,0.004878048780487805,Grace Meng RECAP,0.9951219512195122
25055,25055,100,219,7,3,229,226,3,0.9563318777292577,0.03056768558951965,0.013100436681222707,0.9868995633187773,0.013100436681222707,Grace Meng RECAP,0.9868995633187773
25056,25056,100,120,14,0,134,134,0,0.8955223880597015,0.1044776119402985,0.0,1.0,0.0,Grace Meng RECAP,1.0
25057,25057,100,72,14,1,87,86,1,0.8275862068965517,0.16091954022988506,0.011494252873563218,0.9885057471264368,0.011494252873563218,Grace Meng RECAP,0.9885057471264368
25059,25059,100,134,27,0,161,161,0,0.8322981366459627,0.16770186335403728,0.0,1.0,0.0,Grace Meng RECAP,1.0
25060,25060,100,83,10,2,95,93,2,0.8736842105263158,0.10526315789473684,0.021052631578947368,0.9789473684210527,0.021052631578947368,Grace Meng RECAP,0.9789473684210527
25061,25061,100,117,16,2,135,133,2,0.8666666666666667,0.11851851851851852,0.014814814814814815,0.9851851851851852,0.014814814814814815,Grace Meng RECAP,0.9851851851851852
25062,25062,100,99,10,1,110,109,1,0.9,0.09090909090909091,0.00909090909090909,0.990909090909091,0.00909090909090909,Grace Meng RECAP,0.990909090909091
25063,25063,100,115,13,4,132,128,4,0.8712121212121212,0.09848484848484848,0.030303030303030304,0.9696969696969697,0.030303030303030304,Grace Meng RECAP,0.9696969696969697
25064,25064,100,32,3,0,35,35,0,0.9142857142857143,0.08571428571428572,0.0,1.0,0.0,Grace Meng RECAP,1.0
25065,25065,100,123,18,2,143,141,2,0.8601398601398601,0.1258741258741259,0.013986013986013986,0.986013986013986,0.013986013986013986,Grace Meng RECAP,0.986013986013986
25066,25066,100,22,3,0,25,25,0,0.88,0.12,0.0,1.0,0.0,Grace Meng RECAP,1.0
25067,25067,100,0,0,0,0,0,0,0,0,0,0,0,n/a,0
26002,26002,100,43,2,0,45,45,0,0.9555555555555556,0.044444444444444446,0.0,1.0,0.0,Grace Meng RECAP,1.0
26036,26036,100,64,5,0,69,69,0,0.927536231884058,0.07246376811594203,0.0,1.0,0.0,Grace Meng RECAP,1.0
26037,26037,100,147,21,1,169,168,1,0.8698224852071006,0.1242603550295858,0.005917159763313609,0.9940828402366864,0.005917159763313609,Grace Meng RECAP,0.9940828402366864
26038,26038,100,17,2,0,19,19,0,0.8947368421052632,0.10526315789473684,0.0,1.0,0.0,Grace Meng RECAP,1.0
26039,26039,100,116,14,3,133,130,3,0.8721804511278195,0.10526315789473684,0.022556390977443608,0.9774436090225563,0.022556390977443608,Grace Meng RECAP,0.9774436090225563
26040,26040,100,92,9,0,101,101,0,0.9108910891089109,0.0891089108910891,0.0,1.0,0.0,Grace Meng RECAP,1.0
26041,26041,100,6,1,0,7,7,0,0.8571428571428571,0.14285714285714285,0.0,1.0,0.0,Grace Meng RECAP,1.0
26042,26042,100,104,10,3,117,114,3,0.8888888888888888,0.08547008547008547,0.02564102564102564,0.9743589743589743,0.02564102564102564,Grace Meng RECAP,0.9743589743589743
26043,26043,100,61,15,2,78,76,2,0.782051282051282,0.19230769230769232,0.02564102564102564,0.9743589743589743,0.02564102564102564,Grace Meng RECAP,0.9743589743589743
26044,26044,100,60,2,0,62,62,0,0.967741935483871,0.03225806451612903,0.0,1.0,0.0,Grace Meng RECAP,1.0
26050,26050,100,137,19,7,163,156,7,0.8404907975460123,0.1165644171779141,0.04294478527607362,0.9570552147239264,0.04294478527607362,Grace Meng RECAP,0.9570552147239264
26051,26051,100,88,4,4,96,92,4,0.9166666666666666,0.041666666666666664,0.041666666666666664,0.9583333333333334,0.041666666666666664,Grace Meng RECAP,0.9583333333333334
26052,26052,100,105,24,0,129,129,0,0.813953488372093,0.18604651162790697,0.0,1.0,0.0,Grace Meng RECAP,1.0
26053,26053,100,155,21,1,177,176,1,0.8757062146892656,0.11864406779661017,0.005649717514124294,0.9943502824858758,0.005649717514124294,Grace Meng RECAP,0.9943502824858758
26054,26054,100,117,25,2,144,142,2,0.8125,0.1736111111111111,0.013888888888888888,0.9861111111111112,0.013888888888888888,Grace Meng RECAP,0.9861111111111112
26055,26055,100,109,8,1,118,117,1,0.923728813559322,0.06779661016949153,0.00847457627118644,0.9915254237288136,0.00847457627118644,Grace Meng RECAP,0.9915254237288136
26056,26056,100,182,32,2,216,214,2,0.8425925925925926,0.14814814814814814,0.009259259259259259,0.9907407407407407,0.009259259259259259,Grace Meng RECAP,0.9907407407407407
26057,26057,100,203,40,4,247,243,4,0.8218623481781376,0.16194331983805668,0.016194331983805668,0.9838056680161943,0.016194331983805668,Grace Meng RECAP,0.9838056680161943
26058,26058,100,158,25,0,183,183,0,0.8633879781420765,0.1366120218579235,0.0,1.0,0.0,Grace Meng RECAP,1.0
26059,26059,100,194,26,3,223,220,3,0.8699551569506726,0.11659192825112108,0.013452914798206279,0.9865470852017937,0.013452914798206279,Grace Meng RECAP,0.9865470852017937
26060,26060,100,145,33,5,183,178,5,0.7923497267759563,0.18032786885245902,0.0273224043715847,0.9726775956284153,0.0273224043715847,Grace Meng RECAP,0.9726775956284153
26061,26061,100,136,17,2,155,153,2,0.8774193548387097,0.10967741935483871,0.012903225806451613,0.9870967741935484,0.012903225806451613,Grace Meng RECAP,0.9870967741935484
26062,26062,100,153,20,0,173,173,0,0.884393063583815,0.11560693641618497,0.0,1.0,0.0,Grace Meng RECAP,1.0
26063,26063,100,170,25,2,197,195,2,0.8629441624365483,0.12690355329949238,0.01015228426395939,0.9898477157360406,0.01015228426395939,Grace Meng RECAP,0.9898477157360406
26064,26064,100,131,25,0,156,156,0,0.8397435897435898,0.16025641025641027,0.0,1.0,0.0,Grace Meng RECAP,1.0
26065,26065,100,167,21,4,192,188,4,0.8697916666666666,0.109375,0.020833333333333332,0.9791666666666666,0.020833333333333332,Grace Meng RECAP,0.9791666666666666
26066,26066,100,190,29,2,221,219,2,0.8597285067873304,0.13122171945701358,0.00904977375565611,0.9909502262443439,0.00904977375565611,Grace Meng RECAP,0.9909502262443439
26067,26067,100,154,16,0,170,170,0,0.9058823529411765,0.09411764705882353,0.0,1.0,0.0,Grace Meng RECAP,1.0
26068,26068,100,137,24,4,165,161,4,0.8303030303030303,0.14545454545454545,0.024242424242424242,0.9757575757575757,0.024242424242424242,Grace Meng RECAP,0.9757575757575757
26069,26069,100,188,32,6,226,220,6,0.831858407079646,0.1415929203539823,0.02654867256637168,0.9734513274336283,0.02654867256637168,Grace Meng RECAP,0.9734513274336283
26070,26070,100,181,22,1,204,203,1,0.8872549019607843,0.10784313725490197,0.004901960784313725,0.9950980392156863,0.004901960784313725,Grace Meng RECAP,0.9950980392156863
27001,27001,100,167,21,7,195,188,7,0.8564102564102564,0.1076923076923077,0.035897435897435895,0.9641025641025641,0.035897435897435895,Grace Meng RECAP,0.9641025641025641
27003,27003,100,128,19,3,150,147,3,0.8533333333333334,0.12666666666666668,0.02,0.98,0.02,Grace Meng RECAP,0.98
27004,27004,100,157,31,3,191,188,3,0.8219895287958116,0.16230366492146597,0.015706806282722512,0.9842931937172775,0.015706806282722512,Grace Meng RECAP,0.9842931937172775
27005,27005,100,174,27,4,205,201,4,0.848780487804878,0.13170731707317074,0.01951219512195122,0.9804878048780488,0.01951219512195122,Grace Meng RECAP,0.9804878048780488
27006,27006,100,159,21,1,181,180,1,0.8784530386740331,0.11602209944751381,0.0055248618784530384,0.994475138121547,0.0055248618784530384,Grace Meng RECAP,0.994475138121547
27007,27007,100,291,43,4,338,334,4,0.8609467455621301,0.12721893491124261,0.011834319526627219,0.9881656804733728,0.011834319526627219,Grace Meng RECAP,0.9881656804733728
27008,27008,100,152,16,2,170,168,2,0.8941176470588236,0.09411764705882353,0.011764705882352941,0.9882352941176471,0.011764705882352941,Grace Meng RECAP,0.9882352941176471
27009,27009,100,186,21,0,207,207,0,0.8985507246376812,0.10144927536231885,0.0,1.0,0.0,Grace Meng RECAP,1.0
27010,27010,100,6,0,0,6,6,0,1.0,0.0,0.0,1.0,0.0,Grace Meng RECAP,1.0
27011,27011,100,105,4,2,111,109,2,0.9459459459459459,0.036036036036036036,0.018018018018018018,0.9819819819819819,0.018018018018018018,Grace Meng RECAP,0.9819819819819819
27012,27012,100,147,32,1,180,179,1,0.8166666666666667,0.17777777777777778,0.005555555555555556,0.9944444444444445,0.005555555555555556,Grace Meng RECAP,0.9944444444444445
27013,27013,100,255,24,1,280,279,1,0.9107142857142857,0.08571428571428572,0.0035714285714285713,0.9964285714285714,0.0035714285714285713,Grace Meng RECAP,0.9964285714285714
27014,27014,100,211,34,4,249,245,4,0.8473895582329317,0.13654618473895583,0.01606425702811245,0.9839357429718876,0.01606425702811245,Grace Meng RECAP,0.9839357429718876
27015,27015,100,148,26,2,176,174,2,0.8409090909090909,0.14772727272727273,0.011363636363636364,0.9886363636363636,0.011363636363636364,Grace Meng RECAP,0.9886363636363636
27016,27016,100,63,7,0,70,70,0,0.9,0.1,0.0,1.0,0.0,Grace Meng RECAP,1.0
27017,27017,100,130,18,0,148,148,0,0.8783783783783784,0.12162162162162163,0.0,1.0,0.0,Grace Meng RECAP,1.0
27018,27018,100,10,3,0,13,13,0,0.7692307692307693,0.23076923076923078,0.0,1.0,0.0,Grace Meng RECAP,1.0
27019,27019,100,186,20,1,207,206,1,0.8985507246376812,0.0966183574879227,0.004830917874396135,0.9951690821256038,0.004830917874396135,Grace Meng RECAP,0.9951690821256038
27020,27020,100,155,25,0,180,180,0,0.8611111111111112,0.1388888888888889,0.0,1.0,0.0,Grace Meng RECAP,1.0
27021,27021,100,246,22,1,269,268,1,0.9144981412639405,0.08178438661710037,0.0037174721189591076,0.9962825278810409,0.0037174721189591076,Grace Meng RECAP,0.9962825278810409
27022,27022,100,137,12,2,151,149,2,0.9072847682119205,0.07947019867549669,0.013245033112582781,0.9867549668874173,0.013245033112582781,Grace Meng RECAP,0.9867549668874173
27024,27024,100,132,10,2,144,142,2,0.9166666666666666,0.06944444444444445,0.013888888888888888,0.9861111111111112,0.013888888888888888,Grace Meng RECAP,0.9861111111111112
27025,27025,100,159,25,6,190,184,6,0.8368421052631579,0.13157894736842105,0.031578947368421054,0.968421052631579,0.031578947368421054,Grace Meng RECAP,0.968421052631579
27026,27026,100,138,21,10,169,159,10,0.8165680473372781,0.1242603550295858,0.05917159763313609,0.9408284023668639,0.05917159763313609,Grace Meng RECAP,0.9408284023668639
27027,27027,100,156,19,3,178,175,3,0.8764044943820225,0.10674157303370786,0.016853932584269662,0.9831460674157303,0.016853932584269662,Grace Meng RECAP,0.9831460674157303
27028,27028,100,170,16,0,186,186,0,0.9139784946236559,0.08602150537634409,0.0,1.0,0.0,Grace Meng RECAP,1.0
27029,27029,100,100,9,0,109,109,0,0.9174311926605505,0.08256880733944955,0.0,1.0,0.0,Grace Meng RECAP,1.0
27030,27030,100,110,10,8,128,120,8,0.859375,0.078125,0.0625,0.9375,0.0625,Grace Meng RECAP,0.9375
27031,27031,100,17,1,0,18,18,0,0.9444444444444444,0.05555555555555555,0.0,1.0,0.0,Grace Meng RECAP,1.0
27032,27032,100,18,2,0,20,20,0,0.9,0.1,0.0,1.0,0.0,Grace Meng RECAP,1.0
27033,27033,100,23,1,2,26,24,2,0.8846153846153846,0.038461538461538464,0.07692307692307693,0.9230769230769231,0.07692307692307693,Grace Meng RECAP,0.9230769230769231
27034,27034,100,175,10,2,187,185,2,0.9358288770053476,0.053475935828877004,0.0106951871657754,0.9893048128342246,0.0106951871657754,Grace Meng RECAP,0.9893048128342246
27035,27035,100,242,9,4,255,251,4,0.9490196078431372,0.03529411764705882,0.01568627450980392,0.984313725490196,0.01568627450980392,Grace Meng RECAP,0.984313725490196
27036,27036,100,211,27,1,239,238,1,0.8828451882845189,0.11297071129707113,0.0041841004184100415,0.99581589958159,0.0041841004184100415,Grace Meng RECAP,0.99581589958159
27037,27037,100,264,13,0,277,277,0,0.9530685920577617,0.04693140794223827,0.0,1.0,0.0,Grace Meng RECAP,1.0
27038,27038,100,271,25,4,300,296,4,0.9033333333333333,0.08333333333333333,0.013333333333333334,0.9866666666666667,0.013333333333333334,Grace Meng RECAP,0.9866666666666667
27039,27039,100,213,11,1,225,224,1,0.9466666666666667,0.04888888888888889,0.0044444444444444444,0.9955555555555555,0.0044444444444444444,Grace Meng RECAP,0.9955555555555555
27040,27040,100,186,13,0,199,199,0,0.9346733668341709,0.06532663316582915,0.0,1.0,0.0,Grace Meng RECAP,1.0
27041,27041,100,140,6,0,146,146,0,0.958904109589041,0.0410958904109589,0.0,1.0,0.0,Grace Meng RECAP,1.0
27042,27042,100,224,14,1,239,238,1,0.9372384937238494,0.058577405857740586,0.0041841004184100415,0.99581589958159,0.0041841004184100415,Grace Meng RECAP,0.99581589958159
27043,27043,100,125,11,2,138,136,2,0.9057971014492754,0.07971014492753623,0.014492753623188406,0.9855072463768116,0.014492753623188406,Grace Meng RECAP,0.9855072463768116
27044,27044,100,112,12,1,125,124,1,0.896,0.096,0.008,0.992,0.008,Grace Meng RECAP,0.992
27045,27045,100,187,14,2,203,201,2,0.9211822660098522,0.06896551724137931,0.009852216748768473,0.9901477832512315,0.009852216748768473,Grace Meng RECAP,0.9901477832512315
27046,27046,100,35,1,0,36,36,0,0.9722222222222222,0.027777777777777776,0.0,1.0,0.0,Grace Meng RECAP,1.0
27047,27047,100,127,15,0,142,142,0,0.8943661971830986,0.1056338028169014,0.0,1.0,0.0,Grace Meng RECAP,1.0
27048,27048,100,100,13,2,115,113,2,0.8695652173913043,0.11304347826086956,0.017391304347826087,0.9826086956521739,0.017391304347826087,Grace Meng RECAP,0.9826086956521739
27049,27049,100,148,18,1,167,166,1,0.8862275449101796,0.10778443113772455,0.005988023952095809,0.9940119760479041,0.005988023952095809,Grace Meng RECAP,0.9940119760479041
27050,27050,100,117,17,5,139,134,5,0.841726618705036,0.1223021582733813,0.03597122302158273,0.9640287769784173,0.03597122302158273,Grace Meng RECAP,0.9640287769784173
27052,27052,100,138,21,0,159,159,0,0.8679245283018868,0.1320754716981132,0.0,1.0,0.0,Grace Meng RECAP,1.0
27053,27053,100,72,11,0,83,83,0,0.8674698795180723,0.13253012048192772,0.0,1.0,0.0,Grace Meng RECAP,1.0
27054,27054,100,102,12,1,115,114,1,0.8869565217391304,0.10434782608695652,0.008695652173913044,0.991304347826087,0.008695652173913044,Grace Meng RECAP,0.991304347826087
27055,27055,100,130,12,0,142,142,0,0.9154929577464789,0.08450704225352113,0.0,1.0,0.0,Grace Meng RECAP,1.0
27056,27056,100,132,9,0,141,141,0,0.9361702127659575,0.06382978723404255,0.0,1.0,0.0,Grace Meng RECAP,1.0
27070,27070,100,0,0,0,0,0,0,0,0,0,0,0,n/a,0
27071,27071,100,0,0,0,0,0,0,0,0,0,0,0,n/a,0
27072,27072,100,0,0,0,0,0,0,0,0,0,0,0,n/a,0
28006,28006,100,72,16,0,88,88,0,0.8181818181818182,0.18181818181818182,0.0,1.0,0.0,Grace Meng RECAP,1.0
28007,28007,100,59,14,0,73,73,0,0.8082191780821918,0.1917808219178082,0.0,1.0,0.0,Grace Meng RECAP,1.0
28008,28008,100,36,7,1,44,43,1,0.8181818181818182,0.1590909090909091,0.022727272727272728,0.9772727272727273,0.022727272727272728,Grace Meng RECAP,0.9772727272727273
28009,28009,100,100,17,3,120,117,3,0.8333333333333334,0.14166666666666666,0.025,0.975,0.025,Grace Meng RECAP,0.975
28010,28010,100,148,22,2,172,170,2,0.8604651162790697,0.12790697674418605,0.011627906976744186,0.9883720930232558,0.011627906976744186,Grace Meng RECAP,0.9883720930232558
28011,28011,100,82,13,1,96,95,1,0.8541666666666666,0.13541666666666666,0.010416666666666666,0.9895833333333334,0.010416666666666666,Grace Meng RECAP,0.9895833333333334
28012,28012,100,131,25,1,157,156,1,0.8343949044585988,0.1592356687898089,0.006369426751592357,0.9936305732484076,0.006369426751592357,Grace Meng RECAP,0.9936305732484076
28013,28013,100,3,3,0,6,6,0,0.5,0.5,0.0,1.0,0.0,Grace Meng RECAP,1.0
28014,28014,100,57,9,2,68,66,2,0.8382352941176471,0.1323529411764706,0.029411764705882353,0.9705882352941176,0.029411764705882353,Grace Meng RECAP,0.9705882352941176
28015,28015,100,140,29,4,173,169,4,0.8092485549132948,0.1676300578034682,0.023121387283236993,0.976878612716763,0.023121387283236993,Grace Meng RECAP,0.976878612716763
28016,28016,100,123,31,5,159,154,5,0.7735849056603774,0.1949685534591195,0.031446540880503145,0.9685534591194969,0.031446540880503145,Grace Meng RECAP,0.9685534591194969
28017,28017,100,101,26,4,131,127,4,0.7709923664122137,0.1984732824427481,0.030534351145038167,0.9694656488549618,0.030534351145038167,Grace Meng RECAP,0.9694656488549618
28018,28018,100,175,36,3,214,211,3,0.8177570093457944,0.16822429906542055,0.014018691588785047,0.985981308411215,0.014018691588785047,Grace Meng RECAP,0.985981308411215
28019,28019,100,204,43,8,255,247,8,0.8,0.16862745098039217,0.03137254901960784,0.9686274509803922,0.03137254901960784,Grace Meng RECAP,0.9686274509803922
28020,28020,100,204,27,2,233,231,2,0.8755364806866953,0.11587982832618025,0.008583690987124463,0.9914163090128756,0.008583690987124463,Grace Meng RECAP,0.9914163090128756
28021,28021,100,228,19,3,250,247,3,0.912,0.076,0.012,0.988,0.012,Grace Meng RECAP,0.988
28022,28022,100,228,31,6,265,259,6,0.8603773584905661,0.1169811320754717,0.022641509433962263,0.9773584905660377,0.022641509433962263,Grace Meng RECAP,0.9773584905660377
28023,28023,100,211,35,3,249,246,3,0.8473895582329317,0.14056224899598393,0.012048192771084338,0.9879518072289156,0.012048192771084338,Grace Meng RECAP,0.9879518072289156
28024,28024,100,132,8,1,141,140,1,0.9361702127659575,0.05673758865248227,0.0070921985815602835,0.9929078014184397,0.0070921985815602835,Grace Meng RECAP,0.9929078014184397
28025,28025,100,180,21,6,207,201,6,0.8695652173913043,0.10144927536231885,0.028985507246376812,0.9710144927536232,0.028985507246376812,Grace Meng RECAP,0.9710144927536232
28026,28026,100,80,10,1,91,90,1,0.8791208791208791,0.10989010989010989,0.01098901098901099,0.989010989010989,0.01098901098901099,Grace Meng RECAP,0.989010989010989
28027,28027,100,81,12,1,94,93,1,0.8617021276595744,0.1276595744680851,0.010638297872340425,0.9893617021276596,0.010638297872340425,Grace Meng RECAP,0.9893617021276596
28028,28028,100,213,30,3,246,243,3,0.8658536585365854,0.12195121951219512,0.012195121951219513,0.9878048780487805,0.012195121951219513,Grace Meng RECAP,0.9878048780487805
28029,28029,100,178,18,1,197,196,1,0.9035532994923858,0.09137055837563451,0.005076142131979695,0.9949238578680203,0.005076142131979695,Grace Meng RECAP,0.9949238578680203
28030,28030,100,143,26,1,170,169,1,0.8411764705882353,0.15294117647058825,0.0058823529411764705,0.9941176470588236,0.0058823529411764705,Grace Meng RECAP,0.9941176470588236
28031,28031,100,250,26,1,277,276,1,0.9025270758122743,0.09386281588447654,0.0036101083032490976,0.9963898916967509,0.0036101083032490976,Grace Meng RECAP,0.9963898916967509
28032,28032,100,112,13,1,126,125,1,0.8888888888888888,0.10317460317460317,0.007936507936507936,0.9920634920634921,0.007936507936507936,Grace Meng RECAP,0.9920634920634921
28033,28033,100,6,0,0,6,6,0,1.0,0.0,0.0,1.0,0.0,Grace Meng RECAP,1.0
28034,28034,100,20,3,1,24,23,1,0.8333333333333334,0.125,0.041666666666666664,0.9583333333333334,0.041666666666666664,Grace Meng RECAP,0.9583333333333334
28035,28035,100,226,28,2,256,254,2,0.8828125,0.109375,0.0078125,0.9921875,0.0078125,Grace Meng RECAP,0.9921875
28036,28036,100,188,31,5,224,219,5,0.8392857142857143,0.13839285714285715,0.022321428571428572,0.9776785714285714,0.022321428571428572,Grace Meng RECAP,0.9776785714285714
28037,28037,100,167,20,1,188,187,1,0.8882978723404256,0.10638297872340426,0.005319148936170213,0.9946808510638298,0.005319148936170213,Grace Meng RECAP,0.9946808510638298
28038,28038,100,194,31,1,226,225,1,0.8584070796460177,0.13716814159292035,0.004424778761061947,0.995575221238938,0.004424778761061947,Grace Meng RECAP,0.995575221238938
28039,28039,100,222,25,3,250,247,3,0.888,0.1,0.012,0.988,0.012,Grace Meng RECAP,0.988
28040,28040,100,193,27,4,224,220,4,0.8616071428571429,0.12053571428571429,0.017857142857142856,0.9821428571428571,0.017857142857142856,Grace Meng RECAP,0.9821428571428571
28041,28041,100,180,26,2,208,206,2,0.8653846153846154,0.125,0.009615384615384616,0.9903846153846154,0.009615384615384616,Grace Meng RECAP,0.9903846153846154
28042,28042,100,216,16,4,236,232,4,0.9152542372881356,0.06779661016949153,0.01694915254237288,0.9830508474576272,0.01694915254237288,Grace Meng RECAP,0.9830508474576272
28043,28043,100,137,18,2,157,155,2,0.8726114649681529,0.11464968152866242,0.012738853503184714,0.9872611464968153,0.012738853503184714,Grace Meng RECAP,0.9872611464968153
28044,28044,100,174,24,3,201,198,3,0.8656716417910447,0.11940298507462686,0.014925373134328358,0.9850746268656716,0.014925373134328358,Grace Meng RECAP,0.9850746268656716
28045,28045,100,129,16,1,146,145,1,0.8835616438356164,0.1095890410958904,0.00684931506849315,0.9931506849315068,0.00684931506849315,Grace Meng RECAP,0.9931506849315068
28046,28046,100,183,25,3,211,208,3,0.8672985781990521,0.11848341232227488,0.014218009478672985,0.985781990521327,0.014218009478672985,Grace Meng RECAP,0.985781990521327
28047,28047,100,260,33,2,295,293,2,0.8813559322033898,0.11186440677966102,0.006779661016949152,0.9932203389830508,0.006779661016949152,Grace Meng RECAP,0.9932203389830508
28048,28048,100,218,29,4,251,247,4,0.8685258964143426,0.11553784860557768,0.01593625498007968,0.9840637450199203,0.01593625498007968,Grace Meng RECAP,0.9840637450199203
28049,28049,100,118,8,2,128,126,2,0.921875,0.0625,0.015625,0.984375,0.015625,Grace Meng RECAP,0.984375
28050,28050,100,153,16,2,171,169,2,0.8947368421052632,0.0935672514619883,0.011695906432748537,0.9883040935672515,0.011695906432748537,Grace Meng RECAP,0.9883040935672515
28051,28051,100,128,14,0,142,142,0,0.9014084507042254,0.09859154929577464,0.0,1.0,0.0,Grace Meng RECAP,1.0
28052,28052,100,58,2,1,61,60,1,0.9508196721311475,0.03278688524590164,0.01639344262295082,0.9836065573770492,0.01639344262295082,Grace Meng RECAP,0.9836065573770492
28053,28053,100,119,14,0,133,133,0,0.8947368421052632,0.10526315789473684,0.0,1.0,0.0,Grace Meng RECAP,1.0
28054,28054,100,35,4,0,39,39,0,0.8974358974358975,0.10256410256410256,0.0,1.0,0.0,Grace Meng RECAP,1.0
28055,28055,100,35,4,0,39,39,0,0.8974358974358975,0.10256410256410256,0.0,1.0,0.0,Grace Meng RECAP,1.0
28056,28056,100,111,16,2,129,127,2,0.8604651162790697,0.12403100775193798,0.015503875968992248,0.9844961240310077,0.015503875968992248,Grace Meng RECAP,0.9844961240310077
28057,28057,100,95,9,2,106,104,2,0.8962264150943396,0.08490566037735849,0.018867924528301886,0.9811320754716981,0.018867924528301886,Grace Meng RECAP,0.9811320754716981
28058,28058,100,109,16,1,126,125,1,0.8650793650793651,0.12698412698412698,0.007936507936507936,0.9920634920634921,0.007936507936507936,Grace Meng RECAP,0.9920634920634921
28059,28059,100,10,1,0,11,11,0,0.9090909090909091,0.09090909090909091,0.0,1.0,0.0,Grace Meng RECAP,1.0
28060,28060,100,164,16,1,181,180,1,0.9060773480662984,0.08839779005524862,0.0055248618784530384,0.994475138121547,0.0055248618784530384,Grace Meng RECAP,0.994475138121547
28061,28061,100,111,19,0,130,130,0,0.8538461538461538,0.14615384615384616,0.0,1.0,0.0,Grace Meng RECAP,1.0
28062,28062,100,136,32,1,169,168,1,0.8047337278106509,0.1893491124260355,0.005917159763313609,0.9940828402366864,0.005917159763313609,Grace Meng RECAP,0.9940828402366864
28063,28063,100,146,31,4,181,177,4,0.8066298342541437,0.1712707182320442,0.022099447513812154,0.9779005524861878,0.022099447513812154,Grace Meng RECAP,0.9779005524861878
28064,28064,100,120,32,0,152,152,0,0.7894736842105263,0.21052631578947367,0.0,1.0,0.0,Grace Meng RECAP,1.0
28065,28065,100,193,25,5,223,218,5,0.8654708520179372,0.11210762331838565,0.02242152466367713,0.9775784753363229,0.02242152466367713,Grace Meng RECAP,0.9775784753363229
28066,28066,100,221,27,4,252,248,4,0.876984126984127,0.10714285714285714,0.015873015873015872,0.9841269841269841,0.015873015873015872,Grace Meng RECAP,0.9841269841269841
28067,28067,100,163,18,1,182,181,1,0.8956043956043956,0.0989010989010989,0.005494505494505495,0.9945054945054945,0.005494505494505495,Grace Meng RECAP,0.9945054945054945
28068,28068,100,161,28,2,191,189,2,0.8429319371727748,0.14659685863874344,0.010471204188481676,0.9895287958115183,0.010471204188481676,Grace Meng RECAP,0.9895287958115183
28069,28069,100,99,18,0,117,117,0,0.8461538461538461,0.15384615384615385,0.0,1.0,0.0,Grace Meng RECAP,1.0
28070,28070,100,125,44,0,169,169,0,0.7396449704142012,0.2603550295857988,0.0,1.0,0.0,Grace Meng RECAP,1.0
28071,28071,100,144,38,4,186,182,4,0.7741935483870968,0.20430107526881722,0.021505376344086023,0.978494623655914,0.021505376344086023,Grace Meng RECAP,0.978494623655914
28072,28072,100,85,24,1,110,109,1,0.7727272727272727,0.21818181818181817,0.00909090909090909,0.990909090909091,0.00909090909090909,Grace Meng RECAP,0.990909090909091
28073,28073,100,140,29,2,171,169,2,0.8187134502923976,0.1695906432748538,0.011695906432748537,0.9883040935672515,0.011695906432748537,Grace Meng RECAP,0.9883040935672515
28074,28074,100,118,27,4,149,145,4,0.7919463087248322,0.18120805369127516,0.026845637583892617,0.9731543624161074,0.026845637583892617,Grace Meng RECAP,0.9731543624161074
28075,28075,100,145,37,1,183,182,1,0.7923497267759563,0.20218579234972678,0.00546448087431694,0.994535519125683,0.00546448087431694,Grace Meng RECAP,0.994535519125683
28076,28076,100,121,17,4,142,138,4,0.852112676056338,0.11971830985915492,0.028169014084507043,0.971830985915493,0.028169014084507043,Grace Meng RECAP,0.971830985915493
28077,28077,100,139,25,1,165,164,1,0.8424242424242424,0.15151515151515152,0.006060606060606061,0.9939393939393939,0.006060606060606061,Grace Meng RECAP,0.9939393939393939
28078,28078,100,101,16,2,119,117,2,0.8487394957983193,0.13445378151260504,0.01680672268907563,0.9831932773109243,0.01680672268907563,Grace Meng RECAP,0.9831932773109243
28079,28079,100,0,0,0,0,0,0,0,0,0,0,0,n/a,0
30001,30001,100,55,2,0,57,57,0,0.9649122807017544,0.03508771929824561,0.0,1.0,0.0,Grace Meng RECAP,1.0
30002,30002,100,121,9,1,131,130,1,0.9236641221374046,0.06870229007633588,0.007633587786259542,0.9923664122137404,0.007633587786259542,Grace Meng RECAP,0.9923664122137404
30003,30003,100,2,1,0,3,3,0,0.6666666666666666,0.3333333333333333,0.0,1.0,0.0,Grace Meng RECAP,1.0
30004,30004,100,153,21,2,176,174,2,0.8693181818181818,0.11931818181818182,0.011363636363636364,0.9886363636363636,0.011363636363636364,Grace Meng RECAP,0.9886363636363636
30005,30005,100,119,22,1,142,141,1,0.8380281690140845,0.15492957746478872,0.007042253521126761,0.9929577464788732,0.007042253521126761,Grace Meng RECAP,0.9929577464788732
30006,30006,100,134,22,5,161,156,5,0.8322981366459627,0.13664596273291926,0.031055900621118012,0.968944099378882,0.031055900621118012,Grace Meng RECAP,0.968944099378882
30007,30007,100,109,10,2,121,119,2,0.9008264462809917,0.08264462809917356,0.01652892561983471,0.9834710743801653,0.01652892561983471,Grace Meng RECAP,0.9834710743801653
30008,30008,100,143,28,3,174,171,3,0.8218390804597702,0.16091954022988506,0.017241379310344827,0.9827586206896551,0.017241379310344827,Grace Meng RECAP,0.9827586206896551
30009,30009,100,129,21,3,153,150,3,0.8431372549019608,0.13725490196078433,0.0196078431372549,0.9803921568627451,0.0196078431372549,Grace Meng RECAP,0.9803921568627451
30010,30010,100,131,37,1,169,168,1,0.7751479289940828,0.21893491124260356,0.005917159763313609,0.9940828402366864,0.005917159763313609,Grace Meng RECAP,0.9940828402366864
30011,30011,100,119,22,3,144,141,3,0.8263888888888888,0.1527777777777778,0.020833333333333332,0.9791666666666666,0.020833333333333332,Grace Meng RECAP,0.9791666666666666
30012,30012,100,115,16,6,137,131,6,0.8394160583941606,0.11678832116788321,0.043795620437956206,0.9562043795620438,0.043795620437956206,Grace Meng RECAP,0.9562043795620438
30013,30013,100,113,28,0,141,141,0,0.8014184397163121,0.19858156028368795,0.0,1.0,0.0,Grace Meng RECAP,1.0
30014,30014,100,126,21,2,149,147,2,0.8456375838926175,0.14093959731543623,0.013422818791946308,0.9865771812080537,0.013422818791946308,Grace Meng RECAP,0.9865771812080537
30015,30015,100,66,20,2,88,86,2,0.75,0.22727272727272727,0.022727272727272728,0.9772727272727273,0.022727272727272728,Grace Meng RECAP,0.9772727272727273
30016,30016,100,116,15,2,133,131,2,0.8721804511278195,0.11278195488721804,0.015037593984962405,0.9849624060150376,0.015037593984962405,Grace Meng RECAP,0.9849624060150376
30017,30017,100,125,25,1,151,150,1,0.8278145695364238,0.16556291390728478,0.006622516556291391,0.9933774834437086,0.006622516556291391,Grace Meng RECAP,0.9933774834437086
30018,30018,100,128,22,1,151,150,1,0.847682119205298,0.1456953642384106,0.006622516556291391,0.9933774834437086,0.006622516556291391,Grace Meng RECAP,0.9933774834437086
30020,30020,100,64,11,2,77,75,2,0.8311688311688312,0.14285714285714285,0.025974025974025976,0.974025974025974,0.025974025974025976,Grace Meng RECAP,0.974025974025974
30021,30021,100,132,20,1,153,152,1,0.8627450980392157,0.13071895424836602,0.006535947712418301,0.9934640522875817,0.006535947712418301,Grace Meng RECAP,0.9934640522875817
30022,30022,100,115,20,0,135,135,0,0.8518518518518519,0.14814814814814814,0.0,1.0,0.0,Grace Meng RECAP,1.0
30023,30023,100,114,19,1,134,133,1,0.8507462686567164,0.1417910447761194,0.007462686567164179,0.9925373134328358,0.007462686567164179,Grace Meng RECAP,0.9925373134328358
30024,30024,100,59,9,0,68,68,0,0.8676470588235294,0.1323529411764706,0.0,1.0,0.0,Grace Meng RECAP,1.0
30025,30025,100,141,23,3,167,164,3,0.844311377245509,0.1377245508982036,0.017964071856287425,0.9820359281437125,0.017964071856287425,Grace Meng RECAP,0.9820359281437125
30026,30026,100,107,13,2,122,120,2,0.8770491803278688,0.10655737704918032,0.01639344262295082,0.9836065573770492,0.01639344262295082,Grace Meng RECAP,0.9836065573770492
30027,30027,100,146,22,3,171,168,3,0.8538011695906432,0.1286549707602339,0.017543859649122806,0.9824561403508771,0.017543859649122806,Grace Meng RECAP,0.9824561403508771
30029,30029,100,13,0,0,13,13,0,1.0,0.0,0.0,1.0,0.0,Grace Meng RECAP,1.0
30030,30030,100,85,15,1,101,100,1,0.8415841584158416,0.1485148514851485,0.009900990099009901,0.9900990099009901,0.009900990099009901,Grace Meng RECAP,0.9900990099009901
30031,30031,100,54,7,0,61,61,0,0.8852459016393442,0.11475409836065574,0.0,1.0,0.0,Grace Meng RECAP,1.0
30032,30032,100,21,4,1,26,25,1,0.8076923076923077,0.15384615384615385,0.038461538461538464,0.9615384615384616,0.038461538461538464,Grace Meng RECAP,0.9615384615384616
30033,30033,100,36,4,0,40,40,0,0.9,0.1,0.0,1.0,0.0,Grace Meng RECAP,1.0
30034,30034,100,0,0,0,0,0,0,0,0,0,0,0,n/a,0
30070,30070,100,0,0,0,0,0,0,0,0,0,0,0,n/a,0
30072,30024,100,0,0,0,0,0,0,0,0,0,0,0,n/a,0
32002,32002,100,2,1,0,3,3,0,0.6666666666666666,0.3333333333333333,0.0,1.0,0.0,Grace Meng RECAP,1.0
32007,32007,100,19,1,0,20,20,0,0.95,0.05,0.0,1.0,0.0,Grace Meng RECAP,1.0
32009,32009,100,24,1,0,25,25,0,0.96,0.04,0.0,1.0,0.0,Grace Meng RECAP,1.0
34057,34057,100,28,2,0,30,30,0,0.9333333333333333,0.06666666666666667,0.0,1.0,0.0,Grace Meng RECAP,1.0
34058,34057,100,0,0,0,0,0,0,0,0,0,0,0,n/a,0
34059,34059,100,4,0,0,4,4,0,1.0,0.0,0.0,1.0,0.0,Grace Meng RECAP,1.0
34060,34060,100,105,18,2,125,123,2,0.84,0.144,0.016,0.984,0.016,Grace Meng RECAP,0.984
34061,34061,100,9,0,0,9,9,0,1.0,0.0,0.0,1.0,0.0,Grace Meng RECAP,1.0
34062,34062,100,33,5,1,39,38,1,0.8461538461538461,0.1282051282051282,0.02564102564102564,0.9743589743589743,0.02564102564102564,Grace Meng RECAP,0.9743589743589743
35001,35001,100,26,4,2,32,30,2,0.8125,0.125,0.0625,0.9375,0.0625,Grace Meng RECAP,0.9375
35002,35002,100,104,11,5,120,115,5,0.8666666666666667,0.09166666666666666,0.041666666666666664,0.9583333333333334,0.041666666666666664,Grace Meng RECAP,0.9583333333333334
35003,35003,100,96,28,0,124,124,0,0.7741935483870968,0.22580645161290322,0.0,1.0,0.0,Grace Meng RECAP,1.0
35004,35004,100,75,6,0,81,81,0,0.9259259259259259,0.07407407407407407,0.0,1.0,0.0,Grace Meng RECAP,1.0
35005,35005,100,120,13,3,136,133,3,0.8823529411764706,0.09558823529411764,0.022058823529411766,0.9779411764705882,0.022058823529411766,Grace Meng RECAP,0.9779411764705882
35006,35006,100,100,15,0,115,115,0,0.8695652173913043,0.13043478260869565,0.0,1.0,0.0,Grace Meng RECAP,1.0
35007,35007,100,126,13,2,141,139,2,0.8936170212765957,0.09219858156028368,0.014184397163120567,0.9858156028368794,0.014184397163120567,Grace Meng RECAP,0.9858156028368794
35008,35008,100,90,6,0,96,96,0,0.9375,0.0625,0.0,1.0,0.0,Grace Meng RECAP,1.0
35009,35009,100,156,16,2,174,172,2,0.896551724137931,0.09195402298850575,0.011494252873563218,0.9885057471264368,0.011494252873563218,Grace Meng RECAP,0.9885057471264368
35010,35010,100,164,11,0,175,175,0,0.9371428571428572,0.06285714285714286,0.0,1.0,0.0,Grace Meng RECAP,1.0
35011,35011,100,111,7,0,118,118,0,0.940677966101695,0.059322033898305086,0.0,1.0,0.0,Grace Meng RECAP,1.0
35012,35012,100,132,15,0,147,147,0,0.8979591836734694,0.10204081632653061,0.0,1.0,0.0,Grace Meng RECAP,1.0
35023,35023,100,174,18,0,192,192,0,0.90625,0.09375,0.0,1.0,0.0,Grace Meng RECAP,1.0
35024,35024,100,127,9,1,137,136,1,0.927007299270073,0.06569343065693431,0.0072992700729927005,0.9927007299270073,0.0072992700729927005,Grace Meng RECAP,0.9927007299270073
35026,35026,100,119,17,1,137,136,1,0.8686131386861314,0.12408759124087591,0.0072992700729927005,0.9927007299270073,0.0072992700729927005,Grace Meng RECAP,0.9927007299270073
35027,35027,100,127,14,0,141,141,0,0.900709219858156,0.09929078014184398,0.0,1.0,0.0,Grace Meng RECAP,1.0
35030,35030,100,38,5,1,44,43,1,0.8636363636363636,0.11363636363636363,0.022727272727272728,0.9772727272727273,0.022727272727272728,Grace Meng RECAP,0.9772727272727273
35033,35033,100,125,14,0,139,139,0,0.8992805755395683,0.10071942446043165,0.0,1.0,0.0,Grace Meng RECAP,1.0
35036,35036,100,13,0,0,13,13,0,1.0,0.0,0.0,1.0,0.0,Grace Meng RECAP,1.0
35055,35055,100,0,0,0,0,0,0,0,0,0,0,0,n/a,0
35062,35055,100,0,0,0,0,0,0,0,0,0,0,0,n/a,0
37043,37043,100,119,21,1,141,140,1,0.8439716312056738,0.14893617021276595,0.0070921985815602835,0.9929078014184397,0.0070921985815602835,Grace Meng RECAP,0.9929078014184397
37044,37044,100,122,16,0,138,138,0,0.8840579710144928,0.11594202898550725,0.0,1.0,0.0,Grace Meng RECAP,1.0
37045,37045,100,66,18,0,84,84,0,0.7857142857142857,0.21428571428571427,0.0,1.0,0.0,Grace Meng RECAP,1.0
37046,37046,100,106,26,5,137,132,5,0.7737226277372263,0.1897810218978102,0.0364963503649635,0.9635036496350365,0.0364963503649635,Grace Meng RECAP,0.9635036496350365
37047,37047,100,112,21,3,136,133,3,0.8235294117647058,0.15441176470588236,0.022058823529411766,0.9779411764705882,0.022058823529411766,Grace Meng RECAP,0.9779411764705882
37048,37048,100,109,21,1,131,130,1,0.8320610687022901,0.16030534351145037,0.007633587786259542,0.9923664122137404,0.007633587786259542,Grace Meng RECAP,0.9923664122137404
37049,37049,100,88,7,0,95,95,0,0.9263157894736842,0.07368421052631578,0.0,1.0,0.0,Grace Meng RECAP,1.0
37050,37050,100,90,16,0,106,106,0,0.8490566037735849,0.1509433962264151,0.0,1.0,0.0,Grace Meng RECAP,1.0
38011,38011,100,1,0,0,1,1,0,1.0,0.0,0.0,1.0,0.0,Grace Meng RECAP,1.0
38012,38012,100,63,13,1,77,76,1,0.8181818181818182,0.16883116883116883,0.012987012987012988,0.987012987012987,0.012987012987012988,Grace Meng RECAP,0.987012987012987
38013,38013,100,61,16,0,77,77,0,0.7922077922077922,0.2077922077922078,0.0,1.0,0.0,Grace Meng RECAP,1.0
38014,38014,100,110,20,1,131,130,1,0.8396946564885496,0.15267175572519084,0.007633587786259542,0.9923664122137404,0.007633587786259542,Grace Meng RECAP,0.9923664122137404
38015,38015,100,45,8,1,54,53,1,0.8333333333333334,0.14814814814814814,0.018518518518518517,0.9814814814814815,0.018518518518518517,Grace Meng RECAP,0.9814814814814815
38016,38016,100,121,41,1,163,162,1,0.7423312883435583,0.25153374233128833,0.006134969325153374,0.9938650306748467,0.006134969325153374,Grace Meng RECAP,0.9938650306748467
38017,38017,100,132,26,1,159,158,1,0.8301886792452831,0.16352201257861634,0.006289308176100629,0.9937106918238994,0.006289308176100629,Grace Meng RECAP,0.9937106918238994
38018,38018,100,113,21,3,137,134,3,0.8248175182481752,0.15328467153284672,0.021897810218978103,0.9781021897810219,0.021897810218978103,Grace Meng RECAP,0.9781021897810219
38019,38019,100,70,16,1,87,86,1,0.8045977011494253,0.1839080459770115,0.011494252873563218,0.9885057471264368,0.011494252873563218,Grace Meng RECAP,0.9885057471264368
38022,38022,100,214,36,3,253,250,3,0.8458498023715415,0.1422924901185771,0.011857707509881422,0.9881422924901185,0.011857707509881422,Grace Meng RECAP,0.9881422924901185
38028,38028,100,106,22,2,130,128,2,0.8153846153846154,0.16923076923076924,0.015384615384615385,0.9846153846153847,0.015384615384615385,Grace Meng RECAP,0.9846153846153847
38060,38060,100,0,0,0,0,0,0,0,0,0,0,0,n/a,0
38061,38061,100,0,0,0,0,0,0,0,0,0,0,0,n/a,0
39020,39020,100,13,0,0,13,13,0,1.0,0.0,0.0,1.0,0.0,Grace Meng RECAP,1.0
39021,39021,100,24,3,0,27,27,0,0.8888888888888888,0.1111111111111111,0.0,1.0,0.0,Grace Meng RECAP,1.0
39023,39023,100,85,2,0,87,87,0,0.9770114942528736,0.022988505747126436,0.0,1.0,0.0,Grace Meng RECAP,1.0
39024,39024,100,46,7,1,54,53,1,0.8518518518518519,0.12962962962962962,0.018518518518518517,0.9814814814814815,0.018518518518518517,Grace Meng RECAP,0.9814814814814815
39025,39025,100,92,7,1,100,99,1,0.92,0.07,0.01,0.99,0.01,Grace Meng RECAP,0.99
39026,39026,100,80,15,0,95,95,0,0.8421052631578947,0.15789473684210525,0.0,1.0,0.0,Grace Meng RECAP,1.0
39027,39027,100,76,7,0,83,83,0,0.9156626506024096,0.08433734939759036,0.0,1.0,0.0,Grace Meng RECAP,1.0
39029,39029,100,119,10,0,129,129,0,0.9224806201550387,0.07751937984496124,0.0,1.0,0.0,Grace Meng RECAP,1.0
39030,39030,100,104,8,0,112,112,0,0.9285714285714286,0.07142857142857142,0.0,1.0,0.0,Grace Meng RECAP,1.0
39031,39031,100,81,10,0,91,91,0,0.8901098901098901,0.10989010989010989,0.0,1.0,0.0,Grace Meng RECAP,1.0
39032,39032,100,76,2,0,78,78,0,0.9743589743589743,0.02564102564102564,0.0,1.0,0.0,Grace Meng RECAP,1.0
39033,39033,100,111,11,2,124,122,2,0.8951612903225806,0.08870967741935484,0.016129032258064516,0.9838709677419355,0.016129032258064516,Grace Meng RECAP,0.9838709677419355
39034,39034,100,120,15,0,135,135,0,0.8888888888888888,0.1111111111111111,0.0,1.0,0.0,Grace Meng RECAP,1.0
39035,39035,100,61,12,3,76,73,3,0.8026315789473685,0.15789473684210525,0.039473684210526314,0.9605263157894737,0.039473684210526314,Grace Meng RECAP,0.9605263157894737
39036,39036,100,12,2,0,14,14,0,0.8571428571428571,0.14285714285714285,0.0,1.0,0.0,Grace Meng RECAP,1.0
39037,39037,100,93,9,0,102,102,0,0.9117647058823529,0.08823529411764706,0.0,1.0,0.0,Grace Meng RECAP,1.0
39038,39038,100,87,10,0,97,97,0,0.8969072164948454,0.10309278350515463,0.0,1.0,0.0,Grace Meng RECAP,1.0
39039,39039,100,0,0,0,0,0,0,0,0,0,0,0,n/a,0
40003,40003,100,134,13,0,147,147,0,0.9115646258503401,0.08843537414965986,0.0,1.0,0.0,Grace Meng RECAP,1.0
40004,40004,100,111,11,1,123,122,1,0.9024390243902439,0.08943089430894309,0.008130081300813009,0.991869918699187,0.008130081300813009,Grace Meng RECAP,0.991869918699187
40005,40005,100,114,23,1,138,137,1,0.8260869565217391,0.16666666666666666,0.007246376811594203,0.9927536231884058,0.007246376811594203,Grace Meng RECAP,0.9927536231884058
40006,40006,100,122,24,1,147,146,1,0.8299319727891157,0.16326530612244897,0.006802721088435374,0.9931972789115646,0.006802721088435374,Grace Meng RECAP,0.9931972789115646
40007,40007,100,164,28,4,196,192,4,0.8367346938775511,0.14285714285714285,0.02040816326530612,0.9795918367346939,0.02040816326530612,Grace Meng RECAP,0.9795918367346939
40008,40008,100,86,10,1,97,96,1,0.8865979381443299,0.10309278350515463,0.010309278350515464,0.9896907216494846,0.010309278350515464,Grace Meng RECAP,0.9896907216494846
40009,40009,100,203,30,2,235,233,2,0.8638297872340426,0.1276595744680851,0.00851063829787234,0.9914893617021276,0.00851063829787234,Grace Meng RECAP,0.9914893617021276
40011,40011,100,23,2,0,25,25,0,0.92,0.08,0.0,1.0,0.0,Grace Meng RECAP,1.0
40012,40012,100,25,4,0,29,29,0,0.8620689655172413,0.13793103448275862,0.0,1.0,0.0,Grace Meng RECAP,1.0
40013,40013,100,115,16,2,133,131,2,0.8646616541353384,0.12030075187969924,0.015037593984962405,0.9849624060150376,0.015037593984962405,Grace Meng RECAP,0.9849624060150376
40014,40014,100,123,19,2,144,142,2,0.8541666666666666,0.13194444444444445,0.013888888888888888,0.9861111111111112,0.013888888888888888,Grace Meng RECAP,0.9861111111111112
40015,40015,100,152,15,2,169,167,2,0.8994082840236687,0.08875739644970414,0.011834319526627219,0.9881656804733728,0.011834319526627219,Grace Meng RECAP,0.9881656804733728
40016,40016,100,196,13,1,210,209,1,0.9333333333333333,0.06190476190476191,0.004761904761904762,0.9952380952380953,0.004761904761904762,Grace Meng RECAP,0.9952380952380953
40017,40017,100,71,6,2,79,77,2,0.8987341772151899,0.0759493670886076,0.02531645569620253,0.9746835443037974,0.02531645569620253,Grace Meng RECAP,0.9746835443037974
40018,40018,100,177,11,3,191,188,3,0.9267015706806283,0.05759162303664921,0.015706806282722512,0.9842931937172775,0.015706806282722512,Grace Meng RECAP,0.9842931937172775
40019,40019,100,159,6,1,166,165,1,0.9578313253012049,0.03614457831325301,0.006024096385542169,0.9939759036144579,0.006024096385542169,Grace Meng RECAP,0.9939759036144579
40020,40020,100,168,18,1,187,186,1,0.8983957219251337,0.0962566844919786,0.0053475935828877,0.9946524064171123,0.0053475935828877,Grace Meng RECAP,0.9946524064171123
40021,40021,100,120,3,0,123,123,0,0.975609756097561,0.024390243902439025,0.0,1.0,0.0,Grace Meng RECAP,1.0
40022,40022,100,210,15,2,227,225,2,0.9251101321585903,0.06607929515418502,0.00881057268722467,0.9911894273127754,0.00881057268722467,Grace Meng RECAP,0.9911894273127754
40023,40023,100,153,7,0,160,160,0,0.95625,0.04375,0.0,1.0,0.0,Grace Meng RECAP,1.0
40024,40024,100,168,8,1,177,176,1,0.9491525423728814,0.04519774011299435,0.005649717514124294,0.9943502824858758,0.005649717514124294,Grace Meng RECAP,0.9943502824858758
40025,40025,100,133,15,1,149,148,1,0.8926174496644296,0.10067114093959731,0.006711409395973154,0.9932885906040269,0.006711409395973154,Grace Meng RECAP,0.9932885906040269
40026,40026,100,92,10,1,103,102,1,0.8932038834951457,0.0970873786407767,0.009708737864077669,0.9902912621359223,0.009708737864077669,Grace Meng RECAP,0.9902912621359223
40027,40027,100,115,16,1,132,131,1,0.8712121212121212,0.12121212121212122,0.007575757575757576,0.9924242424242424,0.007575757575757576,Grace Meng RECAP,0.9924242424242424
40028,40028,100,54,4,1,59,58,1,0.9152542372881356,0.06779661016949153,0.01694915254237288,0.9830508474576272,0.01694915254237288,Grace Meng RECAP,0.9830508474576272
40029,40029,100,138,12,0,150,150,0,0.92,0.08,0.0,1.0,0.0,Grace Meng RECAP,1.0
40030,40030,100,157,11,0,168,168,0,0.9345238095238095,0.06547619047619048,0.0,1.0,0.0,Grace Meng RECAP,1.0
40031,40031,100,138,14,2,154,152,2,0.8961038961038961,0.09090909090909091,0.012987012987012988,0.987012987012987,0.012987012987012988,Grace Meng RECAP,0.987012987012987
40032,40032,100,139,11,3,153,150,3,0.9084967320261438,0.0718954248366013,0.0196078431372549,0.9803921568627451,0.0196078431372549,Grace Meng RECAP,0.9803921568627451
40033,40033,100,181,12,1,194,193,1,0.9329896907216495,0.061855670103092786,0.005154639175257732,0.9948453608247423,0.005154639175257732,Grace Meng RECAP,0.9948453608247423
40034,40034,100,141,9,0,150,150,0,0.94,0.06,0.0,1.0,0.0,Grace Meng RECAP,1.0
40035,40035,100,218,7,0,225,225,0,0.9688888888888889,0.03111111111111111,0.0,1.0,0.0,Grace Meng RECAP,1.0
40036,40036,100,206,15,0,221,221,0,0.9321266968325792,0.06787330316742081,0.0,1.0,0.0,Grace Meng RECAP,1.0
40037,40037,100,176,5,1,182,181,1,0.967032967032967,0.027472527472527472,0.005494505494505495,0.9945054945054945,0.005494505494505495,Grace Meng RECAP,0.9945054945054945
40038,40038,100,148,17,2,167,165,2,0.8862275449101796,0.10179640718562874,0.011976047904191617,0.9880239520958084,0.011976047904191617,Grace Meng RECAP,0.9880239520958084
40039,40039,100,203,11,1,215,214,1,0.9441860465116279,0.05116279069767442,0.004651162790697674,0.9953488372093023,0.004651162790697674,Grace Meng RECAP,0.9953488372093023
40040,40040,100,145,8,1,154,153,1,0.9415584415584416,0.05194805194805195,0.006493506493506494,0.9935064935064936,0.006493506493506494,Grace Meng RECAP,0.9935064935064936
40041,40041,100,155,10,2,167,165,2,0.9281437125748503,0.059880239520958084,0.011976047904191617,0.9880239520958084,0.011976047904191617,Grace Meng RECAP,0.9880239520958084
40042,40042,100,141,8,3,152,149,3,0.9276315789473685,0.05263157894736842,0.019736842105263157,0.9802631578947368,0.019736842105263157,Grace Meng RECAP,0.9802631578947368
40043,40043,100,142,10,0,152,152,0,0.9342105263157895,0.06578947368421052,0.0,1.0,0.0,Grace Meng RECAP,1.0
40044,40044,100,118,8,0,126,126,0,0.9365079365079365,0.06349206349206349,0.0,1.0,0.0,Grace Meng RECAP,1.0
40045,40045,100,97,6,1,104,103,1,0.9326923076923077,0.057692307692307696,0.009615384615384616,0.9903846153846154,0.009615384615384616,Grace Meng RECAP,0.9903846153846154
40046,40046,100,69,10,0,79,79,0,0.8734177215189873,0.12658227848101267,0.0,1.0,0.0,Grace Meng RECAP,1.0
40047,40047,100,195,9,1,205,204,1,0.9512195121951219,0.04390243902439024,0.004878048780487805,0.9951219512195122,0.004878048780487805,Grace Meng RECAP,0.9951219512195122
40048,40048,100,270,25,1,296,295,1,0.9121621621621622,0.08445945945945946,0.0033783783783783786,0.9966216216216216,0.0033783783783783786,Grace Meng RECAP,0.9966216216216216
40049,40049,100,110,11,1,122,121,1,0.9016393442622951,0.09016393442622951,0.00819672131147541,0.9918032786885246,0.00819672131147541,Grace Meng RECAP,0.9918032786885246
40050,40050,100,124,2,0,126,126,0,0.9841269841269841,0.015873015873015872,0.0,1.0,0.0,Grace Meng RECAP,1.0
40051,40051,100,168,9,0,177,177,0,0.9491525423728814,0.05084745762711865,0.0,1.0,0.0,Grace Meng RECAP,1.0
40052,40052,100,77,7,0,84,84,0,0.9166666666666666,0.08333333333333333,0.0,1.0,0.0,Grace Meng RECAP,1.0
40053,40053,100,89,10,4,103,99,4,0.8640776699029126,0.0970873786407767,0.038834951456310676,0.9611650485436893,0.038834951456310676,Grace Meng RECAP,0.9611650485436893
