ED,Reported As,Reporting,Matthew J. Titone (Democratic),Matthew J. Titone (Working Families),Scattered,Matthew J. Titone (Independence),Total Votes,Matthew J. Titone RECAP,Scattered RECAP,p_Matthew J. Titone (Democratic),p_Matthew J. Titone (Working Families),p_Scattered,p_Matthew J. Titone (Independence),p_Matthew J. Titone RECAP,p_Scattered RECAP,winner,winner_p
61001,61001,100,239,42,4,21,306,302,4,0.7810457516339869,0.13725490196078433,0.013071895424836602,0.06862745098039216,0.9869281045751634,0.013071895424836602,Matthew J. Titone RECAP,0.9869281045751634
61002,61002,100,208,15,0,2,225,225,0,0.9244444444444444,0.06666666666666667,0.0,0.008888888888888889,1.0,0.0,Matthew J. Titone RECAP,1.0
61003,61003,100,274,44,3,21,342,339,3,0.8011695906432749,0.1286549707602339,0.008771929824561403,0.06140350877192982,0.9912280701754386,0.008771929824561403,Matthew J. Titone RECAP,0.9912280701754386
61004,61004,100,287,35,2,27,351,349,2,0.8176638176638177,0.09971509971509972,0.005698005698005698,0.07692307692307693,0.9943019943019943,0.005698005698005698,Matthew J. Titone RECAP,0.9943019943019943
61005,61005,100,159,33,1,5,198,197,1,0.803030303030303,0.16666666666666666,0.005050505050505051,0.025252525252525252,0.9949494949494949,0.005050505050505051,Matthew J. Titone RECAP,0.9949494949494949
61006,61006,100,181,13,2,16,212,210,2,0.8537735849056604,0.06132075471698113,0.009433962264150943,0.07547169811320754,0.9905660377358491,0.009433962264150943,Matthew J. Titone RECAP,0.9905660377358491
61007,61007,100,227,6,0,6,239,239,0,0.9497907949790795,0.02510460251046025,0.0,0.02510460251046025,1.0,0.0,Matthew J. Titone RECAP,1.0
61008,61008,100,250,19,4,9,282,278,4,0.8865248226950354,0.0673758865248227,0.014184397163120567,0.031914893617021274,0.9858156028368794,0.014184397163120567,Matthew J. Titone RECAP,0.9858156028368794
61009,61009,100,341,25,6,27,399,393,6,0.8546365914786967,0.06265664160401002,0.015037593984962405,0.06766917293233082,0.9849624060150376,0.015037593984962405,Matthew J. Titone RECAP,0.9849624060150376
61010,61010,100,254,16,2,17,289,287,2,0.8788927335640139,0.05536332179930796,0.006920415224913495,0.058823529411764705,0.9930795847750865,0.006920415224913495,Matthew J. Titone RECAP,0.9930795847750865
61011,61011,100,130,12,2,18,162,160,2,0.8024691358024691,0.07407407407407407,0.012345679012345678,0.1111111111111111,0.9876543209876543,0.012345679012345678,Matthew J. Titone RECAP,0.9876543209876543
61012,61012,100,297,29,4,52,382,378,4,0.7774869109947644,0.07591623036649214,0.010471204188481676,0.13612565445026178,0.9895287958115183,0.010471204188481676,Matthew J. Titone RECAP,0.9895287958115183
61013,61013,100,312,29,2,30,373,371,2,0.8364611260053619,0.0777479892761394,0.005361930294906166,0.08042895442359249,0.9946380697050938,0.005361930294906166,Matthew J. Titone RECAP,0.9946380697050938
61014,61014,100,222,19,3,39,283,280,3,0.784452296819788,0.06713780918727916,0.01060070671378092,0.13780918727915195,0.9893992932862191,0.01060070671378092,Matthew J. Titone RECAP,0.9893992932862191
61015,61015,100,233,18,1,27,279,278,1,0.8351254480286738,0.06451612903225806,0.0035842293906810036,0.0967741935483871,0.996415770609319,0.0035842293906810036,Matthew J. Titone RECAP,0.996415770609319
61016,61016,100,198,11,1,5,215,214,1,0.9209302325581395,0.05116279069767442,0.004651162790697674,0.023255813953488372,0.9953488372093023,0.004651162790697674,Matthew J. Titone RECAP,0.9953488372093023
61017,61017,100,212,18,2,15,247,245,2,0.8582995951417004,0.0728744939271255,0.008097165991902834,0.06072874493927125,0.9919028340080972,0.008097165991902834,Matthew J. Titone RECAP,0.9919028340080972
61018,61018,100,207,24,7,23,261,254,7,0.7931034482758621,0.09195402298850575,0.02681992337164751,0.08812260536398467,0.9731800766283525,0.02681992337164751,Matthew J. Titone RECAP,0.9731800766283525
61019,61019,100,164,23,6,19,212,206,6,0.7735849056603774,0.10849056603773585,0.02830188679245283,0.08962264150943396,0.9716981132075472,0.02830188679245283,Matthew J. Titone RECAP,0.9716981132075472
61020,61020,100,198,31,4,22,255,251,4,0.7764705882352941,0.12156862745098039,0.01568627450980392,0.08627450980392157,0.984313725490196,0.01568627450980392,Matthew J. Titone RECAP,0.984313725490196
61021,61021,100,249,14,1,9,273,272,1,0.9120879120879121,0.05128205128205128,0.003663003663003663,0.03296703296703297,0.9963369963369964,0.003663003663003663,Matthew J. Titone RECAP,0.9963369963369964
61022,61022,100,251,19,3,17,290,287,3,0.8655172413793103,0.06551724137931035,0.010344827586206896,0.05862068965517241,0.9896551724137931,0.010344827586206896,Matthew J. Titone RECAP,0.9896551724137931
61023,61023,100,204,14,4,17,239,235,4,0.8535564853556485,0.058577405857740586,0.016736401673640166,0.07112970711297072,0.9832635983263598,0.016736401673640166,Matthew J. Titone RECAP,0.9832635983263598
61024,61024,100,196,26,2,45,269,267,2,0.7286245353159851,0.09665427509293681,0.007434944237918215,0.16728624535315986,0.9925650557620818,0.007434944237918215,Matthew J. Titone RECAP,0.9925650557620818
61025,61025,100,241,17,1,21,280,279,1,0.8607142857142858,0.060714285714285714,0.0035714285714285713,0.075,0.9964285714285714,0.0035714285714285713,Matthew J. Titone RECAP,0.9964285714285714
61026,61026,100,236,15,0,13,264,264,0,0.8939393939393939,0.056818181818181816,0.0,0.04924242424242424,1.0,0.0,Matthew J. Titone RECAP,1.0
61027,61027,100,205,10,2,11,228,226,2,0.8991228070175439,0.043859649122807015,0.008771929824561403,0.04824561403508772,0.9912280701754386,0.008771929824561403,Matthew J. Titone RECAP,0.9912280701754386
61028,61028,100,202,15,3,12,232,229,3,0.8706896551724138,0.06465517241379311,0.01293103448275862,0.05172413793103448,0.9870689655172413,0.01293103448275862,Matthew J. Titone RECAP,0.9870689655172413
61029,61029,100,153,21,3,15,192,189,3,0.796875,0.109375,0.015625,0.078125,0.984375,0.015625,Matthew J. Titone RECAP,0.984375
61030,61030,100,234,23,1,20,278,277,1,0.841726618705036,0.08273381294964029,0.0035971223021582736,0.07194244604316546,0.9964028776978417,0.0035971223021582736,Matthew J. Titone RECAP,0.9964028776978417
61031,61031,100,197,8,1,13,219,218,1,0.8995433789954338,0.0365296803652968,0.0045662100456621,0.0593607305936073,0.9954337899543378,0.0045662100456621,Matthew J. Titone RECAP,0.9954337899543378
61032,61032,100,160,6,0,12,178,178,0,0.898876404494382,0.033707865168539325,0.0,0.06741573033707865,1.0,0.0,Matthew J. Titone RECAP,1.0
61033,61033,100,141,15,1,7,164,163,1,0.8597560975609756,0.09146341463414634,0.006097560975609756,0.042682926829268296,0.9939024390243902,0.006097560975609756,Matthew J. Titone RECAP,0.9939024390243902
61034,61034,100,178,28,4,28,238,234,4,0.7478991596638656,0.11764705882352941,0.01680672268907563,0.11764705882352941,0.9831932773109243,0.01680672268907563,Matthew J. Titone RECAP,0.9831932773109243
61035,61035,100,132,28,2,35,197,195,2,0.6700507614213198,0.14213197969543148,0.01015228426395939,0.17766497461928935,0.9898477157360406,0.01015228426395939,Matthew J. Titone RECAP,0.9898477157360406
61036,61036,100,92,14,0,26,132,132,0,0.696969696969697,0.10606060606060606,0.0,0.19696969696969696,1.0,0.0,Matthew J. Titone RECAP,1.0
61037,61037,100,186,41,3,27,257,254,3,0.7237354085603113,0.15953307392996108,0.011673151750972763,0.10505836575875487,0.9883268482490273,0.011673151750972763,Matthew J. Titone RECAP,0.9883268482490273
61038,61038,100,261,33,13,44,351,338,13,0.7435897435897436,0.09401709401709402,0.037037037037037035,0.12535612535612536,0.9629629629629629,0.037037037037037035,Matthew J. Titone RECAP,0.9629629629629629
61039,61039,100,266,36,9,34,345,336,9,0.7710144927536232,0.10434782608695652,0.02608695652173913,0.09855072463768116,0.9739130434782609,0.02608695652173913,Matthew J. Titone RECAP,0.9739130434782609
61040,61040,100,281,37,14,61,393,379,14,0.7150127226463104,0.09414758269720101,0.035623409669211195,0.15521628498727735,0.9643765903307888,0.035623409669211195,Matthew J. Titone RECAP,0.9643765903307888
61041,61041,100,207,33,5,50,295,290,5,0.7016949152542373,0.11186440677966102,0.01694915254237288,0.1694915254237288,0.9830508474576272,0.01694915254237288,Matthew J. Titone RECAP,0.9830508474576272
61042,61042,100,256,51,4,56,367,363,4,0.6975476839237057,0.13896457765667575,0.010899182561307902,0.15258855585831063,0.989100817438692,0.010899182561307902,Matthew J. Titone RECAP,0.989100817438692
61043,61043,100,214,29,9,38,290,281,9,0.7379310344827587,0.1,0.03103448275862069,0.1310344827586207,0.9689655172413794,0.03103448275862069,Matthew J. Titone RECAP,0.9689655172413794
61044,61044,100,132,30,5,28,195,190,5,0.676923076923077,0.15384615384615385,0.02564102564102564,0.14358974358974358,0.9743589743589743,0.02564102564102564,Matthew J. Titone RECAP,0.9743589743589743
61045,61045,100,142,32,2,50,226,224,2,0.6283185840707964,0.1415929203539823,0.008849557522123894,0.22123893805309736,0.9911504424778761,0.008849557522123894,Matthew J. Titone RECAP,0.9911504424778761
61046,61046,100,195,35,12,41,283,271,12,0.6890459363957597,0.12367491166077739,0.04240282685512368,0.14487632508833923,0.9575971731448764,0.04240282685512368,Matthew J. Titone RECAP,0.9575971731448764
61047,61047,100,118,14,5,24,161,156,5,0.7329192546583851,0.08695652173913043,0.031055900621118012,0.14906832298136646,0.968944099378882,0.031055900621118012,Matthew J. Titone RECAP,0.968944099378882
61048,61048,100,139,16,2,29,186,184,2,0.7473118279569892,0.08602150537634409,0.010752688172043012,0.15591397849462366,0.989247311827957,0.010752688172043012,Matthew J. Titone RECAP,0.989247311827957
61049,61049,100,281,41,1,34,357,356,1,0.7871148459383753,0.11484593837535013,0.0028011204481792717,0.09523809523809523,0.9971988795518207,0.0028011204481792717,Matthew J. Titone RECAP,0.9971988795518207
61050,61050,100,218,30,3,20,271,268,3,0.8044280442804428,0.11070110701107011,0.01107011070110701,0.07380073800738007,0.988929889298893,0.01107011070110701,Matthew J. Titone RECAP,0.988929889298893
61051,61051,100,193,31,1,21,246,245,1,0.7845528455284553,0.12601626016260162,0.0040650406504065045,0.08536585365853659,0.9959349593495935,0.0040650406504065045,Matthew J. Titone RECAP,0.9959349593495935
61052,61052,100,110,14,1,19,144,143,1,0.7638888888888888,0.09722222222222222,0.006944444444444444,0.13194444444444445,0.9930555555555556,0.006944444444444444,Matthew J. Titone RECAP,0.9930555555555556
61053,61053,100,273,10,1,7,291,290,1,0.9381443298969072,0.03436426116838488,0.003436426116838488,0.024054982817869417,0.9965635738831615,0.003436426116838488,Matthew J. Titone RECAP,0.9965635738831615
61054,61054,100,188,15,0,6,209,209,0,0.8995215311004785,0.07177033492822966,0.0,0.028708133971291867,1.0,0.0,Matthew J. Titone RECAP,1.0
61055,61055,100,255,19,1,8,283,282,1,0.901060070671378,0.06713780918727916,0.0035335689045936395,0.028268551236749116,0.9964664310954063,0.0035335689045936395,Matthew J. Titone RECAP,0.9964664310954063
61056,61056,100,259,13,0,12,284,284,0,0.9119718309859155,0.045774647887323945,0.0,0.04225352112676056,1.0,0.0,Matthew J. Titone RECAP,1.0
61057,61057,100,238,18,2,21,279,277,2,0.8530465949820788,0.06451612903225806,0.007168458781362007,0.07526881720430108,0.992831541218638,0.007168458781362007,Matthew J. Titone RECAP,0.992831541218638
61058,61058,100,336,8,0,9,353,353,0,0.9518413597733711,0.0226628895184136,0.0,0.025495750708215296,1.0,0.0,Matthew J. Titone RECAP,1.0
61059,61059,100,294,10,1,6,311,310,1,0.9453376205787781,0.03215434083601286,0.003215434083601286,0.01929260450160772,0.9967845659163987,0.003215434083601286,Matthew J. Titone RECAP,0.9967845659163987
61060,61060,100,181,12,1,10,204,203,1,0.8872549019607843,0.058823529411764705,0.004901960784313725,0.049019607843137254,0.9950980392156863,0.004901960784313725,Matthew J. Titone RECAP,0.9950980392156863
61061,61061,100,334,3,0,3,340,340,0,0.9823529411764705,0.008823529411764706,0.0,0.008823529411764706,1.0,0.0,Matthew J. Titone RECAP,1.0
61062,61062,100,116,20,2,16,154,152,2,0.7532467532467533,0.12987012987012986,0.012987012987012988,0.1038961038961039,0.987012987012987,0.012987012987012988,Matthew J. Titone RECAP,0.987012987012987
61063,61063,100,40,6,3,6,55,52,3,0.7272727272727273,0.10909090909090909,0.05454545454545454,0.10909090909090909,0.9454545454545454,0.05454545454545454,Matthew J. Titone RECAP,0.9454545454545454
61064,61064,100,103,4,2,10,119,117,2,0.865546218487395,0.03361344537815126,0.01680672268907563,0.08403361344537816,0.9831932773109243,0.01680672268907563,Matthew J. Titone RECAP,0.9831932773109243
61065,61065,100,153,12,4,16,185,181,4,0.827027027027027,0.06486486486486487,0.021621621621621623,0.08648648648648649,0.9783783783783784,0.021621621621621623,Matthew J. Titone RECAP,0.9783783783783784
61066,61066,100,0,0,0,0,0,0,0,0,0,0,0,0,0,n/a,0
61067,61067,100,0,0,0,0,0,0,0,0,0,0,0,0,0,n/a,0
61068,61068,100,0,0,0,0,0,0,0,0,0,0,0,0,0,n/a,0
