ED,Reported As,Reporting,Yes,No,Total Votes,p_Yes,p_No,winner,winner_p
65001,65001,99.00,137,29,166,0.8253012048192772,0.1746987951807229,Yes,0.8253012048192772
65002,65002,99.00,125,33,158,0.7911392405063291,0.2088607594936709,Yes,0.7911392405063291
65003,65003,75.00,184,45,229,0.8034934497816594,0.1965065502183406,Yes,0.8034934497816594
65004,65004,99.00,80,18,98,0.8163265306122449,0.1836734693877551,Yes,0.8163265306122449
65005,65005,75.00,0,0,0,0,0,n/a,0
65006,65006,99.00,236,130,366,0.644808743169399,0.3551912568306011,Yes,0.644808743169399
65007,65007,99.00,4,1,5,0.8,0.2,Yes,0.8
65008,65008,99.00,159,87,246,0.6463414634146342,0.35365853658536583,Yes,0.6463414634146342
65009,65009,99.00,129,32,161,0.8012422360248447,0.19875776397515527,Yes,0.8012422360248447
65010,65010,99.00,138,22,160,0.8625,0.1375,Yes,0.8625
65011,65011,99.00,3,0,3,1.0,0.0,Yes,1.0
65012,65012,99.00,80,49,129,0.6201550387596899,0.3798449612403101,Yes,0.6201550387596899
65013,65013,99.00,5,1,6,0.8333333333333334,0.16666666666666666,Yes,0.8333333333333334
65014,65014,99.00,222,100,322,0.6894409937888198,0.3105590062111801,Yes,0.6894409937888198
65015,65015,99.00,185,73,258,0.7170542635658915,0.28294573643410853,Yes,0.7170542635658915
65016,65016,99.00,126,51,177,0.711864406779661,0.288135593220339,Yes,0.711864406779661
65017,65017,99.00,8,2,10,0.8,0.2,Yes,0.8
65018,65018,99.00,106,25,131,0.8091603053435115,0.19083969465648856,Yes,0.8091603053435115
65019,65019,99.00,87,21,108,0.8055555555555556,0.19444444444444445,Yes,0.8055555555555556
65020,65020,99.00,3,1,4,0.75,0.25,Yes,0.75
65021,65021,99.00,127,28,155,0.8193548387096774,0.18064516129032257,Yes,0.8193548387096774
65022,65022,99.00,130,46,176,0.7386363636363636,0.26136363636363635,Yes,0.7386363636363636
65023,65023,99.00,126,22,148,0.8513513513513513,0.14864864864864866,Yes,0.8513513513513513
65024,65024,99.00,88,16,104,0.8461538461538461,0.15384615384615385,Yes,0.8461538461538461
65025,65025,99.00,1,4,5,0.2,0.8,No,0.8
65026,65026,99.00,5,0,5,1.0,0.0,Yes,1.0
65027,65027,99.00,144,53,197,0.7309644670050761,0.26903553299492383,Yes,0.7309644670050761
65028,65028,99.00,8,1,9,0.8888888888888888,0.1111111111111111,Yes,0.8888888888888888
65029,65029,99.00,6,3,9,0.6666666666666666,0.3333333333333333,Yes,0.6666666666666666
65030,65030,99.00,232,62,294,0.7891156462585034,0.2108843537414966,Yes,0.7891156462585034
65031,65031,99.00,4,1,5,0.8,0.2,Yes,0.8
65032,65032,99.00,82,21,103,0.7961165048543689,0.20388349514563106,Yes,0.7961165048543689
65033,65033,99.00,95,20,115,0.8260869565217391,0.17391304347826086,Yes,0.8260869565217391
65034,65034,99.00,8,1,9,0.8888888888888888,0.1111111111111111,Yes,0.8888888888888888
65035,65035,99.00,47,19,66,0.7121212121212122,0.2878787878787879,Yes,0.7121212121212122
65036,65036,99.00,104,38,142,0.7323943661971831,0.2676056338028169,Yes,0.7323943661971831
65037,65037,99.00,41,10,51,0.803921568627451,0.19607843137254902,Yes,0.803921568627451
65038,65038,99.00,8,3,11,0.7272727272727273,0.2727272727272727,Yes,0.7272727272727273
65039,65039,99.00,157,37,194,0.8092783505154639,0.19072164948453607,Yes,0.8092783505154639
65040,65040,33.33,112,29,141,0.7943262411347518,0.20567375886524822,Yes,0.7943262411347518
65041,65041,33.33,27,1,28,0.9642857142857143,0.03571428571428571,Yes,0.9642857142857143
65042,65042,99.00,22,2,24,0.9166666666666666,0.08333333333333333,Yes,0.9166666666666666
65043,65043,33.33,114,22,136,0.8382352941176471,0.16176470588235295,Yes,0.8382352941176471
65044,65044,0.00,22,3,25,0.88,0.12,Yes,0.88
65045,65045,99.00,180,66,246,0.7317073170731707,0.2682926829268293,Yes,0.7317073170731707
65046,65046,99.00,147,76,223,0.6591928251121076,0.34080717488789236,Yes,0.6591928251121076
65047,65047,99.00,144,50,194,0.7422680412371134,0.25773195876288657,Yes,0.7422680412371134
65048,65048,0.00,13,5,18,0.7222222222222222,0.2777777777777778,Yes,0.7222222222222222
65049,65049,99.00,233,47,280,0.8321428571428572,0.16785714285714284,Yes,0.8321428571428572
65050,65050,99.00,7,1,8,0.875,0.125,Yes,0.875
65051,65051,0.00,9,3,12,0.75,0.25,Yes,0.75
65052,65052,99.00,151,45,196,0.7704081632653061,0.22959183673469388,Yes,0.7704081632653061
65053,65053,50.00,77,20,97,0.7938144329896907,0.20618556701030927,Yes,0.7938144329896907
65054,65054,99.00,131,57,188,0.6968085106382979,0.30319148936170215,Yes,0.6968085106382979
65055,65055,50.00,7,1,8,0.875,0.125,Yes,0.875
65056,65056,99.00,72,22,94,0.7659574468085106,0.23404255319148937,Yes,0.7659574468085106
65057,65057,50.00,130,38,168,0.7738095238095238,0.2261904761904762,Yes,0.7738095238095238
65058,65058,99.00,196,26,222,0.8828828828828829,0.11711711711711711,Yes,0.8828828828828829
65059,65059,99.00,180,33,213,0.8450704225352113,0.15492957746478872,Yes,0.8450704225352113
65060,65060,99.00,2,0,2,1.0,0.0,Yes,1.0
65061,65061,99.00,169,30,199,0.8492462311557789,0.1507537688442211,Yes,0.8492462311557789
65062,65062,99.00,5,0,5,1.0,0.0,Yes,1.0
65063,65063,99.00,137,33,170,0.8058823529411765,0.19411764705882353,Yes,0.8058823529411765
65064,65064,99.00,127,30,157,0.8089171974522293,0.1910828025477707,Yes,0.8089171974522293
65065,65065,99.00,4,4,8,0.5,0.5,Tie,0.5
65066,65066,99.00,1,1,2,0.5,0.5,Tie,0.5
65067,65067,99.00,3,0,3,1.0,0.0,Yes,1.0
65068,65068,99.00,256,42,298,0.8590604026845637,0.14093959731543623,Yes,0.8590604026845637
65069,65069,99.00,12,0,12,1.0,0.0,Yes,1.0
65070,65070,99.00,0,0,0,0,0,n/a,0
65071,65071,99.00,169,21,190,0.8894736842105263,0.11052631578947368,Yes,0.8894736842105263
65072,65072,99.00,157,35,192,0.8177083333333334,0.18229166666666666,Yes,0.8177083333333334
65073,65073,66.67,89,11,100,0.89,0.11,Yes,0.89
65074,65074,99.00,4,1,5,0.8,0.2,Yes,0.8
65075,65075,66.67,4,0,4,1.0,0.0,Yes,1.0
65076,65076,66.67,72,10,82,0.8780487804878049,0.12195121951219512,Yes,0.8780487804878049
65077,65077,99.00,179,22,201,0.8905472636815921,0.10945273631840796,Yes,0.8905472636815921
65078,65078,99.00,183,22,205,0.8926829268292683,0.1073170731707317,Yes,0.8926829268292683
65079,65079,99.00,317,42,359,0.883008356545961,0.116991643454039,Yes,0.883008356545961
65080,65080,99.00,164,31,195,0.841025641025641,0.15897435897435896,Yes,0.841025641025641
65081,65081,99.00,133,16,149,0.8926174496644296,0.10738255033557047,Yes,0.8926174496644296
65082,65082,99.00,0,0,0,0,0,n/a,0
65083,65083,33.33,7,0,7,1.0,0.0,Yes,1.0
65084,65084,99.00,0,0,0,0,0,n/a,0
65085,65085,75.00,172,42,214,0.8037383177570093,0.19626168224299065,Yes,0.8037383177570093
65086,65086,75.00,3,1,4,0.75,0.25,Yes,0.75
65087,65087,99.00,104,17,121,0.859504132231405,0.14049586776859505,Yes,0.859504132231405
65088,65088,99.00,124,30,154,0.8051948051948052,0.19480519480519481,Yes,0.8051948051948052
65089,65089,99.00,2,1,3,0.6666666666666666,0.3333333333333333,Yes,0.6666666666666666
65090,65090,99.00,9,0,9,1.0,0.0,Yes,1.0
65091,65091,99.00,145,32,177,0.8192090395480226,0.1807909604519774,Yes,0.8192090395480226
65092,65092,99.00,2,0,2,1.0,0.0,Yes,1.0
65093,65093,99.00,4,0,4,1.0,0.0,Yes,1.0
65094,65094,99.00,0,0,0,0,0,n/a,0
65095,65095,99.00,0,0,0,0,0,n/a,0
65096,65096,99.00,0,0,0,0,0,n/a,0
65097,65097,99.00,0,0,0,0,0,n/a,0
65098,65098,99.00,0,0,0,0,0,n/a,0
65099,65099,66.67,3,0,3,1.0,0.0,Yes,1.0
66001,66001,99.00,130,40,170,0.7647058823529411,0.23529411764705882,Yes,0.7647058823529411
66002,66002,99.00,4,0,4,1.0,0.0,Yes,1.0
66003,66003,99.00,193,58,251,0.7689243027888446,0.23107569721115537,Yes,0.7689243027888446
66004,66004,99.00,74,21,95,0.7789473684210526,0.22105263157894736,Yes,0.7789473684210526
66005,66005,99.00,194,71,265,0.7320754716981132,0.2679245283018868,Yes,0.7320754716981132
66006,66006,99.00,6,3,9,0.6666666666666666,0.3333333333333333,Yes,0.6666666666666666
66007,66007,99.00,6,2,8,0.75,0.25,Yes,0.75
66008,66008,99.00,182,41,223,0.8161434977578476,0.18385650224215247,Yes,0.8161434977578476
66009,66009,99.00,167,22,189,0.8835978835978836,0.1164021164021164,Yes,0.8835978835978836
66010,66010,99.00,139,14,153,0.9084967320261438,0.0915032679738562,Yes,0.9084967320261438
66011,66011,99.00,180,26,206,0.8737864077669902,0.1262135922330097,Yes,0.8737864077669902
66012,66012,99.00,103,33,136,0.7573529411764706,0.2426470588235294,Yes,0.7573529411764706
66013,66013,99.00,199,36,235,0.8468085106382979,0.15319148936170213,Yes,0.8468085106382979
66014,66014,99.00,143,19,162,0.8827160493827161,0.11728395061728394,Yes,0.8827160493827161
66015,66015,99.00,12,1,13,0.9230769230769231,0.07692307692307693,Yes,0.9230769230769231
66016,66016,99.00,2,0,2,1.0,0.0,Yes,1.0
66017,66017,99.00,0,0,0,0,0,n/a,0
66018,66018,99.00,9,0,9,1.0,0.0,Yes,1.0
66019,66019,99.00,11,2,13,0.8461538461538461,0.15384615384615385,Yes,0.8461538461538461
66020,66020,99.00,161,14,175,0.92,0.08,Yes,0.92
66021,66021,99.00,275,38,313,0.8785942492012779,0.12140575079872204,Yes,0.8785942492012779
66022,66022,99.00,239,47,286,0.8356643356643356,0.16433566433566432,Yes,0.8356643356643356
66023,66023,99.00,309,38,347,0.8904899135446686,0.10951008645533142,Yes,0.8904899135446686
66024,66024,99.00,10,5,15,0.6666666666666666,0.3333333333333333,Yes,0.6666666666666666
66025,66025,99.00,7,0,7,1.0,0.0,Yes,1.0
66026,66026,99.00,210,24,234,0.8974358974358975,0.10256410256410256,Yes,0.8974358974358975
66027,66027,99.00,5,0,5,1.0,0.0,Yes,1.0
66028,66028,99.00,149,11,160,0.93125,0.06875,Yes,0.93125
66029,66029,99.00,11,2,13,0.8461538461538461,0.15384615384615385,Yes,0.8461538461538461
66030,66030,99.00,161,23,184,0.875,0.125,Yes,0.875
66031,66031,99.00,9,1,10,0.9,0.1,Yes,0.9
66032,66032,99.00,242,31,273,0.8864468864468864,0.11355311355311355,Yes,0.8864468864468864
66033,66033,99.00,9,0,9,1.0,0.0,Yes,1.0
66034,66034,99.00,13,0,13,1.0,0.0,Yes,1.0
66035,66035,99.00,290,38,328,0.8841463414634146,0.11585365853658537,Yes,0.8841463414634146
66036,66036,99.00,200,22,222,0.9009009009009009,0.0990990990990991,Yes,0.9009009009009009
66037,66037,99.00,143,24,167,0.8562874251497006,0.1437125748502994,Yes,0.8562874251497006
66038,66038,99.00,214,51,265,0.8075471698113208,0.19245283018867926,Yes,0.8075471698113208
66039,66039,33.33,64,7,71,0.9014084507042254,0.09859154929577464,Yes,0.9014084507042254
66040,66040,99.00,0,0,0,0,0,n/a,0
66041,66041,99.00,9,1,10,0.9,0.1,Yes,0.9
66042,66042,99.00,3,1,4,0.75,0.25,Yes,0.75
66043,66043,99.00,88,12,100,0.88,0.12,Yes,0.88
66044,66044,99.00,231,46,277,0.8339350180505415,0.16606498194945848,Yes,0.8339350180505415
66045,66045,99.00,269,34,303,0.8877887788778878,0.11221122112211221,Yes,0.8877887788778878
66046,66046,99.00,13,1,14,0.9285714285714286,0.07142857142857142,Yes,0.9285714285714286
66047,66047,87.50,230,50,280,0.8214285714285714,0.17857142857142858,Yes,0.8214285714285714
66048,66048,99.00,177,34,211,0.8388625592417062,0.16113744075829384,Yes,0.8388625592417062
66049,66049,99.00,146,17,163,0.8957055214723927,0.10429447852760736,Yes,0.8957055214723927
66050,66050,99.00,357,63,420,0.85,0.15,Yes,0.85
66051,66051,99.00,46,11,57,0.8070175438596491,0.19298245614035087,Yes,0.8070175438596491
66052,66052,99.00,29,6,35,0.8285714285714286,0.17142857142857143,Yes,0.8285714285714286
66053,66053,99.00,35,5,40,0.875,0.125,Yes,0.875
66054,66054,99.00,300,66,366,0.819672131147541,0.18032786885245902,Yes,0.819672131147541
66055,66055,99.00,229,31,260,0.8807692307692307,0.11923076923076924,Yes,0.8807692307692307
66056,66056,99.00,42,3,45,0.9333333333333333,0.06666666666666667,Yes,0.9333333333333333
66057,66057,33.33,165,33,198,0.8333333333333334,0.16666666666666666,Yes,0.8333333333333334
66058,66058,87.50,11,5,16,0.6875,0.3125,Yes,0.6875
66059,66059,87.50,39,7,46,0.8478260869565217,0.15217391304347827,Yes,0.8478260869565217
66060,66060,87.50,25,6,31,0.8064516129032258,0.1935483870967742,Yes,0.8064516129032258
66061,66061,87.50,297,30,327,0.908256880733945,0.09174311926605505,Yes,0.908256880733945
66062,66062,87.50,16,2,18,0.8888888888888888,0.1111111111111111,Yes,0.8888888888888888
66063,66063,87.50,232,33,265,0.8754716981132076,0.12452830188679245,Yes,0.8754716981132076
66064,66064,87.50,15,2,17,0.8823529411764706,0.11764705882352941,Yes,0.8823529411764706
66065,66065,99.00,116,22,138,0.8405797101449275,0.15942028985507245,Yes,0.8405797101449275
66066,66066,99.00,18,3,21,0.8571428571428571,0.14285714285714285,Yes,0.8571428571428571
66067,66067,99.00,229,58,287,0.7979094076655052,0.20209059233449478,Yes,0.7979094076655052
66068,66068,99.00,142,28,170,0.8352941176470589,0.16470588235294117,Yes,0.8352941176470589
66069,66069,99.00,11,3,14,0.7857142857142857,0.21428571428571427,Yes,0.7857142857142857
66070,66070,99.00,4,0,4,1.0,0.0,Yes,1.0
66071,66071,99.00,298,43,341,0.873900293255132,0.12609970674486803,Yes,0.873900293255132
66072,66072,99.00,8,2,10,0.8,0.2,Yes,0.8
66073,66073,99.00,171,38,209,0.8181818181818182,0.18181818181818182,Yes,0.8181818181818182
66074,66074,99.00,14,2,16,0.875,0.125,Yes,0.875
66075,66075,99.00,257,31,288,0.8923611111111112,0.1076388888888889,Yes,0.8923611111111112
66076,66076,87.50,224,35,259,0.8648648648648649,0.13513513513513514,Yes,0.8648648648648649
66077,66077,99.00,328,51,379,0.8654353562005277,0.1345646437994723,Yes,0.8654353562005277
66078,66078,99.00,331,70,401,0.8254364089775561,0.1745635910224439,Yes,0.8254364089775561
66079,66079,99.00,325,47,372,0.8736559139784946,0.12634408602150538,Yes,0.8736559139784946
66080,66080,99.00,21,8,29,0.7241379310344828,0.27586206896551724,Yes,0.7241379310344828
66081,66081,99.00,383,44,427,0.8969555035128806,0.10304449648711944,Yes,0.8969555035128806
66082,66082,99.00,16,2,18,0.8888888888888888,0.1111111111111111,Yes,0.8888888888888888
66083,66083,99.00,20,3,23,0.8695652173913043,0.13043478260869565,Yes,0.8695652173913043
66084,66084,99.00,359,46,405,0.8864197530864197,0.11358024691358025,Yes,0.8864197530864197
66085,66085,87.50,295,41,336,0.8779761904761905,0.12202380952380952,Yes,0.8779761904761905
66086,66086,87.50,171,20,191,0.8952879581151832,0.10471204188481675,Yes,0.8952879581151832
66087,66087,87.50,185,43,228,0.8114035087719298,0.18859649122807018,Yes,0.8114035087719298
66088,66088,99.00,306,45,351,0.8717948717948718,0.1282051282051282,Yes,0.8717948717948718
66089,66089,99.00,14,4,18,0.7777777777777778,0.2222222222222222,Yes,0.7777777777777778
66090,66090,99.00,223,38,261,0.8544061302681992,0.14559386973180077,Yes,0.8544061302681992
66091,66091,99.00,130,69,199,0.6532663316582915,0.34673366834170855,Yes,0.6532663316582915
66092,66092,99.00,0,0,0,0,0,n/a,0
66093,66093,87.50,0,0,0,0,0,n/a,0
66094,66094,99.00,0,0,0,0,0,n/a,0
66095,66095,87.50,0,0,0,0,0,n/a,0
66096,66096,99.00,13,0,13,1.0,0.0,Yes,1.0
66097,66097,99.00,18,2,20,0.9,0.1,Yes,0.9
66098,66098,99.00,250,45,295,0.847457627118644,0.15254237288135594,Yes,0.847457627118644
66099,66099,99.00,115,21,136,0.8455882352941176,0.15441176470588236,Yes,0.8455882352941176
66100,66100,99.00,5,1,6,0.8333333333333334,0.16666666666666666,Yes,0.8333333333333334
66101,66101,99.00,20,1,21,0.9523809523809523,0.047619047619047616,Yes,0.9523809523809523
66102,66102,99.00,9,1,10,0.9,0.1,Yes,0.9
66103,66103,99.00,11,1,12,0.9166666666666666,0.08333333333333333,Yes,0.9166666666666666
66104,66104,99.00,3,0,3,1.0,0.0,Yes,1.0
66105,66105,99.00,13,1,14,0.9285714285714286,0.07142857142857142,Yes,0.9285714285714286
66106,66106,99.00,170,18,188,0.9042553191489362,0.09574468085106383,Yes,0.9042553191489362
67001,67001,80.00,206,55,261,0.789272030651341,0.210727969348659,Yes,0.789272030651341
67002,67002,99.00,240,41,281,0.8540925266903915,0.14590747330960854,Yes,0.8540925266903915
67003,67003,80.00,3,0,3,1.0,0.0,Yes,1.0
67004,67004,99.00,19,1,20,0.95,0.05,Yes,0.95
67005,67005,99.00,287,33,320,0.896875,0.103125,Yes,0.896875
67006,67006,99.00,226,41,267,0.846441947565543,0.15355805243445692,Yes,0.846441947565543
67007,67007,99.00,8,1,9,0.8888888888888888,0.1111111111111111,Yes,0.8888888888888888
67008,67008,99.00,241,55,296,0.8141891891891891,0.1858108108108108,Yes,0.8141891891891891
67009,67009,99.00,8,5,13,0.6153846153846154,0.38461538461538464,Yes,0.6153846153846154
67010,67010,99.00,212,53,265,0.8,0.2,Yes,0.8
67011,67011,99.00,167,47,214,0.780373831775701,0.21962616822429906,Yes,0.780373831775701
67012,67012,99.00,10,3,13,0.7692307692307693,0.23076923076923078,Yes,0.7692307692307693
67013,67013,99.00,254,56,310,0.8193548387096774,0.18064516129032257,Yes,0.8193548387096774
67014,67014,99.00,241,37,278,0.8669064748201439,0.13309352517985612,Yes,0.8669064748201439
67015,67015,99.00,38,5,43,0.8837209302325582,0.11627906976744186,Yes,0.8837209302325582
67016,67016,99.00,35,6,41,0.8536585365853658,0.14634146341463414,Yes,0.8536585365853658
67017,67017,99.00,23,8,31,0.7419354838709677,0.25806451612903225,Yes,0.7419354838709677
67018,67018,99.00,201,44,245,0.8204081632653061,0.17959183673469387,Yes,0.8204081632653061
67019,67019,99.00,116,23,139,0.8345323741007195,0.16546762589928057,Yes,0.8345323741007195
67020,67020,99.00,156,23,179,0.8715083798882681,0.12849162011173185,Yes,0.8715083798882681
67021,67021,99.00,11,2,13,0.8461538461538461,0.15384615384615385,Yes,0.8461538461538461
67022,67022,99.00,15,2,17,0.8823529411764706,0.11764705882352941,Yes,0.8823529411764706
67023,67023,99.00,192,49,241,0.7966804979253111,0.2033195020746888,Yes,0.7966804979253111
67024,67024,80.00,102,28,130,0.7846153846153846,0.2153846153846154,Yes,0.7846153846153846
67025,67025,99.00,138,23,161,0.8571428571428571,0.14285714285714285,Yes,0.8571428571428571
67026,67026,99.00,8,2,10,0.8,0.2,Yes,0.8
67027,67027,99.00,203,41,244,0.8319672131147541,0.1680327868852459,Yes,0.8319672131147541
67028,67028,80.00,123,25,148,0.831081081081081,0.16891891891891891,Yes,0.831081081081081
67029,67029,80.00,91,20,111,0.8198198198198198,0.18018018018018017,Yes,0.8198198198198198
67030,67030,99.00,85,28,113,0.7522123893805309,0.24778761061946902,Yes,0.7522123893805309
67031,67031,99.00,268,71,339,0.7905604719764012,0.20943952802359883,Yes,0.7905604719764012
67032,67032,80.00,170,58,228,0.7456140350877193,0.2543859649122807,Yes,0.7456140350877193
67033,67033,99.00,193,50,243,0.7942386831275721,0.205761316872428,Yes,0.7942386831275721
67034,67034,80.00,131,39,170,0.7705882352941177,0.22941176470588234,Yes,0.7705882352941177
67035,67035,80.00,23,2,25,0.92,0.08,Yes,0.92
67036,67036,99.00,8,0,8,1.0,0.0,Yes,1.0
67037,67037,99.00,152,37,189,0.8042328042328042,0.19576719576719576,Yes,0.8042328042328042
67038,67038,99.00,196,51,247,0.7935222672064778,0.20647773279352227,Yes,0.7935222672064778
67039,67039,99.00,6,2,8,0.75,0.25,Yes,0.75
67040,67040,99.00,12,2,14,0.8571428571428571,0.14285714285714285,Yes,0.8571428571428571
67041,67041,99.00,287,57,344,0.8343023255813954,0.16569767441860464,Yes,0.8343023255813954
67042,67042,99.00,319,88,407,0.7837837837837838,0.21621621621621623,Yes,0.7837837837837838
67043,67043,99.00,561,155,716,0.7835195530726257,0.2164804469273743,Yes,0.7835195530726257
67044,67044,99.00,182,45,227,0.801762114537445,0.19823788546255505,Yes,0.801762114537445
67045,67045,99.00,8,2,10,0.8,0.2,Yes,0.8
67046,67046,99.00,27,3,30,0.9,0.1,Yes,0.9
67047,67047,99.00,164,63,227,0.7224669603524229,0.2775330396475771,Yes,0.7224669603524229
67048,67048,99.00,10,1,11,0.9090909090909091,0.09090909090909091,Yes,0.9090909090909091
67049,67049,99.00,308,73,381,0.8083989501312336,0.19160104986876642,Yes,0.8083989501312336
67050,67050,99.00,221,49,270,0.8185185185185185,0.1814814814814815,Yes,0.8185185185185185
67051,67051,80.00,120,25,145,0.8275862068965517,0.1724137931034483,Yes,0.8275862068965517
67052,67052,99.00,23,2,25,0.92,0.08,Yes,0.92
67053,67053,99.00,222,43,265,0.8377358490566038,0.16226415094339622,Yes,0.8377358490566038
67054,67054,99.00,188,61,249,0.7550200803212851,0.24497991967871485,Yes,0.7550200803212851
67055,67055,99.00,6,0,6,1.0,0.0,Yes,1.0
67056,67056,99.00,168,29,197,0.8527918781725888,0.14720812182741116,Yes,0.8527918781725888
67057,67057,99.00,161,37,198,0.8131313131313131,0.18686868686868688,Yes,0.8131313131313131
67058,67058,99.00,14,2,16,0.875,0.125,Yes,0.875
67059,67059,99.00,221,53,274,0.8065693430656934,0.19343065693430658,Yes,0.8065693430656934
67060,67060,99.00,282,68,350,0.8057142857142857,0.19428571428571428,Yes,0.8057142857142857
67061,67061,99.00,309,65,374,0.8262032085561497,0.17379679144385027,Yes,0.8262032085561497
67062,67062,99.00,10,1,11,0.9090909090909091,0.09090909090909091,Yes,0.9090909090909091
67063,67063,99.00,6,1,7,0.8571428571428571,0.14285714285714285,Yes,0.8571428571428571
67064,67064,99.00,356,61,417,0.8537170263788969,0.14628297362110312,Yes,0.8537170263788969
67065,67065,99.00,12,1,13,0.9230769230769231,0.07692307692307693,Yes,0.9230769230769231
67066,67066,99.00,290,60,350,0.8285714285714286,0.17142857142857143,Yes,0.8285714285714286
67067,67067,99.00,311,56,367,0.8474114441416893,0.15258855585831063,Yes,0.8474114441416893
67068,67068,99.00,291,63,354,0.8220338983050848,0.17796610169491525,Yes,0.8220338983050848
67069,67069,99.00,13,2,15,0.8666666666666667,0.13333333333333333,Yes,0.8666666666666667
67070,67070,99.00,12,2,14,0.8571428571428571,0.14285714285714285,Yes,0.8571428571428571
67071,67071,99.00,305,58,363,0.8402203856749312,0.15977961432506887,Yes,0.8402203856749312
67072,67072,99.00,276,64,340,0.8117647058823529,0.18823529411764706,Yes,0.8117647058823529
67073,67073,99.00,13,1,14,0.9285714285714286,0.07142857142857142,Yes,0.9285714285714286
67074,67074,99.00,186,43,229,0.8122270742358079,0.18777292576419213,Yes,0.8122270742358079
67075,67075,99.00,315,51,366,0.860655737704918,0.13934426229508196,Yes,0.860655737704918
67076,67076,99.00,23,6,29,0.7931034482758621,0.20689655172413793,Yes,0.7931034482758621
67077,67077,99.00,326,71,397,0.8211586901763224,0.17884130982367757,Yes,0.8211586901763224
67078,67078,99.00,10,0,10,1.0,0.0,Yes,1.0
67079,67079,99.00,13,3,16,0.8125,0.1875,Yes,0.8125
67080,67080,99.00,193,42,235,0.8212765957446808,0.17872340425531916,Yes,0.8212765957446808
67081,67081,99.00,286,84,370,0.772972972972973,0.22702702702702704,Yes,0.772972972972973
67082,67082,99.00,18,1,19,0.9473684210526315,0.05263157894736842,Yes,0.9473684210526315
67083,67083,99.00,25,3,28,0.8928571428571429,0.10714285714285714,Yes,0.8928571428571429
67084,67084,99.00,227,52,279,0.8136200716845878,0.1863799283154122,Yes,0.8136200716845878
67085,67085,99.00,318,43,361,0.8808864265927978,0.11911357340720222,Yes,0.8808864265927978
67086,67086,99.00,21,4,25,0.84,0.16,Yes,0.84
67087,67087,99.00,174,33,207,0.8405797101449275,0.15942028985507245,Yes,0.8405797101449275
67088,67088,99.00,289,52,341,0.8475073313782991,0.15249266862170088,Yes,0.8475073313782991
67089,67089,99.00,16,3,19,0.8421052631578947,0.15789473684210525,Yes,0.8421052631578947
67090,67090,99.00,165,35,200,0.825,0.175,Yes,0.825
67091,67091,99.00,399,89,488,0.8176229508196722,0.18237704918032788,Yes,0.8176229508196722
67092,67092,99.00,9,2,11,0.8181818181818182,0.18181818181818182,Yes,0.8181818181818182
67093,67093,99.00,348,55,403,0.8635235732009926,0.13647642679900746,Yes,0.8635235732009926
67094,67094,99.00,22,0,22,1.0,0.0,Yes,1.0
67095,67095,99.00,10,1,11,0.9090909090909091,0.09090909090909091,Yes,0.9090909090909091
67096,67096,99.00,280,45,325,0.8615384615384616,0.13846153846153847,Yes,0.8615384615384616
67097,67097,99.00,6,1,7,0.8571428571428571,0.14285714285714285,Yes,0.8571428571428571
67098,67098,99.00,314,58,372,0.8440860215053764,0.15591397849462366,Yes,0.8440860215053764
67099,67099,99.00,378,72,450,0.84,0.16,Yes,0.84
67100,67100,80.00,1,0,1,1.0,0.0,Yes,1.0
67101,67101,80.00,97,28,125,0.776,0.224,Yes,0.776
67102,67102,99.00,0,0,0,0,0,n/a,0
67103,67103,80.00,0,0,0,0,0,n/a,0
67104,67104,99.00,0,0,0,0,0,n/a,0
67105,67105,99.00,7,0,7,1.0,0.0,Yes,1.0
67106,67106,99.00,221,40,261,0.8467432950191571,0.1532567049808429,Yes,0.8467432950191571
67107,67107,99.00,7,0,7,1.0,0.0,Yes,1.0
67108,67108,99.00,154,29,183,0.8415300546448088,0.15846994535519127,Yes,0.8415300546448088
67109,67109,99.00,177,28,205,0.8634146341463415,0.13658536585365855,Yes,0.8634146341463415
67110,67110,99.00,95,17,112,0.8482142857142857,0.15178571428571427,Yes,0.8482142857142857
67111,67111,80.00,2,0,2,1.0,0.0,Yes,1.0
67112,67112,99.00,24,4,28,0.8571428571428571,0.14285714285714285,Yes,0.8571428571428571
67113,67113,99.00,52,17,69,0.7536231884057971,0.2463768115942029,Yes,0.7536231884057971
67114,67114,99.00,15,5,20,0.75,0.25,Yes,0.75
68001,68001,99.00,170,40,210,0.8095238095238095,0.19047619047619047,Yes,0.8095238095238095
68002,68002,99.00,2,0,2,1.0,0.0,Yes,1.0
68003,68003,99.00,203,44,247,0.8218623481781376,0.17813765182186234,Yes,0.8218623481781376
68004,68004,99.00,143,39,182,0.7857142857142857,0.21428571428571427,Yes,0.7857142857142857
68005,68005,99.00,165,31,196,0.8418367346938775,0.15816326530612246,Yes,0.8418367346938775
68006,68006,99.00,3,0,3,1.0,0.0,Yes,1.0
68007,68007,99.00,243,90,333,0.7297297297297297,0.2702702702702703,Yes,0.7297297297297297
68008,68008,99.00,192,95,287,0.6689895470383276,0.3310104529616725,Yes,0.6689895470383276
68009,68009,99.00,5,1,6,0.8333333333333334,0.16666666666666666,Yes,0.8333333333333334
68010,68010,99.00,15,3,18,0.8333333333333334,0.16666666666666666,Yes,0.8333333333333334
68011,68011,99.00,131,47,178,0.7359550561797753,0.2640449438202247,Yes,0.7359550561797753
68012,68012,99.00,4,0,4,1.0,0.0,Yes,1.0
68013,68013,99.00,2,0,2,1.0,0.0,Yes,1.0
68014,68014,99.00,8,0,8,1.0,0.0,Yes,1.0
68015,68015,99.00,176,35,211,0.8341232227488151,0.16587677725118483,Yes,0.8341232227488151
68016,68016,99.00,110,21,131,0.8396946564885496,0.16030534351145037,Yes,0.8396946564885496
68017,68017,99.00,90,14,104,0.8653846153846154,0.1346153846153846,Yes,0.8653846153846154
68018,68018,99.00,2,0,2,1.0,0.0,Yes,1.0
68019,68019,99.00,5,0,5,1.0,0.0,Yes,1.0
68020,68020,99.00,3,2,5,0.6,0.4,Yes,0.6
68021,68021,99.00,57,7,64,0.890625,0.109375,Yes,0.890625
68022,68022,99.00,107,17,124,0.8629032258064516,0.13709677419354838,Yes,0.8629032258064516
68023,68023,99.00,146,15,161,0.906832298136646,0.09316770186335403,Yes,0.906832298136646
68024,68024,99.00,7,0,7,1.0,0.0,Yes,1.0
68025,68025,99.00,145,24,169,0.8579881656804734,0.14201183431952663,Yes,0.8579881656804734
68026,68026,99.00,120,38,158,0.759493670886076,0.24050632911392406,Yes,0.759493670886076
68027,68027,99.00,4,2,6,0.6666666666666666,0.3333333333333333,Yes,0.6666666666666666
68028,68028,36.36,105,15,120,0.875,0.125,Yes,0.875
68029,68029,99.00,3,0,3,1.0,0.0,Yes,1.0
68030,68030,36.36,15,1,16,0.9375,0.0625,Yes,0.9375
68031,68031,36.36,151,16,167,0.9041916167664671,0.09580838323353294,Yes,0.9041916167664671
68032,68032,36.36,11,2,13,0.8461538461538461,0.15384615384615385,Yes,0.8461538461538461
68033,68033,36.36,148,28,176,0.8409090909090909,0.1590909090909091,Yes,0.8409090909090909
68034,68034,99.00,216,27,243,0.8888888888888888,0.1111111111111111,Yes,0.8888888888888888
68035,68035,99.00,195,15,210,0.9285714285714286,0.07142857142857142,Yes,0.9285714285714286
68036,68036,99.00,96,16,112,0.8571428571428571,0.14285714285714285,Yes,0.8571428571428571
68037,68037,99.00,138,33,171,0.8070175438596491,0.19298245614035087,Yes,0.8070175438596491
68038,68038,99.00,92,18,110,0.8363636363636363,0.16363636363636364,Yes,0.8363636363636363
68039,68039,99.00,161,26,187,0.8609625668449198,0.13903743315508021,Yes,0.8609625668449198
68040,68040,99.00,5,5,10,0.5,0.5,Tie,0.5
68041,68041,99.00,161,22,183,0.8797814207650273,0.12021857923497267,Yes,0.8797814207650273
68042,68042,99.00,229,41,270,0.8481481481481481,0.15185185185185185,Yes,0.8481481481481481
68043,68043,99.00,10,1,11,0.9090909090909091,0.09090909090909091,Yes,0.9090909090909091
68044,68044,99.00,4,1,5,0.8,0.2,Yes,0.8
68045,68045,99.00,2,0,2,1.0,0.0,Yes,1.0
68046,68046,99.00,137,22,159,0.8616352201257862,0.13836477987421383,Yes,0.8616352201257862
68047,68047,99.00,102,14,116,0.8793103448275862,0.1206896551724138,Yes,0.8793103448275862
68048,68048,99.00,0,0,0,0,0,n/a,0
68049,68049,99.00,53,5,58,0.9137931034482759,0.08620689655172414,Yes,0.9137931034482759
68050,68050,99.00,176,33,209,0.8421052631578947,0.15789473684210525,Yes,0.8421052631578947
68051,68051,99.00,3,0,3,1.0,0.0,Yes,1.0
68052,68052,66.67,207,33,240,0.8625,0.1375,Yes,0.8625
68053,68053,66.67,4,0,4,1.0,0.0,Yes,1.0
68054,68054,99.00,128,18,146,0.8767123287671232,0.1232876712328767,Yes,0.8767123287671232
68055,68055,99.00,148,16,164,0.9024390243902439,0.0975609756097561,Yes,0.9024390243902439
68056,68056,99.00,98,20,118,0.8305084745762712,0.1694915254237288,Yes,0.8305084745762712
68057,68057,99.00,4,1,5,0.8,0.2,Yes,0.8
68058,68058,66.67,132,23,155,0.8516129032258064,0.14838709677419354,Yes,0.8516129032258064
68059,68059,99.00,1,0,1,1.0,0.0,Yes,1.0
68060,68060,66.67,89,13,102,0.8725490196078431,0.12745098039215685,Yes,0.8725490196078431
68061,68061,99.00,139,20,159,0.8742138364779874,0.12578616352201258,Yes,0.8742138364779874
68062,68062,66.67,3,0,3,1.0,0.0,Yes,1.0
68063,68063,99.00,177,25,202,0.8762376237623762,0.12376237623762376,Yes,0.8762376237623762
68064,68064,99.00,4,0,4,1.0,0.0,Yes,1.0
68065,68065,99.00,98,14,112,0.875,0.125,Yes,0.875
68066,68066,99.00,65,13,78,0.8333333333333334,0.16666666666666666,Yes,0.8333333333333334
68067,68067,99.00,0,0,0,0,0,n/a,0
68068,68068,99.00,101,12,113,0.8938053097345132,0.10619469026548672,Yes,0.8938053097345132
68069,68069,99.00,4,1,5,0.8,0.2,Yes,0.8
68070,68070,99.00,0,0,0,0,0,n/a,0
68071,68071,99.00,141,25,166,0.8493975903614458,0.15060240963855423,Yes,0.8493975903614458
68072,68072,99.00,178,24,202,0.8811881188118812,0.1188118811881188,Yes,0.8811881188118812
68073,68073,99.00,4,2,6,0.6666666666666666,0.3333333333333333,Yes,0.6666666666666666
68074,68074,99.00,8,1,9,0.8888888888888888,0.1111111111111111,Yes,0.8888888888888888
68075,68075,99.00,147,21,168,0.875,0.125,Yes,0.875
68076,68076,99.00,3,1,4,0.75,0.25,Yes,0.75
68077,68077,99.00,4,0,4,1.0,0.0,Yes,1.0
68078,68078,99.00,12,2,14,0.8571428571428571,0.14285714285714285,Yes,0.8571428571428571
68079,68079,99.00,117,22,139,0.841726618705036,0.15827338129496402,Yes,0.841726618705036
68080,68080,99.00,212,41,253,0.8379446640316206,0.16205533596837945,Yes,0.8379446640316206
68081,68081,99.00,47,1,48,0.9791666666666666,0.020833333333333332,Yes,0.9791666666666666
68082,68082,99.00,215,24,239,0.899581589958159,0.100418410041841,Yes,0.899581589958159
68083,68083,99.00,126,17,143,0.8811188811188811,0.11888111888111888,Yes,0.8811188811188811
68084,68084,99.00,129,17,146,0.8835616438356164,0.11643835616438356,Yes,0.8835616438356164
68085,68085,99.00,81,11,92,0.8804347826086957,0.11956521739130435,Yes,0.8804347826086957
68086,68086,99.00,66,6,72,0.9166666666666666,0.08333333333333333,Yes,0.9166666666666666
68087,68087,99.00,3,1,4,0.75,0.25,Yes,0.75
68088,68088,99.00,1,0,1,1.0,0.0,Yes,1.0
68089,68089,99.00,112,23,135,0.8296296296296296,0.17037037037037037,Yes,0.8296296296296296
68090,68090,99.00,94,16,110,0.8545454545454545,0.14545454545454545,Yes,0.8545454545454545
68091,68091,99.00,0,0,0,0,0,n/a,0
68092,68092,99.00,118,17,135,0.8740740740740741,0.1259259259259259,Yes,0.8740740740740741
68093,68093,99.00,187,23,210,0.8904761904761904,0.10952380952380952,Yes,0.8904761904761904
68094,68094,99.00,15,1,16,0.9375,0.0625,Yes,0.9375
68095,68095,36.36,0,0,0,0,0,n/a,0
68096,68096,99.00,191,21,212,0.9009433962264151,0.09905660377358491,Yes,0.9009433962264151
68097,68097,99.00,132,14,146,0.9041095890410958,0.0958904109589041,Yes,0.9041095890410958
68098,68098,36.36,53,17,70,0.7571428571428571,0.24285714285714285,Yes,0.7571428571428571
68099,68099,99.00,0,0,0,0,0,n/a,0
68100,68100,99.00,0,0,0,0,0,n/a,0
68101,68101,36.36,0,0,0,0,0,n/a,0
68102,68102,99.00,0,0,0,0,0,n/a,0
68103,68103,36.36,0,0,0,0,0,n/a,0
68104,68104,36.36,0,0,0,0,0,n/a,0
68105,68105,99.00,0,0,0,0,0,n/a,0
68106,68106,99.00,0,0,0,0,0,n/a,0
68107,68107,99.00,0,0,0,0,0,n/a,0
68108,68108,99.00,1,0,1,1.0,0.0,Yes,1.0
68109,68109,99.00,1,0,1,1.0,0.0,Yes,1.0
68110,68110,99.00,4,2,6,0.6666666666666666,0.3333333333333333,Yes,0.6666666666666666
68111,68111,99.00,5,1,6,0.8333333333333334,0.16666666666666666,Yes,0.8333333333333334
68112,68112,99.00,190,27,217,0.8755760368663594,0.12442396313364056,Yes,0.8755760368663594
68113,68113,99.00,0,0,0,0,0,n/a,0
68114,68114,36.36,5,1,6,0.8333333333333334,0.16666666666666666,Yes,0.8333333333333334
68115,68115,99.00,2,0,2,1.0,0.0,Yes,1.0
69001,69001,99.00,8,1,9,0.8888888888888888,0.1111111111111111,Yes,0.8888888888888888
69002,69002,99.00,8,0,8,1.0,0.0,Yes,1.0
69003,69003,99.00,268,41,309,0.8673139158576052,0.13268608414239483,Yes,0.8673139158576052
69004,69004,99.00,25,3,28,0.8928571428571429,0.10714285714285714,Yes,0.8928571428571429
69005,69005,99.00,11,1,12,0.9166666666666666,0.08333333333333333,Yes,0.9166666666666666
69006,69006,99.00,201,30,231,0.8701298701298701,0.12987012987012986,Yes,0.8701298701298701
69007,69007,99.00,251,60,311,0.8070739549839229,0.19292604501607716,Yes,0.8070739549839229
69008,69008,99.00,12,2,14,0.8571428571428571,0.14285714285714285,Yes,0.8571428571428571
69009,69009,99.00,275,41,316,0.870253164556962,0.12974683544303797,Yes,0.870253164556962
69010,69010,99.00,277,47,324,0.8549382716049383,0.14506172839506173,Yes,0.8549382716049383
69011,69011,99.00,24,9,33,0.7272727272727273,0.2727272727272727,Yes,0.7272727272727273
69012,69012,99.00,79,10,89,0.8876404494382022,0.11235955056179775,Yes,0.8876404494382022
69013,69013,99.00,214,33,247,0.8663967611336032,0.13360323886639677,Yes,0.8663967611336032
69014,69014,99.00,13,0,13,1.0,0.0,Yes,1.0
69015,69015,99.00,183,30,213,0.8591549295774648,0.14084507042253522,Yes,0.8591549295774648
69016,69016,99.00,123,30,153,0.803921568627451,0.19607843137254902,Yes,0.803921568627451
69017,69017,99.00,153,16,169,0.9053254437869822,0.09467455621301775,Yes,0.9053254437869822
69018,69018,99.00,200,41,241,0.8298755186721992,0.17012448132780084,Yes,0.8298755186721992
69019,69019,99.00,10,4,14,0.7142857142857143,0.2857142857142857,Yes,0.7142857142857143
69020,69020,99.00,302,49,351,0.8603988603988604,0.1396011396011396,Yes,0.8603988603988604
69021,69021,99.00,324,38,362,0.8950276243093923,0.10497237569060773,Yes,0.8950276243093923
69022,69022,99.00,355,51,406,0.874384236453202,0.12561576354679804,Yes,0.874384236453202
69023,69023,99.00,290,34,324,0.8950617283950617,0.10493827160493827,Yes,0.8950617283950617
69024,69024,99.00,180,35,215,0.8372093023255814,0.16279069767441862,Yes,0.8372093023255814
69025,69025,99.00,20,4,24,0.8333333333333334,0.16666666666666666,Yes,0.8333333333333334
69026,69026,99.00,51,6,57,0.8947368421052632,0.10526315789473684,Yes,0.8947368421052632
69027,69027,99.00,24,4,28,0.8571428571428571,0.14285714285714285,Yes,0.8571428571428571
69028,69028,99.00,10,0,10,1.0,0.0,Yes,1.0
69029,69029,99.00,392,60,452,0.8672566371681416,0.13274336283185842,Yes,0.8672566371681416
69030,69030,99.00,42,7,49,0.8571428571428571,0.14285714285714285,Yes,0.8571428571428571
69031,69031,99.00,28,2,30,0.9333333333333333,0.06666666666666667,Yes,0.9333333333333333
69032,69032,99.00,371,61,432,0.8587962962962963,0.1412037037037037,Yes,0.8587962962962963
69033,69033,99.00,236,42,278,0.8489208633093526,0.1510791366906475,Yes,0.8489208633093526
69034,69034,99.00,225,33,258,0.872093023255814,0.12790697674418605,Yes,0.872093023255814
69035,69035,99.00,14,5,19,0.7368421052631579,0.2631578947368421,Yes,0.7368421052631579
69036,69036,99.00,2,0,2,1.0,0.0,Yes,1.0
69037,69037,99.00,203,42,245,0.8285714285714286,0.17142857142857143,Yes,0.8285714285714286
69038,69038,99.00,23,1,24,0.9583333333333334,0.041666666666666664,Yes,0.9583333333333334
69039,69039,99.00,334,50,384,0.8697916666666666,0.13020833333333334,Yes,0.8697916666666666
69040,69040,99.00,367,35,402,0.9129353233830846,0.08706467661691543,Yes,0.9129353233830846
69041,69041,99.00,34,1,35,0.9714285714285714,0.02857142857142857,Yes,0.9714285714285714
69042,69042,99.00,286,36,322,0.8881987577639752,0.11180124223602485,Yes,0.8881987577639752
69043,69043,99.00,201,28,229,0.8777292576419214,0.1222707423580786,Yes,0.8777292576419214
69044,69044,99.00,296,39,335,0.8835820895522388,0.11641791044776119,Yes,0.8835820895522388
69045,69045,99.00,385,61,446,0.8632286995515696,0.1367713004484305,Yes,0.8632286995515696
69046,69046,99.00,336,48,384,0.875,0.125,Yes,0.875
69047,69047,99.00,27,2,29,0.9310344827586207,0.06896551724137931,Yes,0.9310344827586207
69048,69048,99.00,46,0,46,1.0,0.0,Yes,1.0
69049,69049,47.06,205,32,237,0.8649789029535865,0.1350210970464135,Yes,0.8649789029535865
69050,69050,47.06,313,50,363,0.8622589531680441,0.13774104683195593,Yes,0.8622589531680441
69051,69051,47.06,30,1,31,0.967741935483871,0.03225806451612903,Yes,0.967741935483871
69052,69052,47.06,183,20,203,0.9014778325123153,0.09852216748768473,Yes,0.9014778325123153
69053,69053,47.06,10,4,14,0.7142857142857143,0.2857142857142857,Yes,0.7142857142857143
69054,69054,47.06,219,26,245,0.8938775510204081,0.10612244897959183,Yes,0.8938775510204081
69055,69055,99.00,240,32,272,0.8823529411764706,0.11764705882352941,Yes,0.8823529411764706
69056,69056,47.06,6,1,7,0.8571428571428571,0.14285714285714285,Yes,0.8571428571428571
69057,69057,47.06,112,18,130,0.8615384615384616,0.13846153846153847,Yes,0.8615384615384616
69058,69058,47.06,23,2,25,0.92,0.08,Yes,0.92
69059,69059,47.06,18,0,18,1.0,0.0,Yes,1.0
69060,69060,47.06,268,33,301,0.8903654485049833,0.10963455149501661,Yes,0.8903654485049833
69061,69061,47.06,327,32,359,0.9108635097493036,0.08913649025069638,Yes,0.9108635097493036
69062,69062,99.00,340,39,379,0.8970976253298153,0.10290237467018469,Yes,0.8970976253298153
69063,69063,99.00,312,45,357,0.8739495798319328,0.12605042016806722,Yes,0.8739495798319328
69064,69064,99.00,224,33,257,0.8715953307392996,0.12840466926070038,Yes,0.8715953307392996
69065,69065,99.00,49,5,54,0.9074074074074074,0.09259259259259259,Yes,0.9074074074074074
69066,69066,99.00,3,1,4,0.75,0.25,Yes,0.75
69067,69067,99.00,228,14,242,0.9421487603305785,0.05785123966942149,Yes,0.9421487603305785
69068,69068,99.00,15,0,15,1.0,0.0,Yes,1.0
69069,69069,99.00,284,31,315,0.9015873015873016,0.09841269841269841,Yes,0.9015873015873016
69070,69070,99.00,143,15,158,0.9050632911392406,0.0949367088607595,Yes,0.9050632911392406
69071,69071,99.00,9,2,11,0.8181818181818182,0.18181818181818182,Yes,0.8181818181818182
69072,69072,75.00,194,25,219,0.8858447488584474,0.1141552511415525,Yes,0.8858447488584474
69073,69073,75.00,166,28,194,0.8556701030927835,0.14432989690721648,Yes,0.8556701030927835
69074,69074,99.00,11,1,12,0.9166666666666666,0.08333333333333333,Yes,0.9166666666666666
69075,69075,99.00,180,29,209,0.861244019138756,0.13875598086124402,Yes,0.861244019138756
69076,69076,99.00,8,0,8,1.0,0.0,Yes,1.0
69077,69077,75.00,33,2,35,0.9428571428571428,0.05714285714285714,Yes,0.9428571428571428
69078,69078,75.00,117,16,133,0.8796992481203008,0.12030075187969924,Yes,0.8796992481203008
69079,69079,75.00,24,2,26,0.9230769230769231,0.07692307692307693,Yes,0.9230769230769231
69080,69080,99.00,205,24,229,0.8951965065502183,0.10480349344978165,Yes,0.8951965065502183
69081,69081,99.00,317,39,356,0.8904494382022472,0.10955056179775281,Yes,0.8904494382022472
69082,69082,99.00,150,17,167,0.8982035928143712,0.10179640718562874,Yes,0.8982035928143712
69083,69083,99.00,5,0,5,1.0,0.0,Yes,1.0
69084,69084,75.00,185,14,199,0.9296482412060302,0.07035175879396985,Yes,0.9296482412060302
69085,69085,75.00,27,3,30,0.9,0.1,Yes,0.9
69086,69086,75.00,55,5,60,0.9166666666666666,0.08333333333333333,Yes,0.9166666666666666
69087,69087,75.00,30,1,31,0.967741935483871,0.03225806451612903,Yes,0.967741935483871
69088,69088,75.00,14,0,14,1.0,0.0,Yes,1.0
69089,69089,50.00,111,15,126,0.8809523809523809,0.11904761904761904,Yes,0.8809523809523809
69090,69090,75.00,255,27,282,0.9042553191489362,0.09574468085106383,Yes,0.9042553191489362
69091,69091,75.00,25,4,29,0.8620689655172413,0.13793103448275862,Yes,0.8620689655172413
69092,69092,75.00,298,25,323,0.9226006191950464,0.07739938080495357,Yes,0.9226006191950464
69093,69093,99.00,304,37,341,0.8914956011730205,0.10850439882697947,Yes,0.8914956011730205
69094,69094,99.00,242,23,265,0.9132075471698113,0.08679245283018867,Yes,0.9132075471698113
69095,69095,99.00,214,19,233,0.9184549356223176,0.0815450643776824,Yes,0.9184549356223176
69096,69096,99.00,176,17,193,0.9119170984455959,0.08808290155440414,Yes,0.9119170984455959
69097,69097,99.00,10,1,11,0.9090909090909091,0.09090909090909091,Yes,0.9090909090909091
69098,69098,99.00,12,0,12,1.0,0.0,Yes,1.0
69099,69099,99.00,337,38,375,0.8986666666666666,0.10133333333333333,Yes,0.8986666666666666
69100,69100,99.00,252,28,280,0.9,0.1,Yes,0.9
69101,69101,99.00,81,17,98,0.826530612244898,0.17346938775510204,Yes,0.826530612244898
69102,69102,99.00,162,20,182,0.8901098901098901,0.10989010989010989,Yes,0.8901098901098901
69103,69103,47.06,0,0,0,0,0,n/a,0
69104,69104,99.00,0,0,0,0,0,n/a,0
69105,69105,99.00,0,0,0,0,0,n/a,0
69106,69106,47.06,0,0,0,0,0,n/a,0
69107,69107,99.00,0,0,0,0,0,n/a,0
69108,69108,99.00,3,0,3,1.0,0.0,Yes,1.0
69109,69109,99.00,10,1,11,0.9090909090909091,0.09090909090909091,Yes,0.9090909090909091
69110,69110,75.00,20,4,24,0.8333333333333334,0.16666666666666666,Yes,0.8333333333333334
69111,69111,99.00,22,3,25,0.88,0.12,Yes,0.88
69112,69112,47.06,26,6,32,0.8125,0.1875,Yes,0.8125
69113,69113,99.00,10,2,12,0.8333333333333334,0.16666666666666666,Yes,0.8333333333333334
69114,69114,47.06,10,3,13,0.7692307692307693,0.23076923076923078,Yes,0.7692307692307693
69115,69115,99.00,275,39,314,0.8757961783439491,0.12420382165605096,Yes,0.8757961783439491
70001,70001,99.00,8,1,9,0.8888888888888888,0.1111111111111111,Yes,0.8888888888888888
70002,70002,99.00,212,22,234,0.905982905982906,0.09401709401709402,Yes,0.905982905982906
70003,70003,99.00,4,0,4,1.0,0.0,Yes,1.0
70004,70004,99.00,194,32,226,0.8584070796460177,0.1415929203539823,Yes,0.8584070796460177
70005,70005,99.00,9,0,9,1.0,0.0,Yes,1.0
70006,70006,99.00,10,2,12,0.8333333333333334,0.16666666666666666,Yes,0.8333333333333334
70007,70007,99.00,322,29,351,0.9173789173789174,0.08262108262108261,Yes,0.9173789173789174
70008,70008,99.00,246,30,276,0.8913043478260869,0.10869565217391304,Yes,0.8913043478260869
70009,70009,99.00,326,50,376,0.8670212765957447,0.13297872340425532,Yes,0.8670212765957447
70010,70010,99.00,7,0,7,1.0,0.0,Yes,1.0
70011,70011,99.00,185,11,196,0.9438775510204082,0.05612244897959184,Yes,0.9438775510204082
70012,70012,99.00,159,16,175,0.9085714285714286,0.09142857142857143,Yes,0.9085714285714286
70013,70013,99.00,2,0,2,1.0,0.0,Yes,1.0
70014,70014,99.00,147,17,164,0.8963414634146342,0.10365853658536585,Yes,0.8963414634146342
70015,70015,99.00,4,1,5,0.8,0.2,Yes,0.8
70016,70016,99.00,16,0,16,1.0,0.0,Yes,1.0
70017,70017,99.00,233,13,246,0.9471544715447154,0.052845528455284556,Yes,0.9471544715447154
70018,70018,99.00,6,3,9,0.6666666666666666,0.3333333333333333,Yes,0.6666666666666666
70019,70019,99.00,356,52,408,0.8725490196078431,0.12745098039215685,Yes,0.8725490196078431
70020,70020,99.00,257,28,285,0.9017543859649123,0.09824561403508772,Yes,0.9017543859649123
70021,70021,99.00,204,19,223,0.9147982062780269,0.08520179372197309,Yes,0.9147982062780269
70022,70022,99.00,316,25,341,0.9266862170087976,0.07331378299120235,Yes,0.9266862170087976
70023,70023,99.00,311,24,335,0.9283582089552239,0.07164179104477612,Yes,0.9283582089552239
70024,70024,99.00,220,18,238,0.9243697478991597,0.07563025210084033,Yes,0.9243697478991597
70025,70025,99.00,97,12,109,0.8899082568807339,0.11009174311926606,Yes,0.8899082568807339
70026,70026,99.00,201,20,221,0.9095022624434389,0.09049773755656108,Yes,0.9095022624434389
70027,70027,99.00,142,16,158,0.8987341772151899,0.10126582278481013,Yes,0.8987341772151899
70028,70028,99.00,233,33,266,0.8759398496240601,0.12406015037593984,Yes,0.8759398496240601
70029,70029,99.00,11,3,14,0.7857142857142857,0.21428571428571427,Yes,0.7857142857142857
70030,70030,99.00,0,0,0,0,0,n/a,0
70031,70031,99.00,150,26,176,0.8522727272727273,0.14772727272727273,Yes,0.8522727272727273
70032,70032,99.00,9,0,9,1.0,0.0,Yes,1.0
70033,70033,99.00,128,8,136,0.9411764705882353,0.058823529411764705,Yes,0.9411764705882353
70034,70034,50.00,150,19,169,0.8875739644970414,0.11242603550295859,Yes,0.8875739644970414
70035,70035,50.00,203,11,214,0.9485981308411215,0.0514018691588785,Yes,0.9485981308411215
70036,70036,99.00,166,13,179,0.9273743016759777,0.07262569832402235,Yes,0.9273743016759777
70037,70037,99.00,131,12,143,0.916083916083916,0.08391608391608392,Yes,0.916083916083916
70038,70038,99.00,131,18,149,0.8791946308724832,0.12080536912751678,Yes,0.8791946308724832
70039,70039,99.00,4,0,4,1.0,0.0,Yes,1.0
70040,70040,50.00,230,20,250,0.92,0.08,Yes,0.92
70041,70041,50.00,241,23,264,0.9128787878787878,0.08712121212121213,Yes,0.9128787878787878
70042,70042,50.00,216,22,238,0.907563025210084,0.09243697478991597,Yes,0.907563025210084
70043,70043,50.00,177,20,197,0.8984771573604061,0.10152284263959391,Yes,0.8984771573604061
70044,70044,50.00,201,28,229,0.8777292576419214,0.1222707423580786,Yes,0.8777292576419214
70045,70045,50.00,141,20,161,0.8757763975155279,0.12422360248447205,Yes,0.8757763975155279
70046,70046,99.00,390,43,433,0.9006928406466512,0.09930715935334873,Yes,0.9006928406466512
70047,70047,99.00,6,0,6,1.0,0.0,Yes,1.0
70048,70048,99.00,190,25,215,0.8837209302325582,0.11627906976744186,Yes,0.8837209302325582
70049,70049,99.00,6,0,6,1.0,0.0,Yes,1.0
70050,70050,99.00,320,23,343,0.9329446064139941,0.06705539358600583,Yes,0.9329446064139941
70051,70051,99.00,10,2,12,0.8333333333333334,0.16666666666666666,Yes,0.8333333333333334
70052,70052,99.00,213,17,230,0.9260869565217391,0.07391304347826087,Yes,0.9260869565217391
70053,70053,99.00,376,51,427,0.8805620608899297,0.11943793911007025,Yes,0.8805620608899297
70054,70054,99.00,21,4,25,0.84,0.16,Yes,0.84
70055,70055,99.00,271,37,308,0.8798701298701299,0.12012987012987013,Yes,0.8798701298701299
70056,70056,99.00,11,1,12,0.9166666666666666,0.08333333333333333,Yes,0.9166666666666666
70057,70057,99.00,13,0,13,1.0,0.0,Yes,1.0
70058,70058,99.00,208,19,227,0.9162995594713657,0.08370044052863436,Yes,0.9162995594713657
70059,70059,99.00,8,0,8,1.0,0.0,Yes,1.0
70060,70060,99.00,129,13,142,0.9084507042253521,0.09154929577464789,Yes,0.9084507042253521
70061,70061,99.00,2,0,2,1.0,0.0,Yes,1.0
70062,70062,99.00,229,19,248,0.9233870967741935,0.07661290322580645,Yes,0.9233870967741935
70063,70063,99.00,142,10,152,0.9342105263157895,0.06578947368421052,Yes,0.9342105263157895
70064,70064,99.00,2,0,2,1.0,0.0,Yes,1.0
70065,70065,99.00,208,19,227,0.9162995594713657,0.08370044052863436,Yes,0.9162995594713657
70066,70066,99.00,144,18,162,0.8888888888888888,0.1111111111111111,Yes,0.8888888888888888
70067,70067,50.00,7,0,7,1.0,0.0,Yes,1.0
70068,70068,99.00,152,23,175,0.8685714285714285,0.13142857142857142,Yes,0.8685714285714285
70069,70069,85.71,104,18,122,0.8524590163934426,0.14754098360655737,Yes,0.8524590163934426
70070,70070,99.00,2,0,2,1.0,0.0,Yes,1.0
70071,70071,99.00,233,27,260,0.8961538461538462,0.10384615384615385,Yes,0.8961538461538462
70072,70072,99.00,0,0,0,0,0,n/a,0
70073,70073,99.00,148,25,173,0.8554913294797688,0.14450867052023122,Yes,0.8554913294797688
70074,70074,99.00,348,29,377,0.9230769230769231,0.07692307692307693,Yes,0.9230769230769231
70075,70075,99.00,9,0,9,1.0,0.0,Yes,1.0
70076,70076,99.00,254,36,290,0.8758620689655172,0.12413793103448276,Yes,0.8758620689655172
70077,70077,99.00,155,15,170,0.9117647058823529,0.08823529411764706,Yes,0.9117647058823529
70078,70078,99.00,1,0,1,1.0,0.0,Yes,1.0
70079,70079,99.00,3,0,3,1.0,0.0,Yes,1.0
70080,70080,85.71,73,7,80,0.9125,0.0875,Yes,0.9125
70081,70081,99.00,123,12,135,0.9111111111111111,0.08888888888888889,Yes,0.9111111111111111
70082,70082,85.71,3,0,3,1.0,0.0,Yes,1.0
70083,70083,85.71,185,22,207,0.893719806763285,0.10628019323671498,Yes,0.893719806763285
70084,70084,99.00,3,0,3,1.0,0.0,Yes,1.0
70085,70085,99.00,298,44,342,0.8713450292397661,0.1286549707602339,Yes,0.8713450292397661
70086,70086,85.71,1,0,1,1.0,0.0,Yes,1.0
70087,70087,85.71,2,0,2,1.0,0.0,Yes,1.0
70088,70088,85.71,180,17,197,0.9137055837563451,0.08629441624365482,Yes,0.9137055837563451
70089,70089,99.00,13,1,14,0.9285714285714286,0.07142857142857142,Yes,0.9285714285714286
70090,70090,85.71,14,0,14,1.0,0.0,Yes,1.0
70091,70091,99.00,291,33,324,0.8981481481481481,0.10185185185185185,Yes,0.8981481481481481
70092,70092,99.00,296,29,325,0.9107692307692308,0.08923076923076922,Yes,0.9107692307692308
70093,70093,99.00,9,0,9,1.0,0.0,Yes,1.0
70094,70094,85.71,0,0,0,0,0,n/a,0
70095,70095,85.71,0,0,0,0,0,n/a,0
70096,70096,85.71,0,0,0,0,0,n/a,0
70097,70097,85.71,0,0,0,0,0,n/a,0
70098,70098,99.00,159,14,173,0.9190751445086706,0.08092485549132948,Yes,0.9190751445086706
70099,70099,85.71,167,23,190,0.8789473684210526,0.12105263157894737,Yes,0.8789473684210526
70100,70100,99.00,256,15,271,0.9446494464944649,0.055350553505535055,Yes,0.9446494464944649
70101,70101,99.00,13,0,13,1.0,0.0,Yes,1.0
70102,70102,99.00,9,4,13,0.6923076923076923,0.3076923076923077,Yes,0.6923076923076923
70103,70103,99.00,5,1,6,0.8333333333333334,0.16666666666666666,Yes,0.8333333333333334
70104,70104,99.00,3,0,3,1.0,0.0,Yes,1.0
70105,70105,99.00,10,3,13,0.7692307692307693,0.23076923076923078,Yes,0.7692307692307693
70106,70106,99.00,8,0,8,1.0,0.0,Yes,1.0
70107,70107,99.00,9,0,9,1.0,0.0,Yes,1.0
70108,70108,99.00,225,10,235,0.9574468085106383,0.0425531914893617,Yes,0.9574468085106383
70109,70109,85.71,2,0,2,1.0,0.0,Yes,1.0
70110,70110,99.00,4,2,6,0.6666666666666666,0.3333333333333333,Yes,0.6666666666666666
70111,70111,99.00,3,1,4,0.75,0.25,Yes,0.75
71001,71001,99.00,127,20,147,0.8639455782312925,0.1360544217687075,Yes,0.8639455782312925
71002,71002,99.00,96,8,104,0.9230769230769231,0.07692307692307693,Yes,0.9230769230769231
71003,71003,99.00,5,0,5,1.0,0.0,Yes,1.0
71004,71004,99.00,144,24,168,0.8571428571428571,0.14285714285714285,Yes,0.8571428571428571
71005,71005,99.00,184,9,193,0.9533678756476683,0.046632124352331605,Yes,0.9533678756476683
71006,71006,99.00,133,10,143,0.9300699300699301,0.06993006993006994,Yes,0.9300699300699301
71007,71007,99.00,4,0,4,1.0,0.0,Yes,1.0
71008,71008,99.00,257,24,281,0.9145907473309609,0.08540925266903915,Yes,0.9145907473309609
71009,71009,99.00,16,0,16,1.0,0.0,Yes,1.0
71010,71010,99.00,184,43,227,0.8105726872246696,0.1894273127753304,Yes,0.8105726872246696
71011,71011,99.00,107,6,113,0.9469026548672567,0.05309734513274336,Yes,0.9469026548672567
71012,71012,99.00,221,26,247,0.8947368421052632,0.10526315789473684,Yes,0.8947368421052632
71013,71013,99.00,196,16,212,0.9245283018867925,0.07547169811320754,Yes,0.9245283018867925
71014,71014,99.00,14,1,15,0.9333333333333333,0.06666666666666667,Yes,0.9333333333333333
71015,71015,99.00,5,0,5,1.0,0.0,Yes,1.0
71016,71016,99.00,97,10,107,0.9065420560747663,0.09345794392523364,Yes,0.9065420560747663
71017,71017,99.00,6,2,8,0.75,0.25,Yes,0.75
71018,71018,99.00,221,25,246,0.8983739837398373,0.1016260162601626,Yes,0.8983739837398373
71019,71019,99.00,261,38,299,0.8729096989966555,0.12709030100334448,Yes,0.8729096989966555
71020,71020,99.00,241,22,263,0.9163498098859315,0.08365019011406843,Yes,0.9163498098859315
71021,71021,99.00,12,1,13,0.9230769230769231,0.07692307692307693,Yes,0.9230769230769231
71022,71022,99.00,231,29,260,0.8884615384615384,0.11153846153846154,Yes,0.8884615384615384
71023,71023,99.00,136,14,150,0.9066666666666666,0.09333333333333334,Yes,0.9066666666666666
71024,71024,99.00,270,32,302,0.8940397350993378,0.10596026490066225,Yes,0.8940397350993378
71025,71025,99.00,104,6,110,0.9454545454545454,0.05454545454545454,Yes,0.9454545454545454
71026,71026,99.00,253,17,270,0.937037037037037,0.06296296296296296,Yes,0.937037037037037
71027,71027,99.00,11,1,12,0.9166666666666666,0.08333333333333333,Yes,0.9166666666666666
71028,71028,99.00,103,7,110,0.9363636363636364,0.06363636363636363,Yes,0.9363636363636364
71029,71029,99.00,11,0,11,1.0,0.0,Yes,1.0
71030,71030,99.00,238,28,266,0.8947368421052632,0.10526315789473684,Yes,0.8947368421052632
71031,71031,99.00,305,30,335,0.9104477611940298,0.08955223880597014,Yes,0.9104477611940298
71032,71032,99.00,311,24,335,0.9283582089552239,0.07164179104477612,Yes,0.9283582089552239
71033,71033,99.00,158,16,174,0.9080459770114943,0.09195402298850575,Yes,0.9080459770114943
71034,71034,99.00,6,1,7,0.8571428571428571,0.14285714285714285,Yes,0.8571428571428571
71035,71035,99.00,3,0,3,1.0,0.0,Yes,1.0
71036,71036,99.00,243,20,263,0.9239543726235742,0.07604562737642585,Yes,0.9239543726235742
71037,71037,99.00,3,0,3,1.0,0.0,Yes,1.0
71038,71038,99.00,92,6,98,0.9387755102040817,0.061224489795918366,Yes,0.9387755102040817
71039,71039,99.00,3,0,3,1.0,0.0,Yes,1.0
71040,71040,99.00,4,1,5,0.8,0.2,Yes,0.8
71041,71041,99.00,376,31,407,0.9238329238329238,0.07616707616707617,Yes,0.9238329238329238
71042,71042,99.00,225,27,252,0.8928571428571429,0.10714285714285714,Yes,0.8928571428571429
71043,71043,99.00,148,17,165,0.896969696969697,0.10303030303030303,Yes,0.896969696969697
71044,71044,99.00,9,0,9,1.0,0.0,Yes,1.0
71045,71045,99.00,189,28,217,0.8709677419354839,0.12903225806451613,Yes,0.8709677419354839
71046,71046,99.00,105,11,116,0.9051724137931034,0.09482758620689655,Yes,0.9051724137931034
71047,71047,99.00,308,42,350,0.88,0.12,Yes,0.88
71048,71048,99.00,139,19,158,0.879746835443038,0.12025316455696203,Yes,0.879746835443038
71049,71049,99.00,72,13,85,0.8470588235294118,0.15294117647058825,Yes,0.8470588235294118
71050,71050,99.00,1,0,1,1.0,0.0,Yes,1.0
71051,71051,99.00,0,0,0,0,0,n/a,0
71052,71052,99.00,102,11,113,0.9026548672566371,0.09734513274336283,Yes,0.9026548672566371
71053,71053,99.00,3,2,5,0.6,0.4,Yes,0.6
71054,71054,99.00,1,0,1,1.0,0.0,Yes,1.0
71055,71055,99.00,109,12,121,0.9008264462809917,0.09917355371900827,Yes,0.9008264462809917
71056,71056,99.00,0,1,1,0.0,1.0,No,1.0
71057,71057,99.00,197,24,221,0.8914027149321267,0.1085972850678733,Yes,0.8914027149321267
71058,71058,99.00,51,7,58,0.8793103448275862,0.1206896551724138,Yes,0.8793103448275862
71059,71059,99.00,116,21,137,0.8467153284671532,0.15328467153284672,Yes,0.8467153284671532
71060,71060,99.00,126,15,141,0.8936170212765957,0.10638297872340426,Yes,0.8936170212765957
71061,71061,99.00,4,0,4,1.0,0.0,Yes,1.0
71062,71062,99.00,103,15,118,0.8728813559322034,0.1271186440677966,Yes,0.8728813559322034
71063,71063,99.00,183,15,198,0.9242424242424242,0.07575757575757576,Yes,0.9242424242424242
71064,71064,99.00,3,2,5,0.6,0.4,Yes,0.6
71065,71065,99.00,146,16,162,0.9012345679012346,0.09876543209876543,Yes,0.9012345679012346
71066,71066,99.00,165,24,189,0.873015873015873,0.12698412698412698,Yes,0.873015873015873
71067,71067,99.00,143,14,157,0.910828025477707,0.08917197452229299,Yes,0.910828025477707
71068,71068,99.00,120,19,139,0.8633093525179856,0.1366906474820144,Yes,0.8633093525179856
71069,71069,99.00,3,0,3,1.0,0.0,Yes,1.0
71070,71070,99.00,193,25,218,0.8853211009174312,0.11467889908256881,Yes,0.8853211009174312
71071,71071,99.00,12,1,13,0.9230769230769231,0.07692307692307693,Yes,0.9230769230769231
71072,71072,99.00,236,36,272,0.8676470588235294,0.1323529411764706,Yes,0.8676470588235294
71073,71073,99.00,12,1,13,0.9230769230769231,0.07692307692307693,Yes,0.9230769230769231
71074,71074,99.00,279,23,302,0.9238410596026491,0.076158940397351,Yes,0.9238410596026491
71075,71075,99.00,288,37,325,0.8861538461538462,0.11384615384615385,Yes,0.8861538461538462
71076,71076,99.00,4,0,4,1.0,0.0,Yes,1.0
71077,71077,99.00,492,58,550,0.8945454545454545,0.10545454545454545,Yes,0.8945454545454545
71078,71078,99.00,9,3,12,0.75,0.25,Yes,0.75
71079,71079,99.00,420,62,482,0.8713692946058091,0.12863070539419086,Yes,0.8713692946058091
71080,71080,99.00,4,0,4,1.0,0.0,Yes,1.0
71081,71081,99.00,343,66,409,0.8386308068459658,0.16136919315403422,Yes,0.8386308068459658
71082,71082,99.00,9,1,10,0.9,0.1,Yes,0.9
71083,71083,99.00,330,51,381,0.8661417322834646,0.13385826771653545,Yes,0.8661417322834646
71084,71084,99.00,8,0,8,1.0,0.0,Yes,1.0
71085,71085,99.00,385,49,434,0.8870967741935484,0.11290322580645161,Yes,0.8870967741935484
71086,71086,99.00,0,0,0,0,0,n/a,0
71087,71087,99.00,135,24,159,0.8490566037735849,0.1509433962264151,Yes,0.8490566037735849
71088,71088,99.00,0,0,0,0,0,n/a,0
71089,71089,99.00,147,19,166,0.8855421686746988,0.1144578313253012,Yes,0.8855421686746988
71090,71090,99.00,81,10,91,0.8901098901098901,0.10989010989010989,Yes,0.8901098901098901
71091,71091,99.00,0,0,0,0,0,n/a,0
71092,71092,99.00,3,0,3,1.0,0.0,Yes,1.0
71093,71093,99.00,6,0,6,1.0,0.0,Yes,1.0
71094,71094,99.00,0,0,0,0,0,n/a,0
71095,71095,99.00,0,0,0,0,0,n/a,0
71096,71096,99.00,0,0,0,0,0,n/a,0
71097,71097,99.00,10,1,11,0.9090909090909091,0.09090909090909091,Yes,0.9090909090909091
71098,71098,99.00,5,2,7,0.7142857142857143,0.2857142857142857,Yes,0.7142857142857143
71099,71099,99.00,5,0,5,1.0,0.0,Yes,1.0
71100,71100,99.00,1,1,2,0.5,0.5,Tie,0.5
71101,71101,99.00,0,0,0,0,0,n/a,0
71102,71102,99.00,8,1,9,0.8888888888888888,0.1111111111111111,Yes,0.8888888888888888
71103,71103,99.00,191,19,210,0.9095238095238095,0.09047619047619047,Yes,0.9095238095238095
71104,71104,99.00,2,0,2,1.0,0.0,Yes,1.0
71105,71105,99.00,205,22,227,0.9030837004405287,0.09691629955947137,Yes,0.9030837004405287
71106,71106,99.00,4,1,5,0.8,0.2,Yes,0.8
71107,71107,99.00,248,33,281,0.8825622775800712,0.11743772241992882,Yes,0.8825622775800712
71108,71108,99.00,0,0,0,0,0,n/a,0
71109,71109,99.00,160,24,184,0.8695652173913043,0.13043478260869565,Yes,0.8695652173913043
72001,72001,99.00,89,15,104,0.8557692307692307,0.14423076923076922,Yes,0.8557692307692307
72002,72002,99.00,145,14,159,0.9119496855345912,0.0880503144654088,Yes,0.9119496855345912
72003,72003,99.00,58,9,67,0.8656716417910447,0.13432835820895522,Yes,0.8656716417910447
72004,72004,99.00,113,12,125,0.904,0.096,Yes,0.904
72005,72005,99.00,4,0,4,1.0,0.0,Yes,1.0
72006,72006,99.00,0,0,0,0,0,n/a,0
72007,72007,99.00,59,13,72,0.8194444444444444,0.18055555555555555,Yes,0.8194444444444444
72008,72008,99.00,5,0,5,1.0,0.0,Yes,1.0
72009,72009,99.00,53,12,65,0.8153846153846154,0.18461538461538463,Yes,0.8153846153846154
72010,72010,99.00,118,20,138,0.855072463768116,0.14492753623188406,Yes,0.855072463768116
72011,72011,99.00,3,1,4,0.75,0.25,Yes,0.75
72012,72012,99.00,48,8,56,0.8571428571428571,0.14285714285714285,Yes,0.8571428571428571
72013,72013,99.00,97,15,112,0.8660714285714286,0.13392857142857142,Yes,0.8660714285714286
72014,72014,99.00,7,0,7,1.0,0.0,Yes,1.0
72015,72015,99.00,133,19,152,0.875,0.125,Yes,0.875
72016,72016,99.00,0,0,0,0,0,n/a,0
72017,72017,99.00,200,45,245,0.8163265306122449,0.1836734693877551,Yes,0.8163265306122449
72018,72018,99.00,12,0,12,1.0,0.0,Yes,1.0
72019,72019,99.00,260,45,305,0.8524590163934426,0.14754098360655737,Yes,0.8524590163934426
72020,72020,99.00,137,22,159,0.8616352201257862,0.13836477987421383,Yes,0.8616352201257862
72021,72021,99.00,116,9,125,0.928,0.072,Yes,0.928
72022,72022,99.00,67,13,80,0.8375,0.1625,Yes,0.8375
72023,72023,99.00,128,18,146,0.8767123287671232,0.1232876712328767,Yes,0.8767123287671232
72024,72024,33.33,77,7,84,0.9166666666666666,0.08333333333333333,Yes,0.9166666666666666
72025,72025,33.33,1,0,1,1.0,0.0,Yes,1.0
72026,72026,99.00,116,17,133,0.8721804511278195,0.12781954887218044,Yes,0.8721804511278195
72027,72027,33.33,9,0,9,1.0,0.0,Yes,1.0
72028,72028,99.00,6,1,7,0.8571428571428571,0.14285714285714285,Yes,0.8571428571428571
72029,72029,99.00,161,24,185,0.8702702702702703,0.12972972972972974,Yes,0.8702702702702703
72030,72030,33.33,105,11,116,0.9051724137931034,0.09482758620689655,Yes,0.9051724137931034
72031,72031,99.00,78,7,85,0.9176470588235294,0.08235294117647059,Yes,0.9176470588235294
72032,72032,0.00,14,0,14,1.0,0.0,Yes,1.0
72033,72033,99.00,5,0,5,1.0,0.0,Yes,1.0
72034,72034,33.33,4,0,4,1.0,0.0,Yes,1.0
72035,72035,33.33,82,12,94,0.8723404255319149,0.1276595744680851,Yes,0.8723404255319149
72036,72036,0.00,13,0,13,1.0,0.0,Yes,1.0
72037,72037,99.00,6,2,8,0.75,0.25,Yes,0.75
72038,72038,99.00,176,24,200,0.88,0.12,Yes,0.88
72039,72039,80.00,8,0,8,1.0,0.0,Yes,1.0
72040,72040,80.00,186,19,205,0.9073170731707317,0.09268292682926829,Yes,0.9073170731707317
72041,72041,99.00,282,34,316,0.8924050632911392,0.10759493670886076,Yes,0.8924050632911392
72042,72042,99.00,146,15,161,0.906832298136646,0.09316770186335403,Yes,0.906832298136646
72043,72043,80.00,93,18,111,0.8378378378378378,0.16216216216216217,Yes,0.8378378378378378
72044,72044,80.00,117,12,129,0.9069767441860465,0.09302325581395349,Yes,0.9069767441860465
72045,72045,80.00,4,2,6,0.6666666666666666,0.3333333333333333,Yes,0.6666666666666666
72046,72046,80.00,175,17,192,0.9114583333333334,0.08854166666666667,Yes,0.9114583333333334
72047,72047,99.00,239,41,280,0.8535714285714285,0.14642857142857144,Yes,0.8535714285714285
72048,72048,99.00,75,4,79,0.9493670886075949,0.05063291139240506,Yes,0.9493670886075949
72049,72049,99.00,138,17,155,0.8903225806451613,0.10967741935483871,Yes,0.8903225806451613
72050,72050,99.00,84,14,98,0.8571428571428571,0.14285714285714285,Yes,0.8571428571428571
72051,72051,99.00,3,0,3,1.0,0.0,Yes,1.0
72052,72052,99.00,73,10,83,0.8795180722891566,0.12048192771084337,Yes,0.8795180722891566
72053,72053,99.00,122,22,144,0.8472222222222222,0.1527777777777778,Yes,0.8472222222222222
72054,72054,99.00,3,0,3,1.0,0.0,Yes,1.0
72055,72055,99.00,99,14,113,0.8761061946902655,0.12389380530973451,Yes,0.8761061946902655
72056,72056,99.00,130,12,142,0.9154929577464789,0.08450704225352113,Yes,0.9154929577464789
72057,72057,99.00,7,3,10,0.7,0.3,Yes,0.7
72058,72058,99.00,397,45,442,0.8981900452488688,0.10180995475113122,Yes,0.8981900452488688
72059,72059,99.00,4,0,4,1.0,0.0,Yes,1.0
72060,72060,99.00,221,29,250,0.884,0.116,Yes,0.884
72061,72061,99.00,3,1,4,0.75,0.25,Yes,0.75
72062,72062,99.00,6,0,6,1.0,0.0,Yes,1.0
72063,72063,99.00,145,17,162,0.8950617283950617,0.10493827160493827,Yes,0.8950617283950617
72064,72064,99.00,288,31,319,0.9028213166144201,0.09717868338557993,Yes,0.9028213166144201
72065,72065,99.00,105,15,120,0.875,0.125,Yes,0.875
72066,72066,99.00,394,66,460,0.8565217391304348,0.14347826086956522,Yes,0.8565217391304348
72067,72067,99.00,7,2,9,0.7777777777777778,0.2222222222222222,Yes,0.7777777777777778
72068,72068,99.00,318,33,351,0.905982905982906,0.09401709401709402,Yes,0.905982905982906
72069,72069,99.00,199,37,236,0.8432203389830508,0.15677966101694915,Yes,0.8432203389830508
72070,72070,99.00,161,23,184,0.875,0.125,Yes,0.875
72071,72071,99.00,90,14,104,0.8653846153846154,0.1346153846153846,Yes,0.8653846153846154
72072,72072,99.00,0,0,0,0,0,n/a,0
72073,72073,99.00,8,0,8,1.0,0.0,Yes,1.0
72074,72074,0.00,1,0,1,1.0,0.0,Yes,1.0
72075,72075,0.00,6,1,7,0.8571428571428571,0.14285714285714285,Yes,0.8571428571428571
72076,72076,80.00,4,0,4,1.0,0.0,Yes,1.0
72077,72077,99.00,84,5,89,0.9438202247191011,0.056179775280898875,Yes,0.9438202247191011
72078,72078,99.00,2,0,2,1.0,0.0,Yes,1.0
72079,72079,99.00,2,0,2,1.0,0.0,Yes,1.0
72080,72080,99.00,0,0,0,0,0,n/a,0
72081,72081,99.00,0,0,0,0,0,n/a,0
72082,72082,99.00,0,0,0,0,0,n/a,0
72083,72083,99.00,0,0,0,0,0,n/a,0
72084,72084,99.00,0,0,0,0,0,n/a,0
72085,72085,99.00,0,0,0,0,0,n/a,0
72086,72086,99.00,59,7,66,0.8939393939393939,0.10606060606060606,Yes,0.8939393939393939
72087,72087,33.33,63,9,72,0.875,0.125,Yes,0.875
72088,72088,33.33,4,0,4,1.0,0.0,Yes,1.0
72089,72089,99.00,3,0,3,1.0,0.0,Yes,1.0
72090,72090,99.00,6,1,7,0.8571428571428571,0.14285714285714285,Yes,0.8571428571428571
72091,72091,99.00,5,3,8,0.625,0.375,Yes,0.625
72092,72092,99.00,2,0,2,1.0,0.0,Yes,1.0
72093,72093,99.00,163,17,180,0.9055555555555556,0.09444444444444444,Yes,0.9055555555555556
72094,72094,99.00,117,27,144,0.8125,0.1875,Yes,0.8125
72095,72095,99.00,2,0,2,1.0,0.0,Yes,1.0
72096,72096,99.00,0,0,0,0,0,n/a,0
72097,72097,99.00,29,3,32,0.90625,0.09375,Yes,0.90625
73001,73001,53.85,131,46,177,0.7401129943502824,0.2598870056497175,Yes,0.7401129943502824
73002,73002,53.85,17,8,25,0.68,0.32,Yes,0.68
73003,73003,53.85,159,34,193,0.8238341968911918,0.17616580310880828,Yes,0.8238341968911918
73004,73004,99.00,157,61,218,0.7201834862385321,0.2798165137614679,Yes,0.7201834862385321
73005,73005,99.00,28,6,34,0.8235294117647058,0.17647058823529413,Yes,0.8235294117647058
73006,73006,99.00,97,26,123,0.7886178861788617,0.21138211382113822,Yes,0.7886178861788617
73007,73007,99.00,161,65,226,0.7123893805309734,0.28761061946902655,Yes,0.7123893805309734
73008,73008,99.00,2,0,2,1.0,0.0,Yes,1.0
73009,73009,53.85,125,50,175,0.7142857142857143,0.2857142857142857,Yes,0.7142857142857143
73010,73010,53.85,173,38,211,0.8199052132701422,0.18009478672985782,Yes,0.8199052132701422
73011,73011,53.85,173,48,221,0.7828054298642534,0.2171945701357466,Yes,0.7828054298642534
73012,73012,99.00,151,37,188,0.8031914893617021,0.19680851063829788,Yes,0.8031914893617021
73013,73013,50.00,97,34,131,0.7404580152671756,0.2595419847328244,Yes,0.7404580152671756
73014,73014,91.67,149,41,190,0.7842105263157895,0.21578947368421053,Yes,0.7842105263157895
73015,73015,91.67,9,2,11,0.8181818181818182,0.18181818181818182,Yes,0.8181818181818182
73016,73016,99.00,124,56,180,0.6888888888888889,0.3111111111111111,Yes,0.6888888888888889
73017,73017,99.00,3,1,4,0.75,0.25,Yes,0.75
73018,73018,99.00,17,4,21,0.8095238095238095,0.19047619047619047,Yes,0.8095238095238095
73019,73019,99.00,72,29,101,0.7128712871287128,0.2871287128712871,Yes,0.7128712871287128
73020,73020,99.00,0,0,0,0,0,n/a,0
73021,73021,99.00,162,51,213,0.7605633802816901,0.23943661971830985,Yes,0.7605633802816901
73022,73022,99.00,22,4,26,0.8461538461538461,0.15384615384615385,Yes,0.8461538461538461
73023,73023,99.00,201,68,269,0.7472118959107806,0.2527881040892193,Yes,0.7472118959107806
73024,73024,0.00,6,3,9,0.6666666666666666,0.3333333333333333,Yes,0.6666666666666666
73025,73025,99.00,15,6,21,0.7142857142857143,0.2857142857142857,Yes,0.7142857142857143
73026,73026,99.00,170,89,259,0.6563706563706564,0.3436293436293436,Yes,0.6563706563706564
73027,73027,91.67,15,2,17,0.8823529411764706,0.11764705882352941,Yes,0.8823529411764706
73028,73028,91.67,138,66,204,0.6764705882352942,0.3235294117647059,Yes,0.6764705882352942
73029,73029,91.67,187,69,256,0.73046875,0.26953125,Yes,0.73046875
73030,73030,99.00,185,57,242,0.7644628099173554,0.23553719008264462,Yes,0.7644628099173554
73031,73031,99.00,22,4,26,0.8461538461538461,0.15384615384615385,Yes,0.8461538461538461
73032,73032,91.67,7,4,11,0.6363636363636364,0.36363636363636365,Yes,0.6363636363636364
73033,73033,91.67,118,45,163,0.7239263803680982,0.27607361963190186,Yes,0.7239263803680982
73034,73034,91.67,8,2,10,0.8,0.2,Yes,0.8
73035,73035,91.67,197,97,294,0.6700680272108843,0.3299319727891156,Yes,0.6700680272108843
73036,73036,91.67,201,66,267,0.7528089887640449,0.24719101123595505,Yes,0.7528089887640449
73037,73037,91.67,7,3,10,0.7,0.3,Yes,0.7
73038,73038,91.67,96,37,133,0.7218045112781954,0.2781954887218045,Yes,0.7218045112781954
73039,73039,91.67,100,42,142,0.704225352112676,0.29577464788732394,Yes,0.704225352112676
73040,73040,91.67,5,0,5,1.0,0.0,Yes,1.0
73041,73041,91.67,209,91,300,0.6966666666666667,0.30333333333333334,Yes,0.6966666666666667
73042,73042,99.00,3,4,7,0.42857142857142855,0.5714285714285714,No,0.5714285714285714
73043,73043,99.00,113,32,145,0.7793103448275862,0.2206896551724138,Yes,0.7793103448275862
73044,73044,99.00,14,3,17,0.8235294117647058,0.17647058823529413,Yes,0.8235294117647058
73045,73045,99.00,50,24,74,0.6756756756756757,0.32432432432432434,Yes,0.6756756756756757
73046,73046,99.00,28,20,48,0.5833333333333334,0.4166666666666667,Yes,0.5833333333333334
73047,73047,91.67,98,43,141,0.6950354609929078,0.3049645390070922,Yes,0.6950354609929078
73048,73048,91.67,9,1,10,0.9,0.1,Yes,0.9
73049,73049,50.00,77,18,95,0.8105263157894737,0.18947368421052632,Yes,0.8105263157894737
73050,73050,99.00,122,61,183,0.6666666666666666,0.3333333333333333,Yes,0.6666666666666666
73051,73051,99.00,73,41,114,0.6403508771929824,0.35964912280701755,Yes,0.6403508771929824
73052,73052,99.00,7,7,14,0.5,0.5,Tie,0.5
73053,73053,99.00,126,65,191,0.6596858638743456,0.3403141361256545,Yes,0.6596858638743456
73054,73054,99.00,153,76,229,0.6681222707423581,0.3318777292576419,Yes,0.6681222707423581
73055,73055,99.00,22,5,27,0.8148148148148148,0.18518518518518517,Yes,0.8148148148148148
73056,73056,99.00,78,54,132,0.5909090909090909,0.4090909090909091,Yes,0.5909090909090909
73057,73057,99.00,150,67,217,0.6912442396313364,0.3087557603686636,Yes,0.6912442396313364
73058,73058,99.00,10,8,18,0.5555555555555556,0.4444444444444444,Yes,0.5555555555555556
73059,73059,99.00,31,7,38,0.8157894736842105,0.18421052631578946,Yes,0.8157894736842105
73060,73060,99.00,20,9,29,0.6896551724137931,0.3103448275862069,Yes,0.6896551724137931
73061,73061,99.00,117,62,179,0.6536312849162011,0.3463687150837989,Yes,0.6536312849162011
73062,73062,99.00,118,59,177,0.6666666666666666,0.3333333333333333,Yes,0.6666666666666666
73063,73063,99.00,89,47,136,0.6544117647058824,0.34558823529411764,Yes,0.6544117647058824
73064,73064,99.00,31,16,47,0.6595744680851063,0.3404255319148936,Yes,0.6595744680851063
73065,73065,46.67,199,89,288,0.6909722222222222,0.3090277777777778,Yes,0.6909722222222222
73066,73066,99.00,23,13,36,0.6388888888888888,0.3611111111111111,Yes,0.6388888888888888
73067,73067,99.00,126,71,197,0.6395939086294417,0.3604060913705584,Yes,0.6395939086294417
73068,73068,46.67,144,59,203,0.7093596059113301,0.29064039408866993,Yes,0.7093596059113301
73069,73069,46.67,134,52,186,0.7204301075268817,0.27956989247311825,Yes,0.7204301075268817
73070,73070,46.67,30,11,41,0.7317073170731707,0.2682926829268293,Yes,0.7317073170731707
73071,73071,99.00,116,75,191,0.6073298429319371,0.39267015706806285,Yes,0.6073298429319371
73072,73072,99.00,5,1,6,0.8333333333333334,0.16666666666666666,Yes,0.8333333333333334
73073,73073,99.00,12,6,18,0.6666666666666666,0.3333333333333333,Yes,0.6666666666666666
73074,73074,99.00,214,106,320,0.66875,0.33125,Yes,0.66875
73075,73075,90.00,134,53,187,0.7165775401069518,0.28342245989304815,Yes,0.7165775401069518
73076,73076,0.00,11,11,22,0.5,0.5,Tie,0.5
73077,73077,99.00,153,73,226,0.6769911504424779,0.3230088495575221,Yes,0.6769911504424779
73078,73078,0.00,15,11,26,0.5769230769230769,0.4230769230769231,Yes,0.5769230769230769
73079,73079,0.00,19,10,29,0.6551724137931034,0.3448275862068966,Yes,0.6551724137931034
73080,73080,0.00,19,2,21,0.9047619047619048,0.09523809523809523,Yes,0.9047619047619048
73081,73081,0.00,10,4,14,0.7142857142857143,0.2857142857142857,Yes,0.7142857142857143
73082,73082,0.00,15,5,20,0.75,0.25,Yes,0.75
73083,73083,0.00,21,5,26,0.8076923076923077,0.19230769230769232,Yes,0.8076923076923077
73084,73084,0.00,14,1,15,0.9333333333333333,0.06666666666666667,Yes,0.9333333333333333
73085,73085,0.00,17,2,19,0.8947368421052632,0.10526315789473684,Yes,0.8947368421052632
73086,73086,0.00,13,6,19,0.6842105263157895,0.3157894736842105,Yes,0.6842105263157895
73087,73087,0.00,11,2,13,0.8461538461538461,0.15384615384615385,Yes,0.8461538461538461
73088,73088,99.00,159,69,228,0.6973684210526315,0.3026315789473684,Yes,0.6973684210526315
73089,73089,50.00,5,3,8,0.625,0.375,Yes,0.625
73090,73090,99.00,320,153,473,0.6765327695560254,0.32346723044397463,Yes,0.6765327695560254
73091,73091,99.00,6,0,6,1.0,0.0,Yes,1.0
73092,73092,0.00,2,1,3,0.6666666666666666,0.3333333333333333,Yes,0.6666666666666666
73093,73093,99.00,291,70,361,0.8060941828254847,0.19390581717451524,Yes,0.8060941828254847
73094,73094,99.00,6,0,6,1.0,0.0,Yes,1.0
73095,73095,0.00,24,1,25,0.96,0.04,Yes,0.96
73096,73096,99.00,17,2,19,0.8947368421052632,0.10526315789473684,Yes,0.8947368421052632
73097,73097,0.00,13,4,17,0.7647058823529411,0.23529411764705882,Yes,0.7647058823529411
73098,73098,0.00,14,4,18,0.7777777777777778,0.2222222222222222,Yes,0.7777777777777778
73099,73099,90.00,17,4,21,0.8095238095238095,0.19047619047619047,Yes,0.8095238095238095
73100,73100,91.67,130,57,187,0.6951871657754011,0.3048128342245989,Yes,0.6951871657754011
73101,73101,91.67,2,4,6,0.3333333333333333,0.6666666666666666,No,0.6666666666666666
73102,73102,99.00,146,68,214,0.6822429906542056,0.3177570093457944,Yes,0.6822429906542056
73103,73103,99.00,10,2,12,0.8333333333333334,0.16666666666666666,Yes,0.8333333333333334
73104,73104,99.00,177,96,273,0.6483516483516484,0.3516483516483517,Yes,0.6483516483516484
73105,73105,99.00,15,11,26,0.5769230769230769,0.4230769230769231,Yes,0.5769230769230769
73106,73106,99.00,117,25,142,0.823943661971831,0.176056338028169,Yes,0.823943661971831
73107,73107,99.00,99,20,119,0.8319327731092437,0.16806722689075632,Yes,0.8319327731092437
74001,74001,99.00,36,4,40,0.9,0.1,Yes,0.9
74002,74002,66.67,79,13,92,0.8586956521739131,0.14130434782608695,Yes,0.8586956521739131
74003,74003,66.67,2,1,3,0.6666666666666666,0.3333333333333333,Yes,0.6666666666666666
74004,74004,66.67,0,0,0,0,0,n/a,0
74005,74005,66.67,78,14,92,0.8478260869565217,0.15217391304347827,Yes,0.8478260869565217
74006,74006,99.00,1,0,1,1.0,0.0,Yes,1.0
74007,74007,66.67,114,17,131,0.8702290076335878,0.1297709923664122,Yes,0.8702290076335878
74008,74008,99.00,150,18,168,0.8928571428571429,0.10714285714285714,Yes,0.8928571428571429
74009,74009,99.00,3,0,3,1.0,0.0,Yes,1.0
74010,74010,99.00,194,14,208,0.9326923076923077,0.0673076923076923,Yes,0.9326923076923077
74011,74011,99.00,82,18,100,0.82,0.18,Yes,0.82
74012,74012,99.00,2,0,2,1.0,0.0,Yes,1.0
74013,74013,99.00,120,15,135,0.8888888888888888,0.1111111111111111,Yes,0.8888888888888888
74014,74014,99.00,79,14,93,0.8494623655913979,0.15053763440860216,Yes,0.8494623655913979
74015,74015,99.00,6,1,7,0.8571428571428571,0.14285714285714285,Yes,0.8571428571428571
74016,74016,99.00,5,3,8,0.625,0.375,Yes,0.625
74017,74017,99.00,75,12,87,0.8620689655172413,0.13793103448275862,Yes,0.8620689655172413
74018,74018,99.00,1,0,1,1.0,0.0,Yes,1.0
74019,74019,99.00,279,81,360,0.775,0.225,Yes,0.775
74020,74020,99.00,6,1,7,0.8571428571428571,0.14285714285714285,Yes,0.8571428571428571
74021,74021,99.00,169,11,180,0.9388888888888889,0.06111111111111111,Yes,0.9388888888888889
74022,74022,99.00,270,25,295,0.9152542372881356,0.0847457627118644,Yes,0.9152542372881356
74023,74023,99.00,155,16,171,0.9064327485380117,0.0935672514619883,Yes,0.9064327485380117
74024,74024,99.00,4,1,5,0.8,0.2,Yes,0.8
74025,74025,99.00,75,11,86,0.872093023255814,0.12790697674418605,Yes,0.872093023255814
74026,74026,99.00,2,0,2,1.0,0.0,Yes,1.0
74027,74027,99.00,97,25,122,0.7950819672131147,0.20491803278688525,Yes,0.7950819672131147
74028,74028,99.00,0,0,0,0,0,n/a,0
74029,74029,99.00,94,13,107,0.8785046728971962,0.12149532710280374,Yes,0.8785046728971962
74030,74030,99.00,2,1,3,0.6666666666666666,0.3333333333333333,Yes,0.6666666666666666
74031,74031,99.00,161,42,203,0.7931034482758621,0.20689655172413793,Yes,0.7931034482758621
74032,74032,99.00,276,33,309,0.8932038834951457,0.10679611650485436,Yes,0.8932038834951457
74033,74033,99.00,185,22,207,0.893719806763285,0.10628019323671498,Yes,0.893719806763285
74034,74034,99.00,170,17,187,0.9090909090909091,0.09090909090909091,Yes,0.9090909090909091
74035,74035,99.00,127,25,152,0.8355263157894737,0.16447368421052633,Yes,0.8355263157894737
74036,74036,99.00,71,9,80,0.8875,0.1125,Yes,0.8875
74037,74037,99.00,7,1,8,0.875,0.125,Yes,0.875
74038,74038,99.00,7,1,8,0.875,0.125,Yes,0.875
74039,74039,99.00,250,93,343,0.7288629737609329,0.27113702623906705,Yes,0.7288629737609329
74040,74040,99.00,187,55,242,0.7727272727272727,0.22727272727272727,Yes,0.7727272727272727
74041,74041,99.00,175,53,228,0.7675438596491229,0.2324561403508772,Yes,0.7675438596491229
74042,74042,99.00,19,3,22,0.8636363636363636,0.13636363636363635,Yes,0.8636363636363636
74043,74043,99.00,371,111,482,0.7697095435684648,0.23029045643153526,Yes,0.7697095435684648
74044,74044,99.00,24,4,28,0.8571428571428571,0.14285714285714285,Yes,0.8571428571428571
74045,74045,99.00,198,56,254,0.7795275590551181,0.2204724409448819,Yes,0.7795275590551181
74046,74046,99.00,271,81,352,0.7698863636363636,0.23011363636363635,Yes,0.7698863636363636
74047,74047,99.00,183,60,243,0.7530864197530864,0.24691358024691357,Yes,0.7530864197530864
74048,74048,99.00,19,7,26,0.7307692307692307,0.2692307692307692,Yes,0.7307692307692307
74049,74049,99.00,302,94,396,0.7626262626262627,0.23737373737373738,Yes,0.7626262626262627
74050,74050,99.00,11,2,13,0.8461538461538461,0.15384615384615385,Yes,0.8461538461538461
74051,74051,99.00,262,130,392,0.6683673469387755,0.33163265306122447,Yes,0.6683673469387755
74052,74052,99.00,14,1,15,0.9333333333333333,0.06666666666666667,Yes,0.9333333333333333
74053,74053,99.00,107,19,126,0.8492063492063492,0.15079365079365079,Yes,0.8492063492063492
74054,74054,99.00,259,47,306,0.8464052287581699,0.15359477124183007,Yes,0.8464052287581699
74055,74055,99.00,51,8,59,0.864406779661017,0.13559322033898305,Yes,0.864406779661017
74056,74056,33.33,130,32,162,0.8024691358024691,0.19753086419753085,Yes,0.8024691358024691
74057,74057,99.00,187,31,218,0.8577981651376146,0.14220183486238533,Yes,0.8577981651376146
74058,74058,99.00,47,7,54,0.8703703703703703,0.12962962962962962,Yes,0.8703703703703703
74059,74059,99.00,195,40,235,0.8297872340425532,0.1702127659574468,Yes,0.8297872340425532
74060,74060,33.33,123,29,152,0.8092105263157895,0.19078947368421054,Yes,0.8092105263157895
74061,74061,99.00,238,46,284,0.8380281690140845,0.1619718309859155,Yes,0.8380281690140845
74062,74062,80.00,201,46,247,0.8137651821862348,0.1862348178137652,Yes,0.8137651821862348
74063,74063,80.00,12,4,16,0.75,0.25,Yes,0.75
74064,74064,80.00,207,33,240,0.8625,0.1375,Yes,0.8625
74065,74065,80.00,8,3,11,0.7272727272727273,0.2727272727272727,Yes,0.7272727272727273
74066,74066,80.00,205,50,255,0.803921568627451,0.19607843137254902,Yes,0.803921568627451
74067,74067,99.00,239,67,306,0.7810457516339869,0.21895424836601307,Yes,0.7810457516339869
74068,74068,99.00,25,7,32,0.78125,0.21875,Yes,0.78125
74069,74069,99.00,72,13,85,0.8470588235294118,0.15294117647058825,Yes,0.8470588235294118
74070,74070,99.00,169,45,214,0.7897196261682243,0.2102803738317757,Yes,0.7897196261682243
74071,74071,99.00,12,1,13,0.9230769230769231,0.07692307692307693,Yes,0.9230769230769231
74072,74072,99.00,187,37,224,0.8348214285714286,0.16517857142857142,Yes,0.8348214285714286
74073,74073,99.00,148,39,187,0.7914438502673797,0.20855614973262032,Yes,0.7914438502673797
74074,74074,99.00,11,1,12,0.9166666666666666,0.08333333333333333,Yes,0.9166666666666666
74075,74075,99.00,27,7,34,0.7941176470588235,0.20588235294117646,Yes,0.7941176470588235
74076,74076,99.00,283,75,358,0.7905027932960894,0.20949720670391062,Yes,0.7905027932960894
74077,74077,99.00,15,2,17,0.8823529411764706,0.11764705882352941,Yes,0.8823529411764706
74078,74078,99.00,172,42,214,0.8037383177570093,0.19626168224299065,Yes,0.8037383177570093
74079,74079,99.00,200,59,259,0.7722007722007722,0.2277992277992278,Yes,0.7722007722007722
74080,74080,99.00,7,1,8,0.875,0.125,Yes,0.875
74081,74081,99.00,5,2,7,0.7142857142857143,0.2857142857142857,Yes,0.7142857142857143
74082,74082,53.85,34,2,36,0.9444444444444444,0.05555555555555555,Yes,0.9444444444444444
74083,74083,99.00,303,93,396,0.7651515151515151,0.23484848484848486,Yes,0.7651515151515151
74084,74084,99.00,38,12,50,0.76,0.24,Yes,0.76
74085,74085,99.00,6,3,9,0.6666666666666666,0.3333333333333333,Yes,0.6666666666666666
74086,74086,99.00,3,3,6,0.5,0.5,Tie,0.5
74087,74087,99.00,188,56,244,0.7704918032786885,0.22950819672131148,Yes,0.7704918032786885
74088,74088,99.00,270,91,361,0.7479224376731302,0.2520775623268698,Yes,0.7479224376731302
74089,74089,99.00,12,4,16,0.75,0.25,Yes,0.75
74090,74090,99.00,131,28,159,0.8238993710691824,0.1761006289308176,Yes,0.8238993710691824
74091,74091,99.00,179,41,220,0.8136363636363636,0.18636363636363637,Yes,0.8136363636363636
74092,74092,99.00,21,5,26,0.8076923076923077,0.19230769230769232,Yes,0.8076923076923077
74093,74093,99.00,0,0,0,0,0,n/a,0
74094,74094,99.00,0,0,0,0,0,n/a,0
74095,74095,99.00,0,0,0,0,0,n/a,0
74096,74096,99.00,0,0,0,0,0,n/a,0
74097,74097,99.00,0,0,0,0,0,n/a,0
74098,74098,80.00,18,4,22,0.8181818181818182,0.18181818181818182,Yes,0.8181818181818182
74099,74099,99.00,16,1,17,0.9411764705882353,0.058823529411764705,Yes,0.9411764705882353
74100,74100,99.00,7,1,8,0.875,0.125,Yes,0.875
74101,74101,53.85,209,40,249,0.8393574297188755,0.1606425702811245,Yes,0.8393574297188755
74102,74102,53.85,22,7,29,0.7586206896551724,0.2413793103448276,Yes,0.7586206896551724
74103,74103,99.00,20,4,24,0.8333333333333334,0.16666666666666666,Yes,0.8333333333333334
74104,74104,99.00,122,40,162,0.7530864197530864,0.24691358024691357,Yes,0.7530864197530864
74105,74105,99.00,256,24,280,0.9142857142857143,0.08571428571428572,Yes,0.9142857142857143
74106,74106,99.00,10,0,10,1.0,0.0,Yes,1.0
74107,74107,99.00,16,2,18,0.8888888888888888,0.1111111111111111,Yes,0.8888888888888888
75001,75001,33.33,245,40,285,0.8596491228070176,0.14035087719298245,Yes,0.8596491228070176
75002,75002,99.00,229,55,284,0.8063380281690141,0.1936619718309859,Yes,0.8063380281690141
75003,75003,99.00,102,14,116,0.8793103448275862,0.1206896551724138,Yes,0.8793103448275862
75004,75004,99.00,32,5,37,0.8648648648648649,0.13513513513513514,Yes,0.8648648648648649
75005,75005,33.33,24,1,25,0.96,0.04,Yes,0.96
75006,75006,33.33,302,51,353,0.8555240793201133,0.14447592067988668,Yes,0.8555240793201133
75007,75007,99.00,168,27,195,0.8615384615384616,0.13846153846153847,Yes,0.8615384615384616
75008,75008,99.00,162,30,192,0.84375,0.15625,Yes,0.84375
75009,75009,99.00,109,23,132,0.8257575757575758,0.17424242424242425,Yes,0.8257575757575758
75010,75010,99.00,138,28,166,0.8313253012048193,0.1686746987951807,Yes,0.8313253012048193
75011,75011,99.00,121,21,142,0.852112676056338,0.14788732394366197,Yes,0.852112676056338
75012,75012,99.00,147,26,173,0.8497109826589595,0.15028901734104047,Yes,0.8497109826589595
75013,75013,99.00,236,24,260,0.9076923076923077,0.09230769230769231,Yes,0.9076923076923077
75014,75014,99.00,54,8,62,0.8709677419354839,0.12903225806451613,Yes,0.8709677419354839
75015,75015,99.00,222,27,249,0.891566265060241,0.10843373493975904,Yes,0.891566265060241
75016,75016,99.00,10,1,11,0.9090909090909091,0.09090909090909091,Yes,0.9090909090909091
75017,75017,99.00,149,13,162,0.9197530864197531,0.08024691358024691,Yes,0.9197530864197531
75018,75018,99.00,5,1,6,0.8333333333333334,0.16666666666666666,Yes,0.8333333333333334
75019,75019,99.00,276,37,313,0.8817891373801917,0.1182108626198083,Yes,0.8817891373801917
75020,75020,99.00,12,0,12,1.0,0.0,Yes,1.0
75021,75021,99.00,9,2,11,0.8181818181818182,0.18181818181818182,Yes,0.8181818181818182
75022,75022,99.00,262,31,293,0.89419795221843,0.10580204778156997,Yes,0.89419795221843
75023,75023,99.00,274,53,327,0.8379204892966361,0.1620795107033639,Yes,0.8379204892966361
75024,75024,99.00,10,0,10,1.0,0.0,Yes,1.0
75025,75025,99.00,306,38,344,0.8895348837209303,0.11046511627906977,Yes,0.8895348837209303
75026,75026,99.00,8,1,9,0.8888888888888888,0.1111111111111111,Yes,0.8888888888888888
75027,75027,33.33,25,5,30,0.8333333333333334,0.16666666666666666,Yes,0.8333333333333334
75028,75028,99.00,163,22,185,0.8810810810810811,0.11891891891891893,Yes,0.8810810810810811
75029,75029,99.00,80,16,96,0.8333333333333334,0.16666666666666666,Yes,0.8333333333333334
75030,75030,99.00,16,4,20,0.8,0.2,Yes,0.8
75031,75031,99.00,112,26,138,0.8115942028985508,0.18840579710144928,Yes,0.8115942028985508
75032,75032,99.00,150,40,190,0.7894736842105263,0.21052631578947367,Yes,0.7894736842105263
75033,75033,99.00,196,58,254,0.7716535433070866,0.2283464566929134,Yes,0.7716535433070866
75034,75034,99.00,65,12,77,0.8441558441558441,0.15584415584415584,Yes,0.8441558441558441
75035,75035,99.00,8,2,10,0.8,0.2,Yes,0.8
75036,75036,99.00,114,23,137,0.8321167883211679,0.1678832116788321,Yes,0.8321167883211679
75037,75037,99.00,154,25,179,0.8603351955307262,0.13966480446927373,Yes,0.8603351955307262
75038,75038,99.00,401,78,479,0.837160751565762,0.162839248434238,Yes,0.837160751565762
75039,75039,99.00,9,1,10,0.9,0.1,Yes,0.9
75040,75040,99.00,150,28,178,0.8426966292134831,0.15730337078651685,Yes,0.8426966292134831
75041,75041,99.00,5,0,5,1.0,0.0,Yes,1.0
75042,75042,99.00,2,0,2,1.0,0.0,Yes,1.0
75043,75043,99.00,304,50,354,0.8587570621468926,0.14124293785310735,Yes,0.8587570621468926
75044,75044,99.00,267,34,301,0.8870431893687708,0.11295681063122924,Yes,0.8870431893687708
75045,75045,99.00,209,27,236,0.885593220338983,0.11440677966101695,Yes,0.885593220338983
75046,75046,99.00,1,0,1,1.0,0.0,Yes,1.0
75047,75047,99.00,7,0,7,1.0,0.0,Yes,1.0
75048,75048,99.00,221,37,258,0.8565891472868217,0.1434108527131783,Yes,0.8565891472868217
75049,75049,99.00,124,29,153,0.8104575163398693,0.1895424836601307,Yes,0.8104575163398693
75050,75050,99.00,72,14,86,0.8372093023255814,0.16279069767441862,Yes,0.8372093023255814
75051,75051,99.00,105,21,126,0.8333333333333334,0.16666666666666666,Yes,0.8333333333333334
75052,75052,99.00,20,9,29,0.6896551724137931,0.3103448275862069,Yes,0.6896551724137931
75053,75053,53.85,169,41,210,0.8047619047619048,0.19523809523809524,Yes,0.8047619047619048
75054,75054,53.85,30,11,41,0.7317073170731707,0.2682926829268293,Yes,0.7317073170731707
75055,75055,53.85,27,5,32,0.84375,0.15625,Yes,0.84375
75056,75056,99.00,178,50,228,0.7807017543859649,0.21929824561403508,Yes,0.7807017543859649
75057,75057,99.00,4,1,5,0.8,0.2,Yes,0.8
75058,75058,99.00,78,19,97,0.8041237113402062,0.1958762886597938,Yes,0.8041237113402062
75059,75059,80.00,210,47,257,0.8171206225680934,0.1828793774319066,Yes,0.8171206225680934
75060,75060,99.00,10,3,13,0.7692307692307693,0.23076923076923078,Yes,0.7692307692307693
75061,75061,99.00,0,0,0,0,0,n/a,0
75062,75062,99.00,170,26,196,0.8673469387755102,0.1326530612244898,Yes,0.8673469387755102
75063,75063,99.00,112,18,130,0.8615384615384616,0.13846153846153847,Yes,0.8615384615384616
75064,75064,80.00,11,3,14,0.7857142857142857,0.21428571428571427,Yes,0.7857142857142857
75065,75065,99.00,45,17,62,0.7258064516129032,0.27419354838709675,Yes,0.7258064516129032
75066,75066,99.00,261,65,326,0.8006134969325154,0.19938650306748465,Yes,0.8006134969325154
75067,75067,99.00,117,19,136,0.8602941176470589,0.13970588235294118,Yes,0.8602941176470589
75068,75068,99.00,15,5,20,0.75,0.25,Yes,0.75
75069,75069,99.00,117,26,143,0.8181818181818182,0.18181818181818182,Yes,0.8181818181818182
75070,75070,99.00,189,34,223,0.8475336322869955,0.15246636771300448,Yes,0.8475336322869955
75071,75071,99.00,451,40,491,0.9185336048879837,0.0814663951120163,Yes,0.9185336048879837
75072,75072,99.00,382,51,433,0.8822170900692841,0.11778290993071594,Yes,0.8822170900692841
75073,75073,99.00,123,24,147,0.8367346938775511,0.16326530612244897,Yes,0.8367346938775511
75074,75074,99.00,76,15,91,0.8351648351648352,0.16483516483516483,Yes,0.8351648351648352
75075,75075,99.00,67,21,88,0.7613636363636364,0.23863636363636365,Yes,0.7613636363636364
75076,75076,99.00,11,2,13,0.8461538461538461,0.15384615384615385,Yes,0.8461538461538461
75077,75077,99.00,13,1,14,0.9285714285714286,0.07142857142857142,Yes,0.9285714285714286
75078,75078,99.00,14,1,15,0.9333333333333333,0.06666666666666667,Yes,0.9333333333333333
75079,75079,99.00,15,0,15,1.0,0.0,Yes,1.0
75080,75080,99.00,23,1,24,0.9583333333333334,0.041666666666666664,Yes,0.9583333333333334
75081,75081,99.00,7,1,8,0.875,0.125,Yes,0.875
75082,75082,99.00,303,33,336,0.9017857142857143,0.09821428571428571,Yes,0.9017857142857143
75083,75083,99.00,237,27,264,0.8977272727272727,0.10227272727272728,Yes,0.8977272727272727
75084,75084,99.00,4,2,6,0.6666666666666666,0.3333333333333333,Yes,0.6666666666666666
75085,75085,99.00,14,3,17,0.8235294117647058,0.17647058823529413,Yes,0.8235294117647058
75086,75086,99.00,1,4,5,0.2,0.8,No,0.8
75087,75087,99.00,169,59,228,0.7412280701754386,0.25877192982456143,Yes,0.7412280701754386
75088,75088,99.00,5,2,7,0.7142857142857143,0.2857142857142857,Yes,0.7142857142857143
75089,75089,99.00,9,2,11,0.8181818181818182,0.18181818181818182,Yes,0.8181818181818182
75090,75090,99.00,9,3,12,0.75,0.25,Yes,0.75
75091,75091,99.00,118,53,171,0.6900584795321637,0.30994152046783624,Yes,0.6900584795321637
75092,75092,99.00,101,41,142,0.7112676056338029,0.2887323943661972,Yes,0.7112676056338029
75093,75093,99.00,76,9,85,0.8941176470588236,0.10588235294117647,Yes,0.8941176470588236
75094,75094,99.00,7,3,10,0.7,0.3,Yes,0.7
75095,75095,99.00,4,0,4,1.0,0.0,Yes,1.0
75096,75096,99.00,17,5,22,0.7727272727272727,0.22727272727272727,Yes,0.7727272727272727
75097,75097,99.00,206,63,269,0.7657992565055762,0.2342007434944238,Yes,0.7657992565055762
75098,75098,99.00,23,7,30,0.7666666666666667,0.23333333333333334,Yes,0.7666666666666667
75099,75099,99.00,211,45,256,0.82421875,0.17578125,Yes,0.82421875
75100,75100,99.00,21,4,25,0.84,0.16,Yes,0.84
75101,75101,99.00,0,0,0,0,0,n/a,0
75102,75102,99.00,0,0,0,0,0,n/a,0
75103,75103,99.00,0,0,0,0,0,n/a,0
75104,75104,99.00,0,0,0,0,0,n/a,0
75105,75105,99.00,0,0,0,0,0,n/a,0
75106,75106,99.00,0,0,0,0,0,n/a,0
75107,75107,99.00,18,5,23,0.782608695652174,0.21739130434782608,Yes,0.782608695652174
75108,75108,99.00,161,21,182,0.8846153846153846,0.11538461538461539,Yes,0.8846153846153846
75109,75109,99.00,7,4,11,0.6363636363636364,0.36363636363636365,Yes,0.6363636363636364
75110,75110,99.00,18,1,19,0.9473684210526315,0.05263157894736842,Yes,0.9473684210526315
75111,75111,99.00,225,38,263,0.8555133079847909,0.1444866920152091,Yes,0.8555133079847909
75112,75112,99.00,291,56,347,0.8386167146974063,0.16138328530259366,Yes,0.8386167146974063
75113,75113,99.00,3,0,3,1.0,0.0,Yes,1.0
75114,75114,99.00,8,1,9,0.8888888888888888,0.1111111111111111,Yes,0.8888888888888888
75115,75115,99.00,237,39,276,0.8586956521739131,0.14130434782608695,Yes,0.8586956521739131
76001,76001,99.00,226,65,291,0.7766323024054983,0.22336769759450173,Yes,0.7766323024054983
76002,76002,99.00,130,56,186,0.6989247311827957,0.3010752688172043,Yes,0.6989247311827957
76003,76003,99.00,8,5,13,0.6153846153846154,0.38461538461538464,Yes,0.6153846153846154
76004,76004,99.00,15,2,17,0.8823529411764706,0.11764705882352941,Yes,0.8823529411764706
76005,76005,99.00,9,3,12,0.75,0.25,Yes,0.75
76006,76006,99.00,161,84,245,0.6571428571428571,0.34285714285714286,Yes,0.6571428571428571
76007,76007,99.00,159,70,229,0.6943231441048034,0.3056768558951965,Yes,0.6943231441048034
76008,76008,99.00,9,6,15,0.6,0.4,Yes,0.6
76009,76009,99.00,112,55,167,0.6706586826347305,0.32934131736526945,Yes,0.6706586826347305
76010,76010,99.00,197,62,259,0.7606177606177607,0.23938223938223938,Yes,0.7606177606177607
76011,76011,99.00,16,2,18,0.8888888888888888,0.1111111111111111,Yes,0.8888888888888888
76012,76012,99.00,147,61,208,0.7067307692307693,0.2932692307692308,Yes,0.7067307692307693
76013,76013,99.00,23,4,27,0.8518518518518519,0.14814814814814814,Yes,0.8518518518518519
76014,76014,99.00,145,64,209,0.69377990430622,0.3062200956937799,Yes,0.69377990430622
76015,76015,99.00,22,6,28,0.7857142857142857,0.21428571428571427,Yes,0.7857142857142857
76016,76016,99.00,292,106,398,0.7336683417085427,0.2663316582914573,Yes,0.7336683417085427
76017,76017,99.00,10,4,14,0.7142857142857143,0.2857142857142857,Yes,0.7142857142857143
76018,76018,99.00,15,4,19,0.7894736842105263,0.21052631578947367,Yes,0.7894736842105263
76019,76019,0.00,13,8,21,0.6190476190476191,0.38095238095238093,Yes,0.6190476190476191
76020,76020,99.00,197,74,271,0.7269372693726938,0.2730627306273063,Yes,0.7269372693726938
76021,76021,99.00,227,98,325,0.6984615384615385,0.30153846153846153,Yes,0.6984615384615385
76022,76022,0.00,7,3,10,0.7,0.3,Yes,0.7
76023,76023,0.00,10,3,13,0.7692307692307693,0.23076923076923078,Yes,0.7692307692307693
76024,76024,0.00,29,6,35,0.8285714285714286,0.17142857142857143,Yes,0.8285714285714286
76025,76025,0.00,38,15,53,0.7169811320754716,0.2830188679245283,Yes,0.7169811320754716
76026,76026,0.00,24,12,36,0.6666666666666666,0.3333333333333333,Yes,0.6666666666666666
76027,76027,0.00,22,6,28,0.7857142857142857,0.21428571428571427,Yes,0.7857142857142857
76028,76028,0.00,36,11,47,0.7659574468085106,0.23404255319148937,Yes,0.7659574468085106
76029,76029,99.00,83,29,112,0.7410714285714286,0.25892857142857145,Yes,0.7410714285714286
76030,76030,46.67,29,13,42,0.6904761904761905,0.30952380952380953,Yes,0.6904761904761905
76031,76031,0.00,17,9,26,0.6538461538461539,0.34615384615384615,Yes,0.6538461538461539
76032,76032,0.00,16,4,20,0.8,0.2,Yes,0.8
76033,76033,99.00,192,64,256,0.75,0.25,Yes,0.75
76034,76034,0.00,56,27,83,0.6746987951807228,0.3253012048192771,Yes,0.6746987951807228
76035,76035,0.00,13,4,17,0.7647058823529411,0.23529411764705882,Yes,0.7647058823529411
76036,76036,99.00,10,4,14,0.7142857142857143,0.2857142857142857,Yes,0.7142857142857143
76037,76037,46.67,216,89,305,0.7081967213114754,0.29180327868852457,Yes,0.7081967213114754
76038,76038,46.67,40,9,49,0.8163265306122449,0.1836734693877551,Yes,0.8163265306122449
76039,76039,46.67,207,75,282,0.7340425531914894,0.26595744680851063,Yes,0.7340425531914894
76040,76040,0.00,22,6,28,0.7857142857142857,0.21428571428571427,Yes,0.7857142857142857
76041,76041,0.00,21,1,22,0.9545454545454546,0.045454545454545456,Yes,0.9545454545454546
76042,76042,0.00,29,10,39,0.7435897435897436,0.2564102564102564,Yes,0.7435897435897436
76043,76043,0.00,19,3,22,0.8636363636363636,0.13636363636363635,Yes,0.8636363636363636
76044,76044,0.00,16,3,19,0.8421052631578947,0.15789473684210525,Yes,0.8421052631578947
76045,76045,0.00,17,5,22,0.7727272727272727,0.22727272727272727,Yes,0.7727272727272727
76046,76046,46.67,47,17,64,0.734375,0.265625,Yes,0.734375
76047,76047,46.67,149,48,197,0.7563451776649747,0.2436548223350254,Yes,0.7563451776649747
76048,76048,90.00,211,80,291,0.7250859106529209,0.27491408934707906,Yes,0.7250859106529209
76049,76049,0.00,33,8,41,0.8048780487804879,0.1951219512195122,Yes,0.8048780487804879
76050,76050,0.00,12,8,20,0.6,0.4,Yes,0.6
76051,76051,0.00,36,12,48,0.75,0.25,Yes,0.75
76052,76052,90.00,238,59,297,0.8013468013468014,0.19865319865319866,Yes,0.8013468013468014
76053,76053,90.00,16,6,22,0.7272727272727273,0.2727272727272727,Yes,0.7272727272727273
76054,76054,90.00,129,50,179,0.7206703910614525,0.27932960893854747,Yes,0.7206703910614525
76055,76055,99.00,185,58,243,0.7613168724279835,0.23868312757201646,Yes,0.7613168724279835
76056,76056,90.00,15,3,18,0.8333333333333334,0.16666666666666666,Yes,0.8333333333333334
76057,76057,90.00,249,85,334,0.7455089820359282,0.25449101796407186,Yes,0.7455089820359282
76058,76058,0.00,20,9,29,0.6896551724137931,0.3103448275862069,Yes,0.6896551724137931
76059,76059,90.00,25,10,35,0.7142857142857143,0.2857142857142857,Yes,0.7142857142857143
76060,76060,90.00,222,69,291,0.7628865979381443,0.23711340206185566,Yes,0.7628865979381443
76061,76061,90.00,13,5,18,0.7222222222222222,0.2777777777777778,Yes,0.7222222222222222
76062,76062,90.00,183,75,258,0.7093023255813954,0.29069767441860467,Yes,0.7093023255813954
76063,76063,90.00,14,6,20,0.7,0.3,Yes,0.7
76064,76064,0.00,16,1,17,0.9411764705882353,0.058823529411764705,Yes,0.9411764705882353
76065,76065,99.00,171,71,242,0.7066115702479339,0.29338842975206614,Yes,0.7066115702479339
76066,76066,0.00,17,4,21,0.8095238095238095,0.19047619047619047,Yes,0.8095238095238095
76067,76067,99.00,258,92,350,0.7371428571428571,0.26285714285714284,Yes,0.7371428571428571
76068,76068,0.00,23,9,32,0.71875,0.28125,Yes,0.71875
76069,76069,99.00,28,11,39,0.717948717948718,0.28205128205128205,Yes,0.717948717948718
76070,76070,0.00,19,4,23,0.8260869565217391,0.17391304347826086,Yes,0.8260869565217391
76071,76071,0.00,24,6,30,0.8,0.2,Yes,0.8
76072,76072,0.00,38,7,45,0.8444444444444444,0.15555555555555556,Yes,0.8444444444444444
76073,76073,0.00,8,1,9,0.8888888888888888,0.1111111111111111,Yes,0.8888888888888888
76074,76074,0.00,13,2,15,0.8666666666666667,0.13333333333333333,Yes,0.8666666666666667
76075,76075,0.00,17,5,22,0.7727272727272727,0.22727272727272727,Yes,0.7727272727272727
76076,76076,99.00,175,32,207,0.8454106280193237,0.15458937198067632,Yes,0.8454106280193237
76077,76077,0.00,24,4,28,0.8571428571428571,0.14285714285714285,Yes,0.8571428571428571
76078,76078,99.00,9,0,9,1.0,0.0,Yes,1.0
76079,76079,99.00,242,76,318,0.7610062893081762,0.2389937106918239,Yes,0.7610062893081762
76080,76080,99.00,243,61,304,0.7993421052631579,0.20065789473684212,Yes,0.7993421052631579
76081,76081,99.00,4,1,5,0.8,0.2,Yes,0.8
76082,76082,99.00,99,26,125,0.792,0.208,Yes,0.792
76083,76083,99.00,324,65,389,0.8329048843187661,0.16709511568123395,Yes,0.8329048843187661
76084,76084,99.00,8,1,9,0.8888888888888888,0.1111111111111111,Yes,0.8888888888888888
76085,76085,99.00,206,42,248,0.8306451612903226,0.1693548387096774,Yes,0.8306451612903226
76086,76086,99.00,7,1,8,0.875,0.125,Yes,0.875
76087,76087,99.00,50,5,55,0.9090909090909091,0.09090909090909091,Yes,0.9090909090909091
76088,76088,46.67,51,21,72,0.7083333333333334,0.2916666666666667,Yes,0.7083333333333334
76089,76089,90.00,182,56,238,0.7647058823529411,0.23529411764705882,Yes,0.7647058823529411
76090,76090,0.00,0,0,0,0,0,n/a,0
76091,76091,99.00,0,0,0,0,0,n/a,0
76092,76092,99.00,0,0,0,0,0,n/a,0
76093,76093,99.00,0,0,0,0,0,n/a,0
76094,76094,0.00,0,0,0,0,0,n/a,0
76095,76095,99.00,0,0,0,0,0,n/a,0
76096,76096,99.00,0,0,0,0,0,n/a,0
76097,76097,0.00,0,0,0,0,0,n/a,0
76098,76098,99.00,0,0,0,0,0,n/a,0
76099,76099,90.00,23,5,28,0.8214285714285714,0.17857142857142858,Yes,0.8214285714285714
76100,76100,0.00,26,5,31,0.8387096774193549,0.16129032258064516,Yes,0.8387096774193549
76101,76101,99.00,21,12,33,0.6363636363636364,0.36363636363636365,Yes,0.6363636363636364
76102,76102,99.00,13,6,19,0.6842105263157895,0.3157894736842105,Yes,0.6842105263157895
76103,76103,0.00,7,2,9,0.7777777777777778,0.2222222222222222,Yes,0.7777777777777778
77001,77001,99.00,2,0,2,1.0,0.0,Yes,1.0
77002,77002,99.00,79,12,91,0.8681318681318682,0.13186813186813187,Yes,0.8681318681318682
77003,77003,99.00,141,17,158,0.8924050632911392,0.10759493670886076,Yes,0.8924050632911392
77004,77004,99.00,1,1,2,0.5,0.5,Tie,0.5
77005,77005,99.00,124,26,150,0.8266666666666667,0.17333333333333334,Yes,0.8266666666666667
77006,77006,99.00,73,8,81,0.9012345679012346,0.09876543209876543,Yes,0.9012345679012346
77007,77007,99.00,88,10,98,0.8979591836734694,0.10204081632653061,Yes,0.8979591836734694
77008,77008,99.00,60,5,65,0.9230769230769231,0.07692307692307693,Yes,0.9230769230769231
77009,77009,99.00,68,14,82,0.8292682926829268,0.17073170731707318,Yes,0.8292682926829268
77010,77010,99.00,181,28,209,0.8660287081339713,0.1339712918660287,Yes,0.8660287081339713
77011,77011,99.00,47,12,59,0.7966101694915254,0.2033898305084746,Yes,0.7966101694915254
77012,77012,99.00,122,12,134,0.9104477611940298,0.08955223880597014,Yes,0.9104477611940298
77013,77013,99.00,0,0,0,0,0,n/a,0
77014,77014,99.00,126,16,142,0.8873239436619719,0.11267605633802817,Yes,0.8873239436619719
77015,77015,99.00,0,0,0,0,0,n/a,0
77016,77016,99.00,93,16,109,0.8532110091743119,0.14678899082568808,Yes,0.8532110091743119
77017,77017,99.00,104,7,111,0.9369369369369369,0.06306306306306306,Yes,0.9369369369369369
77018,77018,0.00,3,0,3,1.0,0.0,Yes,1.0
77019,77019,99.00,79,12,91,0.8681318681318682,0.13186813186813187,Yes,0.8681318681318682
77020,77020,99.00,1,0,1,1.0,0.0,Yes,1.0
77021,77021,99.00,93,12,105,0.8857142857142857,0.11428571428571428,Yes,0.8857142857142857
77022,77022,99.00,100,14,114,0.8771929824561403,0.12280701754385964,Yes,0.8771929824561403
77023,77023,99.00,79,11,90,0.8777777777777778,0.12222222222222222,Yes,0.8777777777777778
77024,77024,99.00,0,1,1,0.0,1.0,No,1.0
77025,77025,99.00,138,9,147,0.9387755102040817,0.061224489795918366,Yes,0.9387755102040817
77026,77026,99.00,0,0,0,0,0,n/a,0
77027,77027,99.00,80,10,90,0.8888888888888888,0.1111111111111111,Yes,0.8888888888888888
77028,77028,99.00,121,10,131,0.9236641221374046,0.07633587786259542,Yes,0.9236641221374046
77029,77029,99.00,4,0,4,1.0,0.0,Yes,1.0
77030,77030,99.00,0,0,0,0,0,n/a,0
77031,77031,99.00,66,9,75,0.88,0.12,Yes,0.88
77032,77032,0.00,1,0,1,1.0,0.0,Yes,1.0
77033,77033,0.00,0,0,0,0,0,n/a,0
77034,77034,0.00,0,0,0,0,0,n/a,0
77035,77035,0.00,1,0,1,1.0,0.0,Yes,1.0
77036,77036,0.00,2,0,2,1.0,0.0,Yes,1.0
77037,77037,99.00,105,12,117,0.8974358974358975,0.10256410256410256,Yes,0.8974358974358975
77038,77038,99.00,1,0,1,1.0,0.0,Yes,1.0
77039,77039,99.00,126,12,138,0.9130434782608695,0.08695652173913043,Yes,0.9130434782608695
77040,77040,99.00,2,0,2,1.0,0.0,Yes,1.0
77041,77041,99.00,2,0,2,1.0,0.0,Yes,1.0
77042,77042,99.00,117,16,133,0.8796992481203008,0.12030075187969924,Yes,0.8796992481203008
77043,77043,99.00,84,4,88,0.9545454545454546,0.045454545454545456,Yes,0.9545454545454546
77044,77044,99.00,113,15,128,0.8828125,0.1171875,Yes,0.8828125
77045,77045,99.00,94,17,111,0.8468468468468469,0.15315315315315314,Yes,0.8468468468468469
77046,77046,99.00,0,0,0,0,0,n/a,0
77047,77047,99.00,155,21,176,0.8806818181818182,0.11931818181818182,Yes,0.8806818181818182
77048,77048,99.00,144,15,159,0.9056603773584906,0.09433962264150944,Yes,0.9056603773584906
77049,77049,55.56,158,22,180,0.8777777777777778,0.12222222222222222,Yes,0.8777777777777778
77050,77050,99.00,166,15,181,0.9171270718232044,0.08287292817679558,Yes,0.9171270718232044
77051,77051,99.00,4,0,4,1.0,0.0,Yes,1.0
77052,77052,99.00,10,2,12,0.8333333333333334,0.16666666666666666,Yes,0.8333333333333334
77053,77053,99.00,142,7,149,0.9530201342281879,0.04697986577181208,Yes,0.9530201342281879
77054,77054,99.00,47,7,54,0.8703703703703703,0.12962962962962962,Yes,0.8703703703703703
77055,77055,99.00,112,18,130,0.8615384615384616,0.13846153846153847,Yes,0.8615384615384616
77056,77056,99.00,3,1,4,0.75,0.25,Yes,0.75
77057,77057,99.00,5,0,5,1.0,0.0,Yes,1.0
77058,77058,99.00,248,22,270,0.9185185185185185,0.08148148148148149,Yes,0.9185185185185185
77059,77059,55.56,9,1,10,0.9,0.1,Yes,0.9
77060,77060,55.56,12,4,16,0.75,0.25,Yes,0.75
77061,77061,55.56,146,13,159,0.9182389937106918,0.08176100628930817,Yes,0.9182389937106918
77062,77062,99.00,83,6,89,0.9325842696629213,0.06741573033707865,Yes,0.9325842696629213
77063,77063,99.00,1,2,3,0.3333333333333333,0.6666666666666666,No,0.6666666666666666
77064,77064,99.00,1,1,2,0.5,0.5,Tie,0.5
77065,77065,99.00,61,7,68,0.8970588235294118,0.10294117647058823,Yes,0.8970588235294118
77066,77066,99.00,136,21,157,0.8662420382165605,0.1337579617834395,Yes,0.8662420382165605
77067,77067,99.00,0,0,0,0,0,n/a,0
77068,77068,99.00,67,8,75,0.8933333333333333,0.10666666666666667,Yes,0.8933333333333333
77069,77069,55.56,0,0,0,0,0,n/a,0
77070,77070,99.00,0,0,0,0,0,n/a,0
77071,77071,99.00,135,18,153,0.8823529411764706,0.11764705882352941,Yes,0.8823529411764706
77072,77072,55.56,14,1,15,0.9333333333333333,0.06666666666666667,Yes,0.9333333333333333
77073,77073,55.56,0,0,0,0,0,n/a,0
77074,77074,99.00,0,1,1,0.0,1.0,No,1.0
77075,77075,99.00,1,1,2,0.5,0.5,Tie,0.5
77076,77076,99.00,88,13,101,0.8712871287128713,0.12871287128712872,Yes,0.8712871287128713
77077,77077,99.00,0,0,0,0,0,n/a,0
77078,77078,99.00,66,6,72,0.9166666666666666,0.08333333333333333,Yes,0.9166666666666666
77079,77079,99.00,0,0,0,0,0,n/a,0
77080,77080,99.00,1,0,1,1.0,0.0,Yes,1.0
77081,77081,99.00,1,0,1,1.0,0.0,Yes,1.0
77082,77082,99.00,6,1,7,0.8571428571428571,0.14285714285714285,Yes,0.8571428571428571
78001,78001,99.00,2,2,4,0.5,0.5,Tie,0.5
78002,78002,99.00,125,12,137,0.9124087591240876,0.08759124087591241,Yes,0.9124087591240876
78003,78003,99.00,116,22,138,0.8405797101449275,0.15942028985507245,Yes,0.8405797101449275
78004,78004,99.00,0,1,1,0.0,1.0,No,1.0
78005,78005,99.00,125,29,154,0.8116883116883117,0.18831168831168832,Yes,0.8116883116883117
78006,78006,99.00,137,35,172,0.7965116279069767,0.20348837209302326,Yes,0.7965116279069767
78007,78007,20.00,65,15,80,0.8125,0.1875,Yes,0.8125
78008,78008,99.00,123,18,141,0.8723404255319149,0.1276595744680851,Yes,0.8723404255319149
78009,78009,20.00,9,1,10,0.9,0.1,Yes,0.9
78010,78010,0.00,0,0,0,0,0,n/a,0
78011,78011,0.00,0,0,0,0,0,n/a,0
78012,78012,99.00,96,13,109,0.8807339449541285,0.11926605504587157,Yes,0.8807339449541285
78013,78013,99.00,98,11,109,0.8990825688073395,0.10091743119266056,Yes,0.8990825688073395
78014,78014,99.00,71,11,82,0.8658536585365854,0.13414634146341464,Yes,0.8658536585365854
78015,78015,99.00,56,9,65,0.8615384615384616,0.13846153846153847,Yes,0.8615384615384616
78016,78016,83.33,113,18,131,0.8625954198473282,0.13740458015267176,Yes,0.8625954198473282
78017,78017,99.00,0,0,0,0,0,n/a,0
78018,78018,99.00,85,17,102,0.8333333333333334,0.16666666666666666,Yes,0.8333333333333334
78019,78019,99.00,58,12,70,0.8285714285714286,0.17142857142857143,Yes,0.8285714285714286
78020,78020,99.00,66,9,75,0.88,0.12,Yes,0.88
78021,78021,99.00,6,0,6,1.0,0.0,Yes,1.0
78022,78022,99.00,4,0,4,1.0,0.0,Yes,1.0
78023,78023,99.00,62,8,70,0.8857142857142857,0.11428571428571428,Yes,0.8857142857142857
78024,78024,99.00,67,9,76,0.881578947368421,0.11842105263157894,Yes,0.881578947368421
78025,78025,99.00,1,2,3,0.3333333333333333,0.6666666666666666,No,0.6666666666666666
78026,78026,99.00,1,1,2,0.5,0.5,Tie,0.5
78027,78027,99.00,139,21,160,0.86875,0.13125,Yes,0.86875
78028,78028,83.33,0,0,0,0,0,n/a,0
78029,78029,99.00,86,23,109,0.7889908256880734,0.21100917431192662,Yes,0.7889908256880734
78030,78030,99.00,3,0,3,1.0,0.0,Yes,1.0
78031,78031,83.33,115,31,146,0.7876712328767124,0.21232876712328766,Yes,0.7876712328767124
78032,78032,83.33,3,0,3,1.0,0.0,Yes,1.0
78033,78033,99.00,163,51,214,0.7616822429906542,0.2383177570093458,Yes,0.7616822429906542
78034,78034,99.00,109,23,132,0.8257575757575758,0.17424242424242425,Yes,0.8257575757575758
78035,78035,83.33,2,0,2,1.0,0.0,Yes,1.0
78036,78036,83.33,48,6,54,0.8888888888888888,0.1111111111111111,Yes,0.8888888888888888
78037,78037,20.00,78,17,95,0.8210526315789474,0.17894736842105263,Yes,0.8210526315789474
78038,78038,83.33,69,23,92,0.75,0.25,Yes,0.75
78039,78039,20.00,5,2,7,0.7142857142857143,0.2857142857142857,Yes,0.7142857142857143
78040,78040,99.00,175,26,201,0.8706467661691543,0.12935323383084577,Yes,0.8706467661691543
78041,78041,99.00,108,42,150,0.72,0.28,Yes,0.72
78042,78042,99.00,0,0,0,0,0,n/a,0
78043,78043,99.00,92,13,105,0.8761904761904762,0.12380952380952381,Yes,0.8761904761904762
78044,78044,99.00,101,20,121,0.8347107438016529,0.1652892561983471,Yes,0.8347107438016529
78045,78045,99.00,3,0,3,1.0,0.0,Yes,1.0
78046,78046,99.00,5,1,6,0.8333333333333334,0.16666666666666666,Yes,0.8333333333333334
78047,78047,99.00,97,8,105,0.9238095238095239,0.0761904761904762,Yes,0.9238095238095239
78048,78048,99.00,308,43,351,0.8774928774928775,0.1225071225071225,Yes,0.8774928774928775
78049,78049,99.00,10,0,10,1.0,0.0,Yes,1.0
78050,78050,99.00,101,15,116,0.8706896551724138,0.12931034482758622,Yes,0.8706896551724138
78051,78051,99.00,0,0,0,0,0,n/a,0
78052,78052,99.00,100,18,118,0.847457627118644,0.15254237288135594,Yes,0.847457627118644
78053,78053,99.00,63,11,74,0.8513513513513513,0.14864864864864866,Yes,0.8513513513513513
78054,78054,99.00,1,0,1,1.0,0.0,Yes,1.0
78055,78055,20.00,0,0,0,0,0,n/a,0
78056,78056,20.00,0,0,0,0,0,n/a,0
78057,78057,99.00,0,0,0,0,0,n/a,0
78058,78058,20.00,0,0,0,0,0,n/a,0
78059,78059,99.00,115,16,131,0.8778625954198473,0.12213740458015267,Yes,0.8778625954198473
78060,78060,99.00,123,18,141,0.8723404255319149,0.1276595744680851,Yes,0.8723404255319149
78061,78061,83.33,132,30,162,0.8148148148148148,0.18518518518518517,Yes,0.8148148148148148
78062,78062,20.00,4,1,5,0.8,0.2,Yes,0.8
78063,78063,99.00,0,0,0,0,0,n/a,0
78064,78064,0.00,0,0,0,0,0,n/a,0
78065,78065,99.00,81,15,96,0.84375,0.15625,Yes,0.84375
78066,78066,99.00,3,3,6,0.5,0.5,Tie,0.5
78067,78067,83.33,2,1,3,0.6666666666666666,0.3333333333333333,Yes,0.6666666666666666
78068,78068,99.00,2,0,2,1.0,0.0,Yes,1.0
78069,78069,99.00,3,0,3,1.0,0.0,Yes,1.0
78070,78070,99.00,1,0,1,1.0,0.0,Yes,1.0
78071,78071,99.00,3,1,4,0.75,0.25,Yes,0.75
78072,78072,99.00,4,0,4,1.0,0.0,Yes,1.0
78073,78073,99.00,3,0,3,1.0,0.0,Yes,1.0
79001,79001,99.00,72,24,96,0.75,0.25,Yes,0.75
79002,79002,99.00,4,0,4,1.0,0.0,Yes,1.0
79003,79003,99.00,74,6,80,0.925,0.075,Yes,0.925
79004,79004,99.00,120,17,137,0.8759124087591241,0.12408759124087591,Yes,0.8759124087591241
79005,79005,99.00,2,0,2,1.0,0.0,Yes,1.0
79006,79006,99.00,46,5,51,0.9019607843137255,0.09803921568627451,Yes,0.9019607843137255
79007,79007,99.00,75,18,93,0.8064516129032258,0.1935483870967742,Yes,0.8064516129032258
79008,79008,99.00,98,13,111,0.8828828828828829,0.11711711711711711,Yes,0.8828828828828829
79009,79009,99.00,1,0,1,1.0,0.0,Yes,1.0
79010,79010,99.00,63,16,79,0.7974683544303798,0.20253164556962025,Yes,0.7974683544303798
79011,79011,99.00,2,0,2,1.0,0.0,Yes,1.0
79012,79012,99.00,0,0,0,0,0,n/a,0
79013,79013,99.00,104,22,126,0.8253968253968254,0.1746031746031746,Yes,0.8253968253968254
79014,79014,66.67,2,0,2,1.0,0.0,Yes,1.0
79015,79015,66.67,84,14,98,0.8571428571428571,0.14285714285714285,Yes,0.8571428571428571
79016,79016,66.67,108,19,127,0.8503937007874016,0.14960629921259844,Yes,0.8503937007874016
79017,79017,99.00,120,23,143,0.8391608391608392,0.16083916083916083,Yes,0.8391608391608392
79018,79018,66.67,1,0,1,1.0,0.0,Yes,1.0
79019,79019,99.00,5,0,5,1.0,0.0,Yes,1.0
79020,79020,99.00,95,18,113,0.8407079646017699,0.1592920353982301,Yes,0.8407079646017699
79021,79021,99.00,0,0,0,0,0,n/a,0
79022,79022,99.00,132,27,159,0.8301886792452831,0.16981132075471697,Yes,0.8301886792452831
79023,79023,99.00,135,12,147,0.9183673469387755,0.08163265306122448,Yes,0.9183673469387755
79024,79024,99.00,2,0,2,1.0,0.0,Yes,1.0
79025,79025,37.50,49,5,54,0.9074074074074074,0.09259259259259259,Yes,0.9074074074074074
79026,79026,37.50,46,7,53,0.8679245283018868,0.1320754716981132,Yes,0.8679245283018868
79027,79027,37.50,55,11,66,0.8333333333333334,0.16666666666666666,Yes,0.8333333333333334
79028,79028,37.50,54,1,55,0.9818181818181818,0.01818181818181818,Yes,0.9818181818181818
79029,79029,99.00,29,2,31,0.9354838709677419,0.06451612903225806,Yes,0.9354838709677419
79030,79030,99.00,153,24,177,0.864406779661017,0.13559322033898305,Yes,0.864406779661017
79031,79031,99.00,2,0,2,1.0,0.0,Yes,1.0
79032,79032,99.00,2,0,2,1.0,0.0,Yes,1.0
79033,79033,99.00,85,14,99,0.8585858585858586,0.1414141414141414,Yes,0.8585858585858586
79034,79034,99.00,2,0,2,1.0,0.0,Yes,1.0
79035,79035,99.00,120,32,152,0.7894736842105263,0.21052631578947367,Yes,0.7894736842105263
79036,79036,99.00,119,21,140,0.85,0.15,Yes,0.85
79037,79037,99.00,0,0,0,0,0,n/a,0
79038,79038,0.00,0,0,0,0,0,n/a,0
79039,79039,0.00,0,0,0,0,0,n/a,0
79040,79040,99.00,176,29,205,0.8585365853658536,0.14146341463414633,Yes,0.8585365853658536
79041,79041,0.00,1,0,1,1.0,0.0,Yes,1.0
79042,79042,99.00,115,17,132,0.8712121212121212,0.12878787878787878,Yes,0.8712121212121212
79043,79043,99.00,69,9,78,0.8846153846153846,0.11538461538461539,Yes,0.8846153846153846
79044,79044,99.00,66,15,81,0.8148148148148148,0.18518518518518517,Yes,0.8148148148148148
79045,79045,99.00,2,0,2,1.0,0.0,Yes,1.0
79046,79046,99.00,96,20,116,0.8275862068965517,0.1724137931034483,Yes,0.8275862068965517
79047,79047,99.00,1,0,1,1.0,0.0,Yes,1.0
79048,79048,99.00,57,7,64,0.890625,0.109375,Yes,0.890625
79049,79049,99.00,91,24,115,0.7913043478260869,0.20869565217391303,Yes,0.7913043478260869
79050,79050,99.00,120,21,141,0.851063829787234,0.14893617021276595,Yes,0.851063829787234
79051,79051,99.00,2,0,2,1.0,0.0,Yes,1.0
79052,79052,99.00,3,0,3,1.0,0.0,Yes,1.0
79053,79053,99.00,165,28,193,0.8549222797927462,0.14507772020725387,Yes,0.8549222797927462
79054,79054,99.00,68,8,76,0.8947368421052632,0.10526315789473684,Yes,0.8947368421052632
79055,79055,99.00,81,13,94,0.8617021276595744,0.13829787234042554,Yes,0.8617021276595744
79056,79056,99.00,115,24,139,0.8273381294964028,0.17266187050359713,Yes,0.8273381294964028
79057,79057,99.00,162,23,185,0.8756756756756757,0.12432432432432433,Yes,0.8756756756756757
79058,79058,99.00,57,3,60,0.95,0.05,Yes,0.95
79059,79059,99.00,4,0,4,1.0,0.0,Yes,1.0
79060,79060,99.00,3,0,3,1.0,0.0,Yes,1.0
79061,79061,99.00,112,11,123,0.9105691056910569,0.08943089430894309,Yes,0.9105691056910569
79062,79062,99.00,71,10,81,0.8765432098765432,0.12345679012345678,Yes,0.8765432098765432
79063,79063,99.00,56,10,66,0.8484848484848485,0.15151515151515152,Yes,0.8484848484848485
79064,79064,99.00,46,9,55,0.8363636363636363,0.16363636363636364,Yes,0.8363636363636363
79065,79065,99.00,0,0,0,0,0,n/a,0
79066,79066,99.00,86,11,97,0.8865979381443299,0.1134020618556701,Yes,0.8865979381443299
79067,79067,99.00,98,7,105,0.9333333333333333,0.06666666666666667,Yes,0.9333333333333333
79068,79068,99.00,194,30,224,0.8660714285714286,0.13392857142857142,Yes,0.8660714285714286
79069,79069,99.00,439,59,498,0.8815261044176707,0.11847389558232932,Yes,0.8815261044176707
79070,79070,99.00,78,11,89,0.8764044943820225,0.12359550561797752,Yes,0.8764044943820225
79071,79071,99.00,1,2,3,0.3333333333333333,0.6666666666666666,No,0.6666666666666666
79072,79072,99.00,136,26,162,0.8395061728395061,0.16049382716049382,Yes,0.8395061728395061
79073,79073,99.00,4,1,5,0.8,0.2,Yes,0.8
79074,79074,99.00,0,0,0,0,0,n/a,0
79075,79075,99.00,84,15,99,0.8484848484848485,0.15151515151515152,Yes,0.8484848484848485
79076,79076,99.00,8,0,8,1.0,0.0,Yes,1.0
79077,79077,99.00,1,0,1,1.0,0.0,Yes,1.0
79078,79078,99.00,0,1,1,0.0,1.0,No,1.0
79079,79079,99.00,1,0,1,1.0,0.0,Yes,1.0
79080,79080,99.00,0,0,0,0,0,n/a,0
79081,79081,99.00,0,0,0,0,0,n/a,0
79082,79082,99.00,0,0,0,0,0,n/a,0
79083,79083,99.00,0,1,1,0.0,1.0,No,1.0
79084,79084,99.00,128,30,158,0.810126582278481,0.189873417721519,Yes,0.810126582278481
79085,79085,99.00,1,0,1,1.0,0.0,Yes,1.0
79086,79086,99.00,93,29,122,0.7622950819672131,0.23770491803278687,Yes,0.7622950819672131
79087,79087,99.00,0,0,0,0,0,n/a,0
79088,79088,99.00,0,0,0,0,0,n/a,0
79089,79089,99.00,4,0,4,1.0,0.0,Yes,1.0
79090,79090,99.00,20,0,20,1.0,0.0,Yes,1.0
80001,80001,99.00,130,124,254,0.5118110236220472,0.4881889763779528,Yes,0.5118110236220472
80002,80002,99.00,5,0,5,1.0,0.0,Yes,1.0
80003,80003,99.00,5,3,8,0.625,0.375,Yes,0.625
80004,80004,99.00,58,53,111,0.5225225225225225,0.4774774774774775,Yes,0.5225225225225225
80005,80005,99.00,2,0,2,1.0,0.0,Yes,1.0
80006,80006,99.00,126,76,202,0.6237623762376238,0.37623762376237624,Yes,0.6237623762376238
80007,80007,99.00,0,0,0,0,0,n/a,0
80008,80008,99.00,5,0,5,1.0,0.0,Yes,1.0
80009,80009,99.00,108,49,157,0.6878980891719745,0.31210191082802546,Yes,0.6878980891719745
80010,80010,99.00,1,0,1,1.0,0.0,Yes,1.0
80011,80011,99.00,79,62,141,0.5602836879432624,0.4397163120567376,Yes,0.5602836879432624
80012,80012,99.00,1,0,1,1.0,0.0,Yes,1.0
80013,80013,99.00,122,30,152,0.8026315789473685,0.19736842105263158,Yes,0.8026315789473685
80014,80014,99.00,130,19,149,0.87248322147651,0.12751677852348994,Yes,0.87248322147651
80015,80015,99.00,176,39,215,0.8186046511627907,0.1813953488372093,Yes,0.8186046511627907
80016,80016,99.00,10,0,10,1.0,0.0,Yes,1.0
80017,80017,99.00,135,40,175,0.7714285714285715,0.22857142857142856,Yes,0.7714285714285715
80018,80018,99.00,1,1,2,0.5,0.5,Tie,0.5
80019,80019,99.00,3,0,3,1.0,0.0,Yes,1.0
80020,80020,99.00,9,2,11,0.8181818181818182,0.18181818181818182,Yes,0.8181818181818182
80021,80021,99.00,153,32,185,0.827027027027027,0.17297297297297298,Yes,0.827027027027027
80022,80022,99.00,5,0,5,1.0,0.0,Yes,1.0
80023,80023,99.00,140,29,169,0.8284023668639053,0.17159763313609466,Yes,0.8284023668639053
80024,80024,99.00,1,2,3,0.3333333333333333,0.6666666666666666,No,0.6666666666666666
80025,80025,99.00,156,36,192,0.8125,0.1875,Yes,0.8125
80026,80026,99.00,158,64,222,0.7117117117117117,0.2882882882882883,Yes,0.7117117117117117
80027,80027,99.00,1,0,1,1.0,0.0,Yes,1.0
80028,80028,99.00,1,0,1,1.0,0.0,Yes,1.0
80029,80029,99.00,1,0,1,1.0,0.0,Yes,1.0
80030,80030,99.00,98,94,192,0.5104166666666666,0.4895833333333333,Yes,0.5104166666666666
80031,80031,75.00,104,77,181,0.574585635359116,0.425414364640884,Yes,0.574585635359116
80032,80032,75.00,1,3,4,0.25,0.75,No,0.75
80033,80033,75.00,60,38,98,0.6122448979591837,0.3877551020408163,Yes,0.6122448979591837
80034,80034,75.00,4,3,7,0.5714285714285714,0.42857142857142855,Yes,0.5714285714285714
80035,80035,99.00,8,2,10,0.8,0.2,Yes,0.8
80036,80036,99.00,102,49,151,0.6754966887417219,0.32450331125827814,Yes,0.6754966887417219
80037,80037,33.33,76,39,115,0.6608695652173913,0.3391304347826087,Yes,0.6608695652173913
80038,80038,99.00,148,64,212,0.6981132075471698,0.3018867924528302,Yes,0.6981132075471698
80039,80039,99.00,4,0,4,1.0,0.0,Yes,1.0
80040,80040,33.33,5,2,7,0.7142857142857143,0.2857142857142857,Yes,0.7142857142857143
80041,80041,99.00,101,16,117,0.8632478632478633,0.13675213675213677,Yes,0.8632478632478633
80042,80042,99.00,71,23,94,0.7553191489361702,0.24468085106382978,Yes,0.7553191489361702
80043,80043,33.33,92,23,115,0.8,0.2,Yes,0.8
80044,80044,33.33,3,0,3,1.0,0.0,Yes,1.0
80045,80045,99.00,77,22,99,0.7777777777777778,0.2222222222222222,Yes,0.7777777777777778
80046,80046,99.00,92,21,113,0.8141592920353983,0.18584070796460178,Yes,0.8141592920353983
80047,80047,99.00,2,1,3,0.6666666666666666,0.3333333333333333,Yes,0.6666666666666666
80048,80048,99.00,151,31,182,0.8296703296703297,0.17032967032967034,Yes,0.8296703296703297
80049,80049,99.00,0,0,0,0,0,n/a,0
80050,80050,99.00,2,0,2,1.0,0.0,Yes,1.0
80051,80051,99.00,2,0,2,1.0,0.0,Yes,1.0
80052,80052,99.00,111,25,136,0.8161764705882353,0.18382352941176472,Yes,0.8161764705882353
80053,80053,99.00,4,0,4,1.0,0.0,Yes,1.0
80054,80054,99.00,0,0,0,0,0,n/a,0
80055,80055,99.00,95,25,120,0.7916666666666666,0.20833333333333334,Yes,0.7916666666666666
80056,80056,99.00,65,11,76,0.8552631578947368,0.14473684210526316,Yes,0.8552631578947368
80057,80057,99.00,0,0,0,0,0,n/a,0
80058,80058,99.00,81,14,95,0.8526315789473684,0.14736842105263157,Yes,0.8526315789473684
80059,80059,99.00,2,0,2,1.0,0.0,Yes,1.0
80060,80060,99.00,75,17,92,0.8152173913043478,0.18478260869565216,Yes,0.8152173913043478
80061,80061,99.00,0,0,0,0,0,n/a,0
80062,80062,99.00,3,0,3,1.0,0.0,Yes,1.0
80063,80063,99.00,153,27,180,0.85,0.15,Yes,0.85
80064,80064,99.00,1,0,1,1.0,0.0,Yes,1.0
80065,80065,99.00,124,13,137,0.9051094890510949,0.0948905109489051,Yes,0.9051094890510949
80066,80066,75.00,0,2,2,0.0,1.0,No,1.0
80067,80067,75.00,139,48,187,0.7433155080213903,0.25668449197860965,Yes,0.7433155080213903
80068,80068,75.00,4,0,4,1.0,0.0,Yes,1.0
80069,80069,75.00,0,1,1,0.0,1.0,No,1.0
80070,80070,99.00,1,0,1,1.0,0.0,Yes,1.0
80071,80071,99.00,128,68,196,0.6530612244897959,0.3469387755102041,Yes,0.6530612244897959
80072,80072,99.00,0,0,0,0,0,n/a,0
80073,80073,99.00,0,0,0,0,0,n/a,0
80074,80074,99.00,108,13,121,0.8925619834710744,0.10743801652892562,Yes,0.8925619834710744
80075,80075,99.00,0,0,0,0,0,n/a,0
80076,80076,99.00,56,15,71,0.7887323943661971,0.2112676056338028,Yes,0.7887323943661971
80077,80077,99.00,2,1,3,0.6666666666666666,0.3333333333333333,Yes,0.6666666666666666
80078,80078,99.00,173,33,206,0.8398058252427184,0.16019417475728157,Yes,0.8398058252427184
80079,80079,99.00,3,0,3,1.0,0.0,Yes,1.0
80080,80080,99.00,86,21,107,0.8037383177570093,0.19626168224299065,Yes,0.8037383177570093
80081,80081,99.00,106,26,132,0.803030303030303,0.19696969696969696,Yes,0.803030303030303
80082,80082,83.33,0,2,2,0.0,1.0,No,1.0
80083,80083,99.00,173,39,212,0.8160377358490566,0.18396226415094338,Yes,0.8160377358490566
80084,80084,99.00,5,0,5,1.0,0.0,Yes,1.0
80085,80085,99.00,119,17,136,0.875,0.125,Yes,0.875
80086,80086,99.00,0,0,0,0,0,n/a,0
80087,80087,99.00,0,0,0,0,0,n/a,0
80088,80088,99.00,0,0,0,0,0,n/a,0
80089,80089,33.33,0,0,0,0,0,n/a,0
80090,80090,99.00,0,0,0,0,0,n/a,0
80091,80091,99.00,0,0,0,0,0,n/a,0
80092,80092,99.00,0,0,0,0,0,n/a,0
80093,80093,99.00,0,0,0,0,0,n/a,0
80094,80094,99.00,100,13,113,0.8849557522123894,0.11504424778761062,Yes,0.8849557522123894
80095,80095,99.00,64,21,85,0.7529411764705882,0.24705882352941178,Yes,0.7529411764705882
81001,81001,99.00,3,1,4,0.75,0.25,Yes,0.75
81002,81002,99.00,110,32,142,0.7746478873239436,0.22535211267605634,Yes,0.7746478873239436
81003,81003,99.00,82,26,108,0.7592592592592593,0.24074074074074073,Yes,0.7592592592592593
81004,81004,99.00,2,0,2,1.0,0.0,Yes,1.0
81005,81005,99.00,2,1,3,0.6666666666666666,0.3333333333333333,Yes,0.6666666666666666
81006,81006,99.00,97,31,128,0.7578125,0.2421875,Yes,0.7578125
81007,81007,99.00,61,19,80,0.7625,0.2375,Yes,0.7625
81008,81008,99.00,65,21,86,0.7558139534883721,0.2441860465116279,Yes,0.7558139534883721
81009,81009,99.00,1,0,1,1.0,0.0,Yes,1.0
81010,81010,99.00,2,0,2,1.0,0.0,Yes,1.0
81011,81011,83.33,1,0,1,1.0,0.0,Yes,1.0
81012,81012,99.00,175,40,215,0.813953488372093,0.18604651162790697,Yes,0.813953488372093
81013,81013,99.00,1,0,1,1.0,0.0,Yes,1.0
81014,81014,99.00,205,66,271,0.7564575645756457,0.24354243542435425,Yes,0.7564575645756457
81015,81015,99.00,22,0,22,1.0,0.0,Yes,1.0
81016,81016,99.00,0,0,0,0,0,n/a,0
81017,81017,83.33,134,12,146,0.9178082191780822,0.0821917808219178,Yes,0.9178082191780822
81018,81018,83.33,7,0,7,1.0,0.0,Yes,1.0
81019,81019,83.33,91,15,106,0.8584905660377359,0.14150943396226415,Yes,0.8584905660377359
81020,81020,99.00,78,15,93,0.8387096774193549,0.16129032258064516,Yes,0.8387096774193549
81021,81021,99.00,139,22,161,0.8633540372670807,0.13664596273291926,Yes,0.8633540372670807
81022,81022,99.00,8,4,12,0.6666666666666666,0.3333333333333333,Yes,0.6666666666666666
81023,81023,99.00,184,34,218,0.8440366972477065,0.1559633027522936,Yes,0.8440366972477065
81024,81024,99.00,2,0,2,1.0,0.0,Yes,1.0
81025,81025,99.00,155,182,337,0.4599406528189911,0.5400593471810089,No,0.5400593471810089
81026,81026,99.00,2,1,3,0.6666666666666666,0.3333333333333333,Yes,0.6666666666666666
81027,81027,99.00,1,0,1,1.0,0.0,Yes,1.0
81028,81028,99.00,61,55,116,0.5258620689655172,0.47413793103448276,Yes,0.5258620689655172
81029,81029,99.00,1,1,2,0.5,0.5,Tie,0.5
81030,81030,99.00,129,202,331,0.38972809667673713,0.6102719033232629,No,0.6102719033232629
81031,81031,99.00,2,4,6,0.3333333333333333,0.6666666666666666,No,0.6666666666666666
81032,81032,99.00,3,3,6,0.5,0.5,Tie,0.5
81033,81033,99.00,240,64,304,0.7894736842105263,0.21052631578947367,Yes,0.7894736842105263
81034,81034,99.00,6,1,7,0.8571428571428571,0.14285714285714285,Yes,0.8571428571428571
81035,81035,99.00,205,30,235,0.8723404255319149,0.1276595744680851,Yes,0.8723404255319149
81036,81036,99.00,7,5,12,0.5833333333333334,0.4166666666666667,Yes,0.5833333333333334
81037,81037,99.00,104,22,126,0.8253968253968254,0.1746031746031746,Yes,0.8253968253968254
81038,81038,99.00,88,9,97,0.9072164948453608,0.09278350515463918,Yes,0.9072164948453608
81039,81039,50.00,2,1,3,0.6666666666666666,0.3333333333333333,Yes,0.6666666666666666
81040,81040,50.00,148,32,180,0.8222222222222222,0.17777777777777778,Yes,0.8222222222222222
81041,81041,50.00,156,43,199,0.7839195979899497,0.21608040201005024,Yes,0.7839195979899497
81042,81042,50.00,3,1,4,0.75,0.25,Yes,0.75
81043,81043,50.00,176,38,214,0.822429906542056,0.17757009345794392,Yes,0.822429906542056
81044,81044,50.00,9,1,10,0.9,0.1,Yes,0.9
81045,81045,50.00,4,0,4,1.0,0.0,Yes,1.0
81046,81046,50.00,3,3,6,0.5,0.5,Tie,0.5
81047,81047,99.00,250,93,343,0.7288629737609329,0.27113702623906705,Yes,0.7288629737609329
81048,81048,99.00,191,42,233,0.8197424892703863,0.18025751072961374,Yes,0.8197424892703863
81049,81049,99.00,236,86,322,0.7329192546583851,0.2670807453416149,Yes,0.7329192546583851
81050,81050,99.00,20,5,25,0.8,0.2,Yes,0.8
81051,81051,99.00,8,2,10,0.8,0.2,Yes,0.8
81052,81052,99.00,6,1,7,0.8571428571428571,0.14285714285714285,Yes,0.8571428571428571
81053,81053,99.00,144,58,202,0.7128712871287128,0.2871287128712871,Yes,0.7128712871287128
81054,81054,99.00,111,32,143,0.7762237762237763,0.22377622377622378,Yes,0.7762237762237763
81055,81055,99.00,22,8,30,0.7333333333333333,0.26666666666666666,Yes,0.7333333333333333
81056,81056,99.00,149,105,254,0.5866141732283464,0.41338582677165353,Yes,0.5866141732283464
81057,81057,99.00,7,3,10,0.7,0.3,Yes,0.7
81058,81058,99.00,166,58,224,0.7410714285714286,0.25892857142857145,Yes,0.7410714285714286
81059,81059,99.00,12,1,13,0.9230769230769231,0.07692307692307693,Yes,0.9230769230769231
81060,81060,99.00,228,127,355,0.6422535211267606,0.35774647887323946,Yes,0.6422535211267606
81061,81061,99.00,4,1,5,0.8,0.2,Yes,0.8
81062,81062,99.00,10,0,10,1.0,0.0,Yes,1.0
81063,81063,99.00,7,4,11,0.6363636363636364,0.36363636363636365,Yes,0.6363636363636364
81064,81064,99.00,325,72,397,0.818639798488665,0.181360201511335,Yes,0.818639798488665
81065,81065,99.00,242,113,355,0.6816901408450704,0.3183098591549296,Yes,0.6816901408450704
81066,81066,99.00,8,2,10,0.8,0.2,Yes,0.8
81067,81067,99.00,16,1,17,0.9411764705882353,0.058823529411764705,Yes,0.9411764705882353
81068,81068,99.00,301,108,409,0.7359413202933985,0.26405867970660146,Yes,0.7359413202933985
81069,81069,99.00,6,4,10,0.6,0.4,Yes,0.6
81070,81070,99.00,3,0,3,1.0,0.0,Yes,1.0
81071,81071,99.00,237,78,315,0.7523809523809524,0.24761904761904763,Yes,0.7523809523809524
81072,81072,99.00,18,7,25,0.72,0.28,Yes,0.72
81073,81073,99.00,296,128,424,0.6981132075471698,0.3018867924528302,Yes,0.6981132075471698
81074,81074,99.00,252,73,325,0.7753846153846153,0.2246153846153846,Yes,0.7753846153846153
81075,81075,99.00,14,2,16,0.875,0.125,Yes,0.875
81076,81076,99.00,4,1,5,0.8,0.2,Yes,0.8
81077,81077,99.00,20,0,20,1.0,0.0,Yes,1.0
81078,81078,99.00,182,51,233,0.7811158798283262,0.21888412017167383,Yes,0.7811158798283262
81079,81079,99.00,12,4,16,0.75,0.25,Yes,0.75
81080,81080,99.00,148,42,190,0.7789473684210526,0.22105263157894736,Yes,0.7789473684210526
81081,81081,99.00,218,70,288,0.7569444444444444,0.24305555555555555,Yes,0.7569444444444444
81082,81082,99.00,4,1,5,0.8,0.2,Yes,0.8
81083,81083,99.00,269,70,339,0.7935103244837758,0.20648967551622419,Yes,0.7935103244837758
81084,81084,99.00,11,5,16,0.6875,0.3125,Yes,0.6875
81085,81085,99.00,289,141,430,0.672093023255814,0.32790697674418606,Yes,0.672093023255814
81086,81086,99.00,7,2,9,0.7777777777777778,0.2222222222222222,Yes,0.7777777777777778
81087,81087,50.00,241,60,301,0.8006644518272426,0.19933554817275748,Yes,0.8006644518272426
81088,81088,99.00,8,1,9,0.8888888888888888,0.1111111111111111,Yes,0.8888888888888888
81089,81089,50.00,5,0,5,1.0,0.0,Yes,1.0
81090,81090,50.00,13,2,15,0.8666666666666667,0.13333333333333333,Yes,0.8666666666666667
81091,81091,99.00,93,13,106,0.8773584905660378,0.12264150943396226,Yes,0.8773584905660378
81092,81092,99.00,94,15,109,0.8623853211009175,0.13761467889908258,Yes,0.8623853211009175
81093,81093,99.00,3,0,3,1.0,0.0,Yes,1.0
81094,81094,99.00,84,21,105,0.8,0.2,Yes,0.8
81095,81095,99.00,1,0,1,1.0,0.0,Yes,1.0
81096,81096,99.00,2,3,5,0.4,0.6,No,0.6
81097,81097,99.00,168,32,200,0.84,0.16,Yes,0.84
81098,81098,99.00,2,1,3,0.6666666666666666,0.3333333333333333,Yes,0.6666666666666666
81099,81099,99.00,65,19,84,0.7738095238095238,0.2261904761904762,Yes,0.7738095238095238
81100,81100,99.00,71,11,82,0.8658536585365854,0.13414634146341464,Yes,0.8658536585365854
81101,81101,99.00,0,0,0,0,0,n/a,0
81102,81102,99.00,0,0,0,0,0,n/a,0
81103,81103,99.00,0,0,0,0,0,n/a,0
81104,81104,99.00,0,0,0,0,0,n/a,0
81105,81105,83.33,0,0,0,0,0,n/a,0
81106,81106,99.00,0,0,0,0,0,n/a,0
81107,81107,99.00,0,1,1,0.0,1.0,No,1.0
82001,82001,42.86,99,222,321,0.308411214953271,0.6915887850467289,No,0.6915887850467289
82002,82002,42.86,10,17,27,0.37037037037037035,0.6296296296296297,No,0.6296296296296297
82003,82003,99.00,27,60,87,0.3103448275862069,0.6896551724137931,No,0.6896551724137931
82004,82004,99.00,6,7,13,0.46153846153846156,0.5384615384615384,No,0.5384615384615384
82005,82005,99.00,115,183,298,0.3859060402684564,0.6140939597315436,No,0.6140939597315436
82006,82006,42.86,98,107,205,0.47804878048780486,0.5219512195121951,No,0.5219512195121951
82007,82007,42.86,6,20,26,0.23076923076923078,0.7692307692307693,No,0.7692307692307693
82008,82008,99.00,89,46,135,0.6592592592592592,0.34074074074074073,Yes,0.6592592592592592
82009,82009,99.00,133,96,229,0.5807860262008734,0.4192139737991266,Yes,0.5807860262008734
82010,82010,99.00,11,3,14,0.7857142857142857,0.21428571428571427,Yes,0.7857142857142857
82011,82011,99.00,39,45,84,0.4642857142857143,0.5357142857142857,No,0.5357142857142857
82012,82012,99.00,70,15,85,0.8235294117647058,0.17647058823529413,Yes,0.8235294117647058
82013,82013,99.00,92,22,114,0.8070175438596491,0.19298245614035087,Yes,0.8070175438596491
82014,82014,99.00,0,0,0,0,0,n/a,0
82015,82015,99.00,6,0,6,1.0,0.0,Yes,1.0
82016,82016,99.00,124,84,208,0.5961538461538461,0.40384615384615385,Yes,0.5961538461538461
82017,82017,99.00,4,5,9,0.4444444444444444,0.5555555555555556,No,0.5555555555555556
82018,82018,99.00,64,44,108,0.5925925925925926,0.4074074074074074,Yes,0.5925925925925926
82019,82019,99.00,1,7,8,0.125,0.875,No,0.875
82020,82020,99.00,80,92,172,0.46511627906976744,0.5348837209302325,No,0.5348837209302325
82021,82021,99.00,99,84,183,0.5409836065573771,0.45901639344262296,Yes,0.5409836065573771
82022,82022,99.00,4,3,7,0.5714285714285714,0.42857142857142855,Yes,0.5714285714285714
82023,82023,0.00,3,1,4,0.75,0.25,Yes,0.75
82024,82024,99.00,60,29,89,0.6741573033707865,0.3258426966292135,Yes,0.6741573033707865
82025,82025,99.00,1,4,5,0.2,0.8,No,0.8
82026,82026,99.00,0,0,0,0,0,n/a,0
82027,82027,0.00,0,0,0,0,0,n/a,0
82028,82028,99.00,91,14,105,0.8666666666666667,0.13333333333333333,Yes,0.8666666666666667
82029,82029,99.00,0,0,0,0,0,n/a,0
82030,82030,99.00,155,46,201,0.7711442786069652,0.22885572139303484,Yes,0.7711442786069652
82031,82031,99.00,2,1,3,0.6666666666666666,0.3333333333333333,Yes,0.6666666666666666
82032,82032,99.00,98,105,203,0.4827586206896552,0.5172413793103449,No,0.5172413793103449
82033,82033,99.00,9,1,10,0.9,0.1,Yes,0.9
82034,82034,99.00,1,1,2,0.5,0.5,Tie,0.5
82035,82035,99.00,112,102,214,0.5233644859813084,0.4766355140186916,Yes,0.5233644859813084
82036,82036,99.00,75,58,133,0.5639097744360902,0.43609022556390975,Yes,0.5639097744360902
82037,82037,99.00,89,25,114,0.7807017543859649,0.21929824561403508,Yes,0.7807017543859649
82038,82038,99.00,142,69,211,0.6729857819905213,0.32701421800947866,Yes,0.6729857819905213
82039,82039,99.00,3,0,3,1.0,0.0,Yes,1.0
82040,82040,99.00,63,96,159,0.39622641509433965,0.6037735849056604,No,0.6037735849056604
82041,82041,99.00,91,149,240,0.37916666666666665,0.6208333333333333,No,0.6208333333333333
82042,82042,99.00,98,175,273,0.358974358974359,0.6410256410256411,No,0.6410256410256411
82043,82043,99.00,5,5,10,0.5,0.5,Tie,0.5
82044,82044,99.00,4,4,8,0.5,0.5,Tie,0.5
82045,82045,99.00,1,6,7,0.14285714285714285,0.8571428571428571,No,0.8571428571428571
82046,82046,99.00,3,0,3,1.0,0.0,Yes,1.0
82047,82047,50.00,41,44,85,0.4823529411764706,0.5176470588235295,No,0.5176470588235295
82048,82048,50.00,3,4,7,0.42857142857142855,0.5714285714285714,No,0.5714285714285714
82049,82049,50.00,22,44,66,0.3333333333333333,0.6666666666666666,No,0.6666666666666666
82050,82050,99.00,51,30,81,0.6296296296296297,0.37037037037037035,Yes,0.6296296296296297
82051,82051,99.00,115,77,192,0.5989583333333334,0.4010416666666667,Yes,0.5989583333333334
82052,82052,99.00,118,113,231,0.5108225108225108,0.48917748917748916,Yes,0.5108225108225108
82053,82053,99.00,3,2,5,0.6,0.4,Yes,0.6
82054,82054,75.00,0,0,0,0,0,n/a,0
82055,82055,99.00,0,0,0,0,0,n/a,0
82056,82056,99.00,44,24,68,0.6470588235294118,0.35294117647058826,Yes,0.6470588235294118
82057,82057,99.00,85,85,170,0.5,0.5,Tie,0.5
82058,82058,99.00,3,2,5,0.6,0.4,Yes,0.6
82059,82059,50.00,16,3,19,0.8421052631578947,0.15789473684210525,Yes,0.8421052631578947
82060,82060,66.67,105,106,211,0.4976303317535545,0.5023696682464455,No,0.5023696682464455
82061,82061,66.67,1,0,1,1.0,0.0,Yes,1.0
82062,82062,66.67,94,78,172,0.5465116279069767,0.45348837209302323,Yes,0.5465116279069767
82063,82063,66.67,2,2,4,0.5,0.5,Tie,0.5
82064,82064,99.00,112,28,140,0.8,0.2,Yes,0.8
82065,82065,0.00,14,2,16,0.875,0.125,Yes,0.875
82066,82066,99.00,295,46,341,0.8651026392961877,0.1348973607038123,Yes,0.8651026392961877
82067,82067,99.00,11,1,12,0.9166666666666666,0.08333333333333333,Yes,0.9166666666666666
82068,82068,99.00,15,1,16,0.9375,0.0625,Yes,0.9375
82069,82069,99.00,308,45,353,0.8725212464589235,0.1274787535410765,Yes,0.8725212464589235
82070,82070,99.00,7,1,8,0.875,0.125,Yes,0.875
82071,82071,66.67,249,26,275,0.9054545454545454,0.09454545454545454,Yes,0.9054545454545454
82072,82072,66.67,4,1,5,0.8,0.2,Yes,0.8
82073,82073,66.67,5,0,5,1.0,0.0,Yes,1.0
82074,82074,66.67,186,34,220,0.8454545454545455,0.15454545454545454,Yes,0.8454545454545455
82075,82075,66.67,3,0,3,1.0,0.0,Yes,1.0
82076,82076,66.67,8,0,8,1.0,0.0,Yes,1.0
82077,82077,99.00,10,1,11,0.9090909090909091,0.09090909090909091,Yes,0.9090909090909091
82078,82078,0.00,8,4,12,0.6666666666666666,0.3333333333333333,Yes,0.6666666666666666
82079,82079,0.00,14,2,16,0.875,0.125,Yes,0.875
82080,82080,42.86,199,20,219,0.908675799086758,0.091324200913242,Yes,0.908675799086758
82081,82081,42.86,19,4,23,0.8260869565217391,0.17391304347826086,Yes,0.8260869565217391
82082,82082,0.00,10,0,10,1.0,0.0,Yes,1.0
82083,82083,0.00,4,2,6,0.6666666666666666,0.3333333333333333,Yes,0.6666666666666666
82084,82084,0.00,13,1,14,0.9285714285714286,0.07142857142857142,Yes,0.9285714285714286
82085,82085,0.00,13,3,16,0.8125,0.1875,Yes,0.8125
82086,82086,0.00,13,3,16,0.8125,0.1875,Yes,0.8125
82087,82087,0.00,10,2,12,0.8333333333333334,0.16666666666666666,Yes,0.8333333333333334
82088,82088,99.00,220,46,266,0.8270676691729323,0.17293233082706766,Yes,0.8270676691729323
82089,82089,0.00,24,3,27,0.8888888888888888,0.1111111111111111,Yes,0.8888888888888888
82090,82090,99.00,187,22,209,0.8947368421052632,0.10526315789473684,Yes,0.8947368421052632
82091,82091,99.00,2,0,2,1.0,0.0,Yes,1.0
82092,82092,99.00,242,60,302,0.8013245033112583,0.1986754966887417,Yes,0.8013245033112583
82093,82093,0.00,11,2,13,0.8461538461538461,0.15384615384615385,Yes,0.8461538461538461
82094,82094,0.00,18,2,20,0.9,0.1,Yes,0.9
82095,82095,99.00,9,7,16,0.5625,0.4375,Yes,0.5625
82096,82096,99.00,3,4,7,0.42857142857142855,0.5714285714285714,No,0.5714285714285714
82097,82097,99.00,15,0,15,1.0,0.0,Yes,1.0
82098,82098,99.00,252,50,302,0.8344370860927153,0.16556291390728478,Yes,0.8344370860927153
82099,82099,0.00,20,10,30,0.6666666666666666,0.3333333333333333,Yes,0.6666666666666666
82100,82100,99.00,10,3,13,0.7692307692307693,0.23076923076923078,Yes,0.7692307692307693
82101,82101,0.00,28,6,34,0.8235294117647058,0.17647058823529413,Yes,0.8235294117647058
82102,82102,42.86,260,43,303,0.858085808580858,0.1419141914191419,Yes,0.858085808580858
82103,82103,42.86,23,4,27,0.8518518518518519,0.14814814814814814,Yes,0.8518518518518519
82104,82104,42.86,44,6,50,0.88,0.12,Yes,0.88
82105,82105,0.00,19,6,25,0.76,0.24,Yes,0.76
82106,82106,0.00,0,0,0,0,0,n/a,0
82107,82107,99.00,1,0,1,1.0,0.0,Yes,1.0
82108,82108,99.00,0,0,0,0,0,n/a,0
82109,82109,0.00,2,1,3,0.6666666666666666,0.3333333333333333,Yes,0.6666666666666666
82110,82110,75.00,0,0,0,0,0,n/a,0
82111,82111,99.00,0,0,0,0,0,n/a,0
82112,82112,99.00,0,0,0,0,0,n/a,0
82113,82113,99.00,0,0,0,0,0,n/a,0
82114,82114,99.00,0,0,0,0,0,n/a,0
82115,82115,66.67,0,0,0,0,0,n/a,0
82116,82116,99.00,0,0,0,0,0,n/a,0
82117,82117,99.00,0,0,0,0,0,n/a,0
82118,82118,99.00,0,0,0,0,0,n/a,0
82119,82119,99.00,2,2,4,0.5,0.5,Tie,0.5
83001,83001,99.00,237,33,270,0.8777777777777778,0.12222222222222222,Yes,0.8777777777777778
83002,83002,99.00,0,0,0,0,0,n/a,0
83003,83003,99.00,0,1,1,0.0,1.0,No,1.0
83004,83004,99.00,152,34,186,0.8172043010752689,0.1827956989247312,Yes,0.8172043010752689
83005,83005,99.00,0,0,0,0,0,n/a,0
83006,83006,99.00,173,20,193,0.8963730569948186,0.10362694300518134,Yes,0.8963730569948186
83007,83007,99.00,7,2,9,0.7777777777777778,0.2222222222222222,Yes,0.7777777777777778
83008,83008,99.00,238,28,266,0.8947368421052632,0.10526315789473684,Yes,0.8947368421052632
83009,83009,99.00,1,1,2,0.5,0.5,Tie,0.5
83010,83010,99.00,244,33,277,0.8808664259927798,0.11913357400722022,Yes,0.8808664259927798
83011,83011,99.00,161,17,178,0.9044943820224719,0.09550561797752809,Yes,0.9044943820224719
83012,83012,99.00,0,0,0,0,0,n/a,0
83013,83013,99.00,133,22,155,0.8580645161290322,0.14193548387096774,Yes,0.8580645161290322
83014,83014,99.00,1,0,1,1.0,0.0,Yes,1.0
83015,83015,99.00,8,0,8,1.0,0.0,Yes,1.0
83016,83016,99.00,195,21,216,0.9027777777777778,0.09722222222222222,Yes,0.9027777777777778
83017,83017,99.00,173,16,189,0.9153439153439153,0.08465608465608465,Yes,0.9153439153439153
83018,83018,99.00,1,0,1,1.0,0.0,Yes,1.0
83019,83019,99.00,4,0,4,1.0,0.0,Yes,1.0
83020,83020,99.00,1,2,3,0.3333333333333333,0.6666666666666666,No,0.6666666666666666
83021,83021,99.00,172,19,191,0.900523560209424,0.09947643979057591,Yes,0.900523560209424
83022,83022,99.00,1,0,1,1.0,0.0,Yes,1.0
83023,83023,99.00,89,21,110,0.8090909090909091,0.19090909090909092,Yes,0.8090909090909091
83024,83024,99.00,2,0,2,1.0,0.0,Yes,1.0
83025,83025,99.00,148,34,182,0.8131868131868132,0.18681318681318682,Yes,0.8131868131868132
83026,83026,99.00,1,0,1,1.0,0.0,Yes,1.0
83027,83027,99.00,163,26,189,0.8624338624338624,0.13756613756613756,Yes,0.8624338624338624
83028,83028,99.00,102,11,113,0.9026548672566371,0.09734513274336283,Yes,0.9026548672566371
83029,83029,99.00,150,18,168,0.8928571428571429,0.10714285714285714,Yes,0.8928571428571429
83030,83030,99.00,6,3,9,0.6666666666666666,0.3333333333333333,Yes,0.6666666666666666
83031,83031,99.00,126,20,146,0.863013698630137,0.136986301369863,Yes,0.863013698630137
83032,83032,83.33,140,20,160,0.875,0.125,Yes,0.875
83033,83033,99.00,244,32,276,0.8840579710144928,0.11594202898550725,Yes,0.8840579710144928
83034,83034,99.00,1,0,1,1.0,0.0,Yes,1.0
83035,83035,99.00,106,11,117,0.905982905982906,0.09401709401709402,Yes,0.905982905982906
83036,83036,99.00,3,1,4,0.75,0.25,Yes,0.75
83037,83037,83.33,4,0,4,1.0,0.0,Yes,1.0
83038,83038,83.33,72,16,88,0.8181818181818182,0.18181818181818182,Yes,0.8181818181818182
83039,83039,83.33,140,16,156,0.8974358974358975,0.10256410256410256,Yes,0.8974358974358975
83040,83040,83.33,0,0,0,0,0,n/a,0
83041,83041,99.00,6,0,6,1.0,0.0,Yes,1.0
83042,83042,83.33,116,10,126,0.9206349206349206,0.07936507936507936,Yes,0.9206349206349206
83043,83043,83.33,2,0,2,1.0,0.0,Yes,1.0
83044,83044,83.33,115,13,128,0.8984375,0.1015625,Yes,0.8984375
83045,83045,99.00,136,21,157,0.8662420382165605,0.1337579617834395,Yes,0.8662420382165605
83046,83046,99.00,89,13,102,0.8725490196078431,0.12745098039215685,Yes,0.8725490196078431
83047,83047,83.33,83,12,95,0.8736842105263158,0.12631578947368421,Yes,0.8736842105263158
83048,83048,83.33,3,0,3,1.0,0.0,Yes,1.0
83049,83049,99.00,2,1,3,0.6666666666666666,0.3333333333333333,Yes,0.6666666666666666
83050,83050,83.33,120,15,135,0.8888888888888888,0.1111111111111111,Yes,0.8888888888888888
83051,83051,83.33,73,11,84,0.8690476190476191,0.13095238095238096,Yes,0.8690476190476191
83052,83052,83.33,5,0,5,1.0,0.0,Yes,1.0
83053,83053,83.33,6,0,6,1.0,0.0,Yes,1.0
83054,83054,83.33,5,0,5,1.0,0.0,Yes,1.0
83055,83055,99.00,142,18,160,0.8875,0.1125,Yes,0.8875
83056,83056,99.00,6,0,6,1.0,0.0,Yes,1.0
83057,83057,99.00,185,26,211,0.8767772511848341,0.12322274881516587,Yes,0.8767772511848341
83058,83058,99.00,93,19,112,0.8303571428571429,0.16964285714285715,Yes,0.8303571428571429
83059,83059,99.00,65,16,81,0.8024691358024691,0.19753086419753085,Yes,0.8024691358024691
83060,83060,99.00,0,0,0,0,0,n/a,0
83061,83061,99.00,1,0,1,1.0,0.0,Yes,1.0
83062,83062,99.00,1,0,1,1.0,0.0,Yes,1.0
83063,83063,99.00,99,20,119,0.8319327731092437,0.16806722689075632,Yes,0.8319327731092437
83064,83064,99.00,183,31,214,0.8551401869158879,0.14485981308411214,Yes,0.8551401869158879
83065,83065,99.00,3,1,4,0.75,0.25,Yes,0.75
83066,83066,99.00,181,21,202,0.8960396039603961,0.10396039603960396,Yes,0.8960396039603961
83067,83067,99.00,149,18,167,0.8922155688622755,0.10778443113772455,Yes,0.8922155688622755
83068,83068,99.00,0,0,0,0,0,n/a,0
83069,83069,99.00,176,36,212,0.8301886792452831,0.16981132075471697,Yes,0.8301886792452831
83070,83070,99.00,117,18,135,0.8666666666666667,0.13333333333333333,Yes,0.8666666666666667
83071,83071,99.00,9,1,10,0.9,0.1,Yes,0.9
83072,83072,99.00,150,18,168,0.8928571428571429,0.10714285714285714,Yes,0.8928571428571429
83073,83073,99.00,2,1,3,0.6666666666666666,0.3333333333333333,Yes,0.6666666666666666
83074,83074,99.00,192,24,216,0.8888888888888888,0.1111111111111111,Yes,0.8888888888888888
83075,83075,99.00,4,0,4,1.0,0.0,Yes,1.0
83076,83076,99.00,3,0,3,1.0,0.0,Yes,1.0
83077,83077,99.00,177,27,204,0.8676470588235294,0.1323529411764706,Yes,0.8676470588235294
83078,83078,99.00,138,22,160,0.8625,0.1375,Yes,0.8625
83079,83079,99.00,110,12,122,0.9016393442622951,0.09836065573770492,Yes,0.9016393442622951
83080,83080,99.00,4,2,6,0.6666666666666666,0.3333333333333333,Yes,0.6666666666666666
83081,83081,99.00,6,0,6,1.0,0.0,Yes,1.0
83082,83082,99.00,134,20,154,0.8701298701298701,0.12987012987012986,Yes,0.8701298701298701
83083,83083,99.00,10,1,11,0.9090909090909091,0.09090909090909091,Yes,0.9090909090909091
83084,83084,99.00,22,0,22,1.0,0.0,Yes,1.0
83085,83085,99.00,1,0,1,1.0,0.0,Yes,1.0
83086,83086,99.00,0,0,0,0,0,n/a,0
83087,83087,99.00,0,0,0,0,0,n/a,0
83088,83088,99.00,3,0,3,1.0,0.0,Yes,1.0
83089,83089,99.00,1,0,1,1.0,0.0,Yes,1.0
84001,84001,99.00,55,8,63,0.873015873015873,0.12698412698412698,Yes,0.873015873015873
84002,84002,99.00,143,20,163,0.8773006134969326,0.12269938650306748,Yes,0.8773006134969326
84003,84003,99.00,68,6,74,0.918918918918919,0.08108108108108109,Yes,0.918918918918919
84004,84004,99.00,120,16,136,0.8823529411764706,0.11764705882352941,Yes,0.8823529411764706
84005,84005,99.00,0,0,0,0,0,n/a,0
84006,84006,99.00,132,18,150,0.88,0.12,Yes,0.88
84007,84007,99.00,66,10,76,0.868421052631579,0.13157894736842105,Yes,0.868421052631579
84008,84008,99.00,3,0,3,1.0,0.0,Yes,1.0
84009,84009,55.56,11,2,13,0.8461538461538461,0.15384615384615385,Yes,0.8461538461538461
84010,84010,55.56,171,15,186,0.9193548387096774,0.08064516129032258,Yes,0.9193548387096774
84011,84011,99.00,116,29,145,0.8,0.2,Yes,0.8
84012,84012,99.00,3,2,5,0.6,0.4,Yes,0.6
84013,84013,99.00,63,8,71,0.8873239436619719,0.11267605633802817,Yes,0.8873239436619719
84014,84014,55.56,13,3,16,0.8125,0.1875,Yes,0.8125
84015,84015,55.56,128,19,147,0.8707482993197279,0.1292517006802721,Yes,0.8707482993197279
84016,84016,99.00,7,1,8,0.875,0.125,Yes,0.875
84017,84017,99.00,3,1,4,0.75,0.25,Yes,0.75
84018,84018,99.00,87,13,100,0.87,0.13,Yes,0.87
84019,84019,83.33,178,9,187,0.9518716577540107,0.0481283422459893,Yes,0.9518716577540107
84020,84020,83.33,2,0,2,1.0,0.0,Yes,1.0
84021,84021,83.33,1,0,1,1.0,0.0,Yes,1.0
84022,84022,99.00,1,0,1,1.0,0.0,Yes,1.0
84023,84023,83.33,114,9,123,0.926829268292683,0.07317073170731707,Yes,0.926829268292683
84024,84024,83.33,142,18,160,0.8875,0.1125,Yes,0.8875
84025,84025,83.33,0,0,0,0,0,n/a,0
84026,84026,83.33,0,0,0,0,0,n/a,0
84027,84027,99.00,123,10,133,0.924812030075188,0.07518796992481203,Yes,0.924812030075188
84028,84028,99.00,1,0,1,1.0,0.0,Yes,1.0
84029,84029,99.00,1,0,1,1.0,0.0,Yes,1.0
84030,84030,99.00,55,16,71,0.7746478873239436,0.22535211267605634,Yes,0.7746478873239436
84031,84031,99.00,2,0,2,1.0,0.0,Yes,1.0
84032,84032,99.00,54,15,69,0.782608695652174,0.21739130434782608,Yes,0.782608695652174
84033,84033,99.00,0,0,0,0,0,n/a,0
84034,84034,99.00,4,0,4,1.0,0.0,Yes,1.0
84035,84035,99.00,120,26,146,0.821917808219178,0.1780821917808219,Yes,0.821917808219178
84036,84036,99.00,2,0,2,1.0,0.0,Yes,1.0
84037,84037,99.00,0,0,0,0,0,n/a,0
84038,84038,99.00,58,11,69,0.8405797101449275,0.15942028985507245,Yes,0.8405797101449275
84039,84039,99.00,85,20,105,0.8095238095238095,0.19047619047619047,Yes,0.8095238095238095
84040,84040,99.00,69,16,85,0.8117647058823529,0.18823529411764706,Yes,0.8117647058823529
84041,84041,99.00,106,16,122,0.8688524590163934,0.13114754098360656,Yes,0.8688524590163934
84042,84042,99.00,68,9,77,0.8831168831168831,0.11688311688311688,Yes,0.8831168831168831
84043,84043,99.00,123,20,143,0.8601398601398601,0.13986013986013987,Yes,0.8601398601398601
84044,84044,99.00,2,0,2,1.0,0.0,Yes,1.0
84045,84045,99.00,61,10,71,0.8591549295774648,0.14084507042253522,Yes,0.8591549295774648
84046,84046,99.00,2,0,2,1.0,0.0,Yes,1.0
84047,84047,99.00,20,3,23,0.8695652173913043,0.13043478260869565,Yes,0.8695652173913043
84048,84048,99.00,68,12,80,0.85,0.15,Yes,0.85
84049,84049,99.00,94,20,114,0.8245614035087719,0.17543859649122806,Yes,0.8245614035087719
84050,84050,99.00,108,15,123,0.8780487804878049,0.12195121951219512,Yes,0.8780487804878049
84051,84051,99.00,0,0,0,0,0,n/a,0
84052,84052,99.00,0,1,1,0.0,1.0,No,1.0
84053,84053,99.00,64,15,79,0.810126582278481,0.189873417721519,Yes,0.810126582278481
84054,84054,99.00,0,0,0,0,0,n/a,0
84055,84055,99.00,38,6,44,0.8636363636363636,0.13636363636363635,Yes,0.8636363636363636
84056,84056,99.00,51,4,55,0.9272727272727272,0.07272727272727272,Yes,0.9272727272727272
84057,84057,99.00,57,13,70,0.8142857142857143,0.18571428571428572,Yes,0.8142857142857143
84058,84058,99.00,110,49,159,0.6918238993710691,0.3081761006289308,Yes,0.6918238993710691
84059,84059,99.00,2,0,2,1.0,0.0,Yes,1.0
84060,84060,83.33,42,10,52,0.8076923076923077,0.19230769230769232,Yes,0.8076923076923077
84061,84061,99.00,52,12,64,0.8125,0.1875,Yes,0.8125
84062,84062,99.00,95,16,111,0.8558558558558559,0.14414414414414414,Yes,0.8558558558558559
84063,84063,99.00,0,0,0,0,0,n/a,0
84064,84064,99.00,63,7,70,0.9,0.1,Yes,0.9
84065,84065,99.00,81,12,93,0.8709677419354839,0.12903225806451613,Yes,0.8709677419354839
84066,84066,99.00,3,0,3,1.0,0.0,Yes,1.0
84067,84067,99.00,83,11,94,0.8829787234042553,0.11702127659574468,Yes,0.8829787234042553
84068,84068,99.00,0,0,0,0,0,n/a,0
84069,84069,99.00,0,1,1,0.0,1.0,No,1.0
84070,84070,99.00,1,0,1,1.0,0.0,Yes,1.0
84071,84071,99.00,100,16,116,0.8620689655172413,0.13793103448275862,Yes,0.8620689655172413
84072,84072,99.00,84,8,92,0.9130434782608695,0.08695652173913043,Yes,0.9130434782608695
84073,84073,99.00,0,0,0,0,0,n/a,0
84074,84074,99.00,96,16,112,0.8571428571428571,0.14285714285714285,Yes,0.8571428571428571
84075,84075,66.67,56,8,64,0.875,0.125,Yes,0.875
84076,84076,99.00,0,0,0,0,0,n/a,0
84077,84077,99.00,1,0,1,1.0,0.0,Yes,1.0
84078,84078,99.00,0,0,0,0,0,n/a,0
84079,84079,99.00,0,0,0,0,0,n/a,0
84080,84080,55.56,27,3,30,0.9,0.1,Yes,0.9
84081,84081,99.00,0,0,0,0,0,n/a,0
84082,84082,99.00,1,0,1,1.0,0.0,Yes,1.0
84083,84083,99.00,1,0,1,1.0,0.0,Yes,1.0
84084,84084,99.00,2,0,2,1.0,0.0,Yes,1.0
84085,84085,99.00,95,14,109,0.8715596330275229,0.12844036697247707,Yes,0.8715596330275229
85001,85001,99.00,117,39,156,0.75,0.25,Yes,0.75
85002,85002,99.00,174,49,223,0.7802690582959642,0.21973094170403587,Yes,0.7802690582959642
85003,85003,99.00,11,0,11,1.0,0.0,Yes,1.0
85004,85004,37.50,99,39,138,0.717391304347826,0.2826086956521739,Yes,0.717391304347826
85005,85005,37.50,80,12,92,0.8695652173913043,0.13043478260869565,Yes,0.8695652173913043
85006,85006,37.50,6,0,6,1.0,0.0,Yes,1.0
85007,85007,99.00,119,23,142,0.8380281690140845,0.1619718309859155,Yes,0.8380281690140845
85008,85008,99.00,85,21,106,0.8018867924528302,0.19811320754716982,Yes,0.8018867924528302
85009,85009,99.00,66,10,76,0.868421052631579,0.13157894736842105,Yes,0.868421052631579
85010,85010,99.00,8,2,10,0.8,0.2,Yes,0.8
85011,85011,99.00,133,19,152,0.875,0.125,Yes,0.875
85012,85012,99.00,5,1,6,0.8333333333333334,0.16666666666666666,Yes,0.8333333333333334
85013,85013,99.00,264,49,313,0.8434504792332268,0.15654952076677317,Yes,0.8434504792332268
85014,85014,99.00,1,1,2,0.5,0.5,Tie,0.5
85015,85015,99.00,92,8,100,0.92,0.08,Yes,0.92
85016,85016,99.00,59,9,68,0.8676470588235294,0.1323529411764706,Yes,0.8676470588235294
85017,85017,99.00,0,0,0,0,0,n/a,0
85018,85018,99.00,0,0,0,0,0,n/a,0
85019,85019,99.00,11,5,16,0.6875,0.3125,Yes,0.6875
85020,85020,99.00,118,15,133,0.8872180451127819,0.11278195488721804,Yes,0.8872180451127819
85021,85021,99.00,175,25,200,0.875,0.125,Yes,0.875
85022,85022,99.00,44,5,49,0.8979591836734694,0.10204081632653061,Yes,0.8979591836734694
85023,85023,99.00,157,37,194,0.8092783505154639,0.19072164948453607,Yes,0.8092783505154639
85024,85024,99.00,4,0,4,1.0,0.0,Yes,1.0
85025,85025,99.00,156,18,174,0.896551724137931,0.10344827586206896,Yes,0.896551724137931
85026,85026,99.00,3,1,4,0.75,0.25,Yes,0.75
85027,85027,99.00,159,30,189,0.8412698412698413,0.15873015873015872,Yes,0.8412698412698413
85028,85028,99.00,58,13,71,0.8169014084507042,0.18309859154929578,Yes,0.8169014084507042
85029,85029,99.00,1,0,1,1.0,0.0,Yes,1.0
85030,85030,99.00,120,23,143,0.8391608391608392,0.16083916083916083,Yes,0.8391608391608392
85031,85031,99.00,1,0,1,1.0,0.0,Yes,1.0
85032,85032,75.00,21,5,26,0.8076923076923077,0.19230769230769232,Yes,0.8076923076923077
85033,85033,50.00,49,9,58,0.8448275862068966,0.15517241379310345,Yes,0.8448275862068966
85034,85034,99.00,105,14,119,0.8823529411764706,0.11764705882352941,Yes,0.8823529411764706
85035,85035,99.00,0,0,0,0,0,n/a,0
85036,85036,99.00,0,1,1,0.0,1.0,No,1.0
85037,85037,99.00,2,1,3,0.6666666666666666,0.3333333333333333,Yes,0.6666666666666666
85038,85038,66.67,0,0,0,0,0,n/a,0
85039,85039,66.67,55,7,62,0.8870967741935484,0.11290322580645161,Yes,0.8870967741935484
85040,85040,66.67,2,0,2,1.0,0.0,Yes,1.0
85041,85041,99.00,1,1,2,0.5,0.5,Tie,0.5
85042,85042,99.00,0,0,0,0,0,n/a,0
85043,85043,99.00,72,19,91,0.7912087912087912,0.2087912087912088,Yes,0.7912087912087912
85044,85044,99.00,1,3,4,0.25,0.75,No,0.75
85045,85045,99.00,115,18,133,0.8646616541353384,0.13533834586466165,Yes,0.8646616541353384
85046,85046,99.00,94,17,111,0.8468468468468469,0.15315315315315314,Yes,0.8468468468468469
85047,85047,99.00,0,0,0,0,0,n/a,0
85048,85048,99.00,57,5,62,0.9193548387096774,0.08064516129032258,Yes,0.9193548387096774
85049,85049,99.00,72,14,86,0.8372093023255814,0.16279069767441862,Yes,0.8372093023255814
85050,85050,99.00,132,17,149,0.8859060402684564,0.11409395973154363,Yes,0.8859060402684564
85051,85051,99.00,1,0,1,1.0,0.0,Yes,1.0
85052,85052,99.00,113,17,130,0.8692307692307693,0.13076923076923078,Yes,0.8692307692307693
85053,85053,66.67,45,6,51,0.8823529411764706,0.11764705882352941,Yes,0.8823529411764706
85054,85054,66.67,51,11,62,0.8225806451612904,0.1774193548387097,Yes,0.8225806451612904
85055,85055,66.67,37,12,49,0.7551020408163265,0.24489795918367346,Yes,0.7551020408163265
85056,85056,99.00,135,19,154,0.8766233766233766,0.12337662337662338,Yes,0.8766233766233766
85057,85057,99.00,1,1,2,0.5,0.5,Tie,0.5
85058,85058,99.00,123,26,149,0.825503355704698,0.174496644295302,Yes,0.825503355704698
85059,85059,99.00,2,0,2,1.0,0.0,Yes,1.0
85060,85060,99.00,1,0,1,1.0,0.0,Yes,1.0
85061,85061,99.00,1,0,1,1.0,0.0,Yes,1.0
85062,85062,99.00,125,21,146,0.8561643835616438,0.14383561643835616,Yes,0.8561643835616438
85063,85063,99.00,5,1,6,0.8333333333333334,0.16666666666666666,Yes,0.8333333333333334
85064,85064,99.00,90,12,102,0.8823529411764706,0.11764705882352941,Yes,0.8823529411764706
85065,85065,99.00,3,1,4,0.75,0.25,Yes,0.75
85066,85066,99.00,94,19,113,0.831858407079646,0.168141592920354,Yes,0.831858407079646
85067,85067,99.00,108,13,121,0.8925619834710744,0.10743801652892562,Yes,0.8925619834710744
85068,85068,99.00,16,2,18,0.8888888888888888,0.1111111111111111,Yes,0.8888888888888888
85069,85069,99.00,73,12,85,0.8588235294117647,0.1411764705882353,Yes,0.8588235294117647
85070,85070,99.00,116,11,127,0.9133858267716536,0.08661417322834646,Yes,0.9133858267716536
85071,85071,99.00,0,0,0,0,0,n/a,0
85072,85072,99.00,0,0,0,0,0,n/a,0
85073,85073,99.00,0,0,0,0,0,n/a,0
85074,85074,99.00,0,0,0,0,0,n/a,0
85075,85075,99.00,0,0,0,0,0,n/a,0
85076,85076,99.00,0,0,0,0,0,n/a,0
85077,85077,99.00,0,0,0,0,0,n/a,0
85078,85078,99.00,0,0,0,0,0,n/a,0
85079,85079,99.00,0,0,0,0,0,n/a,0
85080,85080,99.00,88,9,97,0.9072164948453608,0.09278350515463918,Yes,0.9072164948453608
85081,85081,99.00,0,0,0,0,0,n/a,0
85082,85082,99.00,0,0,0,0,0,n/a,0
85083,85083,75.00,1,0,1,1.0,0.0,Yes,1.0
85084,85084,99.00,1,1,2,0.5,0.5,Tie,0.5
85085,85085,99.00,1,0,1,1.0,0.0,Yes,1.0
86001,86001,99.00,0,0,0,0,0,n/a,0
86002,86002,99.00,136,22,158,0.8607594936708861,0.13924050632911392,Yes,0.8607594936708861
86003,86003,99.00,1,1,2,0.5,0.5,Tie,0.5
86004,86004,99.00,103,24,127,0.8110236220472441,0.1889763779527559,Yes,0.8110236220472441
86005,86005,0.00,0,0,0,0,0,n/a,0
86006,86006,0.00,0,1,1,0.0,1.0,No,1.0
86007,86007,0.00,1,0,1,1.0,0.0,Yes,1.0
86008,86008,99.00,91,21,112,0.8125,0.1875,Yes,0.8125
86009,86009,99.00,83,8,91,0.9120879120879121,0.08791208791208792,Yes,0.9120879120879121
86010,86010,99.00,0,0,0,0,0,n/a,0
86011,86011,80.00,81,15,96,0.84375,0.15625,Yes,0.84375
86012,86012,99.00,78,12,90,0.8666666666666667,0.13333333333333333,Yes,0.8666666666666667
86013,86013,80.00,2,0,2,1.0,0.0,Yes,1.0
86014,86014,80.00,89,12,101,0.8811881188118812,0.1188118811881188,Yes,0.8811881188118812
86015,86015,99.00,6,0,6,1.0,0.0,Yes,1.0
86016,86016,80.00,0,0,0,0,0,n/a,0
86017,86017,80.00,1,1,2,0.5,0.5,Tie,0.5
86018,86018,99.00,62,18,80,0.775,0.225,Yes,0.775
86019,86019,99.00,104,9,113,0.9203539823008849,0.07964601769911504,Yes,0.9203539823008849
86020,86020,99.00,56,6,62,0.9032258064516129,0.0967741935483871,Yes,0.9032258064516129
86021,86021,0.00,0,0,0,0,0,n/a,0
86022,86022,99.00,84,17,101,0.8316831683168316,0.16831683168316833,Yes,0.8316831683168316
86023,86023,99.00,3,0,3,1.0,0.0,Yes,1.0
86024,86024,99.00,4,0,4,1.0,0.0,Yes,1.0
86025,86025,99.00,79,9,88,0.8977272727272727,0.10227272727272728,Yes,0.8977272727272727
86026,86026,99.00,92,17,109,0.8440366972477065,0.1559633027522936,Yes,0.8440366972477065
86027,86027,99.00,0,0,0,0,0,n/a,0
86028,86028,0.00,2,0,2,1.0,0.0,Yes,1.0
86029,86029,0.00,0,0,0,0,0,n/a,0
86030,86030,0.00,0,0,0,0,0,n/a,0
86031,86031,99.00,1,0,1,1.0,0.0,Yes,1.0
86032,86032,99.00,88,15,103,0.8543689320388349,0.14563106796116504,Yes,0.8543689320388349
86033,86033,99.00,159,16,175,0.9085714285714286,0.09142857142857143,Yes,0.9085714285714286
86034,86034,99.00,2,0,2,1.0,0.0,Yes,1.0
86035,86035,99.00,0,0,0,0,0,n/a,0
86036,86036,99.00,123,12,135,0.9111111111111111,0.08888888888888889,Yes,0.9111111111111111
86037,86037,99.00,1,0,1,1.0,0.0,Yes,1.0
86038,86038,99.00,96,7,103,0.9320388349514563,0.06796116504854369,Yes,0.9320388349514563
86039,86039,99.00,2,0,2,1.0,0.0,Yes,1.0
86040,86040,99.00,122,24,146,0.8356164383561644,0.1643835616438356,Yes,0.8356164383561644
86041,86041,99.00,1,0,1,1.0,0.0,Yes,1.0
86042,86042,99.00,0,0,0,0,0,n/a,0
86043,86043,99.00,0,0,0,0,0,n/a,0
86044,86044,99.00,1,0,1,1.0,0.0,Yes,1.0
86045,86045,99.00,86,13,99,0.8686868686868687,0.13131313131313133,Yes,0.8686868686868687
86046,86046,0.00,0,0,0,0,0,n/a,0
86047,86047,99.00,80,6,86,0.9302325581395349,0.06976744186046512,Yes,0.9302325581395349
86048,86048,0.00,1,0,1,1.0,0.0,Yes,1.0
86049,86049,99.00,2,0,2,1.0,0.0,Yes,1.0
86050,86050,99.00,63,18,81,0.7777777777777778,0.2222222222222222,Yes,0.7777777777777778
86051,86051,99.00,1,0,1,1.0,0.0,Yes,1.0
86052,86052,99.00,60,17,77,0.7792207792207793,0.22077922077922077,Yes,0.7792207792207793
86053,86053,99.00,3,0,3,1.0,0.0,Yes,1.0
86054,86054,99.00,2,0,2,1.0,0.0,Yes,1.0
86055,86055,99.00,86,8,94,0.9148936170212766,0.0851063829787234,Yes,0.9148936170212766
86056,86056,99.00,63,12,75,0.84,0.16,Yes,0.84
86057,86057,99.00,78,8,86,0.9069767441860465,0.09302325581395349,Yes,0.9069767441860465
86058,86058,99.00,5,0,5,1.0,0.0,Yes,1.0
86059,86059,0.00,1,1,2,0.5,0.5,Tie,0.5
86060,86060,99.00,0,0,0,0,0,n/a,0
86061,86061,99.00,2,1,3,0.6666666666666666,0.3333333333333333,Yes,0.6666666666666666
86062,86062,99.00,3,0,3,1.0,0.0,Yes,1.0
86063,86063,99.00,80,9,89,0.898876404494382,0.10112359550561797,Yes,0.898876404494382
86064,86064,99.00,76,10,86,0.8837209302325582,0.11627906976744186,Yes,0.8837209302325582
86065,86065,99.00,2,0,2,1.0,0.0,Yes,1.0
86066,86066,80.00,118,11,129,0.9147286821705426,0.08527131782945736,Yes,0.9147286821705426
86067,86067,99.00,0,0,0,0,0,n/a,0
86068,86068,99.00,0,1,1,0.0,1.0,No,1.0
86069,86069,99.00,1,1,2,0.5,0.5,Tie,0.5
86070,86070,99.00,0,0,0,0,0,n/a,0
86071,86071,99.00,1,0,1,1.0,0.0,Yes,1.0
86072,86072,99.00,1,0,1,1.0,0.0,Yes,1.0
87001,87001,0.00,0,0,0,0,0,n/a,0
87002,87002,0.00,0,0,0,0,0,n/a,0
87003,87003,0.00,1,0,1,1.0,0.0,Yes,1.0
87004,87004,0.00,1,0,1,1.0,0.0,Yes,1.0
87005,87005,0.00,0,0,0,0,0,n/a,0
87006,87006,0.00,1,0,1,1.0,0.0,Yes,1.0
87007,87007,0.00,1,0,1,1.0,0.0,Yes,1.0
87008,87008,0.00,2,1,3,0.6666666666666666,0.3333333333333333,Yes,0.6666666666666666
87009,87009,0.00,0,0,0,0,0,n/a,0
87010,87010,0.00,3,0,3,1.0,0.0,Yes,1.0
87011,87011,0.00,1,1,2,0.5,0.5,Tie,0.5
87012,87012,0.00,0,0,0,0,0,n/a,0
87013,87013,0.00,0,0,0,0,0,n/a,0
87014,87014,0.00,1,0,1,1.0,0.0,Yes,1.0
87015,87015,0.00,1,0,1,1.0,0.0,Yes,1.0
87016,87016,0.00,1,0,1,1.0,0.0,Yes,1.0
87017,87017,99.00,0,0,0,0,0,n/a,0
87018,87018,99.00,1,1,2,0.5,0.5,Tie,0.5
87019,87019,99.00,95,35,130,0.7307692307692307,0.2692307692307692,Yes,0.7307692307692307
87020,87020,99.00,0,1,1,0.0,1.0,No,1.0
87021,87021,0.00,0,0,0,0,0,n/a,0
87022,87022,99.00,120,35,155,0.7741935483870968,0.22580645161290322,Yes,0.7741935483870968
87023,87023,99.00,1,1,2,0.5,0.5,Tie,0.5
87024,87024,75.00,0,0,0,0,0,n/a,0
87025,87025,99.00,2,0,2,1.0,0.0,Yes,1.0
87026,87026,99.00,107,12,119,0.8991596638655462,0.10084033613445378,Yes,0.8991596638655462
87027,87027,99.00,1,0,1,1.0,0.0,Yes,1.0
87028,87028,99.00,99,18,117,0.8461538461538461,0.15384615384615385,Yes,0.8461538461538461
87029,87029,99.00,149,33,182,0.8186813186813187,0.1813186813186813,Yes,0.8186813186813187
87030,87030,99.00,110,18,128,0.859375,0.140625,Yes,0.859375
87031,87031,99.00,4,0,4,1.0,0.0,Yes,1.0
87032,87032,99.00,45,9,54,0.8333333333333334,0.16666666666666666,Yes,0.8333333333333334
87033,87033,75.00,95,28,123,0.7723577235772358,0.22764227642276422,Yes,0.7723577235772358
87034,87034,75.00,2,1,3,0.6666666666666666,0.3333333333333333,Yes,0.6666666666666666
87035,87035,75.00,104,22,126,0.8253968253968254,0.1746031746031746,Yes,0.8253968253968254
87036,87036,75.00,0,1,1,0.0,1.0,No,1.0
87037,87037,99.00,109,16,125,0.872,0.128,Yes,0.872
87038,87038,99.00,0,0,0,0,0,n/a,0
87039,87039,99.00,77,19,96,0.8020833333333334,0.19791666666666666,Yes,0.8020833333333334
87040,87040,66.67,102,28,130,0.7846153846153846,0.2153846153846154,Yes,0.7846153846153846
87041,87041,66.67,4,0,4,1.0,0.0,Yes,1.0
87042,87042,99.00,16,1,17,0.9411764705882353,0.058823529411764705,Yes,0.9411764705882353
87043,87043,0.00,0,0,0,0,0,n/a,0
87044,87044,99.00,0,0,0,0,0,n/a,0
87045,87045,99.00,0,0,0,0,0,n/a,0
87046,87046,99.00,49,11,60,0.8166666666666667,0.18333333333333332,Yes,0.8166666666666667
87047,87047,99.00,163,26,189,0.8624338624338624,0.13756613756613756,Yes,0.8624338624338624
87048,87048,99.00,130,22,152,0.8552631578947368,0.14473684210526316,Yes,0.8552631578947368
87049,87049,99.00,228,38,266,0.8571428571428571,0.14285714285714285,Yes,0.8571428571428571
87050,87050,99.00,4,0,4,1.0,0.0,Yes,1.0
87051,87051,99.00,274,34,308,0.8896103896103896,0.11038961038961038,Yes,0.8896103896103896
87052,87052,99.00,1,0,1,1.0,0.0,Yes,1.0
87053,87053,99.00,3,1,4,0.75,0.25,Yes,0.75
87054,87054,99.00,6,1,7,0.8571428571428571,0.14285714285714285,Yes,0.8571428571428571
87055,87055,99.00,190,23,213,0.892018779342723,0.107981220657277,Yes,0.892018779342723
87056,87056,99.00,204,31,235,0.8680851063829788,0.13191489361702127,Yes,0.8680851063829788
87057,87057,99.00,175,38,213,0.8215962441314554,0.1784037558685446,Yes,0.8215962441314554
87058,87058,99.00,197,31,228,0.8640350877192983,0.13596491228070176,Yes,0.8640350877192983
87059,87059,99.00,1,0,1,1.0,0.0,Yes,1.0
87060,87060,99.00,221,32,253,0.8735177865612648,0.12648221343873517,Yes,0.8735177865612648
87061,87061,99.00,191,33,224,0.8526785714285714,0.14732142857142858,Yes,0.8526785714285714
87062,87062,99.00,3,0,3,1.0,0.0,Yes,1.0
87063,87063,99.00,0,0,0,0,0,n/a,0
87064,87064,99.00,0,0,0,0,0,n/a,0
87065,87065,99.00,4,0,4,1.0,0.0,Yes,1.0
87066,87066,99.00,61,21,82,0.7439024390243902,0.25609756097560976,Yes,0.7439024390243902
87067,87067,99.00,1,0,1,1.0,0.0,Yes,1.0
87068,87068,99.00,55,21,76,0.7236842105263158,0.27631578947368424,Yes,0.7236842105263158
87069,87069,0.00,4,0,4,1.0,0.0,Yes,1.0
87070,87070,99.00,91,31,122,0.7459016393442623,0.2540983606557377,Yes,0.7459016393442623
87071,87071,99.00,93,16,109,0.8532110091743119,0.14678899082568808,Yes,0.8532110091743119
87072,87072,99.00,119,30,149,0.7986577181208053,0.20134228187919462,Yes,0.7986577181208053
87073,87073,99.00,15,1,16,0.9375,0.0625,Yes,0.9375
87074,87074,66.67,80,30,110,0.7272727272727273,0.2727272727272727,Yes,0.7272727272727273
87075,87075,99.00,1,2,3,0.3333333333333333,0.6666666666666666,No,0.6666666666666666
87076,87076,66.67,2,0,2,1.0,0.0,Yes,1.0
87077,87077,99.00,102,33,135,0.7555555555555555,0.24444444444444444,Yes,0.7555555555555555
87078,87078,99.00,129,32,161,0.8012422360248447,0.19875776397515527,Yes,0.8012422360248447
87079,87079,99.00,0,0,0,0,0,n/a,0
87080,87080,37.50,69,24,93,0.7419354838709677,0.25806451612903225,Yes,0.7419354838709677
87081,87081,99.00,100,15,115,0.8695652173913043,0.13043478260869565,Yes,0.8695652173913043
87082,87082,37.50,3,0,3,1.0,0.0,Yes,1.0
87083,87083,99.00,0,0,0,0,0,n/a,0
87084,87084,99.00,142,24,166,0.8554216867469879,0.14457831325301204,Yes,0.8554216867469879
87085,87085,99.00,1,0,1,1.0,0.0,Yes,1.0
87086,87086,99.00,2,0,2,1.0,0.0,Yes,1.0
87087,87087,99.00,182,28,210,0.8666666666666667,0.13333333333333333,Yes,0.8666666666666667
87088,87088,99.00,1,0,1,1.0,0.0,Yes,1.0
87089,87089,99.00,2,0,2,1.0,0.0,Yes,1.0
87090,87090,0.00,0,0,0,0,0,n/a,0
87091,87091,0.00,0,0,0,0,0,n/a,0
87092,87092,0.00,0,0,0,0,0,n/a,0
87093,87093,99.00,0,0,0,0,0,n/a,0
87094,87094,99.00,0,0,0,0,0,n/a,0
87095,87095,99.00,0,0,0,0,0,n/a,0
87096,87096,99.00,0,0,0,0,0,n/a,0
87097,87097,99.00,38,16,54,0.7037037037037037,0.2962962962962963,Yes,0.7037037037037037
87098,87098,99.00,2,0,2,1.0,0.0,Yes,1.0
87099,87099,99.00,3,3,6,0.5,0.5,Tie,0.5
87100,87100,99.00,0,1,1,0.0,1.0,No,1.0
87101,87101,99.00,5,3,8,0.625,0.375,Yes,0.625
87102,87102,99.00,0,0,0,0,0,n/a,0
41001,41001,99.00,4,1,5,0.8,0.2,Yes,0.8
41002,41002,99.00,79,121,200,0.395,0.605,No,0.605
41003,41003,99.00,90,146,236,0.3813559322033898,0.6186440677966102,No,0.6186440677966102
41004,41004,99.00,4,6,10,0.4,0.6,No,0.6
41005,41005,36.36,34,133,167,0.20359281437125748,0.7964071856287425,No,0.7964071856287425
41006,41006,99.00,56,51,107,0.5233644859813084,0.4766355140186916,Yes,0.5233644859813084
41007,41007,99.00,68,64,132,0.5151515151515151,0.48484848484848486,Yes,0.5151515151515151
41008,41008,99.00,52,51,103,0.5048543689320388,0.49514563106796117,Yes,0.5048543689320388
41009,41009,99.00,33,64,97,0.3402061855670103,0.6597938144329897,No,0.6597938144329897
41010,41010,99.00,0,3,3,0.0,1.0,No,1.0
41011,41011,99.00,16,32,48,0.3333333333333333,0.6666666666666666,No,0.6666666666666666
41012,41012,36.36,34,46,80,0.425,0.575,No,0.575
41013,41013,36.36,0,1,1,0.0,1.0,No,1.0
41014,41014,99.00,0,0,0,0,0,n/a,0
41015,41015,36.36,8,5,13,0.6153846153846154,0.38461538461538464,Yes,0.6153846153846154
41016,41016,99.00,31,64,95,0.3263157894736842,0.6736842105263158,No,0.6736842105263158
41017,41017,99.00,73,184,257,0.2840466926070039,0.7159533073929961,No,0.7159533073929961
41018,41018,99.00,45,96,141,0.3191489361702128,0.6808510638297872,No,0.6808510638297872
41019,41019,99.00,0,0,0,0,0,n/a,0
41020,41020,99.00,56,65,121,0.4628099173553719,0.5371900826446281,No,0.5371900826446281
41021,41021,99.00,90,77,167,0.5389221556886228,0.46107784431137727,Yes,0.5389221556886228
41022,41022,99.00,15,17,32,0.46875,0.53125,No,0.53125
41023,41023,99.00,1,0,1,1.0,0.0,Yes,1.0
41024,41024,66.67,3,0,3,1.0,0.0,Yes,1.0
41025,41025,66.67,15,12,27,0.5555555555555556,0.4444444444444444,Yes,0.5555555555555556
41026,41026,99.00,0,0,0,0,0,n/a,0
41027,41027,99.00,3,1,4,0.75,0.25,Yes,0.75
41028,41028,99.00,108,36,144,0.75,0.25,Yes,0.75
41029,41029,66.67,0,0,0,0,0,n/a,0
41030,41030,99.00,161,15,176,0.9147727272727273,0.08522727272727272,Yes,0.9147727272727273
41031,41031,99.00,144,9,153,0.9411764705882353,0.058823529411764705,Yes,0.9411764705882353
41032,41032,99.00,16,1,17,0.9411764705882353,0.058823529411764705,Yes,0.9411764705882353
41033,41033,99.00,185,29,214,0.8644859813084113,0.13551401869158877,Yes,0.8644859813084113
41034,41034,99.00,4,0,4,1.0,0.0,Yes,1.0
41035,41035,99.00,65,40,105,0.6190476190476191,0.38095238095238093,Yes,0.6190476190476191
41036,41036,99.00,44,99,143,0.3076923076923077,0.6923076923076923,No,0.6923076923076923
41037,41037,99.00,129,20,149,0.8657718120805369,0.1342281879194631,Yes,0.8657718120805369
41038,41038,99.00,162,23,185,0.8756756756756757,0.12432432432432433,Yes,0.8756756756756757
41039,41039,99.00,125,16,141,0.8865248226950354,0.11347517730496454,Yes,0.8865248226950354
41040,41040,99.00,97,10,107,0.9065420560747663,0.09345794392523364,Yes,0.9065420560747663
41041,41041,99.00,93,15,108,0.8611111111111112,0.1388888888888889,Yes,0.8611111111111112
41042,41042,33.33,2,3,5,0.4,0.6,No,0.6
41043,41043,99.00,119,20,139,0.8561151079136691,0.14388489208633093,Yes,0.8561151079136691
41044,41044,99.00,0,1,1,0.0,1.0,No,1.0
41045,41045,99.00,119,11,130,0.9153846153846154,0.08461538461538462,Yes,0.9153846153846154
41046,41046,99.00,142,177,319,0.445141065830721,0.554858934169279,No,0.554858934169279
41047,41047,99.00,191,20,211,0.9052132701421801,0.0947867298578199,Yes,0.9052132701421801
41048,41048,99.00,78,10,88,0.8863636363636364,0.11363636363636363,Yes,0.8863636363636364
41049,41049,99.00,120,16,136,0.8823529411764706,0.11764705882352941,Yes,0.8823529411764706
41050,41050,99.00,31,152,183,0.16939890710382513,0.8306010928961749,No,0.8306010928961749
41051,41051,99.00,31,34,65,0.47692307692307695,0.5230769230769231,No,0.5230769230769231
41052,41052,99.00,4,2,6,0.6666666666666666,0.3333333333333333,Yes,0.6666666666666666
41053,41053,99.00,9,0,9,1.0,0.0,Yes,1.0
41054,41054,99.00,107,9,116,0.9224137931034483,0.07758620689655173,Yes,0.9224137931034483
41055,41055,99.00,193,28,221,0.8733031674208145,0.12669683257918551,Yes,0.8733031674208145
41056,41056,99.00,0,2,2,0.0,1.0,No,1.0
41057,41057,36.36,8,9,17,0.47058823529411764,0.5294117647058824,No,0.5294117647058824
41058,41058,36.36,50,134,184,0.2717391304347826,0.7282608695652174,No,0.7282608695652174
41059,41059,36.36,43,84,127,0.33858267716535434,0.6614173228346457,No,0.6614173228346457
41060,41060,33.33,2,3,5,0.4,0.6,No,0.6
41061,41061,33.33,25,25,50,0.5,0.5,Tie,0.5
41062,41062,33.33,17,24,41,0.4146341463414634,0.5853658536585366,No,0.5853658536585366
41063,41063,99.00,167,99,266,0.6278195488721805,0.37218045112781956,Yes,0.6278195488721805
41064,41064,99.00,8,3,11,0.7272727272727273,0.2727272727272727,Yes,0.7272727272727273
41065,41065,99.00,0,2,2,0.0,1.0,No,1.0
41066,41066,99.00,0,0,0,0,0,n/a,0
41067,41067,99.00,3,0,3,1.0,0.0,Yes,1.0
41068,41068,99.00,99,56,155,0.6387096774193548,0.36129032258064514,Yes,0.6387096774193548
41069,41069,99.00,79,13,92,0.8586956521739131,0.14130434782608695,Yes,0.8586956521739131
41070,41070,99.00,60,59,119,0.5042016806722689,0.4957983193277311,Yes,0.5042016806722689
41071,41071,0.00,4,1,5,0.8,0.2,Yes,0.8
41072,41072,99.00,0,2,2,0.0,1.0,No,1.0
41073,41073,0.00,6,0,6,1.0,0.0,Yes,1.0
41074,41074,0.00,7,0,7,1.0,0.0,Yes,1.0
41075,41075,99.00,60,32,92,0.6521739130434783,0.34782608695652173,Yes,0.6521739130434783
41076,41076,99.00,80,75,155,0.5161290322580645,0.4838709677419355,Yes,0.5161290322580645
41077,41077,99.00,94,63,157,0.5987261146496815,0.4012738853503185,Yes,0.5987261146496815
41078,41078,99.00,0,1,1,0.0,1.0,No,1.0
41079,41079,66.67,39,24,63,0.6190476190476191,0.38095238095238093,Yes,0.6190476190476191
41080,41080,99.00,0,0,0,0,0,n/a,0
41081,41081,99.00,51,41,92,0.5543478260869565,0.44565217391304346,Yes,0.5543478260869565
41082,41082,99.00,69,49,118,0.5847457627118644,0.4152542372881356,Yes,0.5847457627118644
41083,41083,99.00,2,1,3,0.6666666666666666,0.3333333333333333,Yes,0.6666666666666666
41084,41084,33.33,19,34,53,0.3584905660377358,0.6415094339622641,No,0.6415094339622641
41085,41085,99.00,1,0,1,1.0,0.0,Yes,1.0
41086,41086,99.00,92,63,155,0.5935483870967742,0.4064516129032258,Yes,0.5935483870967742
41087,41087,99.00,49,45,94,0.5212765957446809,0.4787234042553192,Yes,0.5212765957446809
41088,41088,99.00,62,72,134,0.4626865671641791,0.5373134328358209,No,0.5373134328358209
41089,41089,99.00,5,0,5,1.0,0.0,Yes,1.0
41090,41090,99.00,15,13,28,0.5357142857142857,0.4642857142857143,Yes,0.5357142857142857
41091,41091,66.67,69,28,97,0.711340206185567,0.28865979381443296,Yes,0.711340206185567
41092,41092,99.00,0,0,0,0,0,n/a,0
41093,41093,99.00,0,0,0,0,0,n/a,0
41094,41094,36.36,4,7,11,0.36363636363636365,0.6363636363636364,No,0.6363636363636364
41095,41095,99.00,25,72,97,0.25773195876288657,0.7422680412371134,No,0.7422680412371134
41096,41096,99.00,11,3,14,0.7857142857142857,0.21428571428571427,Yes,0.7857142857142857
41097,41097,99.00,7,1,8,0.875,0.125,Yes,0.875
41098,41098,99.00,72,46,118,0.6101694915254238,0.3898305084745763,Yes,0.6101694915254238
41099,41099,99.00,0,0,0,0,0,n/a,0
42001,42001,99.00,12,3,15,0.8,0.2,Yes,0.8
42002,42002,99.00,11,0,11,1.0,0.0,Yes,1.0
42003,42003,99.00,243,15,258,0.9418604651162791,0.05813953488372093,Yes,0.9418604651162791
42004,42004,99.00,144,16,160,0.9,0.1,Yes,0.9
42005,42005,99.00,5,0,5,1.0,0.0,Yes,1.0
42006,42006,99.00,266,34,300,0.8866666666666667,0.11333333333333333,Yes,0.8866666666666667
42007,42007,99.00,196,14,210,0.9333333333333333,0.06666666666666667,Yes,0.9333333333333333
42008,42008,99.00,132,13,145,0.9103448275862069,0.0896551724137931,Yes,0.9103448275862069
42009,42009,99.00,126,13,139,0.9064748201438849,0.09352517985611511,Yes,0.9064748201438849
42010,42010,99.00,142,24,166,0.8554216867469879,0.14457831325301204,Yes,0.8554216867469879
42011,42011,99.00,131,13,144,0.9097222222222222,0.09027777777777778,Yes,0.9097222222222222
42012,42012,99.00,92,12,104,0.8846153846153846,0.11538461538461539,Yes,0.8846153846153846
42013,42013,99.00,109,16,125,0.872,0.128,Yes,0.872
42014,42014,99.00,104,4,108,0.9629629629629629,0.037037037037037035,Yes,0.9629629629629629
42015,42015,99.00,129,15,144,0.8958333333333334,0.10416666666666667,Yes,0.8958333333333334
42016,42016,99.00,183,29,212,0.8632075471698113,0.13679245283018868,Yes,0.8632075471698113
42017,42017,99.00,4,1,5,0.8,0.2,Yes,0.8
42018,42018,99.00,154,10,164,0.9390243902439024,0.06097560975609756,Yes,0.9390243902439024
42019,42019,99.00,11,0,11,1.0,0.0,Yes,1.0
42020,42020,99.00,201,15,216,0.9305555555555556,0.06944444444444445,Yes,0.9305555555555556
42021,42021,99.00,155,17,172,0.9011627906976745,0.09883720930232558,Yes,0.9011627906976745
42022,42022,99.00,160,11,171,0.935672514619883,0.06432748538011696,Yes,0.935672514619883
42023,42023,99.00,3,2,5,0.6,0.4,Yes,0.6
42024,42024,0.00,3,0,3,1.0,0.0,Yes,1.0
42025,42025,0.00,37,1,38,0.9736842105263158,0.02631578947368421,Yes,0.9736842105263158
42026,42026,99.00,14,1,15,0.9333333333333333,0.06666666666666667,Yes,0.9333333333333333
42027,42027,99.00,172,34,206,0.8349514563106796,0.1650485436893204,Yes,0.8349514563106796
42028,42028,99.00,214,15,229,0.9344978165938864,0.06550218340611354,Yes,0.9344978165938864
42029,42029,99.00,248,24,272,0.9117647058823529,0.08823529411764706,Yes,0.9117647058823529
42030,42030,99.00,334,28,362,0.9226519337016574,0.07734806629834254,Yes,0.9226519337016574
42031,42031,99.00,9,1,10,0.9,0.1,Yes,0.9
42032,42032,99.00,19,5,24,0.7916666666666666,0.20833333333333334,Yes,0.7916666666666666
42033,42033,99.00,11,1,12,0.9166666666666666,0.08333333333333333,Yes,0.9166666666666666
42034,42034,99.00,14,1,15,0.9333333333333333,0.06666666666666667,Yes,0.9333333333333333
42035,42035,99.00,297,24,321,0.9252336448598131,0.07476635514018691,Yes,0.9252336448598131
42036,42036,99.00,143,101,244,0.5860655737704918,0.4139344262295082,Yes,0.5860655737704918
42037,42037,0.00,15,0,15,1.0,0.0,Yes,1.0
42038,42038,99.00,0,4,4,0.0,1.0,No,1.0
42039,42039,99.00,4,0,4,1.0,0.0,Yes,1.0
42040,42040,99.00,118,10,128,0.921875,0.078125,Yes,0.921875
42041,42041,99.00,128,20,148,0.8648648648648649,0.13513513513513514,Yes,0.8648648648648649
42042,42042,99.00,115,13,128,0.8984375,0.1015625,Yes,0.8984375
42043,42043,99.00,127,7,134,0.9477611940298507,0.05223880597014925,Yes,0.9477611940298507
42044,42044,99.00,6,1,7,0.8571428571428571,0.14285714285714285,Yes,0.8571428571428571
42045,42045,99.00,115,17,132,0.8712121212121212,0.12878787878787878,Yes,0.8712121212121212
42046,42046,99.00,135,15,150,0.9,0.1,Yes,0.9
42047,42047,99.00,7,1,8,0.875,0.125,Yes,0.875
42048,42048,99.00,169,18,187,0.9037433155080213,0.0962566844919786,Yes,0.9037433155080213
42049,42049,99.00,284,23,307,0.9250814332247557,0.0749185667752443,Yes,0.9250814332247557
42050,42050,99.00,172,15,187,0.9197860962566845,0.08021390374331551,Yes,0.9197860962566845
42051,42051,99.00,89,174,263,0.33840304182509506,0.6615969581749049,No,0.6615969581749049
42052,42052,99.00,101,23,124,0.8145161290322581,0.18548387096774194,Yes,0.8145161290322581
42053,42053,99.00,102,12,114,0.8947368421052632,0.10526315789473684,Yes,0.8947368421052632
42054,42054,99.00,162,9,171,0.9473684210526315,0.05263157894736842,Yes,0.9473684210526315
42055,42055,99.00,35,3,38,0.9210526315789473,0.07894736842105263,Yes,0.9210526315789473
42056,42056,99.00,123,19,142,0.8661971830985915,0.13380281690140844,Yes,0.8661971830985915
42057,42057,99.00,136,15,151,0.9006622516556292,0.09933774834437085,Yes,0.9006622516556292
42058,42058,99.00,205,16,221,0.9276018099547512,0.07239819004524888,Yes,0.9276018099547512
42059,42059,99.00,4,62,66,0.06060606060606061,0.9393939393939394,No,0.9393939393939394
42060,42060,99.00,7,23,30,0.23333333333333334,0.7666666666666667,No,0.7666666666666667
42061,42061,99.00,69,39,108,0.6388888888888888,0.3611111111111111,Yes,0.6388888888888888
42062,42062,99.00,73,108,181,0.40331491712707185,0.5966850828729282,No,0.5966850828729282
42063,42063,99.00,48,234,282,0.1702127659574468,0.8297872340425532,No,0.8297872340425532
42064,42064,99.00,54,169,223,0.242152466367713,0.757847533632287,No,0.757847533632287
42065,42065,99.00,0,1,1,0.0,1.0,No,1.0
42066,42066,99.00,7,2,9,0.7777777777777778,0.2222222222222222,Yes,0.7777777777777778
42067,42067,99.00,49,98,147,0.3333333333333333,0.6666666666666666,No,0.6666666666666666
42068,42068,99.00,3,0,3,1.0,0.0,Yes,1.0
42069,42069,99.00,9,27,36,0.25,0.75,No,0.75
42070,42070,99.00,118,8,126,0.9365079365079365,0.06349206349206349,Yes,0.9365079365079365
42071,42071,99.00,193,21,214,0.9018691588785047,0.09813084112149532,Yes,0.9018691588785047
42072,42072,99.00,151,15,166,0.9096385542168675,0.09036144578313253,Yes,0.9096385542168675
42073,42073,99.00,134,9,143,0.9370629370629371,0.06293706293706294,Yes,0.9370629370629371
42074,42074,99.00,100,9,109,0.9174311926605505,0.08256880733944955,Yes,0.9174311926605505
42075,42075,99.00,294,33,327,0.8990825688073395,0.10091743119266056,Yes,0.8990825688073395
42076,42076,99.00,6,0,6,1.0,0.0,Yes,1.0
42077,42077,99.00,177,9,186,0.9516129032258065,0.04838709677419355,Yes,0.9516129032258065
42078,42078,99.00,30,3,33,0.9090909090909091,0.09090909090909091,Yes,0.9090909090909091
42079,42079,99.00,131,16,147,0.891156462585034,0.10884353741496598,Yes,0.891156462585034
42080,42080,99.00,120,9,129,0.9302325581395349,0.06976744186046512,Yes,0.9302325581395349
42081,42081,99.00,19,2,21,0.9047619047619048,0.09523809523809523,Yes,0.9047619047619048
42082,42082,99.00,5,0,5,1.0,0.0,Yes,1.0
43001,43001,99.00,214,9,223,0.9596412556053812,0.04035874439461883,Yes,0.9596412556053812
43002,43002,99.00,26,1,27,0.9629629629629629,0.037037037037037035,Yes,0.9629629629629629
43003,43003,99.00,167,11,178,0.9382022471910112,0.06179775280898876,Yes,0.9382022471910112
43004,43004,99.00,143,18,161,0.8881987577639752,0.11180124223602485,Yes,0.8881987577639752
43005,43005,99.00,13,0,13,1.0,0.0,Yes,1.0
43006,43006,99.00,308,23,331,0.9305135951661632,0.06948640483383686,Yes,0.9305135951661632
43007,43007,99.00,251,16,267,0.9400749063670412,0.0599250936329588,Yes,0.9400749063670412
43008,43008,99.00,4,0,4,1.0,0.0,Yes,1.0
43009,43009,99.00,183,14,197,0.9289340101522843,0.07106598984771574,Yes,0.9289340101522843
43010,43010,99.00,70,14,84,0.8333333333333334,0.16666666666666666,Yes,0.8333333333333334
43011,43011,99.00,121,37,158,0.7658227848101266,0.23417721518987342,Yes,0.7658227848101266
43012,43012,99.00,266,22,288,0.9236111111111112,0.0763888888888889,Yes,0.9236111111111112
43013,43013,99.00,84,45,129,0.6511627906976745,0.3488372093023256,Yes,0.6511627906976745
43014,43014,99.00,190,25,215,0.8837209302325582,0.11627906976744186,Yes,0.8837209302325582
43015,43015,99.00,225,24,249,0.9036144578313253,0.0963855421686747,Yes,0.9036144578313253
43016,43016,99.00,10,0,10,1.0,0.0,Yes,1.0
43017,43017,99.00,259,37,296,0.875,0.125,Yes,0.875
43018,43018,99.00,337,16,353,0.9546742209631728,0.0453257790368272,Yes,0.9546742209631728
43019,43019,99.00,5,0,5,1.0,0.0,Yes,1.0
43020,43020,99.00,19,0,19,1.0,0.0,Yes,1.0
43021,43021,99.00,205,15,220,0.9318181818181818,0.06818181818181818,Yes,0.9318181818181818
43022,43022,99.00,10,0,10,1.0,0.0,Yes,1.0
43023,43023,99.00,326,21,347,0.9394812680115274,0.06051873198847262,Yes,0.9394812680115274
43024,43024,99.00,322,20,342,0.9415204678362573,0.05847953216374269,Yes,0.9415204678362573
43025,43025,99.00,9,0,9,1.0,0.0,Yes,1.0
43026,43026,99.00,253,31,284,0.8908450704225352,0.10915492957746478,Yes,0.8908450704225352
43027,43027,99.00,164,18,182,0.9010989010989011,0.0989010989010989,Yes,0.9010989010989011
43028,43028,99.00,188,11,199,0.9447236180904522,0.05527638190954774,Yes,0.9447236180904522
43029,43029,75.00,51,6,57,0.8947368421052632,0.10526315789473684,Yes,0.8947368421052632
43030,43030,75.00,76,6,82,0.926829268292683,0.07317073170731707,Yes,0.926829268292683
43031,43031,75.00,122,10,132,0.9242424242424242,0.07575757575757576,Yes,0.9242424242424242
43032,43032,99.00,83,14,97,0.8556701030927835,0.14432989690721648,Yes,0.8556701030927835
43033,43033,75.00,114,18,132,0.8636363636363636,0.13636363636363635,Yes,0.8636363636363636
43034,43034,99.00,5,0,5,1.0,0.0,Yes,1.0
43035,43035,99.00,213,38,251,0.848605577689243,0.15139442231075698,Yes,0.848605577689243
43036,43036,99.00,140,11,151,0.9271523178807947,0.0728476821192053,Yes,0.9271523178807947
43037,43037,99.00,174,11,185,0.9405405405405406,0.05945945945945946,Yes,0.9405405405405406
43038,43038,50.00,110,18,128,0.859375,0.140625,Yes,0.859375
43039,43039,50.00,130,16,146,0.8904109589041096,0.1095890410958904,Yes,0.8904109589041096
43040,43040,99.00,2,0,2,1.0,0.0,Yes,1.0
43041,43041,99.00,154,5,159,0.9685534591194969,0.031446540880503145,Yes,0.9685534591194969
43042,43042,99.00,24,2,26,0.9230769230769231,0.07692307692307693,Yes,0.9230769230769231
43043,43043,99.00,285,31,316,0.9018987341772152,0.0981012658227848,Yes,0.9018987341772152
43044,43044,99.00,275,24,299,0.919732441471572,0.0802675585284281,Yes,0.919732441471572
43045,43045,99.00,282,18,300,0.94,0.06,Yes,0.94
43046,43046,99.00,178,10,188,0.9468085106382979,0.05319148936170213,Yes,0.9468085106382979
43047,43047,99.00,10,0,10,1.0,0.0,Yes,1.0
43048,43048,99.00,12,0,12,1.0,0.0,Yes,1.0
43049,43049,99.00,258,17,275,0.9381818181818182,0.06181818181818182,Yes,0.9381818181818182
43050,43050,99.00,208,18,226,0.9203539823008849,0.07964601769911504,Yes,0.9203539823008849
43051,43051,99.00,212,17,229,0.925764192139738,0.07423580786026202,Yes,0.925764192139738
43052,43052,99.00,254,41,295,0.8610169491525423,0.13898305084745763,Yes,0.8610169491525423
43053,43053,99.00,164,30,194,0.845360824742268,0.15463917525773196,Yes,0.845360824742268
43054,43054,99.00,172,18,190,0.9052631578947369,0.09473684210526316,Yes,0.9052631578947369
43055,43055,99.00,97,21,118,0.8220338983050848,0.17796610169491525,Yes,0.8220338983050848
43056,43056,99.00,4,2,6,0.6666666666666666,0.3333333333333333,Yes,0.6666666666666666
43057,43057,99.00,36,31,67,0.5373134328358209,0.4626865671641791,Yes,0.5373134328358209
43058,43058,99.00,0,1,1,0.0,1.0,No,1.0
43059,43059,99.00,140,63,203,0.6896551724137931,0.3103448275862069,Yes,0.6896551724137931
43060,43060,99.00,2,0,2,1.0,0.0,Yes,1.0
43061,43061,99.00,86,8,94,0.9148936170212766,0.0851063829787234,Yes,0.9148936170212766
43062,43062,99.00,49,29,78,0.6282051282051282,0.3717948717948718,Yes,0.6282051282051282
43063,43063,99.00,91,30,121,0.7520661157024794,0.24793388429752067,Yes,0.7520661157024794
43064,43064,99.00,172,27,199,0.864321608040201,0.135678391959799,Yes,0.864321608040201
43065,43065,99.00,9,2,11,0.8181818181818182,0.18181818181818182,Yes,0.8181818181818182
43066,43066,99.00,151,16,167,0.9041916167664671,0.09580838323353294,Yes,0.9041916167664671
43067,43067,99.00,248,31,279,0.8888888888888888,0.1111111111111111,Yes,0.8888888888888888
43068,43068,99.00,3,0,3,1.0,0.0,Yes,1.0
43069,43069,99.00,86,9,95,0.9052631578947369,0.09473684210526316,Yes,0.9052631578947369
43070,43070,99.00,2,0,2,1.0,0.0,Yes,1.0
43071,43071,99.00,5,0,5,1.0,0.0,Yes,1.0
43072,43072,99.00,3,1,4,0.75,0.25,Yes,0.75
43073,43073,99.00,375,20,395,0.9493670886075949,0.05063291139240506,Yes,0.9493670886075949
43074,43074,99.00,136,11,147,0.9251700680272109,0.07482993197278912,Yes,0.9251700680272109
43075,43075,99.00,253,18,271,0.933579335793358,0.06642066420664207,Yes,0.933579335793358
43076,43076,99.00,77,25,102,0.7549019607843137,0.24509803921568626,Yes,0.7549019607843137
43077,43077,99.00,1,0,1,1.0,0.0,Yes,1.0
43078,43078,99.00,182,16,198,0.9191919191919192,0.08080808080808081,Yes,0.9191919191919192
43079,43079,99.00,0,0,0,0,0,n/a,0
43080,43080,99.00,238,15,253,0.9407114624505929,0.05928853754940711,Yes,0.9407114624505929
43081,43081,99.00,13,2,15,0.8666666666666667,0.13333333333333333,Yes,0.8666666666666667
43082,43082,99.00,25,3,28,0.8928571428571429,0.10714285714285714,Yes,0.8928571428571429
43083,43083,99.00,2,0,2,1.0,0.0,Yes,1.0
43084,43084,99.00,2,1,3,0.6666666666666666,0.3333333333333333,Yes,0.6666666666666666
43085,43085,99.00,113,68,181,0.6243093922651933,0.3756906077348066,Yes,0.6243093922651933
43086,43086,99.00,10,0,10,1.0,0.0,Yes,1.0
43087,43087,99.00,199,8,207,0.961352657004831,0.03864734299516908,Yes,0.961352657004831
44001,44001,99.00,72,62,134,0.5373134328358209,0.4626865671641791,Yes,0.5373134328358209
44002,44002,99.00,6,48,54,0.1111111111111111,0.8888888888888888,No,0.8888888888888888
44003,44003,99.00,18,90,108,0.16666666666666666,0.8333333333333334,No,0.8333333333333334
44004,44004,99.00,57,68,125,0.456,0.544,No,0.544
44005,44005,99.00,11,1,12,0.9166666666666666,0.08333333333333333,Yes,0.9166666666666666
44006,44006,99.00,210,92,302,0.695364238410596,0.304635761589404,Yes,0.695364238410596
44007,44007,99.00,5,0,5,1.0,0.0,Yes,1.0
44008,44008,99.00,4,0,4,1.0,0.0,Yes,1.0
44009,44009,99.00,157,22,179,0.8770949720670391,0.12290502793296089,Yes,0.8770949720670391
44010,44010,99.00,103,22,125,0.824,0.176,Yes,0.824
44011,44011,99.00,0,0,0,0,0,n/a,0
44012,44012,99.00,8,0,8,1.0,0.0,Yes,1.0
44013,44013,99.00,27,63,90,0.3,0.7,No,0.7
44014,44014,99.00,226,45,271,0.8339483394833949,0.16605166051660517,Yes,0.8339483394833949
44015,44015,99.00,237,63,300,0.79,0.21,Yes,0.79
44016,44016,99.00,5,1,6,0.8333333333333334,0.16666666666666666,Yes,0.8333333333333334
44017,44017,99.00,8,0,8,1.0,0.0,Yes,1.0
44018,44018,99.00,351,63,414,0.8478260869565217,0.15217391304347827,Yes,0.8478260869565217
44019,44019,99.00,93,70,163,0.5705521472392638,0.4294478527607362,Yes,0.5705521472392638
44020,44020,99.00,228,43,271,0.8413284132841329,0.15867158671586715,Yes,0.8413284132841329
44021,44021,99.00,0,0,0,0,0,n/a,0
44022,44022,99.00,0,0,0,0,0,n/a,0
44023,44023,99.00,44,55,99,0.4444444444444444,0.5555555555555556,No,0.5555555555555556
44024,44024,99.00,30,45,75,0.4,0.6,No,0.6
44025,44025,99.00,103,137,240,0.42916666666666664,0.5708333333333333,No,0.5708333333333333
44026,44026,99.00,86,64,150,0.5733333333333334,0.4266666666666667,Yes,0.5733333333333334
44027,44027,99.00,72,94,166,0.43373493975903615,0.5662650602409639,No,0.5662650602409639
44028,44028,0.00,7,1,8,0.875,0.125,Yes,0.875
44029,44029,99.00,148,84,232,0.6379310344827587,0.3620689655172414,Yes,0.6379310344827587
44030,44030,99.00,2,0,2,1.0,0.0,Yes,1.0
44031,44031,0.00,17,4,21,0.8095238095238095,0.19047619047619047,Yes,0.8095238095238095
44032,44032,99.00,32,9,41,0.7804878048780488,0.21951219512195122,Yes,0.7804878048780488
44033,44033,0.00,13,1,14,0.9285714285714286,0.07142857142857142,Yes,0.9285714285714286
44034,44034,0.00,3,1,4,0.75,0.25,Yes,0.75
44035,44035,99.00,269,35,304,0.8848684210526315,0.11513157894736842,Yes,0.8848684210526315
44036,44036,99.00,305,24,329,0.9270516717325228,0.0729483282674772,Yes,0.9270516717325228
44037,44037,99.00,8,1,9,0.8888888888888888,0.1111111111111111,Yes,0.8888888888888888
44038,44038,99.00,216,26,242,0.8925619834710744,0.10743801652892562,Yes,0.8925619834710744
44039,44039,99.00,193,42,235,0.8212765957446808,0.17872340425531916,Yes,0.8212765957446808
44040,44040,99.00,0,0,0,0,0,n/a,0
44041,44041,99.00,0,1,1,0.0,1.0,No,1.0
44042,44042,99.00,169,31,200,0.845,0.155,Yes,0.845
44043,44043,99.00,154,100,254,0.6062992125984252,0.3937007874015748,Yes,0.6062992125984252
44044,44044,99.00,3,1,4,0.75,0.25,Yes,0.75
44045,44045,99.00,134,19,153,0.8758169934640523,0.12418300653594772,Yes,0.8758169934640523
44046,44046,99.00,3,0,3,1.0,0.0,Yes,1.0
44047,44047,99.00,2,0,2,1.0,0.0,Yes,1.0
44048,44048,99.00,259,41,300,0.8633333333333333,0.13666666666666666,Yes,0.8633333333333333
44049,44049,99.00,313,50,363,0.8622589531680441,0.13774104683195593,Yes,0.8622589531680441
44050,44050,99.00,243,21,264,0.9204545454545454,0.07954545454545454,Yes,0.9204545454545454
44051,44051,99.00,379,58,437,0.8672768878718535,0.13272311212814644,Yes,0.8672768878718535
44052,44052,99.00,330,63,393,0.8396946564885496,0.16030534351145037,Yes,0.8396946564885496
44053,44053,99.00,341,106,447,0.7628635346756152,0.2371364653243848,Yes,0.7628635346756152
44054,44054,99.00,225,39,264,0.8522727272727273,0.14772727272727273,Yes,0.8522727272727273
44055,44055,99.00,76,9,85,0.8941176470588236,0.10588235294117647,Yes,0.8941176470588236
44056,44056,99.00,33,0,33,1.0,0.0,Yes,1.0
44057,44057,99.00,478,113,591,0.8087986463620981,0.19120135363790186,Yes,0.8087986463620981
44058,44058,99.00,411,78,489,0.8404907975460123,0.15950920245398773,Yes,0.8404907975460123
44059,44059,99.00,275,49,324,0.8487654320987654,0.15123456790123457,Yes,0.8487654320987654
44060,44060,99.00,280,45,325,0.8615384615384616,0.13846153846153847,Yes,0.8615384615384616
44061,44061,99.00,38,3,41,0.926829268292683,0.07317073170731707,Yes,0.926829268292683
44062,44062,99.00,27,2,29,0.9310344827586207,0.06896551724137931,Yes,0.9310344827586207
44063,44063,36.36,196,17,213,0.92018779342723,0.07981220657276995,Yes,0.92018779342723
44064,44064,99.00,126,17,143,0.8811188811188811,0.11888111888111888,Yes,0.8811188811188811
44065,44065,99.00,359,53,412,0.8713592233009708,0.12864077669902912,Yes,0.8713592233009708
44066,44066,99.00,34,5,39,0.8717948717948718,0.1282051282051282,Yes,0.8717948717948718
44067,44067,99.00,0,2,2,0.0,1.0,No,1.0
44068,44068,36.36,367,60,427,0.8594847775175644,0.1405152224824356,Yes,0.8594847775175644
44069,44069,36.36,55,4,59,0.9322033898305084,0.06779661016949153,Yes,0.9322033898305084
44070,44070,36.36,61,11,72,0.8472222222222222,0.1527777777777778,Yes,0.8472222222222222
44071,44071,99.00,69,5,74,0.9324324324324325,0.06756756756756757,Yes,0.9324324324324325
44072,44072,36.36,370,37,407,0.9090909090909091,0.09090909090909091,Yes,0.9090909090909091
44073,44073,99.00,254,40,294,0.8639455782312925,0.1360544217687075,Yes,0.8639455782312925
44074,44074,99.00,36,3,39,0.9230769230769231,0.07692307692307693,Yes,0.9230769230769231
44075,44075,99.00,393,44,437,0.8993135011441648,0.10068649885583524,Yes,0.8993135011441648
44076,44076,36.36,298,29,327,0.9113149847094801,0.08868501529051988,Yes,0.9113149847094801
44077,44077,99.00,505,49,554,0.9115523465703971,0.08844765342960288,Yes,0.9115523465703971
44078,44078,99.00,445,52,497,0.8953722334004024,0.10462776659959759,Yes,0.8953722334004024
44079,44079,99.00,413,55,468,0.8824786324786325,0.11752136752136752,Yes,0.8824786324786325
44080,44080,99.00,30,3,33,0.9090909090909091,0.09090909090909091,Yes,0.9090909090909091
44081,44081,99.00,145,61,206,0.7038834951456311,0.2961165048543689,Yes,0.7038834951456311
44082,44082,99.00,13,2,15,0.8666666666666667,0.13333333333333333,Yes,0.8666666666666667
44083,44083,99.00,228,56,284,0.8028169014084507,0.19718309859154928,Yes,0.8028169014084507
44084,44084,99.00,31,2,33,0.9393939393939394,0.06060606060606061,Yes,0.9393939393939394
44085,44085,99.00,0,0,0,0,0,n/a,0
44086,44086,99.00,14,0,14,1.0,0.0,Yes,1.0
44087,44087,0.00,5,0,5,1.0,0.0,Yes,1.0
44088,44088,99.00,7,0,7,1.0,0.0,Yes,1.0
44089,44089,99.00,6,0,6,1.0,0.0,Yes,1.0
44090,44090,99.00,3,0,3,1.0,0.0,Yes,1.0
44091,44091,99.00,0,0,0,0,0,n/a,0
44092,44092,99.00,0,0,0,0,0,n/a,0
44093,44093,0.00,0,0,0,0,0,n/a,0
45001,45001,99.00,50,123,173,0.28901734104046245,0.7109826589595376,No,0.7109826589595376
45002,45002,99.00,66,116,182,0.3626373626373626,0.6373626373626373,No,0.6373626373626373
45003,45003,99.00,44,107,151,0.2913907284768212,0.7086092715231788,No,0.7086092715231788
45004,45004,75.00,61,57,118,0.5169491525423728,0.4830508474576271,Yes,0.5169491525423728
45005,45005,99.00,43,100,143,0.3006993006993007,0.6993006993006993,No,0.6993006993006993
45006,45006,75.00,26,116,142,0.18309859154929578,0.8169014084507042,No,0.8169014084507042
45007,45007,99.00,0,0,0,0,0,n/a,0
45008,45008,99.00,31,58,89,0.34831460674157305,0.651685393258427,No,0.651685393258427
45009,45009,75.00,24,126,150,0.16,0.84,No,0.84
45010,45010,75.00,0,2,2,0.0,1.0,No,1.0
45011,45011,75.00,47,47,94,0.5,0.5,Tie,0.5
45012,45012,99.00,7,7,14,0.5,0.5,Tie,0.5
45013,45013,99.00,74,120,194,0.38144329896907214,0.6185567010309279,No,0.6185567010309279
45014,45014,99.00,84,83,167,0.5029940119760479,0.49700598802395207,Yes,0.5029940119760479
45015,45015,99.00,0,0,0,0,0,n/a,0
45016,45016,99.00,19,108,127,0.14960629921259844,0.8503937007874016,No,0.8503937007874016
45017,45017,99.00,18,48,66,0.2727272727272727,0.7272727272727273,No,0.7272727272727273
45018,45018,99.00,0,0,0,0,0,n/a,0
45019,45019,99.00,36,103,139,0.2589928057553957,0.7410071942446043,No,0.7410071942446043
45020,45020,99.00,0,1,1,0.0,1.0,No,1.0
45021,45021,99.00,9,37,46,0.1956521739130435,0.8043478260869565,No,0.8043478260869565
45022,45022,99.00,28,70,98,0.2857142857142857,0.7142857142857143,No,0.7142857142857143
45023,45023,99.00,3,0,3,1.0,0.0,Yes,1.0
45024,45024,99.00,4,0,4,1.0,0.0,Yes,1.0
45025,45025,99.00,0,0,0,0,0,n/a,0
45026,45026,99.00,44,30,74,0.5945945945945946,0.40540540540540543,Yes,0.5945945945945946
45027,45027,99.00,54,28,82,0.6585365853658537,0.34146341463414637,Yes,0.6585365853658537
45028,45028,66.67,2,2,4,0.5,0.5,Tie,0.5
45029,45029,99.00,18,26,44,0.4090909090909091,0.5909090909090909,No,0.5909090909090909
45030,45030,66.67,63,51,114,0.5526315789473685,0.4473684210526316,Yes,0.5526315789473685
45031,45031,99.00,50,65,115,0.43478260869565216,0.5652173913043478,No,0.5652173913043478
45032,45032,99.00,2,0,2,1.0,0.0,Yes,1.0
45033,45033,99.00,74,75,149,0.4966442953020134,0.5033557046979866,No,0.5033557046979866
45034,45034,99.00,2,2,4,0.5,0.5,Tie,0.5
45035,45035,99.00,45,103,148,0.30405405405405406,0.6959459459459459,No,0.6959459459459459
45036,45036,99.00,0,0,0,0,0,n/a,0
45037,45037,99.00,61,43,104,0.5865384615384616,0.41346153846153844,Yes,0.5865384615384616
45038,45038,66.67,37,44,81,0.4567901234567901,0.5432098765432098,No,0.5432098765432098
45039,45039,66.67,1,0,1,1.0,0.0,Yes,1.0
45040,45040,99.00,93,78,171,0.543859649122807,0.45614035087719296,Yes,0.543859649122807
45041,45041,99.00,0,2,2,0.0,1.0,No,1.0
45042,45042,99.00,0,0,0,0,0,n/a,0
45043,45043,99.00,74,62,136,0.5441176470588235,0.45588235294117646,Yes,0.5441176470588235
45044,45044,99.00,91,30,121,0.7520661157024794,0.24793388429752067,Yes,0.7520661157024794
45045,45045,99.00,0,0,0,0,0,n/a,0
45046,45046,99.00,49,20,69,0.7101449275362319,0.2898550724637681,Yes,0.7101449275362319
45047,45047,99.00,13,3,16,0.8125,0.1875,Yes,0.8125
45048,45048,99.00,49,65,114,0.4298245614035088,0.5701754385964912,No,0.5701754385964912
45049,45049,99.00,0,0,0,0,0,n/a,0
45050,45050,99.00,56,31,87,0.6436781609195402,0.3563218390804598,Yes,0.6436781609195402
45051,45051,99.00,43,42,85,0.5058823529411764,0.49411764705882355,Yes,0.5058823529411764
45052,45052,99.00,1,0,1,1.0,0.0,Yes,1.0
45053,45053,99.00,66,72,138,0.4782608695652174,0.5217391304347826,No,0.5217391304347826
45054,45054,99.00,2,2,4,0.5,0.5,Tie,0.5
45055,45055,99.00,0,0,0,0,0,n/a,0
45056,45056,66.67,2,2,4,0.5,0.5,Tie,0.5
45057,45057,99.00,52,37,89,0.5842696629213483,0.4157303370786517,Yes,0.5842696629213483
45058,45058,99.00,2,0,2,1.0,0.0,Yes,1.0
45059,45059,99.00,90,55,145,0.6206896551724138,0.3793103448275862,Yes,0.6206896551724138
45060,45060,99.00,49,21,70,0.7,0.3,Yes,0.7
45061,45061,99.00,0,0,0,0,0,n/a,0
45062,45062,99.00,32,18,50,0.64,0.36,Yes,0.64
45063,45063,99.00,0,0,0,0,0,n/a,0
45064,45064,99.00,23,26,49,0.46938775510204084,0.5306122448979592,No,0.5306122448979592
45065,45065,99.00,2,1,3,0.6666666666666666,0.3333333333333333,Yes,0.6666666666666666
45066,45066,0.00,1,0,1,1.0,0.0,Yes,1.0
45067,45067,99.00,0,0,0,0,0,n/a,0
45068,45068,99.00,43,69,112,0.38392857142857145,0.6160714285714286,No,0.6160714285714286
45069,45069,99.00,82,108,190,0.43157894736842106,0.5684210526315789,No,0.5684210526315789
45070,45070,99.00,2,0,2,1.0,0.0,Yes,1.0
45071,45071,99.00,3,1,4,0.75,0.25,Yes,0.75
45072,45072,99.00,0,0,0,0,0,n/a,0
45073,45073,99.00,40,37,77,0.5194805194805194,0.4805194805194805,Yes,0.5194805194805194
45074,45074,99.00,45,70,115,0.391304347826087,0.6086956521739131,No,0.6086956521739131
45075,45075,99.00,58,42,100,0.58,0.42,Yes,0.58
45076,45076,99.00,2,0,2,1.0,0.0,Yes,1.0
45077,45077,99.00,0,0,0,0,0,n/a,0
45078,45078,99.00,74,74,148,0.5,0.5,Tie,0.5
45079,45079,99.00,0,0,0,0,0,n/a,0
45080,45080,99.00,0,0,0,0,0,n/a,0
46001,46001,99.00,4,5,9,0.4444444444444444,0.5555555555555556,No,0.5555555555555556
46002,46002,99.00,5,0,5,1.0,0.0,Yes,1.0
46003,46003,99.00,78,49,127,0.6141732283464567,0.3858267716535433,Yes,0.6141732283464567
46004,46004,99.00,116,59,175,0.6628571428571428,0.33714285714285713,Yes,0.6628571428571428
46005,46005,99.00,68,9,77,0.8831168831168831,0.11688311688311688,Yes,0.8831168831168831
46006,46006,99.00,2,1,3,0.6666666666666666,0.3333333333333333,Yes,0.6666666666666666
46007,46007,99.00,5,2,7,0.7142857142857143,0.2857142857142857,Yes,0.7142857142857143
46008,46008,99.00,137,27,164,0.8353658536585366,0.16463414634146342,Yes,0.8353658536585366
46009,46009,99.00,10,1,11,0.9090909090909091,0.09090909090909091,Yes,0.9090909090909091
46010,46010,99.00,107,19,126,0.8492063492063492,0.15079365079365079,Yes,0.8492063492063492
46011,46011,99.00,21,8,29,0.7241379310344828,0.27586206896551724,Yes,0.7241379310344828
46012,46012,99.00,111,13,124,0.8951612903225806,0.10483870967741936,Yes,0.8951612903225806
46013,46013,99.00,5,0,5,1.0,0.0,Yes,1.0
46014,46014,99.00,107,22,129,0.8294573643410853,0.17054263565891473,Yes,0.8294573643410853
46015,46015,99.00,1,0,1,1.0,0.0,Yes,1.0
46016,46016,99.00,77,42,119,0.6470588235294118,0.35294117647058826,Yes,0.6470588235294118
46017,46017,99.00,44,53,97,0.4536082474226804,0.5463917525773195,No,0.5463917525773195
46018,46018,99.00,0,0,0,0,0,n/a,0
46019,46019,99.00,56,45,101,0.5544554455445545,0.44554455445544555,Yes,0.5544554455445545
46020,46020,99.00,58,37,95,0.6105263157894737,0.3894736842105263,Yes,0.6105263157894737
46021,46021,99.00,0,0,0,0,0,n/a,0
46022,46022,99.00,41,37,78,0.5256410256410257,0.47435897435897434,Yes,0.5256410256410257
46023,46023,99.00,43,30,73,0.589041095890411,0.410958904109589,Yes,0.589041095890411
46024,46024,99.00,43,34,77,0.5584415584415584,0.44155844155844154,Yes,0.5584415584415584
46025,46025,99.00,0,1,1,0.0,1.0,No,1.0
46026,46026,50.00,14,9,23,0.6086956521739131,0.391304347826087,Yes,0.6086956521739131
46027,46027,99.00,47,48,95,0.49473684210526314,0.5052631578947369,No,0.5052631578947369
46028,46028,99.00,0,0,0,0,0,n/a,0
46029,46029,99.00,41,32,73,0.5616438356164384,0.4383561643835616,Yes,0.5616438356164384
46030,46030,99.00,75,55,130,0.5769230769230769,0.4230769230769231,Yes,0.5769230769230769
46031,46031,99.00,132,69,201,0.6567164179104478,0.34328358208955223,Yes,0.6567164179104478
46032,46032,99.00,10,0,10,1.0,0.0,Yes,1.0
46033,46033,99.00,106,23,129,0.8217054263565892,0.17829457364341086,Yes,0.8217054263565892
46034,46034,99.00,4,2,6,0.6666666666666666,0.3333333333333333,Yes,0.6666666666666666
46035,46035,99.00,0,0,0,0,0,n/a,0
46036,46036,99.00,7,0,7,1.0,0.0,Yes,1.0
46037,46037,99.00,0,1,1,0.0,1.0,No,1.0
46038,46038,99.00,58,36,94,0.6170212765957447,0.3829787234042553,Yes,0.6170212765957447
46039,46039,99.00,2,0,2,1.0,0.0,Yes,1.0
46040,46040,99.00,25,8,33,0.7575757575757576,0.24242424242424243,Yes,0.7575757575757576
46041,46041,99.00,119,102,221,0.5384615384615384,0.46153846153846156,Yes,0.5384615384615384
46042,46042,99.00,73,142,215,0.3395348837209302,0.6604651162790698,No,0.6604651162790698
46043,46043,99.00,19,21,40,0.475,0.525,No,0.525
46044,46044,99.00,30,13,43,0.6976744186046512,0.3023255813953488,Yes,0.6976744186046512
46045,46045,99.00,35,20,55,0.6363636363636364,0.36363636363636365,Yes,0.6363636363636364
46046,46046,99.00,28,11,39,0.717948717948718,0.28205128205128205,Yes,0.717948717948718
46047,46047,99.00,67,84,151,0.44370860927152317,0.5562913907284768,No,0.5562913907284768
46048,46048,99.00,67,49,116,0.5775862068965517,0.4224137931034483,Yes,0.5775862068965517
46049,46049,99.00,158,97,255,0.6196078431372549,0.3803921568627451,Yes,0.6196078431372549
46050,46050,99.00,94,87,181,0.5193370165745856,0.48066298342541436,Yes,0.5193370165745856
46051,46051,33.33,87,114,201,0.43283582089552236,0.5671641791044776,No,0.5671641791044776
46052,46052,99.00,6,1,7,0.8571428571428571,0.14285714285714285,Yes,0.8571428571428571
46053,46053,99.00,109,64,173,0.630057803468208,0.3699421965317919,Yes,0.630057803468208
46054,46054,99.00,101,46,147,0.6870748299319728,0.3129251700680272,Yes,0.6870748299319728
46055,46055,99.00,74,53,127,0.5826771653543307,0.41732283464566927,Yes,0.5826771653543307
46056,46056,99.00,105,49,154,0.6818181818181818,0.3181818181818182,Yes,0.6818181818181818
46057,46057,99.00,6,3,9,0.6666666666666666,0.3333333333333333,Yes,0.6666666666666666
46058,46058,99.00,107,71,178,0.601123595505618,0.398876404494382,Yes,0.601123595505618
46059,46059,99.00,91,70,161,0.5652173913043478,0.43478260869565216,Yes,0.5652173913043478
46060,46060,99.00,177,171,348,0.5086206896551724,0.49137931034482757,Yes,0.5086206896551724
46061,46061,99.00,13,5,18,0.7222222222222222,0.2777777777777778,Yes,0.7222222222222222
46062,46062,99.00,177,113,290,0.6103448275862069,0.3896551724137931,Yes,0.6103448275862069
46063,46063,99.00,108,95,203,0.5320197044334976,0.46798029556650245,Yes,0.5320197044334976
46064,46064,99.00,133,83,216,0.6157407407407407,0.38425925925925924,Yes,0.6157407407407407
46065,46065,99.00,119,89,208,0.5721153846153846,0.42788461538461536,Yes,0.5721153846153846
46066,46066,99.00,72,71,143,0.5034965034965035,0.4965034965034965,Yes,0.5034965034965035
46067,46067,99.00,77,117,194,0.39690721649484534,0.6030927835051546,No,0.6030927835051546
46068,46068,99.00,49,129,178,0.2752808988764045,0.7247191011235955,No,0.7247191011235955
46069,46069,99.00,42,95,137,0.30656934306569344,0.6934306569343066,No,0.6934306569343066
46070,46070,99.00,3,0,3,1.0,0.0,Yes,1.0
46071,46071,99.00,65,69,134,0.48507462686567165,0.5149253731343284,No,0.5149253731343284
46072,46072,99.00,84,82,166,0.5060240963855421,0.4939759036144578,Yes,0.5060240963855421
46073,46073,99.00,77,60,137,0.5620437956204379,0.43795620437956206,Yes,0.5620437956204379
46074,46074,99.00,0,2,2,0.0,1.0,No,1.0
46075,46075,99.00,155,141,296,0.5236486486486487,0.47635135135135137,Yes,0.5236486486486487
46076,46076,99.00,5,1,6,0.8333333333333334,0.16666666666666666,Yes,0.8333333333333334
46077,46077,99.00,26,30,56,0.4642857142857143,0.5357142857142857,No,0.5357142857142857
46078,46078,99.00,173,177,350,0.4942857142857143,0.5057142857142857,No,0.5057142857142857
46079,46079,99.00,85,165,250,0.34,0.66,No,0.66
46080,46080,99.00,106,9,115,0.9217391304347826,0.0782608695652174,Yes,0.9217391304347826
46081,46081,99.00,0,1,1,0.0,1.0,No,1.0
46082,46082,99.00,0,0,0,0,0,n/a,0
46083,46083,99.00,0,0,0,0,0,n/a,0
46084,46084,99.00,0,0,0,0,0,n/a,0
47001,47001,99.00,61,109,170,0.3588235294117647,0.6411764705882353,No,0.6411764705882353
47002,47002,99.00,2,6,8,0.25,0.75,No,0.75
47003,47003,99.00,33,32,65,0.5076923076923077,0.49230769230769234,Yes,0.5076923076923077
47004,47004,44.44,1,0,1,1.0,0.0,Yes,1.0
47005,47005,99.00,3,3,6,0.5,0.5,Tie,0.5
47006,47006,99.00,100,96,196,0.5102040816326531,0.4897959183673469,Yes,0.5102040816326531
47007,47007,99.00,8,3,11,0.7272727272727273,0.2727272727272727,Yes,0.7272727272727273
47008,47008,99.00,96,84,180,0.5333333333333333,0.4666666666666667,Yes,0.5333333333333333
47009,47009,99.00,94,107,201,0.46766169154228854,0.5323383084577115,No,0.5323383084577115
47010,47010,99.00,5,13,18,0.2777777777777778,0.7222222222222222,No,0.7222222222222222
47011,47011,99.00,0,2,2,0.0,1.0,No,1.0
47012,47012,99.00,65,50,115,0.5652173913043478,0.43478260869565216,Yes,0.5652173913043478
47013,47013,99.00,120,53,173,0.6936416184971098,0.3063583815028902,Yes,0.6936416184971098
47014,47014,99.00,49,47,96,0.5104166666666666,0.4895833333333333,Yes,0.5104166666666666
47015,47015,99.00,49,13,62,0.7903225806451613,0.20967741935483872,Yes,0.7903225806451613
47016,47016,99.00,3,0,3,1.0,0.0,Yes,1.0
47017,47017,99.00,55,37,92,0.5978260869565217,0.40217391304347827,Yes,0.5978260869565217
47018,47018,99.00,32,36,68,0.47058823529411764,0.5294117647058824,No,0.5294117647058824
47019,47019,99.00,0,1,1,0.0,1.0,No,1.0
47020,47020,99.00,59,43,102,0.5784313725490197,0.4215686274509804,Yes,0.5784313725490197
47021,47021,99.00,4,2,6,0.6666666666666666,0.3333333333333333,Yes,0.6666666666666666
47022,47022,99.00,5,3,8,0.625,0.375,Yes,0.625
47023,47023,99.00,92,38,130,0.7076923076923077,0.2923076923076923,Yes,0.7076923076923077
47024,47024,99.00,74,55,129,0.5736434108527132,0.4263565891472868,Yes,0.5736434108527132
47025,47025,99.00,75,57,132,0.5681818181818182,0.4318181818181818,Yes,0.5681818181818182
47026,47026,99.00,38,51,89,0.42696629213483145,0.5730337078651685,No,0.5730337078651685
47027,47027,99.00,62,53,115,0.5391304347826087,0.4608695652173913,Yes,0.5391304347826087
47028,47028,99.00,99,51,150,0.66,0.34,Yes,0.66
47029,47029,99.00,61,58,119,0.5126050420168067,0.48739495798319327,Yes,0.5126050420168067
47030,47030,99.00,1,10,11,0.09090909090909091,0.9090909090909091,No,0.9090909090909091
47031,47031,99.00,78,42,120,0.65,0.35,Yes,0.65
47032,47032,99.00,2,1,3,0.6666666666666666,0.3333333333333333,Yes,0.6666666666666666
47033,47033,99.00,1,0,1,1.0,0.0,Yes,1.0
47034,47034,99.00,0,0,0,0,0,n/a,0
47035,47035,99.00,0,0,0,0,0,n/a,0
47036,47036,99.00,0,2,2,0.0,1.0,No,1.0
47037,47037,99.00,65,45,110,0.5909090909090909,0.4090909090909091,Yes,0.5909090909090909
47038,47038,99.00,4,1,5,0.8,0.2,Yes,0.8
47039,47039,99.00,1,1,2,0.5,0.5,Tie,0.5
47040,47040,99.00,51,42,93,0.5483870967741935,0.45161290322580644,Yes,0.5483870967741935
47041,47041,99.00,1,1,2,0.5,0.5,Tie,0.5
47042,47042,99.00,2,1,3,0.6666666666666666,0.3333333333333333,Yes,0.6666666666666666
47043,47043,99.00,89,72,161,0.5527950310559007,0.4472049689440994,Yes,0.5527950310559007
47044,47044,99.00,90,47,137,0.656934306569343,0.34306569343065696,Yes,0.656934306569343
47045,47045,99.00,44,46,90,0.4888888888888889,0.5111111111111111,No,0.5111111111111111
47046,47046,99.00,43,40,83,0.5180722891566265,0.4819277108433735,Yes,0.5180722891566265
47047,47047,99.00,53,59,112,0.4732142857142857,0.5267857142857143,No,0.5267857142857143
47048,47048,99.00,68,54,122,0.5573770491803278,0.4426229508196721,Yes,0.5573770491803278
47049,47049,99.00,1,7,8,0.125,0.875,No,0.875
47050,47050,99.00,78,65,143,0.5454545454545454,0.45454545454545453,Yes,0.5454545454545454
47051,47051,99.00,69,85,154,0.44805194805194803,0.551948051948052,No,0.551948051948052
47052,47052,99.00,3,1,4,0.75,0.25,Yes,0.75
47053,47053,99.00,76,26,102,0.7450980392156863,0.2549019607843137,Yes,0.7450980392156863
47054,47054,99.00,2,0,2,1.0,0.0,Yes,1.0
47055,47055,99.00,80,64,144,0.5555555555555556,0.4444444444444444,Yes,0.5555555555555556
47056,47056,99.00,0,0,0,0,0,n/a,0
47057,47057,99.00,63,66,129,0.4883720930232558,0.5116279069767442,No,0.5116279069767442
47058,47058,99.00,39,39,78,0.5,0.5,Tie,0.5
47059,47059,99.00,42,28,70,0.6,0.4,Yes,0.6
47060,47060,99.00,0,0,0,0,0,n/a,0
47061,47061,99.00,34,24,58,0.5862068965517241,0.41379310344827586,Yes,0.5862068965517241
47062,47062,99.00,69,34,103,0.6699029126213593,0.3300970873786408,Yes,0.6699029126213593
47063,47063,99.00,28,23,51,0.5490196078431373,0.45098039215686275,Yes,0.5490196078431373
47064,47064,99.00,68,59,127,0.5354330708661418,0.4645669291338583,Yes,0.5354330708661418
47065,47065,99.00,3,5,8,0.375,0.625,No,0.625
47066,47066,99.00,1,0,1,1.0,0.0,Yes,1.0
47067,47067,99.00,0,0,0,0,0,n/a,0
47068,47068,99.00,0,1,1,0.0,1.0,No,1.0
47069,47069,99.00,7,1,8,0.875,0.125,Yes,0.875
47070,47070,99.00,37,49,86,0.43023255813953487,0.5697674418604651,No,0.5697674418604651
47071,47071,99.00,7,3,10,0.7,0.3,Yes,0.7
47072,47072,44.44,36,28,64,0.5625,0.4375,Yes,0.5625
47073,47073,99.00,0,0,0,0,0,n/a,0
47074,47074,99.00,0,0,0,0,0,n/a,0
48001,48001,99.00,0,0,0,0,0,n/a,0
48002,48002,99.00,0,2,2,0.0,1.0,No,1.0
48003,48003,99.00,20,53,73,0.273972602739726,0.726027397260274,No,0.726027397260274
48004,48004,99.00,35,123,158,0.22151898734177214,0.7784810126582279,No,0.7784810126582279
48005,48005,99.00,19,54,73,0.2602739726027397,0.7397260273972602,No,0.7397260273972602
48006,48006,99.00,3,1,4,0.75,0.25,Yes,0.75
48007,48007,99.00,17,67,84,0.20238095238095238,0.7976190476190477,No,0.7976190476190477
48008,48008,99.00,1,11,12,0.08333333333333333,0.9166666666666666,No,0.9166666666666666
48009,48009,99.00,13,66,79,0.16455696202531644,0.8354430379746836,No,0.8354430379746836
48010,48010,99.00,21,106,127,0.16535433070866143,0.8346456692913385,No,0.8346456692913385
48011,48011,99.00,0,0,0,0,0,n/a,0
48012,48012,99.00,0,3,3,0.0,1.0,No,1.0
48013,48013,99.00,0,0,0,0,0,n/a,0
48014,48014,99.00,7,48,55,0.12727272727272726,0.8727272727272727,No,0.8727272727272727
48015,48015,99.00,22,154,176,0.125,0.875,No,0.875
48016,48016,99.00,19,106,125,0.152,0.848,No,0.848
48017,48017,99.00,0,1,1,0.0,1.0,No,1.0
48018,48018,99.00,9,100,109,0.08256880733944955,0.9174311926605505,No,0.9174311926605505
48019,48019,99.00,28,135,163,0.17177914110429449,0.8282208588957055,No,0.8282208588957055
48020,48020,99.00,0,0,0,0,0,n/a,0
48021,48021,99.00,8,55,63,0.12698412698412698,0.873015873015873,No,0.873015873015873
48022,48022,99.00,1,3,4,0.25,0.75,No,0.75
48023,48023,99.00,15,86,101,0.1485148514851485,0.8514851485148515,No,0.8514851485148515
48024,48024,99.00,5,72,77,0.06493506493506493,0.935064935064935,No,0.935064935064935
48025,48025,99.00,15,64,79,0.189873417721519,0.810126582278481,No,0.810126582278481
48026,48026,99.00,81,161,242,0.3347107438016529,0.6652892561983471,No,0.6652892561983471
48027,48027,99.00,0,2,2,0.0,1.0,No,1.0
48028,48028,99.00,1,3,4,0.25,0.75,No,0.75
48029,48029,99.00,27,160,187,0.1443850267379679,0.8556149732620321,No,0.8556149732620321
48030,48030,99.00,16,185,201,0.07960199004975124,0.9203980099502488,No,0.9203980099502488
48031,48031,99.00,46,13,59,0.7796610169491526,0.22033898305084745,Yes,0.7796610169491526
48032,48032,99.00,35,147,182,0.19230769230769232,0.8076923076923077,No,0.8076923076923077
48033,48033,99.00,2,5,7,0.2857142857142857,0.7142857142857143,No,0.7142857142857143
48034,48034,99.00,23,19,42,0.5476190476190477,0.4523809523809524,Yes,0.5476190476190477
48035,48035,99.00,5,6,11,0.45454545454545453,0.5454545454545454,No,0.5454545454545454
48036,48036,99.00,49,44,93,0.5268817204301075,0.4731182795698925,Yes,0.5268817204301075
48037,48037,99.00,1,3,4,0.25,0.75,No,0.75
48038,48038,99.00,3,0,3,1.0,0.0,Yes,1.0
48039,48039,99.00,2,0,2,1.0,0.0,Yes,1.0
48040,48040,99.00,25,124,149,0.16778523489932887,0.8322147651006712,No,0.8322147651006712
48041,48041,99.00,2,0,2,1.0,0.0,Yes,1.0
48042,48042,99.00,51,143,194,0.26288659793814434,0.7371134020618557,No,0.7371134020618557
48043,48043,99.00,62,51,113,0.5486725663716814,0.45132743362831856,Yes,0.5486725663716814
48044,48044,99.00,48,26,74,0.6486486486486487,0.35135135135135137,Yes,0.6486486486486487
48045,48045,99.00,0,4,4,0.0,1.0,No,1.0
48046,48046,99.00,1,2,3,0.3333333333333333,0.6666666666666666,No,0.6666666666666666
48047,48047,99.00,37,86,123,0.3008130081300813,0.6991869918699187,No,0.6991869918699187
48048,48048,99.00,6,84,90,0.06666666666666667,0.9333333333333333,No,0.9333333333333333
48049,48049,99.00,12,12,24,0.5,0.5,Tie,0.5
48050,48050,75.00,5,52,57,0.08771929824561403,0.9122807017543859,No,0.9122807017543859
48051,48051,99.00,61,88,149,0.40939597315436244,0.5906040268456376,No,0.5906040268456376
48052,48052,99.00,21,57,78,0.2692307692307692,0.7307692307692307,No,0.7307692307692307
48053,48053,99.00,0,0,0,0,0,n/a,0
48054,48054,99.00,3,3,6,0.5,0.5,Tie,0.5
48055,48055,99.00,90,153,243,0.37037037037037035,0.6296296296296297,No,0.6296296296296297
48056,48056,99.00,66,97,163,0.4049079754601227,0.5950920245398773,No,0.5950920245398773
48057,48057,99.00,4,2,6,0.6666666666666666,0.3333333333333333,Yes,0.6666666666666666
48058,48058,99.00,2,1,3,0.6666666666666666,0.3333333333333333,Yes,0.6666666666666666
48059,48059,99.00,17,124,141,0.12056737588652482,0.8794326241134752,No,0.8794326241134752
48060,48060,99.00,40,127,167,0.23952095808383234,0.7604790419161677,No,0.7604790419161677
48061,48061,99.00,46,161,207,0.2222222222222222,0.7777777777777778,No,0.7777777777777778
48062,48062,99.00,71,78,149,0.47651006711409394,0.5234899328859061,No,0.5234899328859061
48063,48063,99.00,75,45,120,0.625,0.375,Yes,0.625
48064,48064,99.00,14,54,68,0.20588235294117646,0.7941176470588235,No,0.7941176470588235
48065,48065,99.00,50,117,167,0.2994011976047904,0.7005988023952096,No,0.7005988023952096
48066,48066,99.00,0,0,0,0,0,n/a,0
48067,48067,99.00,9,33,42,0.21428571428571427,0.7857142857142857,No,0.7857142857142857
48068,48068,99.00,1,0,1,1.0,0.0,Yes,1.0
48069,48069,99.00,1,0,1,1.0,0.0,Yes,1.0
48070,48070,99.00,48,81,129,0.37209302325581395,0.627906976744186,No,0.627906976744186
48071,48071,99.00,9,106,115,0.0782608695652174,0.9217391304347826,No,0.9217391304347826
48072,48072,99.00,26,142,168,0.15476190476190477,0.8452380952380952,No,0.8452380952380952
49001,49001,99.00,76,25,101,0.7524752475247525,0.24752475247524752,Yes,0.7524752475247525
49002,49002,99.00,32,20,52,0.6153846153846154,0.38461538461538464,Yes,0.6153846153846154
49003,49003,66.67,10,2,12,0.8333333333333334,0.16666666666666666,Yes,0.8333333333333334
49004,49004,66.67,75,43,118,0.635593220338983,0.3644067796610169,Yes,0.635593220338983
49005,49005,66.67,33,18,51,0.6470588235294118,0.35294117647058826,Yes,0.6470588235294118
49006,49006,99.00,0,2,2,0.0,1.0,No,1.0
49007,49007,99.00,0,0,0,0,0,n/a,0
49008,49008,99.00,57,31,88,0.6477272727272727,0.3522727272727273,Yes,0.6477272727272727
49009,49009,99.00,30,17,47,0.6382978723404256,0.3617021276595745,Yes,0.6382978723404256
49010,49010,0.00,0,0,0,0,0,n/a,0
49011,49011,0.00,3,0,3,1.0,0.0,Yes,1.0
49012,49012,99.00,2,0,2,1.0,0.0,Yes,1.0
49013,49013,99.00,1,0,1,1.0,0.0,Yes,1.0
49014,49014,66.67,0,0,0,0,0,n/a,0
49015,49015,99.00,0,0,0,0,0,n/a,0
49016,49016,99.00,46,25,71,0.647887323943662,0.352112676056338,Yes,0.647887323943662
49017,49017,99.00,38,47,85,0.4470588235294118,0.5529411764705883,No,0.5529411764705883
49018,49018,99.00,0,1,1,0.0,1.0,No,1.0
49019,49019,99.00,45,25,70,0.6428571428571429,0.35714285714285715,Yes,0.6428571428571429
49020,49020,99.00,93,69,162,0.5740740740740741,0.42592592592592593,Yes,0.5740740740740741
49021,49021,99.00,44,26,70,0.6285714285714286,0.37142857142857144,Yes,0.6285714285714286
49022,49022,99.00,46,56,102,0.45098039215686275,0.5490196078431373,No,0.5490196078431373
49023,49023,99.00,100,41,141,0.7092198581560284,0.2907801418439716,Yes,0.7092198581560284
49024,49024,99.00,1,3,4,0.25,0.75,No,0.75
49025,49025,99.00,59,57,116,0.5086206896551724,0.49137931034482757,Yes,0.5086206896551724
49026,49026,44.44,81,84,165,0.4909090909090909,0.509090909090909,No,0.509090909090909
49027,49027,44.44,51,32,83,0.6144578313253012,0.3855421686746988,Yes,0.6144578313253012
49028,49028,44.44,4,6,10,0.4,0.6,No,0.6
49029,49029,99.00,0,0,0,0,0,n/a,0
49030,49030,99.00,2,1,3,0.6666666666666666,0.3333333333333333,Yes,0.6666666666666666
49031,49031,99.00,27,24,51,0.5294117647058824,0.47058823529411764,Yes,0.5294117647058824
49032,49032,99.00,0,0,0,0,0,n/a,0
49033,49033,99.00,1,0,1,1.0,0.0,Yes,1.0
49034,49034,44.44,5,1,6,0.8333333333333334,0.16666666666666666,Yes,0.8333333333333334
49035,49035,99.00,106,75,181,0.585635359116022,0.4143646408839779,Yes,0.585635359116022
49036,49036,44.44,0,1,1,0.0,1.0,No,1.0
49037,49037,99.00,35,34,69,0.5072463768115942,0.4927536231884058,Yes,0.5072463768115942
49038,49038,99.00,32,29,61,0.5245901639344263,0.47540983606557374,Yes,0.5245901639344263
49039,49039,99.00,8,0,8,1.0,0.0,Yes,1.0
49040,49040,99.00,90,59,149,0.6040268456375839,0.3959731543624161,Yes,0.6040268456375839
49041,49041,99.00,44,40,84,0.5238095238095238,0.47619047619047616,Yes,0.5238095238095238
49042,49042,99.00,42,25,67,0.6268656716417911,0.373134328358209,Yes,0.6268656716417911
49043,49043,99.00,27,37,64,0.421875,0.578125,No,0.578125
49044,49044,44.44,5,2,7,0.7142857142857143,0.2857142857142857,Yes,0.7142857142857143
49045,49045,99.00,2,1,3,0.6666666666666666,0.3333333333333333,Yes,0.6666666666666666
49046,49046,99.00,0,0,0,0,0,n/a,0
49047,49047,99.00,57,51,108,0.5277777777777778,0.4722222222222222,Yes,0.5277777777777778
49048,49048,99.00,44,54,98,0.4489795918367347,0.5510204081632653,No,0.5510204081632653
49049,49049,99.00,83,118,201,0.4129353233830846,0.5870646766169154,No,0.5870646766169154
49050,49050,99.00,98,91,189,0.5185185185185185,0.48148148148148145,Yes,0.5185185185185185
49051,49051,99.00,5,6,11,0.45454545454545453,0.5454545454545454,No,0.5454545454545454
49052,49052,99.00,7,1,8,0.875,0.125,Yes,0.875
49053,49053,99.00,109,112,221,0.49321266968325794,0.5067873303167421,No,0.5067873303167421
49054,49054,99.00,110,130,240,0.4583333333333333,0.5416666666666666,No,0.5416666666666666
49055,49055,99.00,34,35,69,0.4927536231884058,0.5072463768115942,No,0.5072463768115942
49056,49056,99.00,0,0,0,0,0,n/a,0
49057,49057,99.00,0,0,0,0,0,n/a,0
49058,49058,99.00,52,32,84,0.6190476190476191,0.38095238095238093,Yes,0.6190476190476191
49059,49059,44.44,75,57,132,0.5681818181818182,0.4318181818181818,Yes,0.5681818181818182
49060,49060,99.00,0,0,0,0,0,n/a,0
49061,49061,0.00,1,0,1,1.0,0.0,Yes,1.0
49062,49062,66.67,62,43,105,0.5904761904761905,0.4095238095238095,Yes,0.5904761904761905
49063,49063,99.00,4,2,6,0.6666666666666666,0.3333333333333333,Yes,0.6666666666666666
49064,49064,99.00,29,29,58,0.5,0.5,Tie,0.5
49065,49065,99.00,6,6,12,0.5,0.5,Tie,0.5
49066,49066,99.00,38,16,54,0.7037037037037037,0.2962962962962963,Yes,0.7037037037037037
49067,49067,66.67,10,1,11,0.9090909090909091,0.09090909090909091,Yes,0.9090909090909091
49068,49068,99.00,32,17,49,0.6530612244897959,0.3469387755102041,Yes,0.6530612244897959
49069,49069,99.00,1,2,3,0.3333333333333333,0.6666666666666666,No,0.6666666666666666
49070,49070,99.00,1,0,1,1.0,0.0,Yes,1.0
49071,49071,99.00,0,0,0,0,0,n/a,0
50001,50001,99.00,43,5,48,0.8958333333333334,0.10416666666666667,Yes,0.8958333333333334
50002,50002,99.00,176,29,205,0.8585365853658536,0.14146341463414633,Yes,0.8585365853658536
50003,50003,66.67,187,19,206,0.9077669902912622,0.09223300970873786,Yes,0.9077669902912622
50004,50004,99.00,3,0,3,1.0,0.0,Yes,1.0
50005,50005,66.67,139,8,147,0.9455782312925171,0.05442176870748299,Yes,0.9455782312925171
50006,50006,66.67,134,12,146,0.9178082191780822,0.0821917808219178,Yes,0.9178082191780822
50007,50007,99.00,209,32,241,0.8672199170124482,0.13278008298755187,Yes,0.8672199170124482
50008,50008,99.00,191,14,205,0.9317073170731708,0.06829268292682927,Yes,0.9317073170731708
50009,50009,99.00,175,20,195,0.8974358974358975,0.10256410256410256,Yes,0.8974358974358975
50010,50010,99.00,284,40,324,0.8765432098765432,0.12345679012345678,Yes,0.8765432098765432
50011,50011,99.00,3,1,4,0.75,0.25,Yes,0.75
50012,50012,80.00,230,39,269,0.8550185873605948,0.1449814126394052,Yes,0.8550185873605948
50013,50013,99.00,5,0,5,1.0,0.0,Yes,1.0
50014,50014,99.00,97,9,106,0.9150943396226415,0.08490566037735849,Yes,0.9150943396226415
50015,50015,80.00,8,0,8,1.0,0.0,Yes,1.0
50016,50016,99.00,2,0,2,1.0,0.0,Yes,1.0
50017,50017,99.00,123,19,142,0.8661971830985915,0.13380281690140844,Yes,0.8661971830985915
50018,50018,80.00,8,4,12,0.6666666666666666,0.3333333333333333,Yes,0.6666666666666666
50019,50019,80.00,275,28,303,0.9075907590759076,0.0924092409240924,Yes,0.9075907590759076
50020,50020,99.00,11,3,14,0.7857142857142857,0.21428571428571427,Yes,0.7857142857142857
50021,50021,99.00,346,42,388,0.8917525773195877,0.10824742268041238,Yes,0.8917525773195877
50022,50022,99.00,102,7,109,0.9357798165137615,0.06422018348623854,Yes,0.9357798165137615
50023,50023,99.00,0,0,0,0,0,n/a,0
50024,50024,99.00,0,0,0,0,0,n/a,0
50025,50025,99.00,1,0,1,1.0,0.0,Yes,1.0
50026,50026,99.00,185,23,208,0.8894230769230769,0.11057692307692307,Yes,0.8894230769230769
50027,50027,99.00,175,30,205,0.8536585365853658,0.14634146341463414,Yes,0.8536585365853658
50028,50028,99.00,198,20,218,0.908256880733945,0.09174311926605505,Yes,0.908256880733945
50029,50029,99.00,11,2,13,0.8461538461538461,0.15384615384615385,Yes,0.8461538461538461
50030,50030,99.00,186,32,218,0.8532110091743119,0.14678899082568808,Yes,0.8532110091743119
50031,50031,99.00,9,0,9,1.0,0.0,Yes,1.0
50032,50032,99.00,271,38,309,0.8770226537216829,0.12297734627831715,Yes,0.8770226537216829
50033,50033,80.00,191,24,215,0.8883720930232558,0.11162790697674418,Yes,0.8883720930232558
50034,50034,99.00,162,11,173,0.9364161849710982,0.06358381502890173,Yes,0.9364161849710982
50035,50035,99.00,157,30,187,0.839572192513369,0.16042780748663102,Yes,0.839572192513369
50036,50036,99.00,101,19,120,0.8416666666666667,0.15833333333333333,Yes,0.8416666666666667
50037,50037,99.00,147,11,158,0.930379746835443,0.06962025316455696,Yes,0.930379746835443
50038,50038,99.00,113,7,120,0.9416666666666667,0.058333333333333334,Yes,0.9416666666666667
50039,50039,99.00,134,7,141,0.950354609929078,0.04964539007092199,Yes,0.950354609929078
50040,50040,99.00,117,12,129,0.9069767441860465,0.09302325581395349,Yes,0.9069767441860465
50041,50041,99.00,156,16,172,0.9069767441860465,0.09302325581395349,Yes,0.9069767441860465
50042,50042,80.00,179,38,217,0.8248847926267281,0.17511520737327188,Yes,0.8248847926267281
50043,50043,99.00,148,10,158,0.9367088607594937,0.06329113924050633,Yes,0.9367088607594937
50044,50044,99.00,11,0,11,1.0,0.0,Yes,1.0
50045,50045,99.00,1,0,1,1.0,0.0,Yes,1.0
50046,50046,99.00,125,14,139,0.8992805755395683,0.10071942446043165,Yes,0.8992805755395683
50047,50047,99.00,7,0,7,1.0,0.0,Yes,1.0
50048,50048,99.00,124,19,143,0.8671328671328671,0.13286713286713286,Yes,0.8671328671328671
50049,50049,99.00,2,1,3,0.6666666666666666,0.3333333333333333,Yes,0.6666666666666666
50050,50050,99.00,205,24,229,0.8951965065502183,0.10480349344978165,Yes,0.8951965065502183
50051,50051,99.00,192,17,209,0.9186602870813397,0.08133971291866028,Yes,0.9186602870813397
50052,50052,99.00,102,14,116,0.8793103448275862,0.1206896551724138,Yes,0.8793103448275862
50053,50053,99.00,130,13,143,0.9090909090909091,0.09090909090909091,Yes,0.9090909090909091
50054,50054,99.00,1,1,2,0.5,0.5,Tie,0.5
50055,50055,99.00,0,0,0,0,0,n/a,0
50056,50056,99.00,20,3,23,0.8695652173913043,0.13043478260869565,Yes,0.8695652173913043
50057,50057,99.00,65,23,88,0.7386363636363636,0.26136363636363635,Yes,0.7386363636363636
50058,50058,99.00,1,0,1,1.0,0.0,Yes,1.0
50059,50059,99.00,130,23,153,0.8496732026143791,0.1503267973856209,Yes,0.8496732026143791
50060,50060,99.00,2,0,2,1.0,0.0,Yes,1.0
50061,50061,99.00,49,11,60,0.8166666666666667,0.18333333333333332,Yes,0.8166666666666667
50062,50062,99.00,0,0,0,0,0,n/a,0
50063,50063,99.00,35,12,47,0.7446808510638298,0.2553191489361702,Yes,0.7446808510638298
50064,50064,99.00,17,7,24,0.7083333333333334,0.2916666666666667,Yes,0.7083333333333334
50065,50065,99.00,0,0,0,0,0,n/a,0
50066,50066,99.00,4,9,13,0.3076923076923077,0.6923076923076923,No,0.6923076923076923
50067,50067,99.00,0,1,1,0.0,1.0,No,1.0
50068,50068,99.00,18,10,28,0.6428571428571429,0.35714285714285715,Yes,0.6428571428571429
50069,50069,99.00,37,28,65,0.5692307692307692,0.4307692307692308,Yes,0.5692307692307692
50070,50070,99.00,0,0,0,0,0,n/a,0
50071,50071,99.00,0,0,0,0,0,n/a,0
50072,50072,99.00,54,21,75,0.72,0.28,Yes,0.72
50073,50073,99.00,0,0,0,0,0,n/a,0
50074,50074,99.00,1,5,6,0.16666666666666666,0.8333333333333334,No,0.8333333333333334
50075,50075,99.00,19,7,26,0.7307692307692307,0.2692307692307692,Yes,0.7307692307692307
50076,50076,99.00,28,15,43,0.6511627906976745,0.3488372093023256,Yes,0.6511627906976745
50077,50077,99.00,10,19,29,0.3448275862068966,0.6551724137931034,No,0.6551724137931034
50078,50078,99.00,15,16,31,0.4838709677419355,0.5161290322580645,No,0.5161290322580645
50079,50079,99.00,0,0,0,0,0,n/a,0
50080,50080,99.00,2,1,3,0.6666666666666666,0.3333333333333333,Yes,0.6666666666666666
50081,50081,99.00,0,0,0,0,0,n/a,0
50082,50082,99.00,43,10,53,0.8113207547169812,0.18867924528301888,Yes,0.8113207547169812
50083,50083,99.00,55,9,64,0.859375,0.140625,Yes,0.859375
50084,50084,99.00,0,0,0,0,0,n/a,0
50085,50085,99.00,42,5,47,0.8936170212765957,0.10638297872340426,Yes,0.8936170212765957
50086,50086,99.00,0,0,0,0,0,n/a,0
50087,50087,99.00,4,0,4,1.0,0.0,Yes,1.0
50088,50088,99.00,2,0,2,1.0,0.0,Yes,1.0
50089,50089,99.00,168,7,175,0.96,0.04,Yes,0.96
50090,50090,99.00,119,7,126,0.9444444444444444,0.05555555555555555,Yes,0.9444444444444444
50091,50091,99.00,5,0,5,1.0,0.0,Yes,1.0
50092,50092,99.00,248,34,282,0.8794326241134752,0.12056737588652482,Yes,0.8794326241134752
50093,50093,99.00,0,0,0,0,0,n/a,0
50094,50094,99.00,0,1,1,0.0,1.0,No,1.0
50095,50095,99.00,171,25,196,0.8724489795918368,0.12755102040816327,Yes,0.8724489795918368
50096,50096,99.00,116,11,127,0.9133858267716536,0.08661417322834646,Yes,0.9133858267716536
50097,50097,99.00,220,20,240,0.9166666666666666,0.08333333333333333,Yes,0.9166666666666666
50098,50098,99.00,0,0,0,0,0,n/a,0
50099,50099,99.00,164,9,173,0.9479768786127167,0.05202312138728324,Yes,0.9479768786127167
50100,50100,99.00,0,0,0,0,0,n/a,0
50101,50101,99.00,6,0,6,1.0,0.0,Yes,1.0
50102,50102,80.00,4,5,9,0.4444444444444444,0.5555555555555556,No,0.5555555555555556
50103,50103,99.00,0,0,0,0,0,n/a,0
50104,50104,99.00,0,0,0,0,0,n/a,0
50105,50105,99.00,0,0,0,0,0,n/a,0
50106,50106,99.00,0,0,0,0,0,n/a,0
50107,50107,99.00,0,0,0,0,0,n/a,0
51001,51001,99.00,144,26,170,0.8470588235294118,0.15294117647058825,Yes,0.8470588235294118
51002,51002,99.00,70,17,87,0.8045977011494253,0.19540229885057472,Yes,0.8045977011494253
51003,51003,99.00,128,23,151,0.847682119205298,0.152317880794702,Yes,0.847682119205298
51004,51004,99.00,97,13,110,0.8818181818181818,0.11818181818181818,Yes,0.8818181818181818
51005,51005,99.00,54,14,68,0.7941176470588235,0.20588235294117646,Yes,0.7941176470588235
51006,51006,99.00,13,0,13,1.0,0.0,Yes,1.0
51007,51007,99.00,207,21,228,0.9078947368421053,0.09210526315789473,Yes,0.9078947368421053
51008,51008,0.00,1,0,1,1.0,0.0,Yes,1.0
51009,51009,99.00,38,11,49,0.7755102040816326,0.22448979591836735,Yes,0.7755102040816326
51010,51010,99.00,1,0,1,1.0,0.0,Yes,1.0
51011,51011,99.00,298,43,341,0.873900293255132,0.12609970674486803,Yes,0.873900293255132
51012,51012,99.00,203,31,234,0.8675213675213675,0.13247863247863248,Yes,0.8675213675213675
51013,51013,99.00,22,0,22,1.0,0.0,Yes,1.0
51014,51014,99.00,86,69,155,0.5548387096774193,0.44516129032258067,Yes,0.5548387096774193
51015,51015,99.00,2,0,2,1.0,0.0,Yes,1.0
51016,51016,99.00,29,48,77,0.37662337662337664,0.6233766233766234,No,0.6233766233766234
51017,51017,99.00,66,28,94,0.7021276595744681,0.2978723404255319,Yes,0.7021276595744681
51018,51018,99.00,0,0,0,0,0,n/a,0
51019,51019,99.00,2,0,2,1.0,0.0,Yes,1.0
51020,51020,0.00,54,5,59,0.9152542372881356,0.0847457627118644,Yes,0.9152542372881356
51021,51021,99.00,2,1,3,0.6666666666666666,0.3333333333333333,Yes,0.6666666666666666
51022,51022,99.00,11,0,11,1.0,0.0,Yes,1.0
51023,51023,99.00,19,1,20,0.95,0.05,Yes,0.95
51024,51024,50.00,32,20,52,0.6153846153846154,0.38461538461538464,Yes,0.6153846153846154
51025,51025,99.00,0,0,0,0,0,n/a,0
51026,51026,99.00,85,43,128,0.6640625,0.3359375,Yes,0.6640625
51027,51027,99.00,3,1,4,0.75,0.25,Yes,0.75
51028,51028,99.00,0,0,0,0,0,n/a,0
51029,51029,66.67,102,19,121,0.8429752066115702,0.15702479338842976,Yes,0.8429752066115702
51030,51030,99.00,4,1,5,0.8,0.2,Yes,0.8
51031,51031,99.00,124,46,170,0.7294117647058823,0.27058823529411763,Yes,0.7294117647058823
51032,51032,66.67,100,29,129,0.7751937984496124,0.2248062015503876,Yes,0.7751937984496124
51033,51033,66.67,70,9,79,0.8860759493670886,0.11392405063291139,Yes,0.8860759493670886
51034,51034,99.00,115,29,144,0.7986111111111112,0.2013888888888889,Yes,0.7986111111111112
51035,51035,99.00,134,20,154,0.8701298701298701,0.12987012987012986,Yes,0.8701298701298701
51036,51036,99.00,101,17,118,0.8559322033898306,0.1440677966101695,Yes,0.8559322033898306
51037,51037,99.00,112,19,131,0.8549618320610687,0.1450381679389313,Yes,0.8549618320610687
51038,51038,99.00,190,21,211,0.9004739336492891,0.0995260663507109,Yes,0.9004739336492891
51039,51039,99.00,101,23,124,0.8145161290322581,0.18548387096774194,Yes,0.8145161290322581
51040,51040,99.00,201,19,220,0.9136363636363637,0.08636363636363636,Yes,0.9136363636363637
51041,51041,99.00,329,38,367,0.896457765667575,0.10354223433242507,Yes,0.896457765667575
51042,51042,99.00,220,19,239,0.9205020920502092,0.0794979079497908,Yes,0.9205020920502092
51043,51043,99.00,85,16,101,0.8415841584158416,0.15841584158415842,Yes,0.8415841584158416
51044,51044,0.00,8,1,9,0.8888888888888888,0.1111111111111111,Yes,0.8888888888888888
51045,51045,0.00,0,0,0,0,0,n/a,0
51046,51046,99.00,2,0,2,1.0,0.0,Yes,1.0
51047,51047,99.00,5,2,7,0.7142857142857143,0.2857142857142857,Yes,0.7142857142857143
51048,51048,99.00,0,0,0,0,0,n/a,0
51049,51049,99.00,224,23,247,0.9068825910931174,0.0931174089068826,Yes,0.9068825910931174
51050,51050,99.00,1,0,1,1.0,0.0,Yes,1.0
51051,51051,99.00,107,15,122,0.8770491803278688,0.12295081967213115,Yes,0.8770491803278688
51052,51052,99.00,130,29,159,0.8176100628930818,0.18238993710691823,Yes,0.8176100628930818
51053,51053,99.00,6,1,7,0.8571428571428571,0.14285714285714285,Yes,0.8571428571428571
51054,51054,99.00,101,17,118,0.8559322033898306,0.1440677966101695,Yes,0.8559322033898306
51055,51055,99.00,16,0,16,1.0,0.0,Yes,1.0
51056,51056,99.00,0,0,0,0,0,n/a,0
51057,51057,99.00,0,0,0,0,0,n/a,0
51058,51058,99.00,1,0,1,1.0,0.0,Yes,1.0
51059,51059,99.00,5,1,6,0.8333333333333334,0.16666666666666666,Yes,0.8333333333333334
51060,51060,99.00,110,47,157,0.7006369426751592,0.29936305732484075,Yes,0.7006369426751592
51061,51061,99.00,110,40,150,0.7333333333333333,0.26666666666666666,Yes,0.7333333333333333
51062,51062,99.00,174,75,249,0.6987951807228916,0.30120481927710846,Yes,0.6987951807228916
51063,51063,99.00,117,41,158,0.740506329113924,0.25949367088607594,Yes,0.740506329113924
51064,51064,99.00,94,20,114,0.8245614035087719,0.17543859649122806,Yes,0.8245614035087719
51065,51065,99.00,63,17,80,0.7875,0.2125,Yes,0.7875
51066,51066,99.00,97,18,115,0.8434782608695652,0.1565217391304348,Yes,0.8434782608695652
51067,51067,99.00,2,2,4,0.5,0.5,Tie,0.5
51068,51068,99.00,4,0,4,1.0,0.0,Yes,1.0
51069,51069,0.00,3,0,3,1.0,0.0,Yes,1.0
51070,51070,99.00,184,16,200,0.92,0.08,Yes,0.92
51071,51071,99.00,60,10,70,0.8571428571428571,0.14285714285714285,Yes,0.8571428571428571
51072,51072,99.00,5,0,5,1.0,0.0,Yes,1.0
51073,51073,99.00,109,13,122,0.8934426229508197,0.10655737704918032,Yes,0.8934426229508197
51074,51074,99.00,2,0,2,1.0,0.0,Yes,1.0
51075,51075,66.67,11,5,16,0.6875,0.3125,Yes,0.6875
51076,51076,99.00,8,1,9,0.8888888888888888,0.1111111111111111,Yes,0.8888888888888888
51077,51077,99.00,155,57,212,0.7311320754716981,0.2688679245283019,Yes,0.7311320754716981
51078,51078,99.00,2,0,2,1.0,0.0,Yes,1.0
51079,51079,99.00,112,14,126,0.8888888888888888,0.1111111111111111,Yes,0.8888888888888888
51080,51080,99.00,0,1,1,0.0,1.0,No,1.0
51081,51081,99.00,84,12,96,0.875,0.125,Yes,0.875
51082,51082,99.00,186,27,213,0.8732394366197183,0.1267605633802817,Yes,0.8732394366197183
51083,51083,99.00,258,27,285,0.9052631578947369,0.09473684210526316,Yes,0.9052631578947369
51084,51084,99.00,0,0,0,0,0,n/a,0
51085,51085,99.00,0,0,0,0,0,n/a,0
51086,51086,99.00,0,0,0,0,0,n/a,0
51087,51087,0.00,0,0,0,0,0,n/a,0
52001,52001,99.00,110,7,117,0.9401709401709402,0.05982905982905983,Yes,0.9401709401709402
52002,52002,99.00,95,7,102,0.9313725490196079,0.06862745098039216,Yes,0.9313725490196079
52003,52003,18.75,8,2,10,0.8,0.2,Yes,0.8
52004,52004,99.00,248,40,288,0.8611111111111112,0.1388888888888889,Yes,0.8611111111111112
52005,52005,99.00,5,2,7,0.7142857142857143,0.2857142857142857,Yes,0.7142857142857143
52006,52006,99.00,15,1,16,0.9375,0.0625,Yes,0.9375
52007,52007,99.00,315,52,367,0.8583106267029973,0.14168937329700274,Yes,0.8583106267029973
52008,52008,99.00,417,94,511,0.8160469667318982,0.18395303326810175,Yes,0.8160469667318982
52009,52009,99.00,10,3,13,0.7692307692307693,0.23076923076923078,Yes,0.7692307692307693
52010,52010,99.00,291,50,341,0.8533724340175953,0.1466275659824047,Yes,0.8533724340175953
52011,52011,99.00,291,60,351,0.8290598290598291,0.17094017094017094,Yes,0.8290598290598291
52012,52012,99.00,272,59,331,0.8217522658610272,0.1782477341389728,Yes,0.8217522658610272
52013,52013,99.00,51,7,58,0.8793103448275862,0.1206896551724138,Yes,0.8793103448275862
52014,52014,99.00,20,4,24,0.8333333333333334,0.16666666666666666,Yes,0.8333333333333334
52015,52015,99.00,401,57,458,0.8755458515283843,0.12445414847161572,Yes,0.8755458515283843
52016,52016,99.00,354,71,425,0.8329411764705882,0.16705882352941176,Yes,0.8329411764705882
52017,52017,99.00,33,3,36,0.9166666666666666,0.08333333333333333,Yes,0.9166666666666666
52018,52018,99.00,339,51,390,0.8692307692307693,0.13076923076923078,Yes,0.8692307692307693
52019,52019,99.00,362,51,413,0.8765133171912833,0.1234866828087167,Yes,0.8765133171912833
52020,52020,99.00,150,29,179,0.8379888268156425,0.16201117318435754,Yes,0.8379888268156425
52021,52021,99.00,5,1,6,0.8333333333333334,0.16666666666666666,Yes,0.8333333333333334
52022,52022,99.00,11,3,14,0.7857142857142857,0.21428571428571427,Yes,0.7857142857142857
52023,52023,18.75,362,68,430,0.8418604651162791,0.15813953488372093,Yes,0.8418604651162791
52024,52024,99.00,69,4,73,0.9452054794520548,0.0547945205479452,Yes,0.9452054794520548
52025,52025,18.75,283,40,323,0.8761609907120743,0.1238390092879257,Yes,0.8761609907120743
52026,52026,99.00,8,1,9,0.8888888888888888,0.1111111111111111,Yes,0.8888888888888888
52027,52027,99.00,496,54,550,0.9018181818181819,0.09818181818181818,Yes,0.9018181818181819
52028,52028,99.00,181,20,201,0.900497512437811,0.09950248756218906,Yes,0.900497512437811
52029,52029,99.00,340,27,367,0.9264305177111717,0.07356948228882834,Yes,0.9264305177111717
52030,52030,99.00,219,18,237,0.9240506329113924,0.0759493670886076,Yes,0.9240506329113924
52031,52031,99.00,230,23,253,0.9090909090909091,0.09090909090909091,Yes,0.9090909090909091
52032,52032,99.00,219,26,245,0.8938775510204081,0.10612244897959183,Yes,0.8938775510204081
52033,52033,99.00,261,27,288,0.90625,0.09375,Yes,0.90625
52034,52034,99.00,207,20,227,0.9118942731277533,0.0881057268722467,Yes,0.9118942731277533
52035,52035,80.00,183,23,206,0.8883495145631068,0.11165048543689321,Yes,0.8883495145631068
52036,52036,80.00,17,0,17,1.0,0.0,Yes,1.0
52037,52037,80.00,35,4,39,0.8974358974358975,0.10256410256410256,Yes,0.8974358974358975
52038,52038,80.00,449,60,509,0.8821218074656189,0.11787819253438114,Yes,0.8821218074656189
52039,52039,80.00,262,20,282,0.9290780141843972,0.07092198581560284,Yes,0.9290780141843972
52040,52040,80.00,108,11,119,0.907563025210084,0.09243697478991597,Yes,0.907563025210084
52041,52041,99.00,4,1,5,0.8,0.2,Yes,0.8
52042,52042,99.00,234,21,255,0.9176470588235294,0.08235294117647059,Yes,0.9176470588235294
52043,52043,50.00,133,20,153,0.869281045751634,0.13071895424836602,Yes,0.869281045751634
52044,52044,99.00,353,72,425,0.8305882352941176,0.16941176470588235,Yes,0.8305882352941176
52045,52045,99.00,18,2,20,0.9,0.1,Yes,0.9
52046,52046,50.00,110,11,121,0.9090909090909091,0.09090909090909091,Yes,0.9090909090909091
52047,52047,99.00,15,2,17,0.8823529411764706,0.11764705882352941,Yes,0.8823529411764706
52048,52048,99.00,19,2,21,0.9047619047619048,0.09523809523809523,Yes,0.9047619047619048
52049,52049,99.00,11,3,14,0.7857142857142857,0.21428571428571427,Yes,0.7857142857142857
52050,52050,99.00,6,0,6,1.0,0.0,Yes,1.0
52051,52051,99.00,201,20,221,0.9095022624434389,0.09049773755656108,Yes,0.9095022624434389
52052,52052,99.00,85,12,97,0.8762886597938144,0.12371134020618557,Yes,0.8762886597938144
52053,52053,99.00,2,0,2,1.0,0.0,Yes,1.0
52054,52054,99.00,0,0,0,0,0,n/a,0
52055,52055,99.00,306,21,327,0.9357798165137615,0.06422018348623854,Yes,0.9357798165137615
52056,52056,99.00,183,21,204,0.8970588235294118,0.10294117647058823,Yes,0.8970588235294118
52057,52057,99.00,355,28,383,0.9268929503916449,0.0731070496083551,Yes,0.9268929503916449
52058,52058,99.00,14,1,15,0.9333333333333333,0.06666666666666667,Yes,0.9333333333333333
52059,52059,99.00,401,48,449,0.8930957683741648,0.10690423162583519,Yes,0.8930957683741648
52060,52060,99.00,17,0,17,1.0,0.0,Yes,1.0
52061,52061,99.00,322,28,350,0.92,0.08,Yes,0.92
52062,52062,99.00,15,0,15,1.0,0.0,Yes,1.0
52063,52063,99.00,0,0,0,0,0,n/a,0
52064,52064,99.00,344,35,379,0.9076517150395779,0.09234828496042216,Yes,0.9076517150395779
52065,52065,99.00,11,1,12,0.9166666666666666,0.08333333333333333,Yes,0.9166666666666666
52066,52066,99.00,433,42,475,0.911578947368421,0.08842105263157894,Yes,0.911578947368421
52067,52067,99.00,8,0,8,1.0,0.0,Yes,1.0
52068,52068,99.00,42,2,44,0.9545454545454546,0.045454545454545456,Yes,0.9545454545454546
52069,52069,99.00,449,73,522,0.8601532567049809,0.13984674329501914,Yes,0.8601532567049809
52070,52070,99.00,301,35,336,0.8958333333333334,0.10416666666666667,Yes,0.8958333333333334
52071,52071,99.00,481,45,526,0.9144486692015209,0.08555133079847908,Yes,0.9144486692015209
52072,52072,99.00,33,1,34,0.9705882352941176,0.029411764705882353,Yes,0.9705882352941176
52073,52073,99.00,360,26,386,0.9326424870466321,0.06735751295336788,Yes,0.9326424870466321
52074,52074,99.00,32,1,33,0.9696969696969697,0.030303030303030304,Yes,0.9696969696969697
52075,52075,99.00,415,25,440,0.9431818181818182,0.056818181818181816,Yes,0.9431818181818182
52076,52076,99.00,75,13,88,0.8522727272727273,0.14772727272727273,Yes,0.8522727272727273
52077,52077,99.00,11,2,13,0.8461538461538461,0.15384615384615385,Yes,0.8461538461538461
52078,52078,99.00,281,19,300,0.9366666666666666,0.06333333333333334,Yes,0.9366666666666666
52079,52079,99.00,6,1,7,0.8571428571428571,0.14285714285714285,Yes,0.8571428571428571
52080,52080,99.00,12,2,14,0.8571428571428571,0.14285714285714285,Yes,0.8571428571428571
52081,52081,99.00,251,44,295,0.8508474576271187,0.14915254237288136,Yes,0.8508474576271187
52082,52082,99.00,363,36,399,0.9097744360902256,0.09022556390977443,Yes,0.9097744360902256
52083,52083,99.00,52,3,55,0.9454545454545454,0.05454545454545454,Yes,0.9454545454545454
52084,52084,99.00,375,38,413,0.9079903147699758,0.09200968523002422,Yes,0.9079903147699758
52085,52085,99.00,362,44,406,0.8916256157635468,0.10837438423645321,Yes,0.8916256157635468
52086,52086,99.00,35,2,37,0.9459459459459459,0.05405405405405406,Yes,0.9459459459459459
52087,52087,99.00,486,61,547,0.8884826325411335,0.11151736745886655,Yes,0.8884826325411335
52088,52088,99.00,19,4,23,0.8260869565217391,0.17391304347826086,Yes,0.8260869565217391
52089,52089,99.00,403,39,442,0.9117647058823529,0.08823529411764706,Yes,0.9117647058823529
52090,52090,99.00,256,24,280,0.9142857142857143,0.08571428571428572,Yes,0.9142857142857143
52091,52091,99.00,11,1,12,0.9166666666666666,0.08333333333333333,Yes,0.9166666666666666
52092,52092,99.00,442,56,498,0.8875502008032129,0.11244979919678715,Yes,0.8875502008032129
52093,52093,99.00,30,1,31,0.967741935483871,0.03225806451612903,Yes,0.967741935483871
52094,52094,99.00,22,1,23,0.9565217391304348,0.043478260869565216,Yes,0.9565217391304348
52095,52095,0.00,1,0,1,1.0,0.0,Yes,1.0
52096,52096,99.00,207,34,241,0.8589211618257261,0.14107883817427386,Yes,0.8589211618257261
52097,52097,99.00,254,34,288,0.8819444444444444,0.11805555555555555,Yes,0.8819444444444444
52098,52098,99.00,404,59,463,0.8725701943844493,0.12742980561555076,Yes,0.8725701943844493
52099,52099,99.00,285,40,325,0.8769230769230769,0.12307692307692308,Yes,0.8769230769230769
52100,52100,99.00,333,54,387,0.8604651162790697,0.13953488372093023,Yes,0.8604651162790697
52101,52101,99.00,24,2,26,0.9230769230769231,0.07692307692307693,Yes,0.9230769230769231
52102,52102,99.00,235,41,276,0.8514492753623188,0.14855072463768115,Yes,0.8514492753623188
52103,52103,99.00,249,35,284,0.8767605633802817,0.12323943661971831,Yes,0.8767605633802817
52104,52104,99.00,13,2,15,0.8666666666666667,0.13333333333333333,Yes,0.8666666666666667
52105,52105,99.00,315,31,346,0.9104046242774566,0.08959537572254335,Yes,0.9104046242774566
52106,52106,99.00,10,1,11,0.9090909090909091,0.09090909090909091,Yes,0.9090909090909091
52107,52107,99.00,348,24,372,0.9354838709677419,0.06451612903225806,Yes,0.9354838709677419
52108,52108,99.00,18,0,18,1.0,0.0,Yes,1.0
52109,52109,99.00,4,0,4,1.0,0.0,Yes,1.0
52110,52110,80.00,12,0,12,1.0,0.0,Yes,1.0
52111,52111,99.00,11,1,12,0.9166666666666666,0.08333333333333333,Yes,0.9166666666666666
52112,52112,99.00,348,15,363,0.9586776859504132,0.04132231404958678,Yes,0.9586776859504132
52113,52113,99.00,275,17,292,0.9417808219178082,0.05821917808219178,Yes,0.9417808219178082
52114,52114,99.00,12,3,15,0.8,0.2,Yes,0.8
52115,52115,18.75,40,9,49,0.8163265306122449,0.1836734693877551,Yes,0.8163265306122449
52116,52116,99.00,443,46,489,0.9059304703476483,0.09406952965235174,Yes,0.9059304703476483
52117,52117,99.00,34,6,40,0.85,0.15,Yes,0.85
52118,52118,99.00,0,0,0,0,0,n/a,0
52119,52119,99.00,0,0,0,0,0,n/a,0
52120,52120,99.00,0,0,0,0,0,n/a,0
52121,52121,99.00,0,0,0,0,0,n/a,0
52122,52122,99.00,0,0,0,0,0,n/a,0
52123,52123,99.00,0,0,0,0,0,n/a,0
52124,52124,99.00,0,0,0,0,0,n/a,0
52125,52125,99.00,0,0,0,0,0,n/a,0
52126,52126,99.00,0,0,0,0,0,n/a,0
53001,53001,99.00,0,1,1,0.0,1.0,No,1.0
53002,53002,99.00,112,19,131,0.8549618320610687,0.1450381679389313,Yes,0.8549618320610687
53003,53003,99.00,84,7,91,0.9230769230769231,0.07692307692307693,Yes,0.9230769230769231
53004,53004,99.00,122,8,130,0.9384615384615385,0.06153846153846154,Yes,0.9384615384615385
53005,53005,99.00,121,13,134,0.9029850746268657,0.09701492537313433,Yes,0.9029850746268657
53006,53006,99.00,2,0,2,1.0,0.0,Yes,1.0
53007,53007,99.00,161,16,177,0.9096045197740112,0.0903954802259887,Yes,0.9096045197740112
53008,53008,99.00,167,14,181,0.9226519337016574,0.07734806629834254,Yes,0.9226519337016574
53009,53009,99.00,96,7,103,0.9320388349514563,0.06796116504854369,Yes,0.9320388349514563
53010,53010,99.00,0,0,0,0,0,n/a,0
53011,53011,99.00,3,0,3,1.0,0.0,Yes,1.0
53012,53012,99.00,119,21,140,0.85,0.15,Yes,0.85
53013,53013,99.00,133,33,166,0.8012048192771084,0.19879518072289157,Yes,0.8012048192771084
53014,53014,99.00,0,0,0,0,0,n/a,0
53015,53015,99.00,5,0,5,1.0,0.0,Yes,1.0
53016,53016,30.00,141,6,147,0.9591836734693877,0.04081632653061224,Yes,0.9591836734693877
53017,53017,30.00,9,2,11,0.8181818181818182,0.18181818181818182,Yes,0.8181818181818182
53018,53018,99.00,137,13,150,0.9133333333333333,0.08666666666666667,Yes,0.9133333333333333
53019,53019,99.00,5,0,5,1.0,0.0,Yes,1.0
53020,53020,99.00,149,16,165,0.9030303030303031,0.09696969696969697,Yes,0.9030303030303031
53021,53021,99.00,95,12,107,0.8878504672897196,0.11214953271028037,Yes,0.8878504672897196
53022,53022,30.00,148,8,156,0.9487179487179487,0.05128205128205128,Yes,0.9487179487179487
53023,53023,99.00,194,29,223,0.8699551569506726,0.13004484304932734,Yes,0.8699551569506726
53024,53024,99.00,2,0,2,1.0,0.0,Yes,1.0
53025,53025,99.00,163,35,198,0.8232323232323232,0.17676767676767677,Yes,0.8232323232323232
53026,53026,99.00,3,0,3,1.0,0.0,Yes,1.0
53027,53027,99.00,125,11,136,0.9191176470588235,0.08088235294117647,Yes,0.9191176470588235
53028,53028,99.00,120,12,132,0.9090909090909091,0.09090909090909091,Yes,0.9090909090909091
53029,53029,99.00,90,15,105,0.8571428571428571,0.14285714285714285,Yes,0.8571428571428571
53030,53030,30.00,262,19,281,0.9323843416370107,0.06761565836298933,Yes,0.9323843416370107
53031,53031,99.00,4,3,7,0.5714285714285714,0.42857142857142855,Yes,0.5714285714285714
53032,53032,99.00,182,23,205,0.8878048780487805,0.11219512195121951,Yes,0.8878048780487805
53033,53033,99.00,265,32,297,0.8922558922558923,0.10774410774410774,Yes,0.8922558922558923
53034,53034,99.00,269,29,298,0.9026845637583892,0.09731543624161074,Yes,0.9026845637583892
53035,53035,99.00,6,0,6,1.0,0.0,Yes,1.0
53036,53036,99.00,265,27,292,0.9075342465753424,0.09246575342465753,Yes,0.9075342465753424
53037,53037,99.00,6,1,7,0.8571428571428571,0.14285714285714285,Yes,0.8571428571428571
53038,53038,99.00,4,0,4,1.0,0.0,Yes,1.0
53039,53039,99.00,188,15,203,0.9261083743842364,0.07389162561576355,Yes,0.9261083743842364
53040,53040,99.00,4,0,4,1.0,0.0,Yes,1.0
53041,53041,99.00,38,6,44,0.8636363636363636,0.13636363636363635,Yes,0.8636363636363636
53042,53042,99.00,51,6,57,0.8947368421052632,0.10526315789473684,Yes,0.8947368421052632
53043,53043,99.00,56,9,65,0.8615384615384616,0.13846153846153847,Yes,0.8615384615384616
53044,53044,99.00,109,10,119,0.9159663865546218,0.08403361344537816,Yes,0.9159663865546218
53045,53045,99.00,134,26,160,0.8375,0.1625,Yes,0.8375
53046,53046,99.00,141,15,156,0.9038461538461539,0.09615384615384616,Yes,0.9038461538461539
53047,53047,99.00,127,8,135,0.9407407407407408,0.05925925925925926,Yes,0.9407407407407408
53048,53048,99.00,121,6,127,0.952755905511811,0.047244094488188976,Yes,0.952755905511811
53049,53049,99.00,5,1,6,0.8333333333333334,0.16666666666666666,Yes,0.8333333333333334
53050,53050,99.00,104,11,115,0.9043478260869565,0.09565217391304348,Yes,0.9043478260869565
53051,53051,99.00,0,0,0,0,0,n/a,0
53052,53052,99.00,0,0,0,0,0,n/a,0
53053,53053,99.00,2,0,2,1.0,0.0,Yes,1.0
53054,53054,99.00,137,7,144,0.9513888888888888,0.04861111111111111,Yes,0.9513888888888888
53055,53055,99.00,96,7,103,0.9320388349514563,0.06796116504854369,Yes,0.9320388349514563
53056,53056,99.00,100,13,113,0.8849557522123894,0.11504424778761062,Yes,0.8849557522123894
53057,53057,99.00,117,11,128,0.9140625,0.0859375,Yes,0.9140625
53058,53058,99.00,101,12,113,0.8938053097345132,0.10619469026548672,Yes,0.8938053097345132
53059,53059,99.00,127,18,145,0.8758620689655172,0.12413793103448276,Yes,0.8758620689655172
53060,53060,99.00,153,27,180,0.85,0.15,Yes,0.85
53061,53061,99.00,119,11,130,0.9153846153846154,0.08461538461538462,Yes,0.9153846153846154
53062,53062,99.00,0,0,0,0,0,n/a,0
53063,53063,99.00,140,14,154,0.9090909090909091,0.09090909090909091,Yes,0.9090909090909091
53064,53064,99.00,88,6,94,0.9361702127659575,0.06382978723404255,Yes,0.9361702127659575
53065,53065,99.00,239,25,264,0.9053030303030303,0.0946969696969697,Yes,0.9053030303030303
53066,53066,99.00,213,16,229,0.9301310043668122,0.06986899563318777,Yes,0.9301310043668122
53067,53067,99.00,130,14,144,0.9027777777777778,0.09722222222222222,Yes,0.9027777777777778
53068,53068,99.00,5,0,5,1.0,0.0,Yes,1.0
53069,53069,99.00,108,9,117,0.9230769230769231,0.07692307692307693,Yes,0.9230769230769231
53070,53070,37.50,114,10,124,0.9193548387096774,0.08064516129032258,Yes,0.9193548387096774
53071,53071,99.00,3,0,3,1.0,0.0,Yes,1.0
53072,53072,99.00,106,7,113,0.9380530973451328,0.061946902654867256,Yes,0.9380530973451328
53073,53073,99.00,2,0,2,1.0,0.0,Yes,1.0
53074,53074,99.00,151,13,164,0.9207317073170732,0.07926829268292683,Yes,0.9207317073170732
53075,53075,99.00,2,0,2,1.0,0.0,Yes,1.0
53076,53076,99.00,223,12,235,0.948936170212766,0.05106382978723404,Yes,0.948936170212766
53077,53077,99.00,121,15,136,0.8897058823529411,0.11029411764705882,Yes,0.8897058823529411
53078,53078,99.00,12,19,31,0.3870967741935484,0.6129032258064516,No,0.6129032258064516
53079,53079,99.00,5,0,5,1.0,0.0,Yes,1.0
53080,53080,44.44,114,13,127,0.8976377952755905,0.10236220472440945,Yes,0.8976377952755905
53081,53081,99.00,0,0,0,0,0,n/a,0
53082,53082,99.00,124,8,132,0.9393939393939394,0.06060606060606061,Yes,0.9393939393939394
53083,53083,99.00,2,0,2,1.0,0.0,Yes,1.0
53084,53084,99.00,2,0,2,1.0,0.0,Yes,1.0
53085,53085,99.00,6,3,9,0.6666666666666666,0.3333333333333333,Yes,0.6666666666666666
53086,53086,99.00,97,25,122,0.7950819672131147,0.20491803278688525,Yes,0.7950819672131147
53087,53087,99.00,99,21,120,0.825,0.175,Yes,0.825
53088,53088,99.00,112,11,123,0.9105691056910569,0.08943089430894309,Yes,0.9105691056910569
53089,53089,99.00,0,0,0,0,0,n/a,0
54001,54001,99.00,2,1,3,0.6666666666666666,0.3333333333333333,Yes,0.6666666666666666
54002,54002,99.00,105,15,120,0.875,0.125,Yes,0.875
54003,54003,99.00,71,18,89,0.797752808988764,0.20224719101123595,Yes,0.797752808988764
54004,54004,99.00,38,6,44,0.8636363636363636,0.13636363636363635,Yes,0.8636363636363636
54005,54005,99.00,2,0,2,1.0,0.0,Yes,1.0
54006,54006,99.00,0,0,0,0,0,n/a,0
54007,54007,99.00,5,0,5,1.0,0.0,Yes,1.0
54008,54008,99.00,148,16,164,0.9024390243902439,0.0975609756097561,Yes,0.9024390243902439
54009,54009,99.00,5,0,5,1.0,0.0,Yes,1.0
54010,54010,99.00,207,23,230,0.9,0.1,Yes,0.9
54011,54011,99.00,91,9,100,0.91,0.09,Yes,0.91
54012,54012,99.00,136,10,146,0.9315068493150684,0.0684931506849315,Yes,0.9315068493150684
54013,54013,99.00,4,0,4,1.0,0.0,Yes,1.0
54014,54014,99.00,15,0,15,1.0,0.0,Yes,1.0
54015,54015,99.00,63,6,69,0.9130434782608695,0.08695652173913043,Yes,0.9130434782608695
54016,54016,99.00,1,0,1,1.0,0.0,Yes,1.0
54017,54017,99.00,1,0,1,1.0,0.0,Yes,1.0
54018,54018,99.00,0,0,0,0,0,n/a,0
54019,54019,99.00,128,12,140,0.9142857142857143,0.08571428571428572,Yes,0.9142857142857143
54020,54020,99.00,111,9,120,0.925,0.075,Yes,0.925
54021,54021,50.00,4,0,4,1.0,0.0,Yes,1.0
54022,54022,99.00,190,15,205,0.926829268292683,0.07317073170731707,Yes,0.926829268292683
54023,54023,99.00,88,19,107,0.822429906542056,0.17757009345794392,Yes,0.822429906542056
54024,54024,99.00,109,14,123,0.8861788617886179,0.11382113821138211,Yes,0.8861788617886179
54025,54025,99.00,210,16,226,0.9292035398230089,0.07079646017699115,Yes,0.9292035398230089
54026,54026,99.00,0,0,0,0,0,n/a,0
54027,54027,99.00,159,21,180,0.8833333333333333,0.11666666666666667,Yes,0.8833333333333333
54028,54028,50.00,114,20,134,0.8507462686567164,0.14925373134328357,Yes,0.8507462686567164
54029,54029,99.00,113,5,118,0.9576271186440678,0.0423728813559322,Yes,0.9576271186440678
54030,54030,37.50,77,15,92,0.8369565217391305,0.16304347826086957,Yes,0.8369565217391305
54031,54031,37.50,119,23,142,0.8380281690140845,0.1619718309859155,Yes,0.8380281690140845
54032,54032,37.50,10,0,10,1.0,0.0,Yes,1.0
54033,54033,99.00,180,16,196,0.9183673469387755,0.08163265306122448,Yes,0.9183673469387755
54034,54034,99.00,2,0,2,1.0,0.0,Yes,1.0
54035,54035,99.00,5,1,6,0.8333333333333334,0.16666666666666666,Yes,0.8333333333333334
54036,54036,99.00,8,1,9,0.8888888888888888,0.1111111111111111,Yes,0.8888888888888888
54037,54037,99.00,160,21,181,0.8839779005524862,0.11602209944751381,Yes,0.8839779005524862
54038,54038,99.00,0,0,0,0,0,n/a,0
54039,54039,99.00,153,13,166,0.9216867469879518,0.0783132530120482,Yes,0.9216867469879518
54040,54040,99.00,2,0,2,1.0,0.0,Yes,1.0
54041,54041,99.00,110,36,146,0.7534246575342466,0.2465753424657534,Yes,0.7534246575342466
54042,54042,99.00,0,0,0,0,0,n/a,0
54043,54043,99.00,81,21,102,0.7941176470588235,0.20588235294117646,Yes,0.7941176470588235
54044,54044,99.00,101,17,118,0.8559322033898306,0.1440677966101695,Yes,0.8559322033898306
54045,54045,99.00,2,1,3,0.6666666666666666,0.3333333333333333,Yes,0.6666666666666666
54046,54046,99.00,63,8,71,0.8873239436619719,0.11267605633802817,Yes,0.8873239436619719
54047,54047,66.67,87,20,107,0.8130841121495327,0.18691588785046728,Yes,0.8130841121495327
54048,54048,66.67,58,8,66,0.8787878787878788,0.12121212121212122,Yes,0.8787878787878788
54049,54049,99.00,86,15,101,0.8514851485148515,0.1485148514851485,Yes,0.8514851485148515
54050,54050,99.00,81,22,103,0.7864077669902912,0.21359223300970873,Yes,0.7864077669902912
54051,54051,99.00,60,12,72,0.8333333333333334,0.16666666666666666,Yes,0.8333333333333334
54052,54052,99.00,0,1,1,0.0,1.0,No,1.0
54053,54053,66.67,0,0,0,0,0,n/a,0
54054,54054,99.00,0,0,0,0,0,n/a,0
54055,54055,99.00,1,1,2,0.5,0.5,Tie,0.5
54056,54056,99.00,2,0,2,1.0,0.0,Yes,1.0
54057,54057,99.00,110,16,126,0.873015873015873,0.12698412698412698,Yes,0.873015873015873
54058,54058,99.00,94,19,113,0.831858407079646,0.168141592920354,Yes,0.831858407079646
54059,54059,99.00,72,27,99,0.7272727272727273,0.2727272727272727,Yes,0.7272727272727273
54060,54060,99.00,240,30,270,0.8888888888888888,0.1111111111111111,Yes,0.8888888888888888
54061,54061,99.00,149,17,166,0.8975903614457831,0.10240963855421686,Yes,0.8975903614457831
54062,54062,99.00,3,0,3,1.0,0.0,Yes,1.0
54063,54063,99.00,166,27,193,0.8601036269430051,0.13989637305699482,Yes,0.8601036269430051
54064,54064,99.00,6,1,7,0.8571428571428571,0.14285714285714285,Yes,0.8571428571428571
54065,54065,99.00,1,2,3,0.3333333333333333,0.6666666666666666,No,0.6666666666666666
54066,54066,99.00,79,13,92,0.8586956521739131,0.14130434782608695,Yes,0.8586956521739131
54067,54067,99.00,103,15,118,0.8728813559322034,0.1271186440677966,Yes,0.8728813559322034
54068,54068,99.00,81,10,91,0.8901098901098901,0.10989010989010989,Yes,0.8901098901098901
54069,54069,99.00,90,19,109,0.8256880733944955,0.1743119266055046,Yes,0.8256880733944955
54070,54070,99.00,94,11,105,0.8952380952380953,0.10476190476190476,Yes,0.8952380952380953
54071,54071,99.00,1,0,1,1.0,0.0,Yes,1.0
54072,54072,99.00,0,0,0,0,0,n/a,0
54073,54073,99.00,6,2,8,0.75,0.25,Yes,0.75
54074,54074,99.00,6,2,8,0.75,0.25,Yes,0.75
54075,54075,99.00,1,0,1,1.0,0.0,Yes,1.0
54076,54076,99.00,85,7,92,0.9239130434782609,0.07608695652173914,Yes,0.9239130434782609
54077,54077,99.00,1,0,1,1.0,0.0,Yes,1.0
54078,54078,99.00,0,0,0,0,0,n/a,0
54079,54079,99.00,0,0,0,0,0,n/a,0
54080,54080,99.00,65,18,83,0.7831325301204819,0.21686746987951808,Yes,0.7831325301204819
54081,54081,99.00,87,23,110,0.7909090909090909,0.20909090909090908,Yes,0.7909090909090909
54082,54082,99.00,0,0,0,0,0,n/a,0
54083,54083,99.00,111,19,130,0.8538461538461538,0.14615384615384616,Yes,0.8538461538461538
54084,54084,99.00,3,0,3,1.0,0.0,Yes,1.0
54085,54085,99.00,126,13,139,0.9064748201438849,0.09352517985611511,Yes,0.9064748201438849
54086,54086,99.00,122,8,130,0.9384615384615385,0.06153846153846154,Yes,0.9384615384615385
54087,54087,99.00,0,0,0,0,0,n/a,0
54088,54088,99.00,1,0,1,1.0,0.0,Yes,1.0
54089,54089,99.00,145,22,167,0.8682634730538922,0.1317365269461078,Yes,0.8682634730538922
55001,55001,99.00,0,0,0,0,0,n/a,0
55002,55002,99.00,110,10,120,0.9166666666666666,0.08333333333333333,Yes,0.9166666666666666
55003,55003,99.00,1,0,1,1.0,0.0,Yes,1.0
55004,55004,99.00,8,2,10,0.8,0.2,Yes,0.8
55005,55005,99.00,2,0,2,1.0,0.0,Yes,1.0
55006,55006,50.00,0,0,0,0,0,n/a,0
55007,55007,99.00,92,10,102,0.9019607843137255,0.09803921568627451,Yes,0.9019607843137255
55008,55008,99.00,0,0,0,0,0,n/a,0
55009,55009,99.00,216,12,228,0.9473684210526315,0.05263157894736842,Yes,0.9473684210526315
55010,55010,99.00,182,31,213,0.8544600938967136,0.14553990610328638,Yes,0.8544600938967136
55011,55011,50.00,74,9,83,0.891566265060241,0.10843373493975904,Yes,0.891566265060241
55012,55012,50.00,63,3,66,0.9545454545454546,0.045454545454545456,Yes,0.9545454545454546
55013,55013,99.00,3,0,3,1.0,0.0,Yes,1.0
55014,55014,99.00,109,7,116,0.9396551724137931,0.0603448275862069,Yes,0.9396551724137931
55015,55015,99.00,169,20,189,0.8941798941798942,0.10582010582010581,Yes,0.8941798941798942
55016,55016,99.00,141,23,164,0.8597560975609756,0.1402439024390244,Yes,0.8597560975609756
55017,55017,99.00,1,0,1,1.0,0.0,Yes,1.0
55018,55018,99.00,155,19,174,0.8908045977011494,0.10919540229885058,Yes,0.8908045977011494
55019,55019,99.00,152,27,179,0.8491620111731844,0.15083798882681565,Yes,0.8491620111731844
55020,55020,99.00,246,17,263,0.935361216730038,0.06463878326996197,Yes,0.935361216730038
55021,55021,99.00,85,10,95,0.8947368421052632,0.10526315789473684,Yes,0.8947368421052632
55022,55022,99.00,3,1,4,0.75,0.25,Yes,0.75
55023,55023,99.00,211,27,238,0.8865546218487395,0.1134453781512605,Yes,0.8865546218487395
55024,55024,99.00,112,9,121,0.9256198347107438,0.0743801652892562,Yes,0.9256198347107438
55025,55025,99.00,121,20,141,0.8581560283687943,0.14184397163120568,Yes,0.8581560283687943
55026,55026,99.00,1,0,1,1.0,0.0,Yes,1.0
55027,55027,99.00,94,16,110,0.8545454545454545,0.14545454545454545,Yes,0.8545454545454545
55028,55028,99.00,1,2,3,0.3333333333333333,0.6666666666666666,No,0.6666666666666666
55029,55029,99.00,0,0,0,0,0,n/a,0
55030,55030,99.00,3,2,5,0.6,0.4,Yes,0.6
55031,55031,99.00,132,26,158,0.8354430379746836,0.16455696202531644,Yes,0.8354430379746836
55032,55032,99.00,190,29,219,0.867579908675799,0.1324200913242009,Yes,0.867579908675799
55033,55033,99.00,228,28,256,0.890625,0.109375,Yes,0.890625
55034,55034,99.00,3,0,3,1.0,0.0,Yes,1.0
55035,55035,99.00,42,2,44,0.9545454545454546,0.045454545454545456,Yes,0.9545454545454546
55036,55036,99.00,0,0,0,0,0,n/a,0
55037,55037,99.00,9,3,12,0.75,0.25,Yes,0.75
55038,55038,99.00,61,12,73,0.8356164383561644,0.1643835616438356,Yes,0.8356164383561644
55039,55039,99.00,0,0,0,0,0,n/a,0
55040,55040,99.00,0,0,0,0,0,n/a,0
55041,55041,99.00,38,7,45,0.8444444444444444,0.15555555555555556,Yes,0.8444444444444444
55042,55042,99.00,0,1,1,0.0,1.0,No,1.0
55043,55043,99.00,0,0,0,0,0,n/a,0
55044,55044,99.00,0,0,0,0,0,n/a,0
55045,55045,99.00,40,8,48,0.8333333333333334,0.16666666666666666,Yes,0.8333333333333334
55046,55046,99.00,128,15,143,0.8951048951048951,0.1048951048951049,Yes,0.8951048951048951
55047,55047,99.00,52,5,57,0.9122807017543859,0.08771929824561403,Yes,0.9122807017543859
55048,55048,99.00,82,17,99,0.8282828282828283,0.1717171717171717,Yes,0.8282828282828283
55049,55049,99.00,70,5,75,0.9333333333333333,0.06666666666666667,Yes,0.9333333333333333
55050,55050,99.00,15,8,23,0.6521739130434783,0.34782608695652173,Yes,0.6521739130434783
55051,55051,99.00,0,0,0,0,0,n/a,0
55052,55052,99.00,35,7,42,0.8333333333333334,0.16666666666666666,Yes,0.8333333333333334
55053,55053,99.00,0,0,0,0,0,n/a,0
55054,55054,99.00,0,0,0,0,0,n/a,0
55055,55055,99.00,99,15,114,0.868421052631579,0.13157894736842105,Yes,0.868421052631579
55056,55056,99.00,0,0,0,0,0,n/a,0
55057,55057,99.00,58,8,66,0.8787878787878788,0.12121212121212122,Yes,0.8787878787878788
55058,55058,99.00,6,1,7,0.8571428571428571,0.14285714285714285,Yes,0.8571428571428571
55059,55059,99.00,0,0,0,0,0,n/a,0
55060,55060,99.00,2,0,2,1.0,0.0,Yes,1.0
55061,55061,99.00,0,0,0,0,0,n/a,0
55062,55062,99.00,4,0,4,1.0,0.0,Yes,1.0
55063,55063,99.00,5,0,5,1.0,0.0,Yes,1.0
55064,55064,99.00,151,8,159,0.949685534591195,0.050314465408805034,Yes,0.949685534591195
55065,55065,44.44,112,23,135,0.8296296296296296,0.17037037037037037,Yes,0.8296296296296296
55066,55066,99.00,63,13,76,0.8289473684210527,0.17105263157894737,Yes,0.8289473684210527
55067,55067,99.00,95,18,113,0.8407079646017699,0.1592920353982301,Yes,0.8407079646017699
55068,55068,44.44,6,1,7,0.8571428571428571,0.14285714285714285,Yes,0.8571428571428571
55069,55069,44.44,149,14,163,0.9141104294478528,0.08588957055214724,Yes,0.9141104294478528
55070,55070,44.44,0,0,0,0,0,n/a,0
55071,55071,99.00,93,15,108,0.8611111111111112,0.1388888888888889,Yes,0.8611111111111112
55072,55072,99.00,2,3,5,0.4,0.6,No,0.6
55073,55073,99.00,0,0,0,0,0,n/a,0
55074,55074,99.00,79,15,94,0.8404255319148937,0.1595744680851064,Yes,0.8404255319148937
55075,55075,99.00,129,17,146,0.8835616438356164,0.11643835616438356,Yes,0.8835616438356164
55076,55076,99.00,128,11,139,0.920863309352518,0.07913669064748201,Yes,0.920863309352518
55077,55077,99.00,0,1,1,0.0,1.0,No,1.0
55078,55078,44.44,143,31,174,0.8218390804597702,0.1781609195402299,Yes,0.8218390804597702
55079,55079,99.00,137,13,150,0.9133333333333333,0.08666666666666667,Yes,0.9133333333333333
55080,55080,99.00,161,19,180,0.8944444444444445,0.10555555555555556,Yes,0.8944444444444445
55081,55081,99.00,84,13,97,0.865979381443299,0.13402061855670103,Yes,0.865979381443299
55082,55082,99.00,153,21,174,0.8793103448275862,0.1206896551724138,Yes,0.8793103448275862
55083,55083,99.00,129,14,143,0.9020979020979021,0.0979020979020979,Yes,0.9020979020979021
55084,55084,99.00,97,10,107,0.9065420560747663,0.09345794392523364,Yes,0.9065420560747663
55085,55085,99.00,1,1,2,0.5,0.5,Tie,0.5
55086,55086,99.00,2,0,2,1.0,0.0,Yes,1.0
55087,55087,99.00,0,0,0,0,0,n/a,0
55088,55088,99.00,203,27,230,0.8826086956521739,0.11739130434782609,Yes,0.8826086956521739
55089,55089,99.00,185,24,209,0.8851674641148325,0.11483253588516747,Yes,0.8851674641148325
55090,55090,99.00,6,0,6,1.0,0.0,Yes,1.0
55091,55091,99.00,3,0,3,1.0,0.0,Yes,1.0
55092,55092,99.00,169,31,200,0.845,0.155,Yes,0.845
55093,55093,99.00,212,24,236,0.8983050847457628,0.1016949152542373,Yes,0.8983050847457628
55094,55094,99.00,96,10,106,0.9056603773584906,0.09433962264150944,Yes,0.9056603773584906
55095,55095,99.00,34,2,36,0.9444444444444444,0.05555555555555555,Yes,0.9444444444444444
55096,55096,99.00,121,11,132,0.9166666666666666,0.08333333333333333,Yes,0.9166666666666666
55097,55097,99.00,3,0,3,1.0,0.0,Yes,1.0
55098,55098,99.00,0,0,0,0,0,n/a,0
55099,55099,99.00,136,8,144,0.9444444444444444,0.05555555555555555,Yes,0.9444444444444444
55100,55100,99.00,3,0,3,1.0,0.0,Yes,1.0
55101,55101,99.00,5,0,5,1.0,0.0,Yes,1.0
55102,55102,99.00,163,18,181,0.9005524861878453,0.09944751381215469,Yes,0.9005524861878453
55103,55103,99.00,6,0,6,1.0,0.0,Yes,1.0
55104,55104,99.00,2,0,2,1.0,0.0,Yes,1.0
55105,55105,99.00,3,0,3,1.0,0.0,Yes,1.0
55106,55106,99.00,139,20,159,0.8742138364779874,0.12578616352201258,Yes,0.8742138364779874
55107,55107,99.00,151,24,175,0.8628571428571429,0.13714285714285715,Yes,0.8628571428571429
55108,55108,99.00,156,17,173,0.9017341040462428,0.09826589595375723,Yes,0.9017341040462428
55109,55109,99.00,2,0,2,1.0,0.0,Yes,1.0
55110,55110,44.44,6,1,7,0.8571428571428571,0.14285714285714285,Yes,0.8571428571428571
55111,55111,99.00,0,0,0,0,0,n/a,0
55112,55112,99.00,0,0,0,0,0,n/a,0
55113,55113,99.00,0,0,0,0,0,n/a,0
56001,56001,44.44,96,19,115,0.8347826086956521,0.16521739130434782,Yes,0.8347826086956521
56002,56002,44.44,63,6,69,0.9130434782608695,0.08695652173913043,Yes,0.9130434782608695
56003,56003,99.00,53,6,59,0.8983050847457628,0.1016949152542373,Yes,0.8983050847457628
56004,56004,44.44,7,2,9,0.7777777777777778,0.2222222222222222,Yes,0.7777777777777778
56005,56005,99.00,3,0,3,1.0,0.0,Yes,1.0
56006,56006,44.44,100,11,111,0.9009009009009009,0.0990990990990991,Yes,0.9009009009009009
56007,56007,99.00,7,0,7,1.0,0.0,Yes,1.0
56008,56008,99.00,53,13,66,0.803030303030303,0.19696969696969696,Yes,0.803030303030303
56009,56009,99.00,66,5,71,0.9295774647887324,0.07042253521126761,Yes,0.9295774647887324
56010,56010,99.00,96,13,109,0.8807339449541285,0.11926605504587157,Yes,0.8807339449541285
56011,56011,99.00,138,12,150,0.92,0.08,Yes,0.92
56012,56012,99.00,13,1,14,0.9285714285714286,0.07142857142857142,Yes,0.9285714285714286
56013,56013,99.00,269,22,291,0.9243986254295533,0.07560137457044673,Yes,0.9243986254295533
56014,56014,99.00,136,18,154,0.8831168831168831,0.11688311688311688,Yes,0.8831168831168831
56015,56015,80.00,151,22,173,0.8728323699421965,0.12716763005780346,Yes,0.8728323699421965
56016,56016,80.00,143,14,157,0.910828025477707,0.08917197452229299,Yes,0.910828025477707
56017,56017,99.00,108,8,116,0.9310344827586207,0.06896551724137931,Yes,0.9310344827586207
56018,56018,99.00,18,0,18,1.0,0.0,Yes,1.0
56019,56019,99.00,251,25,276,0.9094202898550725,0.09057971014492754,Yes,0.9094202898550725
56020,56020,99.00,1,0,1,1.0,0.0,Yes,1.0
56021,56021,99.00,207,22,229,0.9039301310043668,0.09606986899563319,Yes,0.9039301310043668
56022,56022,99.00,249,27,276,0.9021739130434783,0.09782608695652174,Yes,0.9021739130434783
56023,56023,99.00,156,23,179,0.8715083798882681,0.12849162011173185,Yes,0.8715083798882681
56024,56024,99.00,158,15,173,0.9132947976878613,0.08670520231213873,Yes,0.9132947976878613
56025,56025,99.00,159,17,176,0.9034090909090909,0.09659090909090909,Yes,0.9034090909090909
56026,56026,99.00,244,15,259,0.9420849420849421,0.05791505791505792,Yes,0.9420849420849421
56027,56027,66.67,95,17,112,0.8482142857142857,0.15178571428571427,Yes,0.8482142857142857
56028,56028,66.67,108,9,117,0.9230769230769231,0.07692307692307693,Yes,0.9230769230769231
56029,56029,99.00,208,22,230,0.9043478260869565,0.09565217391304348,Yes,0.9043478260869565
56030,56030,99.00,109,15,124,0.8790322580645161,0.12096774193548387,Yes,0.8790322580645161
56031,56031,99.00,231,25,256,0.90234375,0.09765625,Yes,0.90234375
56032,56032,99.00,189,16,205,0.9219512195121952,0.07804878048780488,Yes,0.9219512195121952
56033,56033,99.00,184,26,210,0.8761904761904762,0.12380952380952381,Yes,0.8761904761904762
56034,56034,99.00,11,1,12,0.9166666666666666,0.08333333333333333,Yes,0.9166666666666666
56035,56035,66.67,108,6,114,0.9473684210526315,0.05263157894736842,Yes,0.9473684210526315
56036,56036,99.00,147,16,163,0.901840490797546,0.09815950920245399,Yes,0.901840490797546
56037,56037,99.00,311,28,339,0.9174041297935103,0.08259587020648967,Yes,0.9174041297935103
56038,56038,99.00,220,18,238,0.9243697478991597,0.07563025210084033,Yes,0.9243697478991597
56039,56039,99.00,5,0,5,1.0,0.0,Yes,1.0
56040,56040,99.00,161,14,175,0.92,0.08,Yes,0.92
56041,56041,99.00,196,17,213,0.92018779342723,0.07981220657276995,Yes,0.92018779342723
56042,56042,99.00,194,13,207,0.9371980676328503,0.06280193236714976,Yes,0.9371980676328503
56043,56043,99.00,7,1,8,0.875,0.125,Yes,0.875
56044,56044,99.00,287,33,320,0.896875,0.103125,Yes,0.896875
56045,56045,99.00,189,14,203,0.9310344827586207,0.06896551724137931,Yes,0.9310344827586207
56046,56046,99.00,12,0,12,1.0,0.0,Yes,1.0
56047,56047,99.00,10,0,10,1.0,0.0,Yes,1.0
56048,56048,99.00,307,26,333,0.9219219219219219,0.07807807807807808,Yes,0.9219219219219219
56049,56049,99.00,354,31,385,0.9194805194805195,0.08051948051948052,Yes,0.9194805194805195
56050,56050,99.00,9,0,9,1.0,0.0,Yes,1.0
56051,56051,99.00,7,1,8,0.875,0.125,Yes,0.875
56052,56052,99.00,165,18,183,0.9016393442622951,0.09836065573770492,Yes,0.9016393442622951
56053,56053,99.00,215,12,227,0.947136563876652,0.05286343612334802,Yes,0.947136563876652
56054,56054,99.00,286,28,314,0.910828025477707,0.08917197452229299,Yes,0.910828025477707
56055,56055,66.67,285,32,317,0.8990536277602523,0.10094637223974763,Yes,0.8990536277602523
56056,56056,66.67,3,0,3,1.0,0.0,Yes,1.0
56057,56057,99.00,183,11,194,0.9432989690721649,0.05670103092783505,Yes,0.9432989690721649
56058,56058,99.00,11,1,12,0.9166666666666666,0.08333333333333333,Yes,0.9166666666666666
56059,56059,0.00,7,1,8,0.875,0.125,Yes,0.875
56060,56060,99.00,229,45,274,0.8357664233576643,0.16423357664233576,Yes,0.8357664233576643
56061,56061,99.00,6,1,7,0.8571428571428571,0.14285714285714285,Yes,0.8571428571428571
56062,56062,99.00,79,7,86,0.9186046511627907,0.08139534883720931,Yes,0.9186046511627907
56063,56063,99.00,126,15,141,0.8936170212765957,0.10638297872340426,Yes,0.8936170212765957
56064,56064,99.00,168,24,192,0.875,0.125,Yes,0.875
56065,56065,99.00,208,14,222,0.9369369369369369,0.06306306306306306,Yes,0.9369369369369369
56066,56066,99.00,2,0,2,1.0,0.0,Yes,1.0
56067,56067,99.00,4,0,4,1.0,0.0,Yes,1.0
56068,56068,99.00,12,4,16,0.75,0.25,Yes,0.75
56069,56069,0.00,22,2,24,0.9166666666666666,0.08333333333333333,Yes,0.9166666666666666
56070,56070,0.00,12,0,12,1.0,0.0,Yes,1.0
56071,56071,99.00,190,27,217,0.8755760368663594,0.12442396313364056,Yes,0.8755760368663594
56072,56072,99.00,201,15,216,0.9305555555555556,0.06944444444444445,Yes,0.9305555555555556
56073,56073,99.00,173,14,187,0.9251336898395722,0.0748663101604278,Yes,0.9251336898395722
56074,56074,99.00,12,1,13,0.9230769230769231,0.07692307692307693,Yes,0.9230769230769231
56075,56075,99.00,5,0,5,1.0,0.0,Yes,1.0
56076,56076,99.00,8,1,9,0.8888888888888888,0.1111111111111111,Yes,0.8888888888888888
56077,56077,99.00,184,18,202,0.9108910891089109,0.0891089108910891,Yes,0.9108910891089109
56078,56078,99.00,222,30,252,0.8809523809523809,0.11904761904761904,Yes,0.8809523809523809
56079,56079,80.00,194,15,209,0.9282296650717703,0.07177033492822966,Yes,0.9282296650717703
56080,56080,99.00,361,30,391,0.9232736572890026,0.07672634271099744,Yes,0.9232736572890026
56081,56081,99.00,4,0,4,1.0,0.0,Yes,1.0
56082,56082,99.00,142,11,153,0.9281045751633987,0.0718954248366013,Yes,0.9281045751633987
56083,56083,0.00,1,0,1,1.0,0.0,Yes,1.0
56084,56084,99.00,7,0,7,1.0,0.0,Yes,1.0
56085,56085,99.00,189,10,199,0.949748743718593,0.05025125628140704,Yes,0.949748743718593
56086,56086,99.00,124,13,137,0.9051094890510949,0.0948905109489051,Yes,0.9051094890510949
56087,56087,99.00,6,0,6,1.0,0.0,Yes,1.0
56088,56088,99.00,161,13,174,0.9252873563218391,0.07471264367816093,Yes,0.9252873563218391
56089,56089,99.00,11,1,12,0.9166666666666666,0.08333333333333333,Yes,0.9166666666666666
56090,56090,99.00,330,32,362,0.9116022099447514,0.08839779005524862,Yes,0.9116022099447514
56091,56091,99.00,235,8,243,0.9670781893004116,0.03292181069958848,Yes,0.9670781893004116
56092,56092,99.00,0,0,0,0,0,n/a,0
57001,57001,99.00,101,17,118,0.8559322033898306,0.1440677966101695,Yes,0.8559322033898306
57002,57002,99.00,84,21,105,0.8,0.2,Yes,0.8
57003,57003,99.00,2,1,3,0.6666666666666666,0.3333333333333333,Yes,0.6666666666666666
57004,57004,99.00,61,6,67,0.9104477611940298,0.08955223880597014,Yes,0.9104477611940298
57005,57005,99.00,2,0,2,1.0,0.0,Yes,1.0
57006,57006,99.00,50,13,63,0.7936507936507936,0.20634920634920634,Yes,0.7936507936507936
57007,57007,99.00,3,0,3,1.0,0.0,Yes,1.0
57008,57008,99.00,121,18,139,0.8705035971223022,0.12949640287769784,Yes,0.8705035971223022
57009,57009,99.00,125,23,148,0.8445945945945946,0.1554054054054054,Yes,0.8445945945945946
57010,57010,99.00,323,31,354,0.9124293785310734,0.08757062146892655,Yes,0.9124293785310734
57011,57011,99.00,201,22,223,0.9013452914798207,0.09865470852017937,Yes,0.9013452914798207
57012,57012,99.00,126,16,142,0.8873239436619719,0.11267605633802817,Yes,0.8873239436619719
57013,57013,99.00,2,1,3,0.6666666666666666,0.3333333333333333,Yes,0.6666666666666666
57014,57014,99.00,146,12,158,0.9240506329113924,0.0759493670886076,Yes,0.9240506329113924
57015,57015,99.00,12,1,13,0.9230769230769231,0.07692307692307693,Yes,0.9230769230769231
57016,57016,99.00,278,15,293,0.9488054607508533,0.051194539249146756,Yes,0.9488054607508533
57017,57017,99.00,330,23,353,0.9348441926345609,0.06515580736543909,Yes,0.9348441926345609
57018,57018,99.00,315,28,343,0.9183673469387755,0.08163265306122448,Yes,0.9183673469387755
57019,57019,99.00,4,0,4,1.0,0.0,Yes,1.0
57020,57020,99.00,0,0,0,0,0,n/a,0
57021,57021,80.00,169,6,175,0.9657142857142857,0.03428571428571429,Yes,0.9657142857142857
57022,57022,99.00,158,15,173,0.9132947976878613,0.08670520231213873,Yes,0.9132947976878613
57023,57023,99.00,1,0,1,1.0,0.0,Yes,1.0
57024,57024,99.00,391,28,419,0.9331742243436754,0.06682577565632458,Yes,0.9331742243436754
57025,57025,99.00,317,27,344,0.9215116279069767,0.07848837209302326,Yes,0.9215116279069767
57026,57026,99.00,276,22,298,0.9261744966442953,0.0738255033557047,Yes,0.9261744966442953
57027,57027,99.00,364,17,381,0.9553805774278216,0.04461942257217848,Yes,0.9553805774278216
57028,57028,99.00,7,2,9,0.7777777777777778,0.2222222222222222,Yes,0.7777777777777778
57029,57029,99.00,357,28,385,0.9272727272727272,0.07272727272727272,Yes,0.9272727272727272
57030,57030,99.00,216,21,237,0.9113924050632911,0.08860759493670886,Yes,0.9113924050632911
57031,57031,99.00,330,37,367,0.8991825613079019,0.1008174386920981,Yes,0.8991825613079019
57032,57032,99.00,119,17,136,0.875,0.125,Yes,0.875
57033,57033,99.00,2,0,2,1.0,0.0,Yes,1.0
57034,57034,99.00,296,16,312,0.9487179487179487,0.05128205128205128,Yes,0.9487179487179487
57035,57035,99.00,239,10,249,0.9598393574297188,0.040160642570281124,Yes,0.9598393574297188
57036,57036,80.00,209,14,223,0.9372197309417041,0.06278026905829596,Yes,0.9372197309417041
57037,57037,80.00,142,6,148,0.9594594594594594,0.04054054054054054,Yes,0.9594594594594594
57038,57038,99.00,262,13,275,0.9527272727272728,0.04727272727272727,Yes,0.9527272727272728
57039,57039,99.00,241,13,254,0.9488188976377953,0.051181102362204724,Yes,0.9488188976377953
57040,57040,99.00,254,14,268,0.9477611940298507,0.05223880597014925,Yes,0.9477611940298507
57041,57041,99.00,236,13,249,0.9477911646586346,0.05220883534136546,Yes,0.9477911646586346
57042,57042,99.00,208,17,225,0.9244444444444444,0.07555555555555556,Yes,0.9244444444444444
57043,57043,99.00,297,27,324,0.9166666666666666,0.08333333333333333,Yes,0.9166666666666666
57044,57044,99.00,181,18,199,0.9095477386934674,0.09045226130653267,Yes,0.9095477386934674
57045,57045,99.00,299,27,326,0.9171779141104295,0.08282208588957055,Yes,0.9171779141104295
57046,57046,99.00,2,0,2,1.0,0.0,Yes,1.0
57047,57047,0.00,11,2,13,0.8461538461538461,0.15384615384615385,Yes,0.8461538461538461
57048,57048,99.00,442,22,464,0.9525862068965517,0.04741379310344827,Yes,0.9525862068965517
57049,57049,99.00,218,16,234,0.9316239316239316,0.06837606837606838,Yes,0.9316239316239316
57050,57050,99.00,11,2,13,0.8461538461538461,0.15384615384615385,Yes,0.8461538461538461
57051,57051,99.00,327,30,357,0.9159663865546218,0.08403361344537816,Yes,0.9159663865546218
57052,57052,99.00,1,0,1,1.0,0.0,Yes,1.0
57053,57053,99.00,7,0,7,1.0,0.0,Yes,1.0
57054,57054,99.00,248,19,267,0.9288389513108615,0.07116104868913857,Yes,0.9288389513108615
57055,57055,99.00,321,31,352,0.9119318181818182,0.08806818181818182,Yes,0.9119318181818182
57056,57056,99.00,219,10,229,0.9563318777292577,0.043668122270742356,Yes,0.9563318777292577
57057,57057,99.00,185,10,195,0.9487179487179487,0.05128205128205128,Yes,0.9487179487179487
57058,57058,99.00,252,10,262,0.9618320610687023,0.03816793893129771,Yes,0.9618320610687023
57059,57059,99.00,356,9,365,0.9753424657534246,0.024657534246575342,Yes,0.9753424657534246
57060,57060,99.00,394,23,417,0.9448441247002398,0.05515587529976019,Yes,0.9448441247002398
57061,57061,0.00,37,0,37,1.0,0.0,Yes,1.0
57062,57062,0.00,14,0,14,1.0,0.0,Yes,1.0
57063,57063,99.00,23,0,23,1.0,0.0,Yes,1.0
57064,57064,99.00,426,28,454,0.9383259911894273,0.06167400881057269,Yes,0.9383259911894273
57065,57065,99.00,24,0,24,1.0,0.0,Yes,1.0
57066,57066,99.00,11,1,12,0.9166666666666666,0.08333333333333333,Yes,0.9166666666666666
57067,57067,99.00,349,29,378,0.9232804232804233,0.07671957671957672,Yes,0.9232804232804233
57068,57068,99.00,243,20,263,0.9239543726235742,0.07604562737642585,Yes,0.9239543726235742
57069,57069,99.00,260,27,287,0.9059233449477352,0.09407665505226481,Yes,0.9059233449477352
57070,57070,99.00,294,16,310,0.9483870967741935,0.05161290322580645,Yes,0.9483870967741935
57071,57071,99.00,17,0,17,1.0,0.0,Yes,1.0
57072,57072,99.00,226,14,240,0.9416666666666667,0.058333333333333334,Yes,0.9416666666666667
57073,57073,99.00,21,2,23,0.9130434782608695,0.08695652173913043,Yes,0.9130434782608695
57074,57074,99.00,253,10,263,0.9619771863117871,0.03802281368821293,Yes,0.9619771863117871
57075,57075,99.00,295,21,316,0.9335443037974683,0.06645569620253164,Yes,0.9335443037974683
57076,57076,99.00,502,40,542,0.9261992619926199,0.07380073800738007,Yes,0.9261992619926199
57077,57077,99.00,110,9,119,0.9243697478991597,0.07563025210084033,Yes,0.9243697478991597
57078,57078,99.00,12,1,13,0.9230769230769231,0.07692307692307693,Yes,0.9230769230769231
57079,57079,99.00,13,2,15,0.8666666666666667,0.13333333333333333,Yes,0.8666666666666667
57080,57080,99.00,398,21,419,0.9498806682577565,0.050119331742243436,Yes,0.9498806682577565
57081,57081,99.00,362,24,386,0.9378238341968912,0.06217616580310881,Yes,0.9378238341968912
57082,57082,99.00,15,0,15,1.0,0.0,Yes,1.0
57083,57083,99.00,134,11,145,0.9241379310344827,0.07586206896551724,Yes,0.9241379310344827
57084,57084,99.00,337,24,361,0.9335180055401662,0.0664819944598338,Yes,0.9335180055401662
57085,57085,30.00,261,17,278,0.9388489208633094,0.06115107913669065,Yes,0.9388489208633094
57086,57086,99.00,13,0,13,1.0,0.0,Yes,1.0
57087,57087,30.00,334,28,362,0.9226519337016574,0.07734806629834254,Yes,0.9226519337016574
57088,57088,30.00,20,0,20,1.0,0.0,Yes,1.0
57089,57089,99.00,20,3,23,0.8695652173913043,0.13043478260869565,Yes,0.8695652173913043
57090,57090,99.00,215,19,234,0.9188034188034188,0.0811965811965812,Yes,0.9188034188034188
57091,57091,99.00,241,28,269,0.895910780669145,0.10408921933085502,Yes,0.895910780669145
57092,57092,99.00,187,4,191,0.9790575916230366,0.020942408376963352,Yes,0.9790575916230366
57093,57093,99.00,144,6,150,0.96,0.04,Yes,0.96
57094,57094,99.00,2,0,2,1.0,0.0,Yes,1.0
57095,57095,99.00,8,2,10,0.8,0.2,Yes,0.8
57096,57096,30.00,22,2,24,0.9166666666666666,0.08333333333333333,Yes,0.9166666666666666
57097,57097,99.00,1,0,1,1.0,0.0,Yes,1.0
57098,57098,99.00,4,2,6,0.6666666666666666,0.3333333333333333,Yes,0.6666666666666666
57099,57099,99.00,127,11,138,0.9202898550724637,0.07971014492753623,Yes,0.9202898550724637
57100,57100,99.00,7,0,7,1.0,0.0,Yes,1.0
57101,57101,99.00,350,21,371,0.9433962264150944,0.05660377358490566,Yes,0.9433962264150944
57102,57102,99.00,214,14,228,0.9385964912280702,0.06140350877192982,Yes,0.9385964912280702
57103,57103,0.00,25,1,26,0.9615384615384616,0.038461538461538464,Yes,0.9615384615384616
57104,57104,99.00,280,19,299,0.9364548494983278,0.06354515050167224,Yes,0.9364548494983278
57105,57105,99.00,20,0,20,1.0,0.0,Yes,1.0
57106,57106,99.00,0,0,0,0,0,n/a,0
58001,58001,99.00,88,8,96,0.9166666666666666,0.08333333333333333,Yes,0.9166666666666666
58002,58002,99.00,195,20,215,0.9069767441860465,0.09302325581395349,Yes,0.9069767441860465
58003,58003,99.00,2,0,2,1.0,0.0,Yes,1.0
58004,58004,75.00,167,14,181,0.9226519337016574,0.07734806629834254,Yes,0.9226519337016574
58005,58005,75.00,149,18,167,0.8922155688622755,0.10778443113772455,Yes,0.8922155688622755
58006,58006,75.00,1,0,1,1.0,0.0,Yes,1.0
58007,58007,75.00,1,0,1,1.0,0.0,Yes,1.0
58008,58008,99.00,166,15,181,0.9171270718232044,0.08287292817679558,Yes,0.9171270718232044
58009,58009,99.00,143,19,162,0.8827160493827161,0.11728395061728394,Yes,0.8827160493827161
58010,58010,99.00,5,0,5,1.0,0.0,Yes,1.0
58011,58011,99.00,213,15,228,0.9342105263157895,0.06578947368421052,Yes,0.9342105263157895
58012,58012,99.00,136,16,152,0.8947368421052632,0.10526315789473684,Yes,0.8947368421052632
58013,58013,99.00,5,0,5,1.0,0.0,Yes,1.0
58014,58014,99.00,3,0,3,1.0,0.0,Yes,1.0
58015,58015,99.00,161,21,182,0.8846153846153846,0.11538461538461539,Yes,0.8846153846153846
58016,58016,99.00,76,6,82,0.926829268292683,0.07317073170731707,Yes,0.926829268292683
58017,58017,99.00,3,3,6,0.5,0.5,Tie,0.5
58018,58018,99.00,113,23,136,0.8308823529411765,0.16911764705882354,Yes,0.8308823529411765
58019,58019,99.00,185,30,215,0.8604651162790697,0.13953488372093023,Yes,0.8604651162790697
58020,58020,99.00,228,24,252,0.9047619047619048,0.09523809523809523,Yes,0.9047619047619048
58021,58021,99.00,143,19,162,0.8827160493827161,0.11728395061728394,Yes,0.8827160493827161
58022,58022,99.00,3,1,4,0.75,0.25,Yes,0.75
58023,58023,0.00,7,1,8,0.875,0.125,Yes,0.875
58024,58024,99.00,7,1,8,0.875,0.125,Yes,0.875
58025,58025,99.00,157,16,173,0.9075144508670521,0.09248554913294797,Yes,0.9075144508670521
58026,58026,99.00,243,22,265,0.9169811320754717,0.0830188679245283,Yes,0.9169811320754717
58027,58027,99.00,133,22,155,0.8580645161290322,0.14193548387096774,Yes,0.8580645161290322
58028,58028,99.00,214,23,237,0.9029535864978903,0.0970464135021097,Yes,0.9029535864978903
58029,58029,99.00,8,0,8,1.0,0.0,Yes,1.0
58030,58030,99.00,169,24,193,0.8756476683937824,0.12435233160621761,Yes,0.8756476683937824
58031,58031,99.00,232,28,260,0.8923076923076924,0.1076923076923077,Yes,0.8923076923076924
58032,58032,99.00,1,1,2,0.5,0.5,Tie,0.5
58033,58033,0.00,6,4,10,0.6,0.4,Yes,0.6
58034,58034,0.00,9,0,9,1.0,0.0,Yes,1.0
58035,58035,0.00,2,2,4,0.5,0.5,Tie,0.5
58036,58036,99.00,5,1,6,0.8333333333333334,0.16666666666666666,Yes,0.8333333333333334
58037,58037,99.00,9,0,9,1.0,0.0,Yes,1.0
58038,58038,99.00,197,25,222,0.8873873873873874,0.11261261261261261,Yes,0.8873873873873874
58039,58039,37.50,240,26,266,0.9022556390977443,0.09774436090225563,Yes,0.9022556390977443
58040,58040,99.00,3,0,3,1.0,0.0,Yes,1.0
58041,58041,37.50,162,22,184,0.8804347826086957,0.11956521739130435,Yes,0.8804347826086957
58042,58042,37.50,10,0,10,1.0,0.0,Yes,1.0
58043,58043,99.00,220,24,244,0.9016393442622951,0.09836065573770492,Yes,0.9016393442622951
58044,58044,99.00,2,0,2,1.0,0.0,Yes,1.0
58045,58045,99.00,164,25,189,0.8677248677248677,0.13227513227513227,Yes,0.8677248677248677
58046,58046,99.00,237,14,251,0.9442231075697212,0.055776892430278883,Yes,0.9442231075697212
58047,58047,0.00,4,2,6,0.6666666666666666,0.3333333333333333,Yes,0.6666666666666666
58048,58048,0.00,5,0,5,1.0,0.0,Yes,1.0
58049,58049,37.50,21,2,23,0.9130434782608695,0.08695652173913043,Yes,0.9130434782608695
58050,58050,99.00,6,1,7,0.8571428571428571,0.14285714285714285,Yes,0.8571428571428571
58051,58051,99.00,88,4,92,0.9565217391304348,0.043478260869565216,Yes,0.9565217391304348
58052,58052,99.00,116,8,124,0.9354838709677419,0.06451612903225806,Yes,0.9354838709677419
58053,58053,99.00,3,0,3,1.0,0.0,Yes,1.0
58054,58054,99.00,179,13,192,0.9322916666666666,0.06770833333333333,Yes,0.9322916666666666
58055,58055,99.00,139,15,154,0.9025974025974026,0.09740259740259741,Yes,0.9025974025974026
58056,58056,99.00,3,0,3,1.0,0.0,Yes,1.0
58057,58057,50.00,88,14,102,0.8627450980392157,0.13725490196078433,Yes,0.8627450980392157
58058,58058,99.00,11,0,11,1.0,0.0,Yes,1.0
58059,58059,99.00,169,23,192,0.8802083333333334,0.11979166666666667,Yes,0.8802083333333334
58060,58060,99.00,6,3,9,0.6666666666666666,0.3333333333333333,Yes,0.6666666666666666
58061,58061,99.00,128,12,140,0.9142857142857143,0.08571428571428572,Yes,0.9142857142857143
58062,58062,99.00,158,26,184,0.8586956521739131,0.14130434782608695,Yes,0.8586956521739131
58063,58063,99.00,1,2,3,0.3333333333333333,0.6666666666666666,No,0.6666666666666666
58064,58064,99.00,149,32,181,0.8232044198895028,0.17679558011049723,Yes,0.8232044198895028
58065,58065,99.00,186,33,219,0.8493150684931506,0.1506849315068493,Yes,0.8493150684931506
58066,58066,99.00,117,10,127,0.9212598425196851,0.07874015748031496,Yes,0.9212598425196851
58067,58067,99.00,219,22,241,0.9087136929460581,0.0912863070539419,Yes,0.9087136929460581
58068,58068,99.00,172,23,195,0.882051282051282,0.11794871794871795,Yes,0.882051282051282
58069,58069,99.00,0,0,0,0,0,n/a,0
58070,58070,99.00,88,12,100,0.88,0.12,Yes,0.88
58071,58071,99.00,118,14,132,0.8939393939393939,0.10606060606060606,Yes,0.8939393939393939
58072,58072,99.00,59,5,64,0.921875,0.078125,Yes,0.921875
58073,58073,99.00,34,6,40,0.85,0.15,Yes,0.85
58074,58074,99.00,3,1,4,0.75,0.25,Yes,0.75
58075,58075,99.00,113,8,121,0.9338842975206612,0.06611570247933884,Yes,0.9338842975206612
58076,58076,99.00,120,15,135,0.8888888888888888,0.1111111111111111,Yes,0.8888888888888888
58077,58077,99.00,142,8,150,0.9466666666666667,0.05333333333333334,Yes,0.9466666666666667
58078,58078,99.00,225,41,266,0.8458646616541353,0.15413533834586465,Yes,0.8458646616541353
58079,58079,99.00,140,13,153,0.9150326797385621,0.08496732026143791,Yes,0.9150326797385621
58080,58080,99.00,220,23,243,0.9053497942386831,0.09465020576131687,Yes,0.9053497942386831
58081,58081,99.00,5,0,5,1.0,0.0,Yes,1.0
58082,58082,99.00,7,0,7,1.0,0.0,Yes,1.0
58083,58083,99.00,7,1,8,0.875,0.125,Yes,0.875
58084,58084,75.00,115,5,120,0.9583333333333334,0.041666666666666664,Yes,0.9583333333333334
58085,58085,99.00,1,1,2,0.5,0.5,Tie,0.5
58086,58086,0.00,9,1,10,0.9,0.1,Yes,0.9
59001,59001,99.00,1,2,3,0.3333333333333333,0.6666666666666666,No,0.6666666666666666
59002,59002,99.00,2,0,2,1.0,0.0,Yes,1.0
59003,59003,99.00,90,13,103,0.8737864077669902,0.1262135922330097,Yes,0.8737864077669902
59004,59004,99.00,125,26,151,0.8278145695364238,0.17218543046357615,Yes,0.8278145695364238
59005,59005,50.00,87,12,99,0.8787878787878788,0.12121212121212122,Yes,0.8787878787878788
59006,59006,50.00,143,20,163,0.8773006134969326,0.12269938650306748,Yes,0.8773006134969326
59007,59007,99.00,10,3,13,0.7692307692307693,0.23076923076923078,Yes,0.7692307692307693
59008,59008,99.00,196,21,217,0.9032258064516129,0.0967741935483871,Yes,0.9032258064516129
59009,59009,99.00,0,4,4,0.0,1.0,No,1.0
59010,59010,99.00,122,21,143,0.8531468531468531,0.14685314685314685,Yes,0.8531468531468531
59011,59011,99.00,154,24,178,0.8651685393258427,0.1348314606741573,Yes,0.8651685393258427
59012,59012,99.00,156,14,170,0.9176470588235294,0.08235294117647059,Yes,0.9176470588235294
59013,59013,50.00,117,23,140,0.8357142857142857,0.16428571428571428,Yes,0.8357142857142857
59014,59014,50.00,111,9,120,0.925,0.075,Yes,0.925
59015,59015,50.00,108,6,114,0.9473684210526315,0.05263157894736842,Yes,0.9473684210526315
59016,59016,99.00,285,48,333,0.8558558558558559,0.14414414414414414,Yes,0.8558558558558559
59017,59017,99.00,114,18,132,0.8636363636363636,0.13636363636363635,Yes,0.8636363636363636
59018,59018,99.00,176,26,202,0.8712871287128713,0.12871287128712872,Yes,0.8712871287128713
59019,59019,99.00,2,4,6,0.3333333333333333,0.6666666666666666,No,0.6666666666666666
59020,59020,99.00,154,30,184,0.8369565217391305,0.16304347826086957,Yes,0.8369565217391305
59021,59021,99.00,130,27,157,0.8280254777070064,0.17197452229299362,Yes,0.8280254777070064
59022,59022,99.00,138,20,158,0.8734177215189873,0.12658227848101267,Yes,0.8734177215189873
59023,59023,99.00,96,29,125,0.768,0.232,Yes,0.768
59024,59024,99.00,87,31,118,0.7372881355932204,0.2627118644067797,Yes,0.7372881355932204
59025,59025,50.00,219,33,252,0.8690476190476191,0.13095238095238096,Yes,0.8690476190476191
59026,59026,99.00,105,37,142,0.7394366197183099,0.2605633802816901,Yes,0.7394366197183099
59027,59027,99.00,215,57,272,0.7904411764705882,0.20955882352941177,Yes,0.7904411764705882
59028,59028,99.00,170,71,241,0.7053941908713693,0.2946058091286307,Yes,0.7053941908713693
59029,59029,99.00,98,40,138,0.7101449275362319,0.2898550724637681,Yes,0.7101449275362319
59030,59030,99.00,5,1,6,0.8333333333333334,0.16666666666666666,Yes,0.8333333333333334
59031,59031,99.00,5,3,8,0.625,0.375,Yes,0.625
59032,59032,99.00,2,0,2,1.0,0.0,Yes,1.0
59033,59033,99.00,100,235,335,0.29850746268656714,0.7014925373134329,No,0.7014925373134329
59034,59034,99.00,2,4,6,0.3333333333333333,0.6666666666666666,No,0.6666666666666666
59035,59035,99.00,88,145,233,0.3776824034334764,0.6223175965665236,No,0.6223175965665236
59036,59036,99.00,71,156,227,0.31277533039647576,0.6872246696035242,No,0.6872246696035242
59037,59037,99.00,79,103,182,0.4340659340659341,0.5659340659340659,No,0.5659340659340659
59038,59038,99.00,77,190,267,0.2883895131086142,0.7116104868913857,No,0.7116104868913857
59039,59039,99.00,79,132,211,0.3744075829383886,0.6255924170616114,No,0.6255924170616114
59040,59040,99.00,74,136,210,0.3523809523809524,0.6476190476190476,No,0.6476190476190476
59041,59041,99.00,158,20,178,0.8876404494382022,0.11235955056179775,Yes,0.8876404494382022
59042,59042,99.00,75,255,330,0.22727272727272727,0.7727272727272727,No,0.7727272727272727
59043,59043,99.00,1,4,5,0.2,0.8,No,0.8
59044,59044,99.00,77,283,360,0.21388888888888888,0.7861111111111111,No,0.7861111111111111
59045,59045,99.00,3,4,7,0.42857142857142855,0.5714285714285714,No,0.5714285714285714
59046,59046,99.00,0,0,0,0,0,n/a,0
59047,59047,99.00,14,1,15,0.9333333333333333,0.06666666666666667,Yes,0.9333333333333333
59048,59048,99.00,1,0,1,1.0,0.0,Yes,1.0
59049,59049,99.00,7,0,7,1.0,0.0,Yes,1.0
59050,59050,99.00,102,43,145,0.7034482758620689,0.296551724137931,Yes,0.7034482758620689
59051,59051,99.00,67,111,178,0.37640449438202245,0.6235955056179775,No,0.6235955056179775
59052,59052,99.00,50,73,123,0.4065040650406504,0.5934959349593496,No,0.5934959349593496
59053,59053,99.00,23,75,98,0.23469387755102042,0.7653061224489796,No,0.7653061224489796
59054,59054,99.00,50,67,117,0.42735042735042733,0.5726495726495726,No,0.5726495726495726
59055,59055,99.00,115,89,204,0.5637254901960784,0.4362745098039216,Yes,0.5637254901960784
59056,59056,99.00,96,24,120,0.8,0.2,Yes,0.8
59057,59057,99.00,98,104,202,0.48514851485148514,0.5148514851485149,No,0.5148514851485149
59058,59058,99.00,61,31,92,0.6630434782608695,0.33695652173913043,Yes,0.6630434782608695
59059,59059,99.00,55,72,127,0.4330708661417323,0.5669291338582677,No,0.5669291338582677
59060,59060,99.00,1,7,8,0.125,0.875,No,0.875
59061,59061,99.00,74,149,223,0.33183856502242154,0.6681614349775785,No,0.6681614349775785
59062,59062,99.00,0,2,2,0.0,1.0,No,1.0
59063,59063,99.00,145,19,164,0.8841463414634146,0.11585365853658537,Yes,0.8841463414634146
59064,59064,99.00,15,1,16,0.9375,0.0625,Yes,0.9375
59065,59065,99.00,15,2,17,0.8823529411764706,0.11764705882352941,Yes,0.8823529411764706
59066,59066,99.00,211,22,233,0.9055793991416309,0.0944206008583691,Yes,0.9055793991416309
59067,59067,85.71,14,1,15,0.9333333333333333,0.06666666666666667,Yes,0.9333333333333333
59068,59068,85.71,5,0,5,1.0,0.0,Yes,1.0
59069,59069,85.71,8,1,9,0.8888888888888888,0.1111111111111111,Yes,0.8888888888888888
59070,59070,85.71,171,19,190,0.9,0.1,Yes,0.9
59071,59071,99.00,149,26,175,0.8514285714285714,0.14857142857142858,Yes,0.8514285714285714
59072,59072,99.00,190,53,243,0.7818930041152263,0.21810699588477367,Yes,0.7818930041152263
59073,59073,85.71,184,28,212,0.8679245283018868,0.1320754716981132,Yes,0.8679245283018868
59074,59074,85.71,92,19,111,0.8288288288288288,0.17117117117117117,Yes,0.8288288288288288
59075,59075,85.71,193,38,231,0.8354978354978355,0.1645021645021645,Yes,0.8354978354978355
59076,59076,99.00,6,2,8,0.75,0.25,Yes,0.75
59077,59077,99.00,6,1,7,0.8571428571428571,0.14285714285714285,Yes,0.8571428571428571
59078,59078,99.00,4,0,4,1.0,0.0,Yes,1.0
59079,59079,99.00,10,0,10,1.0,0.0,Yes,1.0
59080,59080,99.00,6,1,7,0.8571428571428571,0.14285714285714285,Yes,0.8571428571428571
59081,59081,85.71,7,0,7,1.0,0.0,Yes,1.0
59082,59082,99.00,6,2,8,0.75,0.25,Yes,0.75
59083,59083,99.00,65,40,105,0.6190476190476191,0.38095238095238093,Yes,0.6190476190476191
59084,59084,85.71,166,19,185,0.8972972972972973,0.10270270270270271,Yes,0.8972972972972973
59085,59085,50.00,14,5,19,0.7368421052631579,0.2631578947368421,Yes,0.7368421052631579
59086,59086,99.00,0,0,0,0,0,n/a,0
59087,59087,99.00,0,0,0,0,0,n/a,0
59088,59088,99.00,0,0,0,0,0,n/a,0
59089,59089,99.00,0,0,0,0,0,n/a,0
59090,59090,99.00,0,0,0,0,0,n/a,0
60001,60001,99.00,51,10,61,0.8360655737704918,0.16393442622950818,Yes,0.8360655737704918
60002,60002,99.00,110,19,129,0.8527131782945736,0.14728682170542637,Yes,0.8527131782945736
60003,60003,99.00,90,13,103,0.8737864077669902,0.1262135922330097,Yes,0.8737864077669902
60004,60004,99.00,4,0,4,1.0,0.0,Yes,1.0
60005,60005,99.00,186,28,214,0.8691588785046729,0.1308411214953271,Yes,0.8691588785046729
60006,60006,99.00,31,4,35,0.8857142857142857,0.11428571428571428,Yes,0.8857142857142857
60007,60007,99.00,132,9,141,0.9361702127659575,0.06382978723404255,Yes,0.9361702127659575
60008,60008,99.00,138,10,148,0.9324324324324325,0.06756756756756757,Yes,0.9324324324324325
60009,60009,99.00,138,17,155,0.8903225806451613,0.10967741935483871,Yes,0.8903225806451613
60010,60010,99.00,82,12,94,0.8723404255319149,0.1276595744680851,Yes,0.8723404255319149
60011,60011,99.00,0,0,0,0,0,n/a,0
60012,60012,99.00,4,1,5,0.8,0.2,Yes,0.8
60013,60013,99.00,106,9,115,0.9217391304347826,0.0782608695652174,Yes,0.9217391304347826
60014,60014,99.00,148,20,168,0.8809523809523809,0.11904761904761904,Yes,0.8809523809523809
60015,60015,66.67,61,6,67,0.9104477611940298,0.08955223880597014,Yes,0.9104477611940298
60016,60016,99.00,0,0,0,0,0,n/a,0
60017,60017,99.00,185,38,223,0.8295964125560538,0.17040358744394618,Yes,0.8295964125560538
60018,60018,66.67,1,0,1,1.0,0.0,Yes,1.0
60019,60019,66.67,1,0,1,1.0,0.0,Yes,1.0
60020,60020,99.00,0,0,0,0,0,n/a,0
60021,60021,99.00,61,15,76,0.8026315789473685,0.19736842105263158,Yes,0.8026315789473685
60022,60022,99.00,72,9,81,0.8888888888888888,0.1111111111111111,Yes,0.8888888888888888
60023,60023,99.00,0,0,0,0,0,n/a,0
60024,60024,99.00,61,5,66,0.9242424242424242,0.07575757575757576,Yes,0.9242424242424242
60025,60025,99.00,0,0,0,0,0,n/a,0
60026,60026,99.00,167,29,196,0.8520408163265306,0.14795918367346939,Yes,0.8520408163265306
60027,60027,99.00,165,23,188,0.8776595744680851,0.12234042553191489,Yes,0.8776595744680851
60028,60028,99.00,239,20,259,0.9227799227799228,0.07722007722007722,Yes,0.9227799227799228
60029,60029,99.00,95,8,103,0.9223300970873787,0.07766990291262135,Yes,0.9223300970873787
60030,60030,99.00,4,0,4,1.0,0.0,Yes,1.0
60031,60031,66.67,57,7,64,0.890625,0.109375,Yes,0.890625
60032,60032,99.00,83,18,101,0.8217821782178217,0.1782178217821782,Yes,0.8217821782178217
60033,60033,99.00,192,31,223,0.8609865470852018,0.13901345291479822,Yes,0.8609865470852018
60034,60034,99.00,107,9,116,0.9224137931034483,0.07758620689655173,Yes,0.9224137931034483
60035,60035,99.00,4,0,4,1.0,0.0,Yes,1.0
60036,60036,99.00,89,12,101,0.8811881188118812,0.1188118811881188,Yes,0.8811881188118812
60037,60037,99.00,5,0,5,1.0,0.0,Yes,1.0
60038,60038,99.00,8,2,10,0.8,0.2,Yes,0.8
60039,60039,66.67,63,7,70,0.9,0.1,Yes,0.9
60040,60040,66.67,66,8,74,0.8918918918918919,0.10810810810810811,Yes,0.8918918918918919
60041,60041,66.67,74,14,88,0.8409090909090909,0.1590909090909091,Yes,0.8409090909090909
60042,60042,99.00,93,7,100,0.93,0.07,Yes,0.93
60043,60043,99.00,87,8,95,0.9157894736842105,0.08421052631578947,Yes,0.9157894736842105
60044,60044,99.00,11,0,11,1.0,0.0,Yes,1.0
60045,60045,99.00,127,19,146,0.8698630136986302,0.13013698630136986,Yes,0.8698630136986302
60046,60046,99.00,146,28,174,0.8390804597701149,0.16091954022988506,Yes,0.8390804597701149
60047,60047,99.00,114,8,122,0.9344262295081968,0.06557377049180328,Yes,0.9344262295081968
60048,60048,66.67,3,3,6,0.5,0.5,Tie,0.5
60049,60049,66.67,88,9,97,0.9072164948453608,0.09278350515463918,Yes,0.9072164948453608
60050,60050,66.67,0,0,0,0,0,n/a,0
60051,60051,66.67,91,20,111,0.8198198198198198,0.18018018018018017,Yes,0.8198198198198198
60052,60052,99.00,79,12,91,0.8681318681318682,0.13186813186813187,Yes,0.8681318681318682
60053,60053,99.00,122,12,134,0.9104477611940298,0.08955223880597014,Yes,0.9104477611940298
60054,60054,99.00,156,14,170,0.9176470588235294,0.08235294117647059,Yes,0.9176470588235294
60055,60055,99.00,218,20,238,0.9159663865546218,0.08403361344537816,Yes,0.9159663865546218
60056,60056,99.00,144,27,171,0.8421052631578947,0.15789473684210525,Yes,0.8421052631578947
60057,60057,99.00,107,10,117,0.9145299145299145,0.08547008547008547,Yes,0.9145299145299145
60058,60058,99.00,63,11,74,0.8513513513513513,0.14864864864864866,Yes,0.8513513513513513
60059,60059,99.00,5,0,5,1.0,0.0,Yes,1.0
60060,60060,99.00,109,25,134,0.8134328358208955,0.1865671641791045,Yes,0.8134328358208955
60061,60061,99.00,6,1,7,0.8571428571428571,0.14285714285714285,Yes,0.8571428571428571
60062,60062,99.00,110,23,133,0.8270676691729323,0.17293233082706766,Yes,0.8270676691729323
60063,60063,99.00,136,11,147,0.9251700680272109,0.07482993197278912,Yes,0.9251700680272109
60064,60064,99.00,5,0,5,1.0,0.0,Yes,1.0
60065,60065,99.00,134,12,146,0.9178082191780822,0.0821917808219178,Yes,0.9178082191780822
60066,60066,99.00,152,15,167,0.9101796407185628,0.08982035928143713,Yes,0.9101796407185628
60067,60067,99.00,0,0,0,0,0,n/a,0
60068,60068,99.00,3,0,3,1.0,0.0,Yes,1.0
60069,60069,99.00,2,1,3,0.6666666666666666,0.3333333333333333,Yes,0.6666666666666666
60070,60070,99.00,7,1,8,0.875,0.125,Yes,0.875
60071,60071,99.00,132,17,149,0.8859060402684564,0.11409395973154363,Yes,0.8859060402684564
60072,60072,99.00,160,20,180,0.8888888888888888,0.1111111111111111,Yes,0.8888888888888888
60073,60073,99.00,2,0,2,1.0,0.0,Yes,1.0
60074,60074,99.00,113,16,129,0.875968992248062,0.12403100775193798,Yes,0.875968992248062
60075,60075,99.00,147,21,168,0.875,0.125,Yes,0.875
60076,60076,99.00,2,0,2,1.0,0.0,Yes,1.0
60077,60077,99.00,4,1,5,0.8,0.2,Yes,0.8
60078,60078,99.00,193,40,233,0.8283261802575107,0.17167381974248927,Yes,0.8283261802575107
60079,60079,99.00,98,10,108,0.9074074074074074,0.09259259259259259,Yes,0.9074074074074074
60080,60080,99.00,108,18,126,0.8571428571428571,0.14285714285714285,Yes,0.8571428571428571
60081,60081,99.00,231,33,264,0.875,0.125,Yes,0.875
60082,60082,99.00,240,33,273,0.8791208791208791,0.12087912087912088,Yes,0.8791208791208791
60083,60083,22.22,166,20,186,0.8924731182795699,0.10752688172043011,Yes,0.8924731182795699
60084,60084,22.22,16,3,19,0.8421052631578947,0.15789473684210525,Yes,0.8421052631578947
60085,60085,99.00,207,35,242,0.8553719008264463,0.1446280991735537,Yes,0.8553719008264463
60086,60086,22.22,246,37,283,0.8692579505300353,0.13074204946996468,Yes,0.8692579505300353
60087,60087,99.00,6,0,6,1.0,0.0,Yes,1.0
60088,60088,99.00,83,16,99,0.8383838383838383,0.16161616161616163,Yes,0.8383838383838383
60089,60089,99.00,2,1,3,0.6666666666666666,0.3333333333333333,Yes,0.6666666666666666
60090,60090,99.00,4,0,4,1.0,0.0,Yes,1.0
60091,60091,66.67,77,14,91,0.8461538461538461,0.15384615384615385,Yes,0.8461538461538461
64001,64001,50.00,32,112,144,0.2222222222222222,0.7777777777777778,No,0.7777777777777778
64002,64002,50.00,43,164,207,0.20772946859903382,0.7922705314009661,No,0.7922705314009661
64003,64003,99.00,62,301,363,0.17079889807162535,0.8292011019283747,No,0.8292011019283747
64004,64004,99.00,4,3,7,0.5714285714285714,0.42857142857142855,Yes,0.5714285714285714
64005,64005,99.00,85,292,377,0.22546419098143236,0.7745358090185677,No,0.7745358090185677
64006,64006,50.00,58,174,232,0.25,0.75,No,0.75
64007,64007,50.00,56,182,238,0.23529411764705882,0.7647058823529411,No,0.7647058823529411
64008,64008,99.00,9,15,24,0.375,0.625,No,0.625
64009,64009,99.00,53,244,297,0.17845117845117844,0.8215488215488216,No,0.8215488215488216
64010,64010,99.00,3,6,9,0.3333333333333333,0.6666666666666666,No,0.6666666666666666
64011,64011,99.00,55,201,256,0.21484375,0.78515625,No,0.78515625
64012,64012,99.00,1,5,6,0.16666666666666666,0.8333333333333334,No,0.8333333333333334
64013,64013,99.00,0,5,5,0.0,1.0,No,1.0
64014,64014,99.00,97,283,380,0.25526315789473686,0.7447368421052631,No,0.7447368421052631
64015,64015,99.00,7,12,19,0.3684210526315789,0.631578947368421,No,0.631578947368421
64016,64016,57.14,96,255,351,0.27350427350427353,0.7264957264957265,No,0.7264957264957265
64017,64017,57.14,16,28,44,0.36363636363636365,0.6363636363636364,No,0.6363636363636364
64018,64018,99.00,61,70,131,0.46564885496183206,0.5343511450381679,No,0.5343511450381679
64019,64019,57.14,47,38,85,0.5529411764705883,0.4470588235294118,Yes,0.5529411764705883
64020,64020,99.00,46,87,133,0.3458646616541353,0.6541353383458647,No,0.6541353383458647
64021,64021,99.00,41,108,149,0.2751677852348993,0.7248322147651006,No,0.7248322147651006
64022,64022,57.14,97,261,358,0.2709497206703911,0.729050279329609,No,0.729050279329609
64023,64023,99.00,69,243,312,0.22115384615384615,0.7788461538461539,No,0.7788461538461539
64024,64024,99.00,91,164,255,0.3568627450980392,0.6431372549019608,No,0.6431372549019608
64025,64025,99.00,52,98,150,0.3466666666666667,0.6533333333333333,No,0.6533333333333333
64026,64026,99.00,3,5,8,0.375,0.625,No,0.625
64027,64027,99.00,44,93,137,0.32116788321167883,0.6788321167883211,No,0.6788321167883211
64028,64028,99.00,55,187,242,0.22727272727272727,0.7727272727272727,No,0.7727272727272727
64029,64029,99.00,10,8,18,0.5555555555555556,0.4444444444444444,Yes,0.5555555555555556
64030,64030,99.00,93,178,271,0.34317343173431736,0.6568265682656826,No,0.6568265682656826
64031,64031,99.00,8,2,10,0.8,0.2,Yes,0.8
64032,64032,99.00,101,181,282,0.35815602836879434,0.6418439716312057,No,0.6418439716312057
64033,64033,99.00,36,101,137,0.26277372262773724,0.7372262773722628,No,0.7372262773722628
64034,64034,99.00,4,8,12,0.3333333333333333,0.6666666666666666,No,0.6666666666666666
64035,64035,99.00,47,108,155,0.3032258064516129,0.6967741935483871,No,0.6967741935483871
64036,64036,99.00,87,168,255,0.3411764705882353,0.6588235294117647,No,0.6588235294117647
64037,64037,99.00,72,182,254,0.28346456692913385,0.7165354330708661,No,0.7165354330708661
64038,64038,99.00,56,91,147,0.38095238095238093,0.6190476190476191,No,0.6190476190476191
64039,64039,99.00,2,5,7,0.2857142857142857,0.7142857142857143,No,0.7142857142857143
64040,64040,99.00,79,42,121,0.6528925619834711,0.34710743801652894,Yes,0.6528925619834711
64041,64041,99.00,80,145,225,0.35555555555555557,0.6444444444444445,No,0.6444444444444445
64042,64042,99.00,57,61,118,0.4830508474576271,0.5169491525423728,No,0.5169491525423728
64043,64043,99.00,70,97,167,0.41916167664670656,0.5808383233532934,No,0.5808383233532934
64044,64044,99.00,67,49,116,0.5775862068965517,0.4224137931034483,Yes,0.5775862068965517
64045,64045,99.00,8,9,17,0.47058823529411764,0.5294117647058824,No,0.5294117647058824
64046,64046,99.00,8,13,21,0.38095238095238093,0.6190476190476191,No,0.6190476190476191
64047,64047,99.00,133,196,329,0.40425531914893614,0.5957446808510638,No,0.5957446808510638
64048,64048,99.00,47,153,200,0.235,0.765,No,0.765
64049,64049,99.00,81,87,168,0.48214285714285715,0.5178571428571429,No,0.5178571428571429
64050,64050,99.00,5,2,7,0.7142857142857143,0.2857142857142857,Yes,0.7142857142857143
64051,64051,99.00,127,148,275,0.4618181818181818,0.5381818181818182,No,0.5381818181818182
64052,64052,99.00,5,4,9,0.5555555555555556,0.4444444444444444,Yes,0.5555555555555556
64053,64053,99.00,94,130,224,0.41964285714285715,0.5803571428571429,No,0.5803571428571429
64054,64054,99.00,44,171,215,0.20465116279069767,0.7953488372093023,No,0.7953488372093023
64055,64055,99.00,54,114,168,0.32142857142857145,0.6785714285714286,No,0.6785714285714286
64056,64056,57.14,8,28,36,0.2222222222222222,0.7777777777777778,No,0.7777777777777778
64057,64057,99.00,3,3,6,0.5,0.5,Tie,0.5
64058,64058,50.00,40,124,164,0.24390243902439024,0.7560975609756098,No,0.7560975609756098
64059,64059,99.00,45,78,123,0.36585365853658536,0.6341463414634146,No,0.6341463414634146
64060,64060,99.00,5,5,10,0.5,0.5,Tie,0.5
64061,64061,99.00,2,7,9,0.2222222222222222,0.7777777777777778,No,0.7777777777777778
64062,64062,99.00,59,100,159,0.3710691823899371,0.6289308176100629,No,0.6289308176100629
64063,64063,99.00,64,78,142,0.4507042253521127,0.5492957746478874,No,0.5492957746478874
64064,64064,99.00,0,0,0,0,0,n/a,0
64065,64065,99.00,0,0,0,0,0,n/a,0
64066,64066,99.00,0,0,0,0,0,n/a,0
64067,64067,99.00,0,0,0,0,0,n/a,0
64068,64068,99.00,0,0,0,0,0,n/a,0
64069,64069,99.00,0,0,0,0,0,n/a,0
64070,64070,99.00,0,0,0,0,0,n/a,0
64075,64075,99.00,117,75,192,0.609375,0.390625,Yes,0.609375
64076,64076,99.00,107,74,181,0.5911602209944752,0.4088397790055249,Yes,0.5911602209944752
64077,64077,99.00,141,84,225,0.6266666666666667,0.37333333333333335,Yes,0.6266666666666667
64078,64078,99.00,10,3,13,0.7692307692307693,0.23076923076923078,Yes,0.7692307692307693
64079,64079,99.00,220,120,340,0.6470588235294118,0.35294117647058826,Yes,0.6470588235294118
64080,64080,99.00,152,53,205,0.7414634146341463,0.25853658536585367,Yes,0.7414634146341463
64081,64081,99.00,3,1,4,0.75,0.25,Yes,0.75
64082,64082,99.00,1,0,1,1.0,0.0,Yes,1.0
64083,64083,99.00,134,76,210,0.638095238095238,0.3619047619047619,Yes,0.638095238095238
64084,64084,99.00,117,99,216,0.5416666666666666,0.4583333333333333,Yes,0.5416666666666666
64085,64085,99.00,15,3,18,0.8333333333333334,0.16666666666666666,Yes,0.8333333333333334
64086,64086,99.00,117,69,186,0.6290322580645161,0.3709677419354839,Yes,0.6290322580645161
64087,64087,99.00,131,58,189,0.6931216931216931,0.30687830687830686,Yes,0.6931216931216931
64088,64088,99.00,111,74,185,0.6,0.4,Yes,0.6
64089,64089,33.33,83,161,244,0.3401639344262295,0.6598360655737705,No,0.6598360655737705
64090,64090,0.00,10,7,17,0.5882352941176471,0.4117647058823529,Yes,0.5882352941176471
64091,64091,33.33,8,12,20,0.4,0.6,No,0.6
64092,64092,99.00,158,93,251,0.6294820717131474,0.3705179282868526,Yes,0.6294820717131474
64093,64093,99.00,143,81,224,0.6383928571428571,0.36160714285714285,Yes,0.6383928571428571
64094,64094,99.00,0,0,0,0,0,n/a,0
64095,64095,99.00,0,0,0,0,0,n/a,0
64096,64096,33.33,0,0,0,0,0,n/a,0
64097,64097,99.00,0,0,0,0,0,n/a,0
64098,64098,33.33,0,0,0,0,0,n/a,0
64099,64099,33.33,0,0,0,0,0,n/a,0
23001,23001,99.00,42,337,379,0.11081794195250659,0.8891820580474934,No,0.8891820580474934
23002,23002,99.00,46,373,419,0.10978520286396182,0.8902147971360382,No,0.8902147971360382
23003,23003,99.00,49,374,423,0.11583924349881797,0.8841607565011821,No,0.8841607565011821
23004,23004,99.00,0,3,3,0.0,1.0,No,1.0
23005,23005,99.00,80,171,251,0.3187250996015936,0.6812749003984063,No,0.6812749003984063
23006,23006,99.00,128,414,542,0.23616236162361623,0.7638376383763837,No,0.7638376383763837
23007,23007,99.00,7,14,21,0.3333333333333333,0.6666666666666666,No,0.6666666666666666
23008,23008,99.00,141,456,597,0.23618090452261306,0.7638190954773869,No,0.7638190954773869
23009,23009,99.00,6,20,26,0.23076923076923078,0.7692307692307693,No,0.7692307692307693
23010,23010,99.00,124,359,483,0.2567287784679089,0.7432712215320911,No,0.7432712215320911
23011,23011,99.00,103,173,276,0.37318840579710144,0.6268115942028986,No,0.6268115942028986
23012,23012,99.00,77,102,179,0.4301675977653631,0.5698324022346368,No,0.5698324022346368
23013,23013,99.00,101,144,245,0.4122448979591837,0.5877551020408164,No,0.5877551020408164
23014,23014,99.00,107,192,299,0.35785953177257523,0.6421404682274248,No,0.6421404682274248
23015,23015,99.00,149,90,239,0.6234309623430963,0.37656903765690375,Yes,0.6234309623430963
23016,23016,99.00,137,60,197,0.6954314720812182,0.30456852791878175,Yes,0.6954314720812182
23017,23017,99.00,181,97,278,0.6510791366906474,0.3489208633093525,Yes,0.6510791366906474
23018,23018,99.00,86,21,107,0.8037383177570093,0.19626168224299065,Yes,0.8037383177570093
23019,23019,99.00,156,75,231,0.6753246753246753,0.3246753246753247,Yes,0.6753246753246753
23020,23020,99.00,0,0,0,0,0,n/a,0
23021,23021,99.00,39,13,52,0.75,0.25,Yes,0.75
23022,23022,99.00,0,0,0,0,0,n/a,0
23023,23023,99.00,144,47,191,0.7539267015706806,0.24607329842931938,Yes,0.7539267015706806
23024,23024,99.00,6,0,6,1.0,0.0,Yes,1.0
23025,23025,99.00,52,86,138,0.37681159420289856,0.6231884057971014,No,0.6231884057971014
23026,23026,99.00,98,31,129,0.7596899224806202,0.24031007751937986,Yes,0.7596899224806202
23027,23027,99.00,55,225,280,0.19642857142857142,0.8035714285714286,No,0.8035714285714286
23028,23028,99.00,30,132,162,0.18518518518518517,0.8148148148148148,No,0.8148148148148148
23029,23029,99.00,89,79,168,0.5297619047619048,0.47023809523809523,Yes,0.5297619047619048
23030,23030,99.00,2,4,6,0.3333333333333333,0.6666666666666666,No,0.6666666666666666
23031,23031,99.00,101,195,296,0.34121621621621623,0.6587837837837838,No,0.6587837837837838
23032,23032,99.00,7,1,8,0.875,0.125,Yes,0.875
23033,23033,99.00,196,31,227,0.8634361233480177,0.13656387665198239,Yes,0.8634361233480177
23034,23034,99.00,72,17,89,0.8089887640449438,0.19101123595505617,Yes,0.8089887640449438
23035,23035,99.00,4,4,8,0.5,0.5,Tie,0.5
23036,23036,99.00,82,93,175,0.4685714285714286,0.5314285714285715,No,0.5314285714285715
23037,23037,99.00,150,110,260,0.5769230769230769,0.4230769230769231,Yes,0.5769230769230769
23038,23038,99.00,79,13,92,0.8586956521739131,0.14130434782608695,Yes,0.8586956521739131
23039,23039,99.00,1,5,6,0.16666666666666666,0.8333333333333334,No,0.8333333333333334
23040,23040,99.00,70,344,414,0.16908212560386474,0.8309178743961353,No,0.8309178743961353
23041,23041,99.00,1,12,13,0.07692307692307693,0.9230769230769231,No,0.9230769230769231
23042,23042,99.00,124,20,144,0.8611111111111112,0.1388888888888889,Yes,0.8611111111111112
23043,23043,99.00,48,23,71,0.676056338028169,0.323943661971831,Yes,0.676056338028169
23044,23044,99.00,68,231,299,0.22742474916387959,0.7725752508361204,No,0.7725752508361204
23045,23045,99.00,73,279,352,0.20738636363636365,0.7926136363636364,No,0.7926136363636364
23046,23046,99.00,3,3,6,0.5,0.5,Tie,0.5
23047,23047,99.00,58,202,260,0.2230769230769231,0.7769230769230769,No,0.7769230769230769
23048,23048,99.00,2,1,3,0.6666666666666666,0.3333333333333333,Yes,0.6666666666666666
23049,23049,99.00,55,181,236,0.2330508474576271,0.7669491525423728,No,0.7669491525423728
23050,23050,99.00,57,139,196,0.29081632653061223,0.7091836734693877,No,0.7091836734693877
23051,23051,99.00,46,180,226,0.20353982300884957,0.7964601769911505,No,0.7964601769911505
23052,23052,99.00,52,140,192,0.2708333333333333,0.7291666666666666,No,0.7291666666666666
23053,23053,99.00,87,77,164,0.5304878048780488,0.4695121951219512,Yes,0.5304878048780488
23054,23054,99.00,74,69,143,0.5174825174825175,0.4825174825174825,Yes,0.5174825174825175
23055,23055,99.00,58,43,101,0.5742574257425742,0.42574257425742573,Yes,0.5742574257425742
23056,23056,99.00,56,39,95,0.5894736842105263,0.4105263157894737,Yes,0.5894736842105263
23057,23057,99.00,73,42,115,0.6347826086956522,0.3652173913043478,Yes,0.6347826086956522
23058,23058,99.00,74,56,130,0.5692307692307692,0.4307692307692308,Yes,0.5692307692307692
23059,23059,99.00,58,31,89,0.651685393258427,0.34831460674157305,Yes,0.651685393258427
23060,23060,99.00,101,77,178,0.5674157303370787,0.43258426966292135,Yes,0.5674157303370787
23061,23061,99.00,155,127,282,0.549645390070922,0.450354609929078,Yes,0.549645390070922
23062,23062,99.00,167,203,370,0.45135135135135135,0.5486486486486486,No,0.5486486486486486
23063,23063,99.00,5,1,6,0.8333333333333334,0.16666666666666666,Yes,0.8333333333333334
23064,23064,99.00,118,191,309,0.3818770226537217,0.6181229773462783,No,0.6181229773462783
23065,23065,99.00,79,64,143,0.5524475524475524,0.44755244755244755,Yes,0.5524475524475524
23066,23066,99.00,2,0,2,1.0,0.0,Yes,1.0
23067,23067,99.00,92,30,122,0.7540983606557377,0.2459016393442623,Yes,0.7540983606557377
23068,23068,99.00,0,0,0,0,0,n/a,0
23069,23069,99.00,1,2,3,0.3333333333333333,0.6666666666666666,No,0.6666666666666666
23070,23070,99.00,48,36,84,0.5714285714285714,0.42857142857142855,Yes,0.5714285714285714
23071,23071,99.00,0,0,0,0,0,n/a,0
23072,23072,99.00,0,0,0,0,0,n/a,0
23073,23073,99.00,0,0,0,0,0,n/a,0
23074,23074,99.00,0,0,0,0,0,n/a,0
23075,23075,99.00,0,0,0,0,0,n/a,0
23076,23076,99.00,0,0,0,0,0,n/a,0
23077,23077,99.00,0,0,0,0,0,n/a,0
23078,23078,99.00,0,0,0,0,0,n/a,0
23079,23079,99.00,0,0,0,0,0,n/a,0
23080,23080,99.00,0,0,0,0,0,n/a,0
23081,23081,99.00,0,0,0,0,0,n/a,0
23082,23082,99.00,0,0,0,0,0,n/a,0
23083,23083,99.00,0,0,0,0,0,n/a,0
23084,23084,99.00,2,1,3,0.6666666666666666,0.3333333333333333,Yes,0.6666666666666666
23085,23085,99.00,11,4,15,0.7333333333333333,0.26666666666666666,Yes,0.7333333333333333
23086,23086,99.00,15,2,17,0.8823529411764706,0.11764705882352941,Yes,0.8823529411764706
23087,23087,99.00,8,7,15,0.5333333333333333,0.4666666666666667,Yes,0.5333333333333333
23088,23088,99.00,2,4,6,0.3333333333333333,0.6666666666666666,No,0.6666666666666666
23089,23089,99.00,4,2,6,0.6666666666666666,0.3333333333333333,Yes,0.6666666666666666
23090,23090,99.00,0,1,1,0.0,1.0,No,1.0
23091,23091,99.00,1,0,1,1.0,0.0,Yes,1.0
23092,23092,99.00,9,12,21,0.42857142857142855,0.5714285714285714,No,0.5714285714285714
23093,23093,99.00,0,0,0,0,0,n/a,0
24001,24001,99.00,7,3,10,0.7,0.3,Yes,0.7
24002,24002,99.00,190,119,309,0.6148867313915858,0.3851132686084142,Yes,0.6148867313915858
24003,24003,99.00,166,125,291,0.570446735395189,0.42955326460481097,Yes,0.570446735395189
24004,24004,99.00,11,4,15,0.7333333333333333,0.26666666666666666,Yes,0.7333333333333333
24005,24005,99.00,69,75,144,0.4791666666666667,0.5208333333333334,No,0.5208333333333334
24006,24006,99.00,117,119,236,0.4957627118644068,0.5042372881355932,No,0.5042372881355932
24007,24007,99.00,6,3,9,0.6666666666666666,0.3333333333333333,Yes,0.6666666666666666
24008,24008,99.00,26,5,31,0.8387096774193549,0.16129032258064516,Yes,0.8387096774193549
24009,24009,99.00,0,0,0,0,0,n/a,0
24010,24010,99.00,98,61,159,0.6163522012578616,0.3836477987421384,Yes,0.6163522012578616
24011,24011,99.00,2,1,3,0.6666666666666666,0.3333333333333333,Yes,0.6666666666666666
24012,24012,99.00,1,1,2,0.5,0.5,Tie,0.5
24013,24013,99.00,179,66,245,0.7306122448979592,0.2693877551020408,Yes,0.7306122448979592
24014,24014,99.00,9,5,14,0.6428571428571429,0.35714285714285715,Yes,0.6428571428571429
24015,24015,99.00,170,119,289,0.5882352941176471,0.4117647058823529,Yes,0.5882352941176471
24016,24016,99.00,127,111,238,0.5336134453781513,0.46638655462184875,Yes,0.5336134453781513
24017,24017,99.00,103,67,170,0.6058823529411764,0.3941176470588235,Yes,0.6058823529411764
24018,24018,99.00,4,1,5,0.8,0.2,Yes,0.8
24019,24019,99.00,197,162,359,0.5487465181058496,0.45125348189415043,Yes,0.5487465181058496
24020,24020,99.00,132,99,231,0.5714285714285714,0.42857142857142855,Yes,0.5714285714285714
24021,24021,99.00,114,75,189,0.6031746031746031,0.3968253968253968,Yes,0.6031746031746031
24022,24022,99.00,8,4,12,0.6666666666666666,0.3333333333333333,Yes,0.6666666666666666
24023,24023,99.00,2,0,2,1.0,0.0,Yes,1.0
24024,24024,99.00,184,140,324,0.5679012345679012,0.43209876543209874,Yes,0.5679012345679012
24025,24025,99.00,7,2,9,0.7777777777777778,0.2222222222222222,Yes,0.7777777777777778
24026,24026,99.00,44,14,58,0.7586206896551724,0.2413793103448276,Yes,0.7586206896551724
24027,24027,99.00,158,21,179,0.88268156424581,0.11731843575418995,Yes,0.88268156424581
24028,24028,99.00,173,113,286,0.6048951048951049,0.3951048951048951,Yes,0.6048951048951049
24029,24029,99.00,281,68,349,0.8051575931232091,0.19484240687679083,Yes,0.8051575931232091
24030,24030,99.00,12,0,12,1.0,0.0,Yes,1.0
24031,24031,99.00,153,79,232,0.6594827586206896,0.34051724137931033,Yes,0.6594827586206896
24032,24032,99.00,0,0,0,0,0,n/a,0
24033,24033,99.00,74,77,151,0.4900662251655629,0.5099337748344371,No,0.5099337748344371
24034,24034,99.00,98,89,187,0.5240641711229946,0.47593582887700536,Yes,0.5240641711229946
24035,24035,99.00,3,1,4,0.75,0.25,Yes,0.75
24036,24036,99.00,148,46,194,0.7628865979381443,0.23711340206185566,Yes,0.7628865979381443
24037,24037,99.00,1,1,2,0.5,0.5,Tie,0.5
24038,24038,99.00,0,0,0,0,0,n/a,0
24039,24039,99.00,1,0,1,1.0,0.0,Yes,1.0
24040,24040,99.00,259,69,328,0.7896341463414634,0.21036585365853658,Yes,0.7896341463414634
24041,24041,99.00,148,51,199,0.7437185929648241,0.2562814070351759,Yes,0.7437185929648241
24042,24042,99.00,0,0,0,0,0,n/a,0
24043,24043,99.00,121,11,132,0.9166666666666666,0.08333333333333333,Yes,0.9166666666666666
24044,24044,99.00,63,17,80,0.7875,0.2125,Yes,0.7875
24045,24045,99.00,165,49,214,0.7710280373831776,0.22897196261682243,Yes,0.7710280373831776
24046,24046,99.00,9,3,12,0.75,0.25,Yes,0.75
24047,24047,99.00,0,0,0,0,0,n/a,0
24048,24048,99.00,1,0,1,1.0,0.0,Yes,1.0
24049,24049,99.00,241,99,340,0.7088235294117647,0.2911764705882353,Yes,0.7088235294117647
24050,24050,99.00,6,3,9,0.6666666666666666,0.3333333333333333,Yes,0.6666666666666666
24051,24051,99.00,76,31,107,0.7102803738317757,0.2897196261682243,Yes,0.7102803738317757
24052,24052,99.00,2,1,3,0.6666666666666666,0.3333333333333333,Yes,0.6666666666666666
24053,24053,99.00,78,26,104,0.75,0.25,Yes,0.75
24054,24054,99.00,80,17,97,0.8247422680412371,0.17525773195876287,Yes,0.8247422680412371
24055,24055,99.00,133,21,154,0.8636363636363636,0.13636363636363635,Yes,0.8636363636363636
24056,24056,99.00,0,0,0,0,0,n/a,0
24057,24057,99.00,0,0,0,0,0,n/a,0
24058,24058,99.00,109,17,126,0.8650793650793651,0.1349206349206349,Yes,0.8650793650793651
24059,24059,99.00,99,58,157,0.6305732484076433,0.36942675159235666,Yes,0.6305732484076433
24060,24060,99.00,0,0,0,0,0,n/a,0
24061,24061,99.00,5,1,6,0.8333333333333334,0.16666666666666666,Yes,0.8333333333333334
24062,24062,99.00,0,0,0,0,0,n/a,0
24063,24063,99.00,1,1,2,0.5,0.5,Tie,0.5
24064,24064,99.00,98,21,119,0.8235294117647058,0.17647058823529413,Yes,0.8235294117647058
24065,24065,0.00,0,0,0,0,0,n/a,0
24066,24066,0.00,1,0,1,1.0,0.0,Yes,1.0
24067,24067,99.00,119,42,161,0.7391304347826086,0.2608695652173913,Yes,0.7391304347826086
24068,24068,99.00,82,36,118,0.6949152542372882,0.3050847457627119,Yes,0.6949152542372882
24069,24069,99.00,1,0,1,1.0,0.0,Yes,1.0
24070,24070,99.00,42,13,55,0.7636363636363637,0.23636363636363636,Yes,0.7636363636363637
24071,24071,99.00,65,20,85,0.7647058823529411,0.23529411764705882,Yes,0.7647058823529411
24072,24072,99.00,99,24,123,0.8048780487804879,0.1951219512195122,Yes,0.8048780487804879
24073,24073,99.00,60,18,78,0.7692307692307693,0.23076923076923078,Yes,0.7692307692307693
24074,24074,99.00,37,12,49,0.7551020408163265,0.24489795918367346,Yes,0.7551020408163265
24075,24075,99.00,97,21,118,0.8220338983050848,0.17796610169491525,Yes,0.8220338983050848
24076,24076,99.00,69,18,87,0.7931034482758621,0.20689655172413793,Yes,0.7931034482758621
24077,24077,99.00,51,23,74,0.6891891891891891,0.3108108108108108,Yes,0.6891891891891891
24078,24078,99.00,112,23,135,0.8296296296296296,0.17037037037037037,Yes,0.8296296296296296
24079,24079,99.00,79,9,88,0.8977272727272727,0.10227272727272728,Yes,0.8977272727272727
24080,24080,99.00,0,0,0,0,0,n/a,0
24081,24081,99.00,0,0,0,0,0,n/a,0
24082,24082,99.00,0,0,0,0,0,n/a,0
24083,24083,99.00,0,0,0,0,0,n/a,0
24084,24084,99.00,165,134,299,0.5518394648829431,0.44816053511705684,Yes,0.5518394648829431
24085,24085,99.00,109,50,159,0.6855345911949685,0.31446540880503143,Yes,0.6855345911949685
24086,24086,99.00,3,1,4,0.75,0.25,Yes,0.75
24087,24087,99.00,0,0,0,0,0,n/a,0
24088,24088,99.00,1,0,1,1.0,0.0,Yes,1.0
24089,24089,99.00,12,3,15,0.8,0.2,Yes,0.8
24090,24090,99.00,0,0,0,0,0,n/a,0
24091,24091,99.00,105,38,143,0.7342657342657343,0.26573426573426573,Yes,0.7342657342657343
25001,25001,99.00,0,0,0,0,0,n/a,0
25002,25002,99.00,0,0,0,0,0,n/a,0
25003,25003,99.00,113,53,166,0.6807228915662651,0.3192771084337349,Yes,0.6807228915662651
25004,25004,99.00,94,34,128,0.734375,0.265625,Yes,0.734375
25005,25005,99.00,0,0,0,0,0,n/a,0
25006,25006,99.00,106,76,182,0.5824175824175825,0.4175824175824176,Yes,0.5824175824175825
25007,25007,99.00,117,122,239,0.4895397489539749,0.5104602510460251,No,0.5104602510460251
25008,25008,99.00,113,77,190,0.5947368421052631,0.4052631578947368,Yes,0.5947368421052631
25009,25009,99.00,0,0,0,0,0,n/a,0
25010,25010,99.00,0,0,0,0,0,n/a,0
25011,25011,99.00,4,4,8,0.5,0.5,Tie,0.5
25012,25012,99.00,141,160,301,0.4684385382059801,0.53156146179402,No,0.53156146179402
25013,25013,99.00,79,56,135,0.5851851851851851,0.4148148148148148,Yes,0.5851851851851851
25014,25014,99.00,2,5,7,0.2857142857142857,0.7142857142857143,No,0.7142857142857143
25015,25015,99.00,3,0,3,1.0,0.0,Yes,1.0
25016,25016,99.00,173,84,257,0.6731517509727627,0.32684824902723736,Yes,0.6731517509727627
25017,25017,99.00,174,64,238,0.7310924369747899,0.2689075630252101,Yes,0.7310924369747899
25018,25018,99.00,11,2,13,0.8461538461538461,0.15384615384615385,Yes,0.8461538461538461
25019,25019,99.00,162,81,243,0.6666666666666666,0.3333333333333333,Yes,0.6666666666666666
25020,25020,99.00,87,53,140,0.6214285714285714,0.37857142857142856,Yes,0.6214285714285714
25021,25021,99.00,70,47,117,0.5982905982905983,0.4017094017094017,Yes,0.5982905982905983
25022,25022,99.00,149,88,237,0.6286919831223629,0.37130801687763715,Yes,0.6286919831223629
25023,25023,99.00,83,82,165,0.503030303030303,0.49696969696969695,Yes,0.503030303030303
25024,25024,99.00,77,51,128,0.6015625,0.3984375,Yes,0.6015625
25025,25025,99.00,72,51,123,0.5853658536585366,0.4146341463414634,Yes,0.5853658536585366
25026,25026,99.00,0,0,0,0,0,n/a,0
25027,25027,99.00,151,165,316,0.4778481012658228,0.5221518987341772,No,0.5221518987341772
25028,25028,99.00,106,104,210,0.5047619047619047,0.49523809523809526,Yes,0.5047619047619047
25029,25029,99.00,13,10,23,0.5652173913043478,0.43478260869565216,Yes,0.5652173913043478
25030,25030,99.00,141,97,238,0.592436974789916,0.40756302521008403,Yes,0.592436974789916
25031,25031,99.00,12,3,15,0.8,0.2,Yes,0.8
25032,25032,99.00,4,2,6,0.6666666666666666,0.3333333333333333,Yes,0.6666666666666666
25033,25033,99.00,115,76,191,0.6020942408376964,0.39790575916230364,Yes,0.6020942408376964
25034,25034,99.00,78,83,161,0.484472049689441,0.515527950310559,No,0.515527950310559
25035,25035,99.00,5,3,8,0.625,0.375,Yes,0.625
25036,25036,99.00,86,65,151,0.5695364238410596,0.4304635761589404,Yes,0.5695364238410596
25037,25037,99.00,84,100,184,0.45652173913043476,0.5434782608695652,No,0.5434782608695652
25038,25038,99.00,51,61,112,0.45535714285714285,0.5446428571428571,No,0.5446428571428571
25039,25039,99.00,133,118,251,0.5298804780876494,0.4701195219123506,Yes,0.5298804780876494
25040,25040,99.00,115,133,248,0.4637096774193548,0.5362903225806451,No,0.5362903225806451
25041,25041,99.00,1,2,3,0.3333333333333333,0.6666666666666666,No,0.6666666666666666
25042,25042,99.00,1,3,4,0.25,0.75,No,0.75
25043,25043,99.00,106,75,181,0.585635359116022,0.4143646408839779,Yes,0.585635359116022
25044,25044,75.00,88,41,129,0.6821705426356589,0.3178294573643411,Yes,0.6821705426356589
25045,25045,75.00,49,31,80,0.6125,0.3875,Yes,0.6125
25046,25046,75.00,59,29,88,0.6704545454545454,0.32954545454545453,Yes,0.6704545454545454
25047,25047,99.00,52,18,70,0.7428571428571429,0.2571428571428571,Yes,0.7428571428571429
25048,25048,99.00,40,39,79,0.5063291139240507,0.4936708860759494,Yes,0.5063291139240507
25049,25049,99.00,81,56,137,0.5912408759124088,0.40875912408759124,Yes,0.5912408759124088
25050,25050,99.00,45,21,66,0.6818181818181818,0.3181818181818182,Yes,0.6818181818181818
25051,25051,99.00,49,30,79,0.620253164556962,0.379746835443038,Yes,0.620253164556962
25052,25052,99.00,109,35,144,0.7569444444444444,0.24305555555555555,Yes,0.7569444444444444
25053,25053,99.00,104,35,139,0.7482014388489209,0.2517985611510791,Yes,0.7482014388489209
25054,25054,99.00,115,48,163,0.7055214723926381,0.294478527607362,Yes,0.7055214723926381
25055,25055,99.00,1,0,1,1.0,0.0,Yes,1.0
25056,25056,99.00,4,0,4,1.0,0.0,Yes,1.0
25057,25057,99.00,125,62,187,0.6684491978609626,0.3315508021390374,Yes,0.6684491978609626
25058,25058,99.00,82,55,137,0.5985401459854015,0.40145985401459855,Yes,0.5985401459854015
25059,25059,99.00,76,61,137,0.5547445255474452,0.44525547445255476,Yes,0.5547445255474452
25060,25060,99.00,0,0,0,0,0,n/a,0
25061,25061,99.00,69,52,121,0.5702479338842975,0.4297520661157025,Yes,0.5702479338842975
25062,25062,99.00,163,52,215,0.7581395348837209,0.24186046511627907,Yes,0.7581395348837209
25063,25063,99.00,93,74,167,0.5568862275449101,0.4431137724550898,Yes,0.5568862275449101
25064,25064,99.00,9,1,10,0.9,0.1,Yes,0.9
25065,25065,99.00,11,4,15,0.7333333333333333,0.26666666666666666,Yes,0.7333333333333333
25066,25066,99.00,1,0,1,1.0,0.0,Yes,1.0
25067,25067,99.00,0,0,0,0,0,n/a,0
25068,25068,99.00,5,0,5,1.0,0.0,Yes,1.0
25069,25069,99.00,3,0,3,1.0,0.0,Yes,1.0
25070,25070,99.00,5,0,5,1.0,0.0,Yes,1.0
25071,25071,99.00,1,2,3,0.3333333333333333,0.6666666666666666,No,0.6666666666666666
25072,25072,99.00,80,81,161,0.4968944099378882,0.5031055900621118,No,0.5031055900621118
25073,25073,99.00,2,5,7,0.2857142857142857,0.7142857142857143,No,0.7142857142857143
25074,25074,99.00,3,0,3,1.0,0.0,Yes,1.0
25075,25075,99.00,6,7,13,0.46153846153846156,0.5384615384615384,No,0.5384615384615384
25076,25076,99.00,3,2,5,0.6,0.4,Yes,0.6
25077,25077,99.00,0,6,6,0.0,1.0,No,1.0
25078,25078,99.00,8,3,11,0.7272727272727273,0.2727272727272727,Yes,0.7272727272727273
25079,25079,99.00,1,0,1,1.0,0.0,Yes,1.0
26001,26001,99.00,4,5,9,0.4444444444444444,0.5555555555555556,No,0.5555555555555556
26002,26002,99.00,1,3,4,0.25,0.75,No,0.75
26003,26003,99.00,127,180,307,0.41368078175895767,0.5863192182410424,No,0.5863192182410424
26004,26004,99.00,99,139,238,0.41596638655462187,0.5840336134453782,No,0.5840336134453782
26005,26005,99.00,2,0,2,1.0,0.0,Yes,1.0
26006,26006,99.00,111,170,281,0.39501779359430605,0.604982206405694,No,0.604982206405694
26007,26007,99.00,7,2,9,0.7777777777777778,0.2222222222222222,Yes,0.7777777777777778
26008,26008,99.00,98,127,225,0.43555555555555553,0.5644444444444444,No,0.5644444444444444
26009,26009,99.00,121,122,243,0.49794238683127573,0.5020576131687243,No,0.5020576131687243
26010,26010,99.00,121,176,297,0.4074074074074074,0.5925925925925926,No,0.5925925925925926
26011,26011,99.00,150,239,389,0.3856041131105398,0.6143958868894601,No,0.6143958868894601
26012,26012,99.00,13,8,21,0.6190476190476191,0.38095238095238093,Yes,0.6190476190476191
26013,26013,99.00,62,105,167,0.3712574850299401,0.6287425149700598,No,0.6287425149700598
26014,26014,99.00,66,106,172,0.38372093023255816,0.6162790697674418,No,0.6162790697674418
26015,26015,99.00,93,136,229,0.40611353711790393,0.5938864628820961,No,0.5938864628820961
26016,26016,99.00,102,123,225,0.4533333333333333,0.5466666666666666,No,0.5466666666666666
26017,26017,99.00,88,109,197,0.4467005076142132,0.5532994923857868,No,0.5532994923857868
26018,26018,99.00,63,119,182,0.34615384615384615,0.6538461538461539,No,0.6538461538461539
26019,26019,99.00,178,133,311,0.572347266881029,0.42765273311897106,Yes,0.572347266881029
26020,26020,99.00,15,17,32,0.46875,0.53125,No,0.53125
26021,26021,99.00,153,126,279,0.5483870967741935,0.45161290322580644,Yes,0.5483870967741935
26022,26022,99.00,165,124,289,0.5709342560553633,0.4290657439446367,Yes,0.5709342560553633
26023,26023,99.00,205,120,325,0.6307692307692307,0.36923076923076925,Yes,0.6307692307692307
26024,26024,99.00,25,10,35,0.7142857142857143,0.2857142857142857,Yes,0.7142857142857143
26025,26025,99.00,14,5,19,0.7368421052631579,0.2631578947368421,Yes,0.7368421052631579
26026,26026,99.00,192,118,310,0.6193548387096774,0.38064516129032255,Yes,0.6193548387096774
26027,26027,99.00,22,6,28,0.7857142857142857,0.21428571428571427,Yes,0.7857142857142857
26028,26028,99.00,95,115,210,0.4523809523809524,0.5476190476190477,No,0.5476190476190477
26029,26029,99.00,85,147,232,0.36637931034482757,0.6336206896551724,No,0.6336206896551724
26030,26030,99.00,129,135,264,0.48863636363636365,0.5113636363636364,No,0.5113636363636364
26031,26031,99.00,95,108,203,0.46798029556650245,0.5320197044334976,No,0.5320197044334976
26032,26032,99.00,86,79,165,0.5212121212121212,0.47878787878787876,Yes,0.5212121212121212
26033,26033,99.00,115,86,201,0.572139303482587,0.42786069651741293,Yes,0.572139303482587
26034,26034,99.00,89,126,215,0.413953488372093,0.586046511627907,No,0.586046511627907
26035,26035,99.00,67,98,165,0.40606060606060607,0.593939393939394,No,0.593939393939394
26036,26036,99.00,2,0,2,1.0,0.0,Yes,1.0
26037,26037,99.00,176,136,312,0.5641025641025641,0.4358974358974359,Yes,0.5641025641025641
26038,26038,99.00,0,3,3,0.0,1.0,No,1.0
26039,26039,99.00,112,129,241,0.46473029045643155,0.5352697095435685,No,0.5352697095435685
26040,26040,99.00,123,93,216,0.5694444444444444,0.4305555555555556,Yes,0.5694444444444444
26041,26041,99.00,0,0,0,0,0,n/a,0
26042,26042,99.00,7,4,11,0.6363636363636364,0.36363636363636365,Yes,0.6363636363636364
26043,26043,99.00,2,1,3,0.6666666666666666,0.3333333333333333,Yes,0.6666666666666666
26044,26044,99.00,3,1,4,0.75,0.25,Yes,0.75
26045,26045,99.00,121,80,201,0.6019900497512438,0.39800995024875624,Yes,0.6019900497512438
26046,26046,99.00,242,178,420,0.5761904761904761,0.4238095238095238,Yes,0.5761904761904761
26047,26047,99.00,8,12,20,0.4,0.6,No,0.6
26048,26048,99.00,150,152,302,0.4966887417218543,0.5033112582781457,No,0.5033112582781457
26049,26049,99.00,6,4,10,0.6,0.4,Yes,0.6
26050,26050,99.00,18,11,29,0.6206896551724138,0.3793103448275862,Yes,0.6206896551724138
26051,26051,99.00,4,3,7,0.5714285714285714,0.42857142857142855,Yes,0.5714285714285714
26052,26052,99.00,151,94,245,0.6163265306122448,0.3836734693877551,Yes,0.6163265306122448
26053,26053,99.00,169,93,262,0.6450381679389313,0.3549618320610687,Yes,0.6450381679389313
26054,26054,99.00,124,91,215,0.5767441860465117,0.4232558139534884,Yes,0.5767441860465117
26055,26055,99.00,91,60,151,0.6026490066225165,0.3973509933774834,Yes,0.6026490066225165
26056,26056,99.00,3,4,7,0.42857142857142855,0.5714285714285714,No,0.5714285714285714
26057,26057,99.00,10,3,13,0.7692307692307693,0.23076923076923078,Yes,0.7692307692307693
26058,26058,75.00,123,131,254,0.484251968503937,0.515748031496063,No,0.515748031496063
26059,26059,99.00,3,8,11,0.2727272727272727,0.7272727272727273,No,0.7272727272727273
26060,26060,99.00,169,218,387,0.43669250645994834,0.5633074935400517,No,0.5633074935400517
26061,26061,75.00,71,74,145,0.4896551724137931,0.5103448275862069,No,0.5103448275862069
26062,26062,75.00,62,56,118,0.5254237288135594,0.4745762711864407,Yes,0.5254237288135594
26063,26063,75.00,65,93,158,0.41139240506329117,0.5886075949367089,No,0.5886075949367089
26064,26064,75.00,9,10,19,0.47368421052631576,0.5263157894736842,No,0.5263157894736842
26065,26065,99.00,3,10,13,0.23076923076923078,0.7692307692307693,No,0.7692307692307693
26066,26066,99.00,145,162,307,0.4723127035830619,0.5276872964169381,No,0.5276872964169381
26067,26067,99.00,145,159,304,0.4769736842105263,0.5230263157894737,No,0.5230263157894737
26068,26068,99.00,132,171,303,0.43564356435643564,0.5643564356435643,No,0.5643564356435643
26069,26069,99.00,10,3,13,0.7692307692307693,0.23076923076923078,Yes,0.7692307692307693
26070,26070,99.00,140,191,331,0.4229607250755287,0.5770392749244713,No,0.5770392749244713
26071,26071,99.00,124,66,190,0.6526315789473685,0.3473684210526316,Yes,0.6526315789473685
26072,26072,99.00,12,11,23,0.5217391304347826,0.4782608695652174,Yes,0.5217391304347826
26073,26073,99.00,233,129,362,0.643646408839779,0.356353591160221,Yes,0.643646408839779
26074,26074,99.00,46,23,69,0.6666666666666666,0.3333333333333333,Yes,0.6666666666666666
26075,26075,99.00,135,118,253,0.5335968379446641,0.466403162055336,Yes,0.5335968379446641
26076,26076,99.00,12,3,15,0.8,0.2,Yes,0.8
26077,26077,99.00,0,0,0,0,0,n/a,0
26078,26078,99.00,0,0,0,0,0,n/a,0
26079,26079,99.00,5,1,6,0.8333333333333334,0.16666666666666666,Yes,0.8333333333333334
26080,26080,99.00,7,4,11,0.6363636363636364,0.36363636363636365,Yes,0.6363636363636364
26081,26081,99.00,8,1,9,0.8888888888888888,0.1111111111111111,Yes,0.8888888888888888
26082,26082,99.00,4,1,5,0.8,0.2,Yes,0.8
26083,26083,99.00,91,100,191,0.47643979057591623,0.5235602094240838,No,0.5235602094240838
26084,26084,99.00,6,1,7,0.8571428571428571,0.14285714285714285,Yes,0.8571428571428571
26085,26085,99.00,3,4,7,0.42857142857142855,0.5714285714285714,No,0.5714285714285714
27001,27001,99.00,80,240,320,0.25,0.75,No,0.75
27002,27002,0.00,2,0,2,1.0,0.0,Yes,1.0
27003,27003,99.00,165,72,237,0.6962025316455697,0.3037974683544304,Yes,0.6962025316455697
27004,27004,99.00,8,1,9,0.8888888888888888,0.1111111111111111,Yes,0.8888888888888888
27005,27005,0.00,10,6,16,0.625,0.375,Yes,0.625
27006,27006,99.00,287,136,423,0.6784869976359338,0.3215130023640662,Yes,0.6784869976359338
27007,27007,99.00,218,86,304,0.7171052631578947,0.28289473684210525,Yes,0.7171052631578947
27008,27008,99.00,231,80,311,0.7427652733118971,0.2572347266881029,Yes,0.7427652733118971
27009,27009,99.00,71,26,97,0.7319587628865979,0.26804123711340205,Yes,0.7319587628865979
27010,27010,99.00,0,0,0,0,0,n/a,0
27011,27011,99.00,7,0,7,1.0,0.0,Yes,1.0
27012,27012,99.00,89,38,127,0.7007874015748031,0.2992125984251969,Yes,0.7007874015748031
27013,27013,99.00,259,72,331,0.7824773413897281,0.2175226586102719,Yes,0.7824773413897281
27014,27014,99.00,191,62,253,0.7549407114624506,0.2450592885375494,Yes,0.7549407114624506
27015,27015,99.00,15,3,18,0.8333333333333334,0.16666666666666666,Yes,0.8333333333333334
27016,27016,99.00,34,5,39,0.8717948717948718,0.1282051282051282,Yes,0.8717948717948718
27017,27017,99.00,5,0,5,1.0,0.0,Yes,1.0
27018,27018,99.00,0,1,1,0.0,1.0,No,1.0
27019,27019,99.00,7,9,16,0.4375,0.5625,No,0.5625
27020,27020,99.00,236,83,319,0.7398119122257053,0.2601880877742947,Yes,0.7398119122257053
27021,27021,99.00,203,69,272,0.7463235294117647,0.2536764705882353,Yes,0.7463235294117647
27022,27022,99.00,14,9,23,0.6086956521739131,0.391304347826087,Yes,0.6086956521739131
27023,27023,99.00,63,170,233,0.2703862660944206,0.7296137339055794,No,0.7296137339055794
27024,27024,99.00,11,4,15,0.7333333333333333,0.26666666666666666,Yes,0.7333333333333333
27025,27025,99.00,90,332,422,0.2132701421800948,0.7867298578199052,No,0.7867298578199052
27026,27026,99.00,85,192,277,0.30685920577617326,0.6931407942238267,No,0.6931407942238267
27027,27027,99.00,84,212,296,0.28378378378378377,0.7162162162162162,No,0.7162162162162162
27028,27028,99.00,140,125,265,0.5283018867924528,0.4716981132075472,Yes,0.5283018867924528
27029,27029,99.00,0,0,0,0,0,n/a,0
27030,27030,99.00,91,153,244,0.3729508196721312,0.6270491803278688,No,0.6270491803278688
27031,27031,99.00,91,44,135,0.674074074074074,0.32592592592592595,Yes,0.674074074074074
27032,27032,99.00,0,0,0,0,0,n/a,0
27033,27033,99.00,0,1,1,0.0,1.0,No,1.0
27034,27034,99.00,3,2,5,0.6,0.4,Yes,0.6
27035,27035,99.00,111,13,124,0.8951612903225806,0.10483870967741936,Yes,0.8951612903225806
27036,27036,99.00,0,0,0,0,0,n/a,0
27037,27037,99.00,144,60,204,0.7058823529411765,0.29411764705882354,Yes,0.7058823529411765
27038,27038,99.00,124,73,197,0.6294416243654822,0.37055837563451777,Yes,0.6294416243654822
27039,27039,99.00,197,71,268,0.7350746268656716,0.26492537313432835,Yes,0.7350746268656716
27040,27040,99.00,3,0,3,1.0,0.0,Yes,1.0
27041,27041,99.00,105,27,132,0.7954545454545454,0.20454545454545456,Yes,0.7954545454545454
27042,27042,99.00,170,98,268,0.6343283582089553,0.3656716417910448,Yes,0.6343283582089553
27043,27043,99.00,4,1,5,0.8,0.2,Yes,0.8
27044,27044,99.00,5,1,6,0.8333333333333334,0.16666666666666666,Yes,0.8333333333333334
27045,27045,99.00,109,48,157,0.6942675159235668,0.3057324840764331,Yes,0.6942675159235668
27046,27046,99.00,76,55,131,0.5801526717557252,0.4198473282442748,Yes,0.5801526717557252
27047,27047,99.00,109,33,142,0.7676056338028169,0.2323943661971831,Yes,0.7676056338028169
27048,27048,99.00,2,0,2,1.0,0.0,Yes,1.0
27049,27049,99.00,5,1,6,0.8333333333333334,0.16666666666666666,Yes,0.8333333333333334
27050,27050,99.00,169,85,254,0.6653543307086615,0.3346456692913386,Yes,0.6653543307086615
27051,27051,99.00,56,134,190,0.29473684210526313,0.7052631578947368,No,0.7052631578947368
27052,27052,99.00,139,70,209,0.6650717703349283,0.3349282296650718,Yes,0.6650717703349283
27053,27053,99.00,101,60,161,0.6273291925465838,0.37267080745341613,Yes,0.6273291925465838
27054,27054,99.00,103,44,147,0.7006802721088435,0.29931972789115646,Yes,0.7006802721088435
27055,27055,99.00,81,32,113,0.7168141592920354,0.2831858407079646,Yes,0.7168141592920354
27056,27056,99.00,2,0,2,1.0,0.0,Yes,1.0
27057,27057,99.00,0,2,2,0.0,1.0,No,1.0
27058,27058,99.00,0,0,0,0,0,n/a,0
27059,27059,99.00,34,68,102,0.3333333333333333,0.6666666666666666,No,0.6666666666666666
27060,27060,99.00,2,0,2,1.0,0.0,Yes,1.0
27061,27061,99.00,91,78,169,0.5384615384615384,0.46153846153846156,Yes,0.5384615384615384
27062,27062,99.00,56,34,90,0.6222222222222222,0.37777777777777777,Yes,0.6222222222222222
27063,27063,99.00,51,32,83,0.6144578313253012,0.3855421686746988,Yes,0.6144578313253012
27064,27064,99.00,59,38,97,0.6082474226804123,0.3917525773195876,Yes,0.6082474226804123
27065,27065,99.00,69,64,133,0.518796992481203,0.48120300751879697,Yes,0.518796992481203
27066,27066,99.00,92,97,189,0.48677248677248675,0.5132275132275133,No,0.5132275132275133
27067,27067,99.00,100,117,217,0.4608294930875576,0.5391705069124424,No,0.5391705069124424
27068,27068,99.00,71,62,133,0.5338345864661654,0.46616541353383456,Yes,0.5338345864661654
27069,27069,99.00,0,0,0,0,0,n/a,0
27070,27070,99.00,0,0,0,0,0,n/a,0
27071,27071,99.00,0,0,0,0,0,n/a,0
27072,27072,99.00,0,0,0,0,0,n/a,0
27073,27073,99.00,0,0,0,0,0,n/a,0
27074,27074,99.00,0,0,0,0,0,n/a,0
27075,27075,99.00,0,0,0,0,0,n/a,0
27076,27076,99.00,0,0,0,0,0,n/a,0
27077,27077,99.00,0,0,0,0,0,n/a,0
27078,27078,99.00,0,0,0,0,0,n/a,0
27079,27079,99.00,115,79,194,0.5927835051546392,0.4072164948453608,Yes,0.5927835051546392
27080,27080,99.00,3,2,5,0.6,0.4,Yes,0.6
27081,27081,99.00,73,62,135,0.5407407407407407,0.45925925925925926,Yes,0.5407407407407407
27082,27082,0.00,1,2,3,0.3333333333333333,0.6666666666666666,No,0.6666666666666666
27083,27083,0.00,14,3,17,0.8235294117647058,0.17647058823529413,Yes,0.8235294117647058
27084,27084,99.00,3,0,3,1.0,0.0,Yes,1.0
27085,27085,99.00,1,2,3,0.3333333333333333,0.6666666666666666,No,0.6666666666666666
27086,27086,99.00,110,61,171,0.6432748538011696,0.3567251461988304,Yes,0.6432748538011696
27087,27087,99.00,0,2,2,0.0,1.0,No,1.0
27088,27088,99.00,9,3,12,0.75,0.25,Yes,0.75
27089,27089,99.00,0,5,5,0.0,1.0,No,1.0
28001,28001,99.00,138,77,215,0.641860465116279,0.3581395348837209,Yes,0.641860465116279
28002,28002,99.00,2,1,3,0.6666666666666666,0.3333333333333333,Yes,0.6666666666666666
28003,28003,99.00,142,125,267,0.5318352059925093,0.4681647940074906,Yes,0.5318352059925093
28004,28004,99.00,93,111,204,0.45588235294117646,0.5441176470588235,No,0.5441176470588235
28005,28005,99.00,1,2,3,0.3333333333333333,0.6666666666666666,No,0.6666666666666666
28006,28006,99.00,105,79,184,0.5706521739130435,0.42934782608695654,Yes,0.5706521739130435
28007,28007,99.00,8,0,8,1.0,0.0,Yes,1.0
28008,28008,99.00,2,2,4,0.5,0.5,Tie,0.5
28009,28009,99.00,8,4,12,0.6666666666666666,0.3333333333333333,Yes,0.6666666666666666
28010,28010,99.00,159,86,245,0.6489795918367347,0.3510204081632653,Yes,0.6489795918367347
28011,28011,99.00,12,2,14,0.8571428571428571,0.14285714285714285,Yes,0.8571428571428571
28012,28012,99.00,30,2,32,0.9375,0.0625,Yes,0.9375
28013,28013,99.00,2,2,4,0.5,0.5,Tie,0.5
28014,28014,99.00,96,39,135,0.7111111111111111,0.28888888888888886,Yes,0.7111111111111111
28015,28015,99.00,95,115,210,0.4523809523809524,0.5476190476190477,No,0.5476190476190477
28016,28016,99.00,46,167,213,0.215962441314554,0.784037558685446,No,0.784037558685446
28017,28017,99.00,121,190,311,0.3890675241157556,0.6109324758842444,No,0.6109324758842444
28018,28018,99.00,100,74,174,0.5747126436781609,0.42528735632183906,Yes,0.5747126436781609
28019,28019,99.00,247,123,370,0.6675675675675675,0.3324324324324324,Yes,0.6675675675675675
28020,28020,99.00,25,10,35,0.7142857142857143,0.2857142857142857,Yes,0.7142857142857143
28021,28021,99.00,0,2,2,0.0,1.0,No,1.0
28022,28022,99.00,296,152,448,0.6607142857142857,0.3392857142857143,Yes,0.6607142857142857
28023,28023,99.00,307,141,448,0.6852678571428571,0.31473214285714285,Yes,0.6852678571428571
28024,28024,99.00,20,6,26,0.7692307692307693,0.23076923076923078,Yes,0.7692307692307693
28025,28025,99.00,187,75,262,0.7137404580152672,0.2862595419847328,Yes,0.7137404580152672
28026,28026,99.00,176,73,249,0.7068273092369478,0.2931726907630522,Yes,0.7068273092369478
28027,28027,99.00,11,2,13,0.8461538461538461,0.15384615384615385,Yes,0.8461538461538461
28028,28028,99.00,247,138,385,0.6415584415584416,0.35844155844155845,Yes,0.6415584415584416
28029,28029,50.00,107,33,140,0.7642857142857142,0.2357142857142857,Yes,0.7642857142857142
28030,28030,50.00,113,58,171,0.6608187134502924,0.3391812865497076,Yes,0.6608187134502924
28031,28031,99.00,195,96,291,0.6701030927835051,0.32989690721649484,Yes,0.6701030927835051
28032,28032,50.00,3,3,6,0.5,0.5,Tie,0.5
28033,28033,99.00,0,0,0,0,0,n/a,0
28034,28034,99.00,4,0,4,1.0,0.0,Yes,1.0
28035,28035,99.00,223,89,312,0.7147435897435898,0.28525641025641024,Yes,0.7147435897435898
28036,28036,99.00,231,84,315,0.7333333333333333,0.26666666666666666,Yes,0.7333333333333333
28037,28037,99.00,6,3,9,0.6666666666666666,0.3333333333333333,Yes,0.6666666666666666
28038,28038,99.00,245,104,349,0.7020057306590258,0.2979942693409742,Yes,0.7020057306590258
28039,28039,99.00,17,0,17,1.0,0.0,Yes,1.0
28040,28040,99.00,117,35,152,0.7697368421052632,0.23026315789473684,Yes,0.7697368421052632
28041,28041,99.00,211,94,305,0.6918032786885245,0.3081967213114754,Yes,0.6918032786885245
28042,28042,99.00,219,80,299,0.7324414715719063,0.26755852842809363,Yes,0.7324414715719063
28043,28043,99.00,152,75,227,0.6696035242290749,0.3303964757709251,Yes,0.6696035242290749
28044,28044,99.00,8,2,10,0.8,0.2,Yes,0.8
28045,28045,99.00,4,2,6,0.6666666666666666,0.3333333333333333,Yes,0.6666666666666666
28046,28046,99.00,101,41,142,0.7112676056338029,0.2887323943661972,Yes,0.7112676056338029
28047,28047,99.00,199,94,293,0.6791808873720137,0.32081911262798635,Yes,0.6791808873720137
28048,28048,99.00,241,118,359,0.6713091922005571,0.3286908077994429,Yes,0.6713091922005571
28049,28049,99.00,7,2,9,0.7777777777777778,0.2222222222222222,Yes,0.7777777777777778
28050,28050,99.00,164,74,238,0.6890756302521008,0.31092436974789917,Yes,0.6890756302521008
28051,28051,99.00,167,56,223,0.7488789237668162,0.25112107623318386,Yes,0.7488789237668162
28052,28052,99.00,1,0,1,1.0,0.0,Yes,1.0
28053,28053,99.00,4,3,7,0.5714285714285714,0.42857142857142855,Yes,0.5714285714285714
28054,28054,99.00,120,50,170,0.7058823529411765,0.29411764705882354,Yes,0.7058823529411765
28055,28055,99.00,2,0,2,1.0,0.0,Yes,1.0
28056,28056,99.00,140,45,185,0.7567567567567568,0.24324324324324326,Yes,0.7567567567567568
28057,28057,99.00,1,0,1,1.0,0.0,Yes,1.0
28058,28058,99.00,5,0,5,1.0,0.0,Yes,1.0
28059,28059,99.00,2,0,2,1.0,0.0,Yes,1.0
28060,28060,99.00,4,0,4,1.0,0.0,Yes,1.0
28061,28061,99.00,152,94,246,0.6178861788617886,0.3821138211382114,Yes,0.6178861788617886
28062,28062,99.00,165,77,242,0.6818181818181818,0.3181818181818182,Yes,0.6818181818181818
28063,28063,99.00,6,1,7,0.8571428571428571,0.14285714285714285,Yes,0.8571428571428571
28064,28064,99.00,112,114,226,0.49557522123893805,0.504424778761062,No,0.504424778761062
28065,28065,99.00,102,76,178,0.5730337078651685,0.42696629213483145,Yes,0.5730337078651685
28066,28066,99.00,142,92,234,0.6068376068376068,0.39316239316239315,Yes,0.6068376068376068
28067,28067,99.00,151,80,231,0.6536796536796536,0.3463203463203463,Yes,0.6536796536796536
28068,28068,99.00,129,115,244,0.5286885245901639,0.4713114754098361,Yes,0.5286885245901639
28069,28069,99.00,119,109,228,0.5219298245614035,0.4780701754385965,Yes,0.5219298245614035
28070,28070,99.00,106,192,298,0.35570469798657717,0.6442953020134228,No,0.6442953020134228
28071,28071,99.00,67,121,188,0.35638297872340424,0.6436170212765957,No,0.6436170212765957
28072,28072,99.00,69,104,173,0.3988439306358382,0.6011560693641619,No,0.6011560693641619
28073,28073,99.00,62,82,144,0.4305555555555556,0.5694444444444444,No,0.5694444444444444
28074,28074,99.00,3,3,6,0.5,0.5,Tie,0.5
28075,28075,99.00,128,241,369,0.34688346883468835,0.6531165311653117,No,0.6531165311653117
28076,28076,99.00,63,166,229,0.27510917030567683,0.7248908296943232,No,0.7248908296943232
28077,28077,99.00,59,125,184,0.32065217391304346,0.6793478260869565,No,0.6793478260869565
28078,28078,99.00,52,42,94,0.5531914893617021,0.44680851063829785,Yes,0.5531914893617021
28079,28079,99.00,0,0,0,0,0,n/a,0
28080,28080,99.00,5,4,9,0.5555555555555556,0.4444444444444444,Yes,0.5555555555555556
28081,28081,99.00,8,6,14,0.5714285714285714,0.42857142857142855,Yes,0.5714285714285714
28082,28082,99.00,4,1,5,0.8,0.2,Yes,0.8
28083,28083,99.00,80,85,165,0.48484848484848486,0.5151515151515151,No,0.5151515151515151
28084,28084,99.00,8,2,10,0.8,0.2,Yes,0.8
28085,28085,99.00,0,0,0,0,0,n/a,0
28086,28086,99.00,4,0,4,1.0,0.0,Yes,1.0
28087,28087,99.00,10,2,12,0.8333333333333334,0.16666666666666666,Yes,0.8333333333333334
28088,28088,99.00,2,0,2,1.0,0.0,Yes,1.0
28089,28089,99.00,0,2,2,0.0,1.0,No,1.0
29001,29001,99.00,6,4,10,0.6,0.4,Yes,0.6
29002,29002,99.00,125,24,149,0.8389261744966443,0.1610738255033557,Yes,0.8389261744966443
29003,29003,99.00,158,25,183,0.8633879781420765,0.1366120218579235,Yes,0.8633879781420765
29004,29004,99.00,104,16,120,0.8666666666666667,0.13333333333333333,Yes,0.8666666666666667
29005,29005,99.00,0,2,2,0.0,1.0,No,1.0
29006,29006,99.00,3,0,3,1.0,0.0,Yes,1.0
29007,29007,99.00,1,0,1,1.0,0.0,Yes,1.0
29008,29008,99.00,3,0,3,1.0,0.0,Yes,1.0
29009,29009,99.00,71,21,92,0.7717391304347826,0.22826086956521738,Yes,0.7717391304347826
29010,29010,99.00,45,14,59,0.7627118644067796,0.23728813559322035,Yes,0.7627118644067796
29011,29011,99.00,79,8,87,0.9080459770114943,0.09195402298850575,Yes,0.9080459770114943
29012,29012,99.00,98,18,116,0.8448275862068966,0.15517241379310345,Yes,0.8448275862068966
29013,29013,99.00,147,32,179,0.8212290502793296,0.1787709497206704,Yes,0.8212290502793296
29014,29014,99.00,2,0,2,1.0,0.0,Yes,1.0
29015,29015,99.00,72,6,78,0.9230769230769231,0.07692307692307693,Yes,0.9230769230769231
29016,29016,99.00,58,15,73,0.7945205479452054,0.2054794520547945,Yes,0.7945205479452054
29017,29017,99.00,126,24,150,0.84,0.16,Yes,0.84
29018,29018,99.00,156,23,179,0.8715083798882681,0.12849162011173185,Yes,0.8715083798882681
29019,29019,99.00,5,3,8,0.625,0.375,Yes,0.625
29020,29020,99.00,5,3,8,0.625,0.375,Yes,0.625
29021,29021,99.00,2,0,2,1.0,0.0,Yes,1.0
29022,29022,99.00,9,1,10,0.9,0.1,Yes,0.9
29023,29023,80.00,168,23,191,0.8795811518324608,0.12041884816753927,Yes,0.8795811518324608
29024,29024,80.00,212,31,243,0.8724279835390947,0.12757201646090535,Yes,0.8724279835390947
29025,29025,80.00,183,26,209,0.8755980861244019,0.12440191387559808,Yes,0.8755980861244019
29026,29026,80.00,185,26,211,0.8767772511848341,0.12322274881516587,Yes,0.8767772511848341
29027,29027,0.00,8,0,8,1.0,0.0,Yes,1.0
29028,29028,0.00,14,0,14,1.0,0.0,Yes,1.0
29029,29029,99.00,126,32,158,0.7974683544303798,0.20253164556962025,Yes,0.7974683544303798
29030,29030,99.00,173,22,195,0.8871794871794871,0.11282051282051282,Yes,0.8871794871794871
29031,29031,99.00,154,31,185,0.8324324324324325,0.16756756756756758,Yes,0.8324324324324325
29032,29032,99.00,144,25,169,0.8520710059171598,0.14792899408284024,Yes,0.8520710059171598
29033,29033,0.00,21,1,22,0.9545454545454546,0.045454545454545456,Yes,0.9545454545454546
29034,29034,0.00,10,0,10,1.0,0.0,Yes,1.0
29035,29035,99.00,112,23,135,0.8296296296296296,0.17037037037037037,Yes,0.8296296296296296
29036,29036,99.00,113,14,127,0.889763779527559,0.11023622047244094,Yes,0.889763779527559
29037,29037,99.00,4,3,7,0.5714285714285714,0.42857142857142855,Yes,0.5714285714285714
29038,29038,99.00,149,17,166,0.8975903614457831,0.10240963855421686,Yes,0.8975903614457831
29039,29039,99.00,2,0,2,1.0,0.0,Yes,1.0
29040,29040,99.00,8,1,9,0.8888888888888888,0.1111111111111111,Yes,0.8888888888888888
29041,29041,99.00,13,2,15,0.8666666666666667,0.13333333333333333,Yes,0.8666666666666667
29042,29042,99.00,180,29,209,0.861244019138756,0.13875598086124402,Yes,0.861244019138756
29043,29043,99.00,5,0,5,1.0,0.0,Yes,1.0
29044,29044,99.00,189,24,213,0.8873239436619719,0.11267605633802817,Yes,0.8873239436619719
29045,29045,99.00,236,42,278,0.8489208633093526,0.1510791366906475,Yes,0.8489208633093526
29046,29046,99.00,89,13,102,0.8725490196078431,0.12745098039215685,Yes,0.8725490196078431
29047,29047,99.00,168,44,212,0.7924528301886793,0.20754716981132076,Yes,0.7924528301886793
29048,29048,99.00,7,0,7,1.0,0.0,Yes,1.0
29049,29049,99.00,169,32,201,0.8407960199004975,0.15920398009950248,Yes,0.8407960199004975
29050,29050,99.00,119,23,142,0.8380281690140845,0.1619718309859155,Yes,0.8380281690140845
29051,29051,99.00,280,32,312,0.8974358974358975,0.10256410256410256,Yes,0.8974358974358975
29052,29052,99.00,222,27,249,0.891566265060241,0.10843373493975904,Yes,0.891566265060241
29053,29053,99.00,5,1,6,0.8333333333333334,0.16666666666666666,Yes,0.8333333333333334
29054,29054,99.00,195,32,227,0.8590308370044053,0.14096916299559473,Yes,0.8590308370044053
29055,29055,99.00,159,25,184,0.8641304347826086,0.1358695652173913,Yes,0.8641304347826086
29056,29056,99.00,96,19,115,0.8347826086956521,0.16521739130434782,Yes,0.8347826086956521
29057,29057,99.00,146,23,169,0.863905325443787,0.13609467455621302,Yes,0.863905325443787
29058,29058,99.00,152,14,166,0.9156626506024096,0.08433734939759036,Yes,0.9156626506024096
29059,29059,99.00,165,43,208,0.7932692307692307,0.20673076923076922,Yes,0.7932692307692307
29060,29060,99.00,184,36,220,0.8363636363636363,0.16363636363636364,Yes,0.8363636363636363
29061,29061,99.00,202,19,221,0.9140271493212669,0.08597285067873303,Yes,0.9140271493212669
29062,29062,99.00,204,25,229,0.8908296943231441,0.1091703056768559,Yes,0.8908296943231441
29063,29063,99.00,183,30,213,0.8591549295774648,0.14084507042253522,Yes,0.8591549295774648
29064,29064,99.00,132,24,156,0.8461538461538461,0.15384615384615385,Yes,0.8461538461538461
29065,29065,99.00,145,20,165,0.8787878787878788,0.12121212121212122,Yes,0.8787878787878788
29066,29066,99.00,124,25,149,0.8322147651006712,0.16778523489932887,Yes,0.8322147651006712
29067,29067,99.00,127,28,155,0.8193548387096774,0.18064516129032257,Yes,0.8193548387096774
29068,29068,99.00,109,22,131,0.8320610687022901,0.16793893129770993,Yes,0.8320610687022901
29069,29069,99.00,3,1,4,0.75,0.25,Yes,0.75
29070,29070,99.00,7,0,7,1.0,0.0,Yes,1.0
29071,29071,99.00,5,0,5,1.0,0.0,Yes,1.0
29072,29072,99.00,55,15,70,0.7857142857142857,0.21428571428571427,Yes,0.7857142857142857
29073,29073,99.00,1,1,2,0.5,0.5,Tie,0.5
29074,29074,99.00,8,0,8,1.0,0.0,Yes,1.0
29075,29075,0.00,2,3,5,0.4,0.6,No,0.6
29076,29076,99.00,117,25,142,0.823943661971831,0.176056338028169,Yes,0.823943661971831
29077,29077,99.00,1,0,1,1.0,0.0,Yes,1.0
29078,29078,99.00,5,0,5,1.0,0.0,Yes,1.0
29079,29079,99.00,137,22,159,0.8616352201257862,0.13836477987421383,Yes,0.8616352201257862
29080,29080,99.00,7,0,7,1.0,0.0,Yes,1.0
30001,30001,99.00,6,1,7,0.8571428571428571,0.14285714285714285,Yes,0.8571428571428571
30002,30002,99.00,53,26,79,0.6708860759493671,0.3291139240506329,Yes,0.6708860759493671
30003,30003,99.00,1,0,1,1.0,0.0,Yes,1.0
30004,30004,99.00,65,112,177,0.3672316384180791,0.632768361581921,No,0.632768361581921
30005,30005,99.00,72,164,236,0.3050847457627119,0.6949152542372882,No,0.6949152542372882
30006,30006,99.00,69,162,231,0.2987012987012987,0.7012987012987013,No,0.7012987012987013
30007,30007,99.00,59,149,208,0.28365384615384615,0.7163461538461539,No,0.7163461538461539
30008,30008,99.00,94,149,243,0.3868312757201646,0.6131687242798354,No,0.6131687242798354
30009,30009,99.00,84,128,212,0.39622641509433965,0.6037735849056604,No,0.6037735849056604
30010,30010,99.00,112,133,245,0.45714285714285713,0.5428571428571428,No,0.5428571428571428
30011,30011,99.00,93,143,236,0.3940677966101695,0.6059322033898306,No,0.6059322033898306
30012,30012,99.00,62,123,185,0.33513513513513515,0.6648648648648648,No,0.6648648648648648
30013,30013,99.00,72,76,148,0.4864864864864865,0.5135135135135135,No,0.5135135135135135
30014,30014,99.00,68,98,166,0.40963855421686746,0.5903614457831325,No,0.5903614457831325
30015,30015,99.00,55,132,187,0.29411764705882354,0.7058823529411765,No,0.7058823529411765
30016,30016,99.00,52,61,113,0.46017699115044247,0.5398230088495575,No,0.5398230088495575
30017,30017,99.00,93,100,193,0.48186528497409326,0.5181347150259067,No,0.5181347150259067
30018,30018,99.00,102,107,209,0.4880382775119617,0.5119617224880383,No,0.5119617224880383
30019,30019,99.00,41,45,86,0.47674418604651164,0.5232558139534884,No,0.5232558139534884
30020,30020,99.00,5,6,11,0.45454545454545453,0.5454545454545454,No,0.5454545454545454
30021,30021,99.00,110,127,237,0.4641350210970464,0.5358649789029536,No,0.5358649789029536
30022,30022,99.00,2,1,3,0.6666666666666666,0.3333333333333333,Yes,0.6666666666666666
30023,30023,99.00,138,148,286,0.4825174825174825,0.5174825174825175,No,0.5174825174825175
30024,30024,99.00,128,126,254,0.5039370078740157,0.49606299212598426,Yes,0.5039370078740157
30025,30025,99.00,107,106,213,0.5023474178403756,0.49765258215962443,Yes,0.5023474178403756
30026,30026,99.00,48,80,128,0.375,0.625,No,0.625
30027,30027,99.00,128,136,264,0.48484848484848486,0.5151515151515151,No,0.5151515151515151
30028,30028,99.00,0,0,0,0,0,n/a,0
30029,30029,99.00,0,0,0,0,0,n/a,0
30030,30030,99.00,117,98,215,0.5441860465116279,0.4558139534883721,Yes,0.5441860465116279
30031,30031,99.00,5,0,5,1.0,0.0,Yes,1.0
30032,30032,99.00,1,0,1,1.0,0.0,Yes,1.0
30033,30033,99.00,2,2,4,0.5,0.5,Tie,0.5
30034,30034,99.00,0,0,0,0,0,n/a,0
30035,30035,99.00,0,0,0,0,0,n/a,0
30036,30036,99.00,0,2,2,0.0,1.0,No,1.0
30037,30037,99.00,5,1,6,0.8333333333333334,0.16666666666666666,Yes,0.8333333333333334
30038,30038,99.00,257,46,303,0.8481848184818482,0.15181518151815182,Yes,0.8481848184818482
30039,30039,99.00,110,109,219,0.502283105022831,0.4977168949771689,Yes,0.502283105022831
30040,30040,99.00,138,89,227,0.6079295154185022,0.3920704845814978,Yes,0.6079295154185022
30041,30041,99.00,112,44,156,0.717948717948718,0.28205128205128205,Yes,0.717948717948718
30042,30042,99.00,4,2,6,0.6666666666666666,0.3333333333333333,Yes,0.6666666666666666
30043,30043,99.00,4,0,4,1.0,0.0,Yes,1.0
30044,30044,99.00,211,47,258,0.8178294573643411,0.1821705426356589,Yes,0.8178294573643411
30045,30045,99.00,69,34,103,0.6699029126213593,0.3300970873786408,Yes,0.6699029126213593
30046,30046,99.00,177,23,200,0.885,0.115,Yes,0.885
30047,30047,99.00,141,30,171,0.8245614035087719,0.17543859649122806,Yes,0.8245614035087719
30048,30048,99.00,187,126,313,0.597444089456869,0.402555910543131,Yes,0.597444089456869
30049,30049,99.00,175,59,234,0.7478632478632479,0.25213675213675213,Yes,0.7478632478632479
30050,30050,80.00,220,66,286,0.7692307692307693,0.23076923076923078,Yes,0.7692307692307693
30051,30051,99.00,132,35,167,0.7904191616766467,0.20958083832335328,Yes,0.7904191616766467
30052,30052,99.00,90,19,109,0.8256880733944955,0.1743119266055046,Yes,0.8256880733944955
30053,30053,99.00,1,2,3,0.3333333333333333,0.6666666666666666,No,0.6666666666666666
30054,30054,99.00,0,0,0,0,0,n/a,0
30055,30055,99.00,124,48,172,0.7209302325581395,0.27906976744186046,Yes,0.7209302325581395
30056,30056,99.00,32,6,38,0.8421052631578947,0.15789473684210525,Yes,0.8421052631578947
30057,30057,99.00,6,0,6,1.0,0.0,Yes,1.0
30058,30058,99.00,122,28,150,0.8133333333333334,0.18666666666666668,Yes,0.8133333333333334
30059,30059,99.00,94,18,112,0.8392857142857143,0.16071428571428573,Yes,0.8392857142857143
30060,30060,99.00,119,43,162,0.7345679012345679,0.2654320987654321,Yes,0.7345679012345679
30061,30061,99.00,297,140,437,0.6796338672768879,0.32036613272311215,Yes,0.6796338672768879
30062,30062,99.00,216,40,256,0.84375,0.15625,Yes,0.84375
30063,30063,99.00,13,2,15,0.8666666666666667,0.13333333333333333,Yes,0.8666666666666667
30064,30064,99.00,7,0,7,1.0,0.0,Yes,1.0
30065,30065,99.00,296,100,396,0.7474747474747475,0.25252525252525254,Yes,0.7474747474747475
30066,30066,99.00,23,3,26,0.8846153846153846,0.11538461538461539,Yes,0.8846153846153846
30067,30067,99.00,172,26,198,0.8686868686868687,0.13131313131313133,Yes,0.8686868686868687
30068,30068,99.00,205,34,239,0.8577405857740585,0.14225941422594143,Yes,0.8577405857740585
30069,30069,99.00,264,48,312,0.8461538461538461,0.15384615384615385,Yes,0.8461538461538461
30070,30070,99.00,0,0,0,0,0,n/a,0
30071,30071,99.00,0,0,0,0,0,n/a,0
30072,30072,99.00,0,0,0,0,0,n/a,0
30073,30073,99.00,52,132,184,0.2826086956521739,0.717391304347826,No,0.717391304347826
30074,30074,99.00,0,0,0,0,0,n/a,0
30075,30075,99.00,2,0,2,1.0,0.0,Yes,1.0
30076,30076,99.00,164,50,214,0.7663551401869159,0.2336448598130841,Yes,0.7663551401869159
30077,30077,99.00,118,34,152,0.7763157894736842,0.2236842105263158,Yes,0.7763157894736842
30078,30078,99.00,25,1,26,0.9615384615384616,0.038461538461538464,Yes,0.9615384615384616
30079,30079,99.00,13,2,15,0.8666666666666667,0.13333333333333333,Yes,0.8666666666666667
30080,30080,80.00,5,1,6,0.8333333333333334,0.16666666666666666,Yes,0.8333333333333334
30081,30081,99.00,82,50,132,0.6212121212121212,0.3787878787878788,Yes,0.6212121212121212
30082,30082,99.00,145,58,203,0.7142857142857143,0.2857142857142857,Yes,0.7142857142857143
31001,31001,99.00,91,35,126,0.7222222222222222,0.2777777777777778,Yes,0.7222222222222222
31002,31002,99.00,6,0,6,1.0,0.0,Yes,1.0
31003,31003,99.00,56,26,82,0.6829268292682927,0.3170731707317073,Yes,0.6829268292682927
31004,31004,99.00,58,22,80,0.725,0.275,Yes,0.725
31005,31005,99.00,58,21,79,0.7341772151898734,0.26582278481012656,Yes,0.7341772151898734
31006,31006,99.00,0,0,0,0,0,n/a,0
31007,31007,99.00,51,13,64,0.796875,0.203125,Yes,0.796875
31008,31008,99.00,53,17,70,0.7571428571428571,0.24285714285714285,Yes,0.7571428571428571
31009,31009,99.00,45,6,51,0.8823529411764706,0.11764705882352941,Yes,0.8823529411764706
31010,31010,99.00,90,16,106,0.8490566037735849,0.1509433962264151,Yes,0.8490566037735849
31011,31011,99.00,77,26,103,0.7475728155339806,0.2524271844660194,Yes,0.7475728155339806
31012,31012,99.00,53,12,65,0.8153846153846154,0.18461538461538463,Yes,0.8153846153846154
31013,31013,99.00,58,16,74,0.7837837837837838,0.21621621621621623,Yes,0.7837837837837838
31014,31014,99.00,68,14,82,0.8292682926829268,0.17073170731707318,Yes,0.8292682926829268
31015,31015,99.00,137,24,161,0.8509316770186336,0.14906832298136646,Yes,0.8509316770186336
31016,31016,99.00,6,0,6,1.0,0.0,Yes,1.0
31017,31017,99.00,80,22,102,0.7843137254901961,0.21568627450980393,Yes,0.7843137254901961
31018,31018,99.00,100,16,116,0.8620689655172413,0.13793103448275862,Yes,0.8620689655172413
31019,31019,99.00,123,18,141,0.8723404255319149,0.1276595744680851,Yes,0.8723404255319149
31020,31020,99.00,0,1,1,0.0,1.0,No,1.0
31021,31021,99.00,105,29,134,0.7835820895522388,0.21641791044776118,Yes,0.7835820895522388
31022,31022,99.00,31,27,58,0.5344827586206896,0.46551724137931033,Yes,0.5344827586206896
31023,31023,99.00,99,58,157,0.6305732484076433,0.36942675159235666,Yes,0.6305732484076433
31024,31024,99.00,112,39,151,0.7417218543046358,0.2582781456953642,Yes,0.7417218543046358
31025,31025,99.00,78,30,108,0.7222222222222222,0.2777777777777778,Yes,0.7222222222222222
31026,31026,99.00,8,2,10,0.8,0.2,Yes,0.8
31027,31027,99.00,3,8,11,0.2727272727272727,0.7272727272727273,No,0.7272727272727273
31028,31028,99.00,4,2,6,0.6666666666666666,0.3333333333333333,Yes,0.6666666666666666
31029,31029,99.00,4,1,5,0.8,0.2,Yes,0.8
31030,31030,99.00,0,0,0,0,0,n/a,0
31031,31031,99.00,1,0,1,1.0,0.0,Yes,1.0
31032,31032,99.00,105,18,123,0.8536585365853658,0.14634146341463414,Yes,0.8536585365853658
31033,31033,99.00,6,2,8,0.75,0.25,Yes,0.75
31034,31034,99.00,153,31,184,0.8315217391304348,0.16847826086956522,Yes,0.8315217391304348
31035,31035,99.00,129,12,141,0.9148936170212766,0.0851063829787234,Yes,0.9148936170212766
31036,31036,99.00,114,15,129,0.8837209302325582,0.11627906976744186,Yes,0.8837209302325582
31037,31037,99.00,120,21,141,0.851063829787234,0.14893617021276595,Yes,0.851063829787234
31038,31038,99.00,265,38,303,0.8745874587458746,0.1254125412541254,Yes,0.8745874587458746
31039,31039,99.00,112,56,168,0.6666666666666666,0.3333333333333333,Yes,0.6666666666666666
31040,31040,99.00,133,22,155,0.8580645161290322,0.14193548387096774,Yes,0.8580645161290322
31041,31041,99.00,130,19,149,0.87248322147651,0.12751677852348994,Yes,0.87248322147651
31042,31042,99.00,192,37,229,0.8384279475982532,0.1615720524017467,Yes,0.8384279475982532
31043,31043,99.00,4,1,5,0.8,0.2,Yes,0.8
31044,31044,99.00,142,29,171,0.8304093567251462,0.1695906432748538,Yes,0.8304093567251462
31045,31045,99.00,221,33,254,0.8700787401574803,0.12992125984251968,Yes,0.8700787401574803
31046,31046,99.00,179,25,204,0.8774509803921569,0.12254901960784313,Yes,0.8774509803921569
31047,31047,99.00,121,21,142,0.852112676056338,0.14788732394366197,Yes,0.852112676056338
31048,31048,99.00,10,2,12,0.8333333333333334,0.16666666666666666,Yes,0.8333333333333334
31049,31049,99.00,134,22,156,0.8589743589743589,0.14102564102564102,Yes,0.8589743589743589
31050,31050,99.00,2,0,2,1.0,0.0,Yes,1.0
31051,31051,99.00,93,17,110,0.8454545454545455,0.15454545454545454,Yes,0.8454545454545455
31052,31052,99.00,145,27,172,0.8430232558139535,0.1569767441860465,Yes,0.8430232558139535
31053,31053,99.00,115,16,131,0.8778625954198473,0.12213740458015267,Yes,0.8778625954198473
31054,31054,99.00,119,24,143,0.8321678321678322,0.16783216783216784,Yes,0.8321678321678322
31055,31055,99.00,124,22,146,0.8493150684931506,0.1506849315068493,Yes,0.8493150684931506
31056,31056,99.00,74,13,87,0.8505747126436781,0.14942528735632185,Yes,0.8505747126436781
31057,31057,99.00,95,17,112,0.8482142857142857,0.15178571428571427,Yes,0.8482142857142857
31058,31058,99.00,141,27,168,0.8392857142857143,0.16071428571428573,Yes,0.8392857142857143
31059,31059,99.00,71,9,80,0.8875,0.1125,Yes,0.8875
31060,31060,99.00,0,0,0,0,0,n/a,0
31061,31061,99.00,0,0,0,0,0,n/a,0
31062,31062,0.00,3,0,3,1.0,0.0,Yes,1.0
31063,31063,0.00,9,0,9,1.0,0.0,Yes,1.0
31064,31064,99.00,7,0,7,1.0,0.0,Yes,1.0
31065,31065,99.00,0,0,0,0,0,n/a,0
31066,31066,99.00,0,0,0,0,0,n/a,0
31067,31067,99.00,0,0,0,0,0,n/a,0
31068,31068,99.00,0,0,0,0,0,n/a,0
31069,31069,99.00,0,0,0,0,0,n/a,0
31070,31070,99.00,0,0,0,0,0,n/a,0
31071,31071,99.00,0,0,0,0,0,n/a,0
31072,31072,99.00,0,0,0,0,0,n/a,0
31073,31073,99.00,0,0,0,0,0,n/a,0
31074,31074,99.00,0,0,0,0,0,n/a,0
31075,31075,99.00,0,0,0,0,0,n/a,0
31076,31076,99.00,0,0,0,0,0,n/a,0
31077,31077,99.00,0,0,0,0,0,n/a,0
31078,31078,99.00,86,21,107,0.8037383177570093,0.19626168224299065,Yes,0.8037383177570093
31079,31079,99.00,100,11,111,0.9009009009009009,0.0990990990990991,Yes,0.9009009009009009
31080,31080,99.00,0,0,0,0,0,n/a,0
31081,31081,99.00,1,1,2,0.5,0.5,Tie,0.5
31082,31082,99.00,79,15,94,0.8404255319148937,0.1595744680851064,Yes,0.8404255319148937
31083,31083,99.00,4,0,4,1.0,0.0,Yes,1.0
31084,31084,99.00,4,1,5,0.8,0.2,Yes,0.8
31085,31085,99.00,10,2,12,0.8333333333333334,0.16666666666666666,Yes,0.8333333333333334
31086,31086,99.00,118,19,137,0.8613138686131386,0.1386861313868613,Yes,0.8613138686131386
32001,32001,66.67,96,11,107,0.897196261682243,0.102803738317757,Yes,0.897196261682243
32002,32002,66.67,1,0,1,1.0,0.0,Yes,1.0
32003,32003,99.00,145,10,155,0.9354838709677419,0.06451612903225806,Yes,0.9354838709677419
32004,32004,99.00,132,19,151,0.8741721854304636,0.12582781456953643,Yes,0.8741721854304636
32005,32005,66.67,112,12,124,0.9032258064516129,0.0967741935483871,Yes,0.9032258064516129
32006,32006,99.00,141,37,178,0.7921348314606742,0.20786516853932585,Yes,0.7921348314606742
32007,32007,66.67,1,0,1,1.0,0.0,Yes,1.0
32008,32008,66.67,0,0,0,0,0,n/a,0
32009,32009,99.00,0,0,0,0,0,n/a,0
32010,32010,99.00,0,0,0,0,0,n/a,0
32011,32011,99.00,150,24,174,0.8620689655172413,0.13793103448275862,Yes,0.8620689655172413
32012,32012,75.00,0,0,0,0,0,n/a,0
32013,32013,75.00,1,0,1,1.0,0.0,Yes,1.0
32014,32014,99.00,1,0,1,1.0,0.0,Yes,1.0
32015,32015,75.00,10,1,11,0.9090909090909091,0.09090909090909091,Yes,0.9090909090909091
32016,32016,75.00,115,15,130,0.8846153846153846,0.11538461538461539,Yes,0.8846153846153846
32017,32017,75.00,83,21,104,0.7980769230769231,0.20192307692307693,Yes,0.7980769230769231
32018,32018,75.00,54,10,64,0.84375,0.15625,Yes,0.84375
32019,32019,99.00,2,0,2,1.0,0.0,Yes,1.0
32020,32020,99.00,39,9,48,0.8125,0.1875,Yes,0.8125
32021,32021,75.00,82,9,91,0.9010989010989011,0.0989010989010989,Yes,0.9010989010989011
32022,32022,99.00,4,2,6,0.6666666666666666,0.3333333333333333,Yes,0.6666666666666666
32023,32023,75.00,129,17,146,0.8835616438356164,0.11643835616438356,Yes,0.8835616438356164
32024,32024,75.00,0,1,1,0.0,1.0,No,1.0
32025,32025,99.00,141,25,166,0.8493975903614458,0.15060240963855423,Yes,0.8493975903614458
32026,32026,75.00,7,0,7,1.0,0.0,Yes,1.0
32027,32027,75.00,100,12,112,0.8928571428571429,0.10714285714285714,Yes,0.8928571428571429
32028,32028,99.00,154,25,179,0.8603351955307262,0.13966480446927373,Yes,0.8603351955307262
32029,32029,83.33,95,23,118,0.8050847457627118,0.19491525423728814,Yes,0.8050847457627118
32030,32030,83.33,94,20,114,0.8245614035087719,0.17543859649122806,Yes,0.8245614035087719
32031,32031,99.00,84,16,100,0.84,0.16,Yes,0.84
32032,32032,99.00,44,8,52,0.8461538461538461,0.15384615384615385,Yes,0.8461538461538461
32033,32033,83.33,109,19,128,0.8515625,0.1484375,Yes,0.8515625
32034,32034,83.33,115,23,138,0.8333333333333334,0.16666666666666666,Yes,0.8333333333333334
32035,32035,83.33,93,5,98,0.9489795918367347,0.05102040816326531,Yes,0.9489795918367347
32036,32036,99.00,86,19,105,0.819047619047619,0.18095238095238095,Yes,0.819047619047619
32037,32037,99.00,151,36,187,0.8074866310160428,0.1925133689839572,Yes,0.8074866310160428
32038,32038,99.00,144,19,163,0.8834355828220859,0.1165644171779141,Yes,0.8834355828220859
32039,32039,99.00,114,17,131,0.8702290076335878,0.1297709923664122,Yes,0.8702290076335878
32040,32040,99.00,149,21,170,0.8764705882352941,0.12352941176470589,Yes,0.8764705882352941
32041,32041,99.00,193,34,227,0.8502202643171806,0.14977973568281938,Yes,0.8502202643171806
32042,32042,99.00,117,17,134,0.8731343283582089,0.12686567164179105,Yes,0.8731343283582089
32043,32043,99.00,133,8,141,0.9432624113475178,0.05673758865248227,Yes,0.9432624113475178
32044,32044,99.00,1,0,1,1.0,0.0,Yes,1.0
32045,32045,99.00,196,26,222,0.8828828828828829,0.11711711711711711,Yes,0.8828828828828829
32046,32046,99.00,190,26,216,0.8796296296296297,0.12037037037037036,Yes,0.8796296296296297
32047,32047,99.00,150,37,187,0.8021390374331551,0.19786096256684493,Yes,0.8021390374331551
32048,32048,99.00,3,0,3,1.0,0.0,Yes,1.0
32049,32049,99.00,108,30,138,0.782608695652174,0.21739130434782608,Yes,0.782608695652174
32050,32050,99.00,111,19,130,0.8538461538461538,0.14615384615384616,Yes,0.8538461538461538
32051,32051,99.00,137,19,156,0.8782051282051282,0.12179487179487179,Yes,0.8782051282051282
32052,32052,99.00,113,15,128,0.8828125,0.1171875,Yes,0.8828125
32053,32053,99.00,102,13,115,0.8869565217391304,0.11304347826086956,Yes,0.8869565217391304
32054,32054,99.00,217,33,250,0.868,0.132,Yes,0.868
32055,32055,99.00,5,2,7,0.7142857142857143,0.2857142857142857,Yes,0.7142857142857143
32056,32056,99.00,2,0,2,1.0,0.0,Yes,1.0
32057,32057,99.00,157,21,178,0.8820224719101124,0.11797752808988764,Yes,0.8820224719101124
32058,32058,99.00,156,22,178,0.8764044943820225,0.12359550561797752,Yes,0.8764044943820225
32059,32059,99.00,116,26,142,0.8169014084507042,0.18309859154929578,Yes,0.8169014084507042
32060,32060,99.00,216,32,248,0.8709677419354839,0.12903225806451613,Yes,0.8709677419354839
32061,32061,99.00,5,3,8,0.625,0.375,Yes,0.625
32062,32062,99.00,203,40,243,0.8353909465020576,0.1646090534979424,Yes,0.8353909465020576
32063,32063,99.00,289,53,342,0.8450292397660819,0.15497076023391812,Yes,0.8450292397660819
32064,32064,75.00,231,34,265,0.8716981132075472,0.12830188679245283,Yes,0.8716981132075472
32065,32065,75.00,43,7,50,0.86,0.14,Yes,0.86
32066,32066,75.00,206,48,254,0.8110236220472441,0.1889763779527559,Yes,0.8110236220472441
32067,32067,75.00,60,9,69,0.8695652173913043,0.13043478260869565,Yes,0.8695652173913043
32068,32068,99.00,176,28,204,0.8627450980392157,0.13725490196078433,Yes,0.8627450980392157
32069,32069,99.00,341,44,385,0.8857142857142857,0.11428571428571428,Yes,0.8857142857142857
32070,32070,99.00,36,3,39,0.9230769230769231,0.07692307692307693,Yes,0.9230769230769231
32071,32071,75.00,112,23,135,0.8296296296296296,0.17037037037037037,Yes,0.8296296296296296
32072,32072,99.00,94,18,112,0.8392857142857143,0.16071428571428573,Yes,0.8392857142857143
32073,32073,0.00,18,5,23,0.782608695652174,0.21739130434782608,Yes,0.782608695652174
32074,32074,0.00,1,0,1,1.0,0.0,Yes,1.0
32075,32075,99.00,133,35,168,0.7916666666666666,0.20833333333333334,Yes,0.7916666666666666
32076,32076,99.00,0,0,0,0,0,n/a,0
32077,32077,75.00,72,19,91,0.7912087912087912,0.2087912087912088,Yes,0.7912087912087912
32078,32078,99.00,6,0,6,1.0,0.0,Yes,1.0
32079,32079,99.00,153,74,227,0.6740088105726872,0.32599118942731276,Yes,0.6740088105726872
32080,32080,66.67,3,0,3,1.0,0.0,Yes,1.0
32081,32081,99.00,3,3,6,0.5,0.5,Tie,0.5
32082,32082,83.33,119,19,138,0.8623188405797102,0.13768115942028986,Yes,0.8623188405797102
32083,32083,83.33,7,0,7,1.0,0.0,Yes,1.0
32084,32084,99.00,6,2,8,0.75,0.25,Yes,0.75
33001,33001,99.00,83,65,148,0.5608108108108109,0.4391891891891892,Yes,0.5608108108108109
33002,33002,99.00,76,78,154,0.4935064935064935,0.5064935064935064,No,0.5064935064935064
33003,33003,99.00,53,56,109,0.48623853211009177,0.5137614678899083,No,0.5137614678899083
33004,33004,99.00,163,152,315,0.5174603174603175,0.48253968253968255,Yes,0.5174603174603175
33005,33005,99.00,96,53,149,0.6442953020134228,0.35570469798657717,Yes,0.6442953020134228
33006,33006,99.00,96,90,186,0.5161290322580645,0.4838709677419355,Yes,0.5161290322580645
33007,33007,99.00,12,5,17,0.7058823529411765,0.29411764705882354,Yes,0.7058823529411765
33008,33008,99.00,101,90,191,0.5287958115183246,0.4712041884816754,Yes,0.5287958115183246
33009,33009,99.00,78,105,183,0.4262295081967213,0.5737704918032787,No,0.5737704918032787
33010,33010,99.00,150,89,239,0.6276150627615062,0.3723849372384937,Yes,0.6276150627615062
33011,33011,99.00,83,97,180,0.46111111111111114,0.5388888888888889,No,0.5388888888888889
33012,33012,99.00,6,1,7,0.8571428571428571,0.14285714285714285,Yes,0.8571428571428571
33013,33013,99.00,78,47,125,0.624,0.376,Yes,0.624
33014,33014,99.00,62,42,104,0.5961538461538461,0.40384615384615385,Yes,0.5961538461538461
33015,33015,99.00,84,61,145,0.5793103448275863,0.4206896551724138,Yes,0.5793103448275863
33016,33016,99.00,3,0,3,1.0,0.0,Yes,1.0
33017,33017,99.00,99,47,146,0.678082191780822,0.3219178082191781,Yes,0.678082191780822
33018,33018,99.00,80,34,114,0.7017543859649122,0.2982456140350877,Yes,0.7017543859649122
33019,33019,99.00,92,31,123,0.7479674796747967,0.25203252032520324,Yes,0.7479674796747967
33020,33020,99.00,54,24,78,0.6923076923076923,0.3076923076923077,Yes,0.6923076923076923
33021,33021,99.00,87,22,109,0.7981651376146789,0.2018348623853211,Yes,0.7981651376146789
33022,33022,99.00,58,24,82,0.7073170731707317,0.2926829268292683,Yes,0.7073170731707317
33023,33023,99.00,56,18,74,0.7567567567567568,0.24324324324324326,Yes,0.7567567567567568
33024,33024,99.00,3,3,6,0.5,0.5,Tie,0.5
33025,33025,99.00,80,25,105,0.7619047619047619,0.23809523809523808,Yes,0.7619047619047619
33026,33026,99.00,75,21,96,0.78125,0.21875,Yes,0.78125
33027,33027,99.00,156,36,192,0.8125,0.1875,Yes,0.8125
33028,33028,99.00,5,2,7,0.7142857142857143,0.2857142857142857,Yes,0.7142857142857143
33029,33029,99.00,228,30,258,0.8837209302325582,0.11627906976744186,Yes,0.8837209302325582
33030,33030,99.00,202,44,246,0.8211382113821138,0.17886178861788618,Yes,0.8211382113821138
33031,33031,99.00,123,28,151,0.8145695364238411,0.18543046357615894,Yes,0.8145695364238411
33032,33032,99.00,137,23,160,0.85625,0.14375,Yes,0.85625
33033,33033,99.00,112,19,131,0.8549618320610687,0.1450381679389313,Yes,0.8549618320610687
33034,33034,99.00,106,20,126,0.8412698412698413,0.15873015873015872,Yes,0.8412698412698413
33035,33035,99.00,161,25,186,0.8655913978494624,0.13440860215053763,Yes,0.8655913978494624
33036,33036,99.00,105,26,131,0.8015267175572519,0.1984732824427481,Yes,0.8015267175572519
33037,33037,99.00,154,27,181,0.850828729281768,0.14917127071823205,Yes,0.850828729281768
33038,33038,99.00,134,17,151,0.8874172185430463,0.11258278145695365,Yes,0.8874172185430463
33039,33039,99.00,129,22,151,0.8543046357615894,0.1456953642384106,Yes,0.8543046357615894
33040,33040,99.00,114,20,134,0.8507462686567164,0.14925373134328357,Yes,0.8507462686567164
33041,33041,99.00,125,27,152,0.8223684210526315,0.17763157894736842,Yes,0.8223684210526315
33042,33042,99.00,116,24,140,0.8285714285714286,0.17142857142857143,Yes,0.8285714285714286
33043,33043,85.71,78,10,88,0.8863636363636364,0.11363636363636363,Yes,0.8863636363636364
33044,33044,99.00,152,21,173,0.8786127167630058,0.12138728323699421,Yes,0.8786127167630058
33045,33045,99.00,135,29,164,0.823170731707317,0.17682926829268292,Yes,0.823170731707317
33046,33046,99.00,149,20,169,0.8816568047337278,0.11834319526627218,Yes,0.8816568047337278
33047,33047,85.71,224,30,254,0.8818897637795275,0.11811023622047244,Yes,0.8818897637795275
33048,33048,85.71,100,17,117,0.8547008547008547,0.1452991452991453,Yes,0.8547008547008547
33049,33049,99.00,177,28,205,0.8634146341463415,0.13658536585365855,Yes,0.8634146341463415
33050,33050,99.00,5,3,8,0.625,0.375,Yes,0.625
33051,33051,99.00,114,25,139,0.8201438848920863,0.17985611510791366,Yes,0.8201438848920863
33052,33052,85.71,103,22,125,0.824,0.176,Yes,0.824
33053,33053,85.71,102,20,122,0.8360655737704918,0.16393442622950818,Yes,0.8360655737704918
33054,33054,85.71,136,29,165,0.8242424242424242,0.17575757575757575,Yes,0.8242424242424242
33055,33055,85.71,109,23,132,0.8257575757575758,0.17424242424242425,Yes,0.8257575757575758
33056,33056,57.14,170,29,199,0.8542713567839196,0.1457286432160804,Yes,0.8542713567839196
33057,33057,99.00,138,28,166,0.8313253012048193,0.1686746987951807,Yes,0.8313253012048193
33058,33058,99.00,139,25,164,0.8475609756097561,0.1524390243902439,Yes,0.8475609756097561
33059,33059,99.00,173,36,209,0.8277511961722488,0.1722488038277512,Yes,0.8277511961722488
33060,33060,99.00,147,17,164,0.8963414634146342,0.10365853658536585,Yes,0.8963414634146342
33061,33061,99.00,113,15,128,0.8828125,0.1171875,Yes,0.8828125
33062,33062,99.00,144,19,163,0.8834355828220859,0.1165644171779141,Yes,0.8834355828220859
33063,33063,99.00,151,28,179,0.8435754189944135,0.1564245810055866,Yes,0.8435754189944135
33064,33064,99.00,178,24,202,0.8811881188118812,0.1188118811881188,Yes,0.8811881188118812
33065,33065,57.14,213,26,239,0.891213389121339,0.1087866108786611,Yes,0.891213389121339
33066,33066,57.14,188,33,221,0.8506787330316742,0.1493212669683258,Yes,0.8506787330316742
33067,33067,57.14,166,12,178,0.9325842696629213,0.06741573033707865,Yes,0.9325842696629213
33068,33068,99.00,154,26,180,0.8555555555555555,0.14444444444444443,Yes,0.8555555555555555
33069,33069,57.14,159,29,188,0.8457446808510638,0.15425531914893617,Yes,0.8457446808510638
33070,33070,99.00,181,29,210,0.861904761904762,0.1380952380952381,Yes,0.861904761904762
33071,33071,99.00,195,32,227,0.8590308370044053,0.14096916299559473,Yes,0.8590308370044053
33072,33072,99.00,115,21,136,0.8455882352941176,0.15441176470588236,Yes,0.8455882352941176
33073,33073,85.71,113,12,125,0.904,0.096,Yes,0.904
33074,33074,99.00,84,33,117,0.717948717948718,0.28205128205128205,Yes,0.717948717948718
33075,33075,99.00,79,63,142,0.5563380281690141,0.44366197183098594,Yes,0.5563380281690141
33076,33076,99.00,4,1,5,0.8,0.2,Yes,0.8
33077,33077,99.00,216,39,255,0.8470588235294118,0.15294117647058825,Yes,0.8470588235294118
33078,33078,99.00,139,15,154,0.9025974025974026,0.09740259740259741,Yes,0.9025974025974026
33079,33079,85.71,7,2,9,0.7777777777777778,0.2222222222222222,Yes,0.7777777777777778
34001,34001,99.00,75,17,92,0.8152173913043478,0.18478260869565216,Yes,0.8152173913043478
34002,34002,99.00,74,15,89,0.8314606741573034,0.16853932584269662,Yes,0.8314606741573034
34003,34003,99.00,50,12,62,0.8064516129032258,0.1935483870967742,Yes,0.8064516129032258
34004,34004,99.00,121,28,149,0.8120805369127517,0.18791946308724833,Yes,0.8120805369127517
34005,34005,99.00,53,13,66,0.803030303030303,0.19696969696969696,Yes,0.803030303030303
34006,34006,99.00,35,6,41,0.8536585365853658,0.14634146341463414,Yes,0.8536585365853658
34007,34007,99.00,5,0,5,1.0,0.0,Yes,1.0
34008,34008,99.00,128,32,160,0.8,0.2,Yes,0.8
34009,34009,99.00,3,0,3,1.0,0.0,Yes,1.0
34010,34010,99.00,113,40,153,0.738562091503268,0.26143790849673204,Yes,0.738562091503268
34011,34011,99.00,147,33,180,0.8166666666666667,0.18333333333333332,Yes,0.8166666666666667
34012,34012,99.00,4,4,8,0.5,0.5,Tie,0.5
34013,34013,99.00,2,2,4,0.5,0.5,Tie,0.5
34014,34014,99.00,83,22,105,0.7904761904761904,0.20952380952380953,Yes,0.7904761904761904
34015,34015,99.00,138,26,164,0.8414634146341463,0.15853658536585366,Yes,0.8414634146341463
34016,34016,99.00,197,72,269,0.7323420074349443,0.26765799256505574,Yes,0.7323420074349443
34017,34017,99.00,16,2,18,0.8888888888888888,0.1111111111111111,Yes,0.8888888888888888
34018,34018,99.00,2,1,3,0.6666666666666666,0.3333333333333333,Yes,0.6666666666666666
34019,34019,99.00,194,49,243,0.7983539094650206,0.20164609053497942,Yes,0.7983539094650206
34020,34020,99.00,164,50,214,0.7663551401869159,0.2336448598130841,Yes,0.7663551401869159
34021,34021,99.00,4,1,5,0.8,0.2,Yes,0.8
34022,34022,99.00,210,46,256,0.8203125,0.1796875,Yes,0.8203125
34023,34023,99.00,121,29,150,0.8066666666666666,0.19333333333333333,Yes,0.8066666666666666
34024,34024,99.00,382,72,454,0.8414096916299559,0.15859030837004406,Yes,0.8414096916299559
34025,34025,83.33,267,53,320,0.834375,0.165625,Yes,0.834375
34026,34026,83.33,123,21,144,0.8541666666666666,0.14583333333333334,Yes,0.8541666666666666
34027,34027,83.33,11,0,11,1.0,0.0,Yes,1.0
34028,34028,99.00,151,38,189,0.798941798941799,0.20105820105820105,Yes,0.798941798941799
34029,34029,99.00,1,3,4,0.25,0.75,No,0.75
34030,34030,99.00,0,0,0,0,0,n/a,0
34031,34031,99.00,1,0,1,1.0,0.0,Yes,1.0
34032,34032,99.00,0,0,0,0,0,n/a,0
34033,34033,99.00,1,0,1,1.0,0.0,Yes,1.0
34034,34034,99.00,1,0,1,1.0,0.0,Yes,1.0
34035,34035,83.33,74,21,95,0.7789473684210526,0.22105263157894736,Yes,0.7789473684210526
34036,34036,83.33,80,27,107,0.7476635514018691,0.2523364485981308,Yes,0.7476635514018691
34037,34037,83.33,50,25,75,0.6666666666666666,0.3333333333333333,Yes,0.6666666666666666
34038,34038,99.00,142,39,181,0.7845303867403315,0.2154696132596685,Yes,0.7845303867403315
34039,34039,99.00,109,44,153,0.7124183006535948,0.2875816993464052,Yes,0.7124183006535948
34040,34040,99.00,61,50,111,0.5495495495495496,0.45045045045045046,Yes,0.5495495495495496
34041,34041,99.00,60,46,106,0.5660377358490566,0.4339622641509434,Yes,0.5660377358490566
34042,34042,99.00,3,0,3,1.0,0.0,Yes,1.0
34043,34043,99.00,1,0,1,1.0,0.0,Yes,1.0
34044,34044,99.00,1,1,2,0.5,0.5,Tie,0.5
34045,34045,99.00,192,50,242,0.7933884297520661,0.2066115702479339,Yes,0.7933884297520661
34046,34046,99.00,75,16,91,0.8241758241758241,0.17582417582417584,Yes,0.8241758241758241
34047,34047,99.00,0,0,0,0,0,n/a,0
34048,34048,99.00,2,2,4,0.5,0.5,Tie,0.5
34049,34049,99.00,140,47,187,0.7486631016042781,0.25133689839572193,Yes,0.7486631016042781
34050,34050,99.00,3,0,3,1.0,0.0,Yes,1.0
34051,34051,99.00,88,41,129,0.6821705426356589,0.3178294573643411,Yes,0.6821705426356589
34052,34052,99.00,155,27,182,0.8516483516483516,0.14835164835164835,Yes,0.8516483516483516
34053,34053,99.00,0,0,0,0,0,n/a,0
34054,34054,99.00,0,0,0,0,0,n/a,0
34055,34055,99.00,0,0,0,0,0,n/a,0
34056,34056,99.00,0,0,0,0,0,n/a,0
34057,34057,99.00,0,0,0,0,0,n/a,0
34058,34058,99.00,0,0,0,0,0,n/a,0
34059,34059,99.00,0,0,0,0,0,n/a,0
34060,34060,99.00,154,36,190,0.8105263157894737,0.18947368421052632,Yes,0.8105263157894737
34061,34061,99.00,72,42,114,0.631578947368421,0.3684210526315789,Yes,0.631578947368421
34062,34062,99.00,1,1,2,0.5,0.5,Tie,0.5
34063,34063,83.33,231,42,273,0.8461538461538461,0.15384615384615385,Yes,0.8461538461538461
34064,34064,99.00,0,0,0,0,0,n/a,0
34065,34065,99.00,158,27,185,0.8540540540540541,0.14594594594594595,Yes,0.8540540540540541
34066,34066,99.00,191,44,235,0.8127659574468085,0.18723404255319148,Yes,0.8127659574468085
34067,34067,99.00,75,26,101,0.7425742574257426,0.25742574257425743,Yes,0.7425742574257426
34068,34068,99.00,9,2,11,0.8181818181818182,0.18181818181818182,Yes,0.8181818181818182
34069,34069,99.00,167,30,197,0.8477157360406091,0.15228426395939088,Yes,0.8477157360406091
34070,34070,99.00,1,0,1,1.0,0.0,Yes,1.0
34071,34071,99.00,0,0,0,0,0,n/a,0
34072,34072,99.00,270,104,374,0.7219251336898396,0.27807486631016043,Yes,0.7219251336898396
34073,34073,99.00,3,0,3,1.0,0.0,Yes,1.0
35001,35001,99.00,0,0,0,0,0,n/a,0
35002,35002,99.00,56,38,94,0.5957446808510638,0.40425531914893614,Yes,0.5957446808510638
35003,35003,99.00,104,64,168,0.6190476190476191,0.38095238095238093,Yes,0.6190476190476191
35004,35004,99.00,86,28,114,0.7543859649122807,0.24561403508771928,Yes,0.7543859649122807
35005,35005,99.00,79,42,121,0.6528925619834711,0.34710743801652894,Yes,0.6528925619834711
35006,35006,0.00,5,0,5,1.0,0.0,Yes,1.0
35007,35007,99.00,115,38,153,0.7516339869281046,0.24836601307189543,Yes,0.7516339869281046
35008,35008,99.00,3,1,4,0.75,0.25,Yes,0.75
35009,35009,99.00,127,45,172,0.7383720930232558,0.2616279069767442,Yes,0.7383720930232558
35010,35010,99.00,1,1,2,0.5,0.5,Tie,0.5
35011,35011,99.00,59,13,72,0.8194444444444444,0.18055555555555555,Yes,0.8194444444444444
35012,35012,99.00,156,33,189,0.8253968253968254,0.1746031746031746,Yes,0.8253968253968254
35013,35013,99.00,58,20,78,0.7435897435897436,0.2564102564102564,Yes,0.7435897435897436
35014,35014,99.00,3,0,3,1.0,0.0,Yes,1.0
35015,35015,99.00,114,11,125,0.912,0.088,Yes,0.912
35016,35016,99.00,102,9,111,0.918918918918919,0.08108108108108109,Yes,0.918918918918919
35017,35017,99.00,110,18,128,0.859375,0.140625,Yes,0.859375
35018,35018,99.00,168,22,190,0.8842105263157894,0.11578947368421053,Yes,0.8842105263157894
35019,35019,99.00,5,0,5,1.0,0.0,Yes,1.0
35020,35020,55.56,161,33,194,0.8298969072164949,0.17010309278350516,Yes,0.8298969072164949
35021,35021,99.00,95,33,128,0.7421875,0.2578125,Yes,0.7421875
35022,35022,99.00,108,13,121,0.8925619834710744,0.10743801652892562,Yes,0.8925619834710744
35023,35023,99.00,2,0,2,1.0,0.0,Yes,1.0
35024,35024,99.00,141,62,203,0.6945812807881774,0.3054187192118227,Yes,0.6945812807881774
35025,35025,99.00,124,14,138,0.8985507246376812,0.10144927536231885,Yes,0.8985507246376812
35026,35026,99.00,1,2,3,0.3333333333333333,0.6666666666666666,No,0.6666666666666666
35027,35027,99.00,155,40,195,0.7948717948717948,0.20512820512820512,Yes,0.7948717948717948
35028,35028,99.00,39,11,50,0.78,0.22,Yes,0.78
35029,35029,99.00,0,0,0,0,0,n/a,0
35030,35030,99.00,0,0,0,0,0,n/a,0
35031,35031,99.00,0,0,0,0,0,n/a,0
35032,35032,99.00,83,23,106,0.7830188679245284,0.2169811320754717,Yes,0.7830188679245284
35033,35033,0.00,2,2,4,0.5,0.5,Tie,0.5
35034,35034,99.00,0,0,0,0,0,n/a,0
35035,35035,99.00,2,0,2,1.0,0.0,Yes,1.0
35036,35036,99.00,0,0,0,0,0,n/a,0
35037,35037,99.00,57,18,75,0.76,0.24,Yes,0.76
35038,35038,99.00,137,23,160,0.85625,0.14375,Yes,0.85625
35039,35039,99.00,53,12,65,0.8153846153846154,0.18461538461538463,Yes,0.8153846153846154
35040,35040,99.00,0,0,0,0,0,n/a,0
35041,35041,99.00,107,27,134,0.7985074626865671,0.20149253731343283,Yes,0.7985074626865671
35042,35042,99.00,85,13,98,0.8673469387755102,0.1326530612244898,Yes,0.8673469387755102
35043,35043,99.00,75,12,87,0.8620689655172413,0.13793103448275862,Yes,0.8620689655172413
35044,35044,99.00,69,15,84,0.8214285714285714,0.17857142857142858,Yes,0.8214285714285714
35045,35045,99.00,7,1,8,0.875,0.125,Yes,0.875
35046,35046,55.56,81,16,97,0.8350515463917526,0.16494845360824742,Yes,0.8350515463917526
35047,35047,55.56,115,20,135,0.8518518518518519,0.14814814814814814,Yes,0.8518518518518519
35048,35048,55.56,120,29,149,0.8053691275167785,0.19463087248322147,Yes,0.8053691275167785
35049,35049,99.00,2,1,3,0.6666666666666666,0.3333333333333333,Yes,0.6666666666666666
35050,35050,99.00,93,41,134,0.6940298507462687,0.30597014925373134,Yes,0.6940298507462687
35051,35051,99.00,88,19,107,0.822429906542056,0.17757009345794392,Yes,0.822429906542056
35052,35052,55.56,92,18,110,0.8363636363636363,0.16363636363636364,Yes,0.8363636363636363
35053,35053,55.56,109,22,131,0.8320610687022901,0.16793893129770993,Yes,0.8320610687022901
35054,35054,99.00,0,0,0,0,0,n/a,0
35055,35055,99.00,0,0,0,0,0,n/a,0
35056,35056,55.56,0,0,0,0,0,n/a,0
35057,35057,99.00,0,0,0,0,0,n/a,0
35058,35058,99.00,0,0,0,0,0,n/a,0
35059,35059,99.00,0,0,0,0,0,n/a,0
35060,35060,55.56,0,0,0,0,0,n/a,0
35061,35061,99.00,0,0,0,0,0,n/a,0
35062,35062,99.00,0,0,0,0,0,n/a,0
35063,35063,99.00,63,19,82,0.7682926829268293,0.23170731707317074,Yes,0.7682926829268293
35064,35064,99.00,5,0,5,1.0,0.0,Yes,1.0
35065,35065,99.00,61,22,83,0.7349397590361446,0.26506024096385544,Yes,0.7349397590361446
35066,35066,99.00,13,0,13,1.0,0.0,Yes,1.0
36001,36001,99.00,312,90,402,0.7761194029850746,0.22388059701492538,Yes,0.7761194029850746
36002,36002,99.00,234,82,316,0.740506329113924,0.25949367088607594,Yes,0.740506329113924
36003,36003,99.00,17,9,26,0.6538461538461539,0.34615384615384615,Yes,0.6538461538461539
36004,36004,99.00,254,53,307,0.8273615635179153,0.17263843648208468,Yes,0.8273615635179153
36005,36005,99.00,58,9,67,0.8656716417910447,0.13432835820895522,Yes,0.8656716417910447
36006,36006,99.00,254,47,301,0.8438538205980066,0.15614617940199335,Yes,0.8438538205980066
36007,36007,99.00,22,2,24,0.9166666666666666,0.08333333333333333,Yes,0.9166666666666666
36008,36008,99.00,325,63,388,0.8376288659793815,0.16237113402061856,Yes,0.8376288659793815
36009,36009,99.00,191,40,231,0.8268398268398268,0.17316017316017315,Yes,0.8268398268398268
36010,36010,99.00,139,20,159,0.8742138364779874,0.12578616352201258,Yes,0.8742138364779874
36011,36011,80.00,97,30,127,0.7637795275590551,0.23622047244094488,Yes,0.7637795275590551
36012,36012,80.00,148,25,173,0.8554913294797688,0.14450867052023122,Yes,0.8554913294797688
36013,36013,99.00,12,2,14,0.8571428571428571,0.14285714285714285,Yes,0.8571428571428571
36014,36014,80.00,123,42,165,0.7454545454545455,0.2545454545454545,Yes,0.7454545454545455
36015,36015,80.00,136,34,170,0.8,0.2,Yes,0.8
36016,36016,99.00,269,46,315,0.8539682539682539,0.14603174603174604,Yes,0.8539682539682539
36017,36017,99.00,8,0,8,1.0,0.0,Yes,1.0
36018,36018,99.00,309,57,366,0.8442622950819673,0.1557377049180328,Yes,0.8442622950819673
36019,36019,99.00,168,29,197,0.8527918781725888,0.14720812182741116,Yes,0.8527918781725888
36020,36020,99.00,30,9,39,0.7692307692307693,0.23076923076923078,Yes,0.7692307692307693
36021,36021,99.00,172,28,200,0.86,0.14,Yes,0.86
36022,36022,99.00,245,61,306,0.8006535947712419,0.19934640522875818,Yes,0.8006535947712419
36023,36023,99.00,19,1,20,0.95,0.05,Yes,0.95
36024,36024,99.00,16,1,17,0.9411764705882353,0.058823529411764705,Yes,0.9411764705882353
36025,36025,99.00,202,56,258,0.7829457364341085,0.21705426356589147,Yes,0.7829457364341085
36026,36026,99.00,26,6,32,0.8125,0.1875,Yes,0.8125
36027,36027,99.00,149,36,185,0.8054054054054054,0.1945945945945946,Yes,0.8054054054054054
36028,36028,99.00,235,46,281,0.8362989323843416,0.16370106761565836,Yes,0.8362989323843416
36029,36029,99.00,5,4,9,0.5555555555555556,0.4444444444444444,Yes,0.5555555555555556
36030,36030,99.00,200,61,261,0.7662835249042146,0.23371647509578544,Yes,0.7662835249042146
36031,36031,99.00,147,42,189,0.7777777777777778,0.2222222222222222,Yes,0.7777777777777778
36032,36032,99.00,198,74,272,0.7279411764705882,0.27205882352941174,Yes,0.7279411764705882
36033,36033,99.00,9,2,11,0.8181818181818182,0.18181818181818182,Yes,0.8181818181818182
36034,36034,99.00,260,63,323,0.804953560371517,0.19504643962848298,Yes,0.804953560371517
36035,36035,99.00,8,1,9,0.8888888888888888,0.1111111111111111,Yes,0.8888888888888888
36036,36036,99.00,339,67,406,0.8349753694581281,0.16502463054187191,Yes,0.8349753694581281
36037,36037,99.00,256,65,321,0.7975077881619937,0.20249221183800623,Yes,0.7975077881619937
36038,36038,99.00,277,75,352,0.7869318181818182,0.21306818181818182,Yes,0.7869318181818182
36039,36039,99.00,16,2,18,0.8888888888888888,0.1111111111111111,Yes,0.8888888888888888
36040,36040,99.00,182,58,240,0.7583333333333333,0.24166666666666667,Yes,0.7583333333333333
36041,36041,99.00,188,60,248,0.7580645161290323,0.24193548387096775,Yes,0.7580645161290323
36042,36042,99.00,256,61,317,0.807570977917981,0.19242902208201892,Yes,0.807570977917981
36043,36043,99.00,4,0,4,1.0,0.0,Yes,1.0
36044,36044,99.00,0,0,0,0,0,n/a,0
36045,36045,80.00,131,33,164,0.7987804878048781,0.20121951219512196,Yes,0.7987804878048781
36046,36046,99.00,151,77,228,0.6622807017543859,0.33771929824561403,Yes,0.6622807017543859
36047,36047,99.00,4,4,8,0.5,0.5,Tie,0.5
36048,36048,99.00,137,91,228,0.6008771929824561,0.3991228070175439,Yes,0.6008771929824561
36049,36049,99.00,221,36,257,0.8599221789883269,0.14007782101167315,Yes,0.8599221789883269
36050,36050,99.00,1,0,1,1.0,0.0,Yes,1.0
36051,36051,99.00,0,1,1,0.0,1.0,No,1.0
36052,36052,99.00,195,26,221,0.8823529411764706,0.11764705882352941,Yes,0.8823529411764706
36053,36053,99.00,193,82,275,0.7018181818181818,0.29818181818181816,Yes,0.7018181818181818
36054,36054,99.00,101,79,180,0.5611111111111111,0.4388888888888889,Yes,0.5611111111111111
36055,36055,99.00,154,49,203,0.7586206896551724,0.2413793103448276,Yes,0.7586206896551724
36056,36056,99.00,202,42,244,0.8278688524590164,0.1721311475409836,Yes,0.8278688524590164
36057,36057,99.00,11,1,12,0.9166666666666666,0.08333333333333333,Yes,0.9166666666666666
36058,36058,99.00,10,1,11,0.9090909090909091,0.09090909090909091,Yes,0.9090909090909091
36059,36059,99.00,263,73,336,0.7827380952380952,0.21726190476190477,Yes,0.7827380952380952
36060,36060,99.00,7,0,7,1.0,0.0,Yes,1.0
36061,36061,99.00,122,40,162,0.7530864197530864,0.24691358024691357,Yes,0.7530864197530864
36062,36062,99.00,5,0,5,1.0,0.0,Yes,1.0
36063,36063,99.00,175,36,211,0.8293838862559242,0.17061611374407584,Yes,0.8293838862559242
36064,36064,99.00,236,36,272,0.8676470588235294,0.1323529411764706,Yes,0.8676470588235294
36065,36065,99.00,8,0,8,1.0,0.0,Yes,1.0
36066,36066,99.00,199,38,237,0.8396624472573839,0.16033755274261605,Yes,0.8396624472573839
36067,36067,99.00,11,0,11,1.0,0.0,Yes,1.0
36068,36068,99.00,0,0,0,0,0,n/a,0
36069,36069,99.00,0,0,0,0,0,n/a,0
36070,36070,99.00,0,0,0,0,0,n/a,0
36071,36071,99.00,0,0,0,0,0,n/a,0
36072,36072,99.00,178,32,210,0.8476190476190476,0.1523809523809524,Yes,0.8476190476190476
36073,36073,99.00,313,53,366,0.855191256830601,0.1448087431693989,Yes,0.855191256830601
36074,36074,99.00,4,2,6,0.6666666666666666,0.3333333333333333,Yes,0.6666666666666666
36075,36075,99.00,19,5,24,0.7916666666666666,0.20833333333333334,Yes,0.7916666666666666
36076,36076,99.00,163,25,188,0.8670212765957447,0.13297872340425532,Yes,0.8670212765957447
36077,36077,99.00,287,52,339,0.8466076696165191,0.15339233038348082,Yes,0.8466076696165191
36078,36078,99.00,7,2,9,0.7777777777777778,0.2222222222222222,Yes,0.7777777777777778
36079,36079,99.00,8,0,8,1.0,0.0,Yes,1.0
36080,36080,99.00,6,0,6,1.0,0.0,Yes,1.0
36081,36081,99.00,275,56,331,0.8308157099697885,0.1691842900302115,Yes,0.8308157099697885
36082,36082,99.00,12,8,20,0.6,0.4,Yes,0.6
36083,36083,99.00,1,0,1,1.0,0.0,Yes,1.0
37001,37001,99.00,107,40,147,0.7278911564625851,0.272108843537415,Yes,0.7278911564625851
37002,37002,99.00,91,22,113,0.8053097345132744,0.19469026548672566,Yes,0.8053097345132744
37003,37003,99.00,102,12,114,0.8947368421052632,0.10526315789473684,Yes,0.8947368421052632
37004,37004,99.00,121,16,137,0.8832116788321168,0.11678832116788321,Yes,0.8832116788321168
37005,37005,80.00,123,19,142,0.8661971830985915,0.13380281690140844,Yes,0.8661971830985915
37006,37006,99.00,78,22,100,0.78,0.22,Yes,0.78
37007,37007,50.00,47,12,59,0.7966101694915254,0.2033898305084746,Yes,0.7966101694915254
37008,37008,50.00,9,0,9,1.0,0.0,Yes,1.0
37009,37009,50.00,22,7,29,0.7586206896551724,0.2413793103448276,Yes,0.7586206896551724
37010,37010,99.00,9,1,10,0.9,0.1,Yes,0.9
37011,37011,99.00,185,27,212,0.8726415094339622,0.12735849056603774,Yes,0.8726415094339622
37012,37012,99.00,151,21,172,0.877906976744186,0.12209302325581395,Yes,0.877906976744186
37013,37013,99.00,1,0,1,1.0,0.0,Yes,1.0
37014,37014,99.00,164,19,183,0.8961748633879781,0.10382513661202186,Yes,0.8961748633879781
37015,37015,99.00,3,0,3,1.0,0.0,Yes,1.0
37016,37016,99.00,154,29,183,0.8415300546448088,0.15846994535519127,Yes,0.8415300546448088
37017,37017,99.00,2,0,2,1.0,0.0,Yes,1.0
37018,37018,99.00,168,20,188,0.8936170212765957,0.10638297872340426,Yes,0.8936170212765957
37019,37019,99.00,130,30,160,0.8125,0.1875,Yes,0.8125
37020,37020,99.00,8,4,12,0.6666666666666666,0.3333333333333333,Yes,0.6666666666666666
37021,37021,99.00,341,68,409,0.8337408312958435,0.16625916870415647,Yes,0.8337408312958435
37022,37022,99.00,237,46,283,0.8374558303886925,0.1625441696113074,Yes,0.8374558303886925
37023,37023,99.00,205,47,252,0.8134920634920635,0.1865079365079365,Yes,0.8134920634920635
37024,37024,99.00,318,51,369,0.8617886178861789,0.13821138211382114,Yes,0.8617886178861789
37025,37025,99.00,3,0,3,1.0,0.0,Yes,1.0
37026,37026,99.00,0,0,0,0,0,n/a,0
37027,37027,80.00,228,52,280,0.8142857142857143,0.18571428571428572,Yes,0.8142857142857143
37028,37028,80.00,189,26,215,0.8790697674418605,0.12093023255813953,Yes,0.8790697674418605
37029,37029,80.00,157,29,186,0.8440860215053764,0.15591397849462366,Yes,0.8440860215053764
37030,37030,80.00,122,23,145,0.8413793103448276,0.15862068965517243,Yes,0.8413793103448276
37031,37031,99.00,9,1,10,0.9,0.1,Yes,0.9
37032,37032,99.00,261,61,322,0.8105590062111802,0.18944099378881987,Yes,0.8105590062111802
37033,37033,99.00,12,2,14,0.8571428571428571,0.14285714285714285,Yes,0.8571428571428571
37034,37034,99.00,99,10,109,0.908256880733945,0.09174311926605505,Yes,0.908256880733945
37035,37035,99.00,111,19,130,0.8538461538461538,0.14615384615384616,Yes,0.8538461538461538
37036,37036,99.00,174,40,214,0.8130841121495327,0.18691588785046728,Yes,0.8130841121495327
37037,37037,99.00,166,47,213,0.7793427230046949,0.22065727699530516,Yes,0.7793427230046949
37038,37038,99.00,161,28,189,0.8518518518518519,0.14814814814814814,Yes,0.8518518518518519
37039,37039,99.00,264,76,340,0.7764705882352941,0.2235294117647059,Yes,0.7764705882352941
37040,37040,99.00,0,0,0,0,0,n/a,0
37041,37041,99.00,1,0,1,1.0,0.0,Yes,1.0
37042,37042,99.00,103,45,148,0.6959459459459459,0.30405405405405406,Yes,0.6959459459459459
37043,37043,99.00,0,1,1,0.0,1.0,No,1.0
37044,37044,99.00,6,2,8,0.75,0.25,Yes,0.75
37045,37045,99.00,77,62,139,0.5539568345323741,0.4460431654676259,Yes,0.5539568345323741
37046,37046,99.00,80,28,108,0.7407407407407407,0.25925925925925924,Yes,0.7407407407407407
37047,37047,99.00,93,23,116,0.8017241379310345,0.19827586206896552,Yes,0.8017241379310345
37048,37048,99.00,185,53,238,0.7773109243697479,0.22268907563025211,Yes,0.7773109243697479
37049,37049,99.00,123,37,160,0.76875,0.23125,Yes,0.76875
37050,37050,99.00,105,21,126,0.8333333333333334,0.16666666666666666,Yes,0.8333333333333334
37051,37051,99.00,0,0,0,0,0,n/a,0
37052,37052,99.00,103,49,152,0.6776315789473685,0.3223684210526316,Yes,0.6776315789473685
37053,37053,99.00,1,0,1,1.0,0.0,Yes,1.0
37054,37054,99.00,141,34,175,0.8057142857142857,0.19428571428571428,Yes,0.8057142857142857
37055,37055,99.00,1,0,1,1.0,0.0,Yes,1.0
37056,37056,99.00,193,32,225,0.8577777777777778,0.14222222222222222,Yes,0.8577777777777778
37057,37057,99.00,5,0,5,1.0,0.0,Yes,1.0
37058,37058,99.00,146,15,161,0.906832298136646,0.09316770186335403,Yes,0.906832298136646
37059,37059,99.00,128,25,153,0.8366013071895425,0.16339869281045752,Yes,0.8366013071895425
37060,37060,99.00,0,0,0,0,0,n/a,0
37061,37061,99.00,4,3,7,0.5714285714285714,0.42857142857142855,Yes,0.5714285714285714
37062,37062,99.00,70,41,111,0.6306306306306306,0.36936936936936937,Yes,0.6306306306306306
37063,37063,99.00,7,2,9,0.7777777777777778,0.2222222222222222,Yes,0.7777777777777778
37064,37064,99.00,18,4,22,0.8181818181818182,0.18181818181818182,Yes,0.8181818181818182
37065,37065,99.00,309,109,418,0.7392344497607656,0.2607655502392344,Yes,0.7392344497607656
37066,37066,99.00,0,0,0,0,0,n/a,0
37067,37067,99.00,1,0,1,1.0,0.0,Yes,1.0
37068,37068,99.00,151,40,191,0.7905759162303665,0.2094240837696335,Yes,0.7905759162303665
37069,37069,99.00,0,0,0,0,0,n/a,0
37070,37070,99.00,0,0,0,0,0,n/a,0
37071,37071,99.00,0,0,0,0,0,n/a,0
37072,37072,99.00,0,0,0,0,0,n/a,0
37073,37073,99.00,0,0,0,0,0,n/a,0
37074,37074,99.00,0,0,0,0,0,n/a,0
37075,37075,99.00,150,46,196,0.7653061224489796,0.23469387755102042,Yes,0.7653061224489796
37076,37076,99.00,7,3,10,0.7,0.3,Yes,0.7
37077,37077,99.00,143,27,170,0.8411764705882353,0.1588235294117647,Yes,0.8411764705882353
37078,37078,99.00,186,63,249,0.7469879518072289,0.25301204819277107,Yes,0.7469879518072289
37079,37079,99.00,188,27,215,0.8744186046511628,0.12558139534883722,Yes,0.8744186046511628
37080,37080,99.00,166,21,187,0.8877005347593583,0.11229946524064172,Yes,0.8877005347593583
37081,37081,99.00,208,28,236,0.8813559322033898,0.11864406779661017,Yes,0.8813559322033898
37082,37082,80.00,138,34,172,0.8023255813953488,0.19767441860465115,Yes,0.8023255813953488
37083,37083,99.00,191,41,232,0.8232758620689655,0.17672413793103448,Yes,0.8232758620689655
37084,37084,99.00,73,32,105,0.6952380952380952,0.3047619047619048,Yes,0.6952380952380952
37085,37085,99.00,5,6,11,0.45454545454545453,0.5454545454545454,No,0.5454545454545454
37086,37086,99.00,3,0,3,1.0,0.0,Yes,1.0
37087,37087,99.00,236,42,278,0.8489208633093526,0.1510791366906475,Yes,0.8489208633093526
37088,37088,99.00,11,0,11,1.0,0.0,Yes,1.0
38001,38001,99.00,71,13,84,0.8452380952380952,0.15476190476190477,Yes,0.8452380952380952
38002,38002,99.00,5,1,6,0.8333333333333334,0.16666666666666666,Yes,0.8333333333333334
38003,38003,99.00,98,3,101,0.9702970297029703,0.0297029702970297,Yes,0.9702970297029703
38004,38004,99.00,140,28,168,0.8333333333333334,0.16666666666666666,Yes,0.8333333333333334
38005,38005,99.00,103,16,119,0.865546218487395,0.13445378151260504,Yes,0.865546218487395
38006,38006,99.00,111,26,137,0.8102189781021898,0.1897810218978102,Yes,0.8102189781021898
38007,38007,99.00,85,11,96,0.8854166666666666,0.11458333333333333,Yes,0.8854166666666666
38008,38008,99.00,161,74,235,0.6851063829787234,0.3148936170212766,Yes,0.6851063829787234
38009,38009,99.00,74,42,116,0.6379310344827587,0.3620689655172414,Yes,0.6379310344827587
38010,38010,99.00,2,6,8,0.25,0.75,No,0.75
38011,38011,99.00,120,93,213,0.5633802816901409,0.43661971830985913,Yes,0.5633802816901409
38012,38012,99.00,1,1,2,0.5,0.5,Tie,0.5
38013,38013,99.00,4,2,6,0.6666666666666666,0.3333333333333333,Yes,0.6666666666666666
38014,38014,99.00,134,99,233,0.575107296137339,0.4248927038626609,Yes,0.575107296137339
38015,38015,99.00,4,2,6,0.6666666666666666,0.3333333333333333,Yes,0.6666666666666666
38016,38016,99.00,78,84,162,0.48148148148148145,0.5185185185185185,No,0.5185185185185185
38017,38017,99.00,71,82,153,0.46405228758169936,0.5359477124183006,No,0.5359477124183006
38018,38018,99.00,63,70,133,0.47368421052631576,0.5263157894736842,No,0.5263157894736842
38019,38019,99.00,4,5,9,0.4444444444444444,0.5555555555555556,No,0.5555555555555556
38020,38020,99.00,3,1,4,0.75,0.25,Yes,0.75
38021,38021,60.00,0,0,0,0,0,n/a,0
38022,38022,99.00,132,103,235,0.5617021276595745,0.43829787234042555,Yes,0.5617021276595745
38023,38023,60.00,130,60,190,0.6842105263157895,0.3157894736842105,Yes,0.6842105263157895
38024,38024,60.00,93,19,112,0.8303571428571429,0.16964285714285715,Yes,0.8303571428571429
38025,38025,60.00,1,0,1,1.0,0.0,Yes,1.0
38026,38026,99.00,82,37,119,0.6890756302521008,0.31092436974789917,Yes,0.6890756302521008
38027,38027,99.00,112,24,136,0.8235294117647058,0.17647058823529413,Yes,0.8235294117647058
38028,38028,99.00,99,97,196,0.5051020408163265,0.49489795918367346,Yes,0.5051020408163265
38029,38029,99.00,0,1,1,0.0,1.0,No,1.0
38030,38030,99.00,59,14,73,0.8082191780821918,0.1917808219178082,Yes,0.8082191780821918
38031,38031,99.00,88,49,137,0.6423357664233577,0.35766423357664234,Yes,0.6423357664233577
38032,38032,99.00,115,35,150,0.7666666666666667,0.23333333333333334,Yes,0.7666666666666667
38033,38033,99.00,86,36,122,0.7049180327868853,0.29508196721311475,Yes,0.7049180327868853
38034,38034,0.00,1,0,1,1.0,0.0,Yes,1.0
38035,38035,99.00,0,0,0,0,0,n/a,0
38036,38036,99.00,3,0,3,1.0,0.0,Yes,1.0
38037,38037,99.00,85,28,113,0.7522123893805309,0.24778761061946902,Yes,0.7522123893805309
38038,38038,99.00,56,26,82,0.6829268292682927,0.3170731707317073,Yes,0.6829268292682927
38039,38039,99.00,5,1,6,0.8333333333333334,0.16666666666666666,Yes,0.8333333333333334
38040,38040,99.00,53,16,69,0.7681159420289855,0.2318840579710145,Yes,0.7681159420289855
38041,38041,99.00,88,22,110,0.8,0.2,Yes,0.8
38042,38042,99.00,67,25,92,0.7282608695652174,0.2717391304347826,Yes,0.7282608695652174
38043,38043,99.00,63,34,97,0.6494845360824743,0.35051546391752575,Yes,0.6494845360824743
38044,38044,99.00,4,1,5,0.8,0.2,Yes,0.8
38045,38045,99.00,1,1,2,0.5,0.5,Tie,0.5
38046,38046,99.00,2,4,6,0.3333333333333333,0.6666666666666666,No,0.6666666666666666
38047,38047,99.00,134,45,179,0.7486033519553073,0.25139664804469275,Yes,0.7486033519553073
38048,38048,0.00,1,0,1,1.0,0.0,Yes,1.0
38049,38049,0.00,4,0,4,1.0,0.0,Yes,1.0
38050,38050,99.00,4,0,4,1.0,0.0,Yes,1.0
38051,38051,60.00,132,54,186,0.7096774193548387,0.2903225806451613,Yes,0.7096774193548387
38052,38052,60.00,1,0,1,1.0,0.0,Yes,1.0
38053,38053,60.00,0,0,0,0,0,n/a,0
38054,38054,60.00,79,42,121,0.6528925619834711,0.34710743801652894,Yes,0.6528925619834711
38055,38055,99.00,71,42,113,0.6283185840707964,0.37168141592920356,Yes,0.6283185840707964
38056,38056,99.00,97,30,127,0.7637795275590551,0.23622047244094488,Yes,0.7637795275590551
38057,38057,99.00,92,34,126,0.7301587301587301,0.2698412698412698,Yes,0.7301587301587301
38058,38058,99.00,86,42,128,0.671875,0.328125,Yes,0.671875
38059,38059,0.00,5,1,6,0.8333333333333334,0.16666666666666666,Yes,0.8333333333333334
38060,38060,60.00,0,0,0,0,0,n/a,0
38061,38061,99.00,0,0,0,0,0,n/a,0
38062,38062,99.00,128,12,140,0.9142857142857143,0.08571428571428572,Yes,0.9142857142857143
38063,38063,99.00,60,23,83,0.7228915662650602,0.27710843373493976,Yes,0.7228915662650602
38064,38064,99.00,83,21,104,0.7980769230769231,0.20192307692307693,Yes,0.7980769230769231
38065,38065,99.00,2,0,2,1.0,0.0,Yes,1.0
38066,38066,99.00,1,3,4,0.25,0.75,No,0.75
38067,38067,99.00,2,1,3,0.6666666666666666,0.3333333333333333,Yes,0.6666666666666666
38068,38068,99.00,1,0,1,1.0,0.0,Yes,1.0
38069,38069,99.00,3,3,6,0.5,0.5,Tie,0.5
38070,38070,99.00,52,23,75,0.6933333333333334,0.30666666666666664,Yes,0.6933333333333334
38071,38071,0.00,2,0,2,1.0,0.0,Yes,1.0
39001,39001,99.00,109,36,145,0.7517241379310344,0.2482758620689655,Yes,0.7517241379310344
39002,39002,99.00,91,21,112,0.8125,0.1875,Yes,0.8125
39003,39003,99.00,110,38,148,0.7432432432432432,0.25675675675675674,Yes,0.7432432432432432
39004,39004,99.00,86,8,94,0.9148936170212766,0.0851063829787234,Yes,0.9148936170212766
39005,39005,99.00,84,35,119,0.7058823529411765,0.29411764705882354,Yes,0.7058823529411765
39006,39006,99.00,2,0,2,1.0,0.0,Yes,1.0
39007,39007,99.00,152,34,186,0.8172043010752689,0.1827956989247312,Yes,0.8172043010752689
39008,39008,99.00,0,0,0,0,0,n/a,0
39009,39009,99.00,86,11,97,0.8865979381443299,0.1134020618556701,Yes,0.8865979381443299
39010,39010,99.00,111,32,143,0.7762237762237763,0.22377622377622378,Yes,0.7762237762237763
39011,39011,99.00,49,22,71,0.6901408450704225,0.30985915492957744,Yes,0.6901408450704225
39012,39012,99.00,52,15,67,0.7761194029850746,0.22388059701492538,Yes,0.7761194029850746
39013,39013,99.00,85,13,98,0.8673469387755102,0.1326530612244898,Yes,0.8673469387755102
39014,39014,99.00,50,12,62,0.8064516129032258,0.1935483870967742,Yes,0.8064516129032258
39015,39015,20.00,26,5,31,0.8387096774193549,0.16129032258064516,Yes,0.8387096774193549
39016,39016,20.00,18,3,21,0.8571428571428571,0.14285714285714285,Yes,0.8571428571428571
39017,39017,20.00,17,5,22,0.7727272727272727,0.22727272727272727,Yes,0.7727272727272727
39018,39018,99.00,140,29,169,0.8284023668639053,0.17159763313609466,Yes,0.8284023668639053
39019,39019,99.00,270,49,319,0.8463949843260188,0.1536050156739812,Yes,0.8463949843260188
39020,39020,99.00,0,0,0,0,0,n/a,0
39021,39021,99.00,0,0,0,0,0,n/a,0
39022,39022,99.00,1,1,2,0.5,0.5,Tie,0.5
39023,39023,20.00,22,5,27,0.8148148148148148,0.18518518518518517,Yes,0.8148148148148148
39024,39024,99.00,55,26,81,0.6790123456790124,0.32098765432098764,Yes,0.6790123456790124
39025,39025,99.00,55,25,80,0.6875,0.3125,Yes,0.6875
39026,39026,20.00,2,0,2,1.0,0.0,Yes,1.0
39027,39027,20.00,2,1,3,0.6666666666666666,0.3333333333333333,Yes,0.6666666666666666
39028,39028,20.00,0,0,0,0,0,n/a,0
39029,39029,99.00,60,14,74,0.8108108108108109,0.1891891891891892,Yes,0.8108108108108109
39030,39030,99.00,105,36,141,0.7446808510638298,0.2553191489361702,Yes,0.7446808510638298
39031,39031,99.00,85,35,120,0.7083333333333334,0.2916666666666667,Yes,0.7083333333333334
39032,39032,99.00,0,0,0,0,0,n/a,0
39033,39033,99.00,4,1,5,0.8,0.2,Yes,0.8
39034,39034,99.00,68,15,83,0.8192771084337349,0.18072289156626506,Yes,0.8192771084337349
39035,39035,99.00,0,1,1,0.0,1.0,No,1.0
39036,39036,99.00,0,0,0,0,0,n/a,0
39037,39037,99.00,88,17,105,0.8380952380952381,0.1619047619047619,Yes,0.8380952380952381
39038,39038,99.00,3,0,3,1.0,0.0,Yes,1.0
39039,39039,99.00,0,0,0,0,0,n/a,0
39040,39040,99.00,0,0,0,0,0,n/a,0
39041,39041,99.00,3,0,3,1.0,0.0,Yes,1.0
39042,39042,99.00,0,0,0,0,0,n/a,0
39043,39043,99.00,149,28,177,0.8418079096045198,0.15819209039548024,Yes,0.8418079096045198
39044,39044,99.00,7,0,7,1.0,0.0,Yes,1.0
39045,39045,99.00,411,79,490,0.8387755102040816,0.16122448979591836,Yes,0.8387755102040816
39046,39046,99.00,7,0,7,1.0,0.0,Yes,1.0
39047,39047,99.00,205,43,248,0.8266129032258065,0.17338709677419356,Yes,0.8266129032258065
39048,39048,99.00,124,18,142,0.8732394366197183,0.1267605633802817,Yes,0.8732394366197183
39049,39049,99.00,90,18,108,0.8333333333333334,0.16666666666666666,Yes,0.8333333333333334
39050,39050,99.00,1,0,1,1.0,0.0,Yes,1.0
39051,39051,99.00,210,32,242,0.8677685950413223,0.1322314049586777,Yes,0.8677685950413223
39052,39052,99.00,0,0,0,0,0,n/a,0
39053,39053,99.00,1,0,1,1.0,0.0,Yes,1.0
39054,39054,99.00,2,0,2,1.0,0.0,Yes,1.0
39055,39055,99.00,3,0,3,1.0,0.0,Yes,1.0
39056,39056,99.00,210,27,237,0.8860759493670886,0.11392405063291139,Yes,0.8860759493670886
40001,40001,99.00,6,3,9,0.6666666666666666,0.3333333333333333,Yes,0.6666666666666666
40002,40002,99.00,101,125,226,0.4469026548672566,0.5530973451327433,No,0.5530973451327433
40003,40003,99.00,5,1,6,0.8333333333333334,0.16666666666666666,Yes,0.8333333333333334
40004,40004,99.00,135,165,300,0.45,0.55,No,0.55
40005,40005,99.00,107,147,254,0.421259842519685,0.5787401574803149,No,0.5787401574803149
40006,40006,99.00,61,134,195,0.3128205128205128,0.6871794871794872,No,0.6871794871794872
40007,40007,99.00,8,2,10,0.8,0.2,Yes,0.8
40008,40008,99.00,3,5,8,0.375,0.625,No,0.625
40009,40009,99.00,125,125,250,0.5,0.5,Tie,0.5
40010,40010,99.00,0,0,0,0,0,n/a,0
40011,40011,99.00,2,0,2,1.0,0.0,Yes,1.0
40012,40012,99.00,0,2,2,0.0,1.0,No,1.0
40013,40013,99.00,138,107,245,0.563265306122449,0.43673469387755104,Yes,0.563265306122449
40014,40014,99.00,2,1,3,0.6666666666666666,0.3333333333333333,Yes,0.6666666666666666
40015,40015,99.00,126,77,203,0.6206896551724138,0.3793103448275862,Yes,0.6206896551724138
40016,40016,99.00,154,76,230,0.6695652173913044,0.33043478260869563,Yes,0.6695652173913044
40017,40017,99.00,4,3,7,0.5714285714285714,0.42857142857142855,Yes,0.5714285714285714
40018,40018,99.00,1,0,1,1.0,0.0,Yes,1.0
40019,40019,99.00,75,20,95,0.7894736842105263,0.21052631578947367,Yes,0.7894736842105263
40020,40020,99.00,111,32,143,0.7762237762237763,0.22377622377622378,Yes,0.7762237762237763
40021,40021,99.00,77,31,108,0.7129629629629629,0.28703703703703703,Yes,0.7129629629629629
40022,40022,99.00,114,38,152,0.75,0.25,Yes,0.75
40023,40023,99.00,108,51,159,0.6792452830188679,0.32075471698113206,Yes,0.6792452830188679
40024,40024,99.00,4,0,4,1.0,0.0,Yes,1.0
40025,40025,99.00,74,19,93,0.7956989247311828,0.20430107526881722,Yes,0.7956989247311828
40026,40026,99.00,112,50,162,0.691358024691358,0.30864197530864196,Yes,0.691358024691358
40027,40027,99.00,118,35,153,0.7712418300653595,0.22875816993464052,Yes,0.7712418300653595
40028,40028,99.00,3,1,4,0.75,0.25,Yes,0.75
40029,40029,99.00,3,2,5,0.6,0.4,Yes,0.6
40030,40030,99.00,106,64,170,0.6235294117647059,0.3764705882352941,Yes,0.6235294117647059
40031,40031,99.00,100,46,146,0.684931506849315,0.3150684931506849,Yes,0.684931506849315
40032,40032,99.00,94,41,135,0.6962962962962963,0.3037037037037037,Yes,0.6962962962962963
40033,40033,99.00,10,4,14,0.7142857142857143,0.2857142857142857,Yes,0.7142857142857143
40034,40034,99.00,114,43,157,0.7261146496815286,0.27388535031847133,Yes,0.7261146496815286
40035,40035,99.00,80,16,96,0.8333333333333334,0.16666666666666666,Yes,0.8333333333333334
40036,40036,99.00,110,45,155,0.7096774193548387,0.2903225806451613,Yes,0.7096774193548387
40037,40037,99.00,87,28,115,0.7565217391304347,0.24347826086956523,Yes,0.7565217391304347
40038,40038,99.00,4,2,6,0.6666666666666666,0.3333333333333333,Yes,0.6666666666666666
40039,40039,99.00,97,34,131,0.7404580152671756,0.2595419847328244,Yes,0.7404580152671756
40040,40040,99.00,110,18,128,0.859375,0.140625,Yes,0.859375
40041,40041,99.00,1,1,2,0.5,0.5,Tie,0.5
40042,40042,99.00,4,1,5,0.8,0.2,Yes,0.8
40043,40043,99.00,49,22,71,0.6901408450704225,0.30985915492957744,Yes,0.6901408450704225
40044,40044,99.00,4,3,7,0.5714285714285714,0.42857142857142855,Yes,0.5714285714285714
40045,40045,99.00,49,15,64,0.765625,0.234375,Yes,0.765625
40046,40046,99.00,48,15,63,0.7619047619047619,0.23809523809523808,Yes,0.7619047619047619
40047,40047,99.00,6,1,7,0.8571428571428571,0.14285714285714285,Yes,0.8571428571428571
40048,40048,99.00,152,87,239,0.6359832635983264,0.36401673640167365,Yes,0.6359832635983264
40049,40049,99.00,1,1,2,0.5,0.5,Tie,0.5
40050,40050,99.00,123,23,146,0.8424657534246576,0.15753424657534246,Yes,0.8424657534246576
40051,40051,99.00,84,31,115,0.7304347826086957,0.26956521739130435,Yes,0.7304347826086957
40052,40052,99.00,1,0,1,1.0,0.0,Yes,1.0
40053,40053,99.00,2,1,3,0.6666666666666666,0.3333333333333333,Yes,0.6666666666666666
40054,40054,99.00,0,0,0,0,0,n/a,0
40055,40055,99.00,0,0,0,0,0,n/a,0
40056,40056,99.00,6,0,6,1.0,0.0,Yes,1.0
40057,40057,99.00,83,37,120,0.6916666666666667,0.30833333333333335,Yes,0.6916666666666667
40058,40058,99.00,6,1,7,0.8571428571428571,0.14285714285714285,Yes,0.8571428571428571
40059,40059,99.00,2,0,2,1.0,0.0,Yes,1.0
40060,40060,99.00,58,23,81,0.7160493827160493,0.2839506172839506,Yes,0.7160493827160493
61001,61001,99.00,163,52,215,0.7581395348837209,0.24186046511627907,Yes,0.7581395348837209
61002,61002,99.00,193,47,240,0.8041666666666667,0.19583333333333333,Yes,0.8041666666666667
61003,61003,99.00,225,71,296,0.7601351351351351,0.23986486486486486,Yes,0.7601351351351351
61004,61004,99.00,220,69,289,0.7612456747404844,0.23875432525951557,Yes,0.7612456747404844
61005,61005,99.00,10,0,10,1.0,0.0,Yes,1.0
61006,61006,99.00,90,60,150,0.6,0.4,Yes,0.6
61007,61007,99.00,96,12,108,0.8888888888888888,0.1111111111111111,Yes,0.8888888888888888
61008,61008,99.00,163,24,187,0.8716577540106952,0.12834224598930483,Yes,0.8716577540106952
61009,61009,99.00,309,152,461,0.6702819956616052,0.3297180043383948,Yes,0.6702819956616052
61010,61010,99.00,124,49,173,0.7167630057803468,0.2832369942196532,Yes,0.7167630057803468
61011,61011,99.00,8,4,12,0.6666666666666666,0.3333333333333333,Yes,0.6666666666666666
61012,61012,99.00,195,200,395,0.4936708860759494,0.5063291139240507,No,0.5063291139240507
61013,61013,99.00,118,63,181,0.6519337016574586,0.34806629834254144,Yes,0.6519337016574586
61014,61014,99.00,103,121,224,0.45982142857142855,0.5401785714285714,No,0.5401785714285714
61015,61015,99.00,82,79,161,0.5093167701863354,0.4906832298136646,Yes,0.5093167701863354
61016,61016,99.00,97,25,122,0.7950819672131147,0.20491803278688525,Yes,0.7950819672131147
61017,61017,75.00,101,32,133,0.7593984962406015,0.24060150375939848,Yes,0.7593984962406015
61018,61018,99.00,132,250,382,0.34554973821989526,0.6544502617801047,No,0.6544502617801047
61019,61019,75.00,110,86,196,0.5612244897959183,0.4387755102040816,Yes,0.5612244897959183
61020,61020,75.00,91,91,182,0.5,0.5,Tie,0.5
61021,61021,99.00,123,34,157,0.7834394904458599,0.21656050955414013,Yes,0.7834394904458599
61022,61022,99.00,107,56,163,0.656441717791411,0.34355828220858897,Yes,0.656441717791411
61023,61023,99.00,81,59,140,0.5785714285714286,0.42142857142857143,Yes,0.5785714285714286
61024,61024,99.00,72,108,180,0.4,0.6,No,0.6
61025,61025,99.00,88,70,158,0.5569620253164557,0.4430379746835443,Yes,0.5569620253164557
61026,61026,50.00,94,42,136,0.6911764705882353,0.3088235294117647,Yes,0.6911764705882353
61027,61027,50.00,94,42,136,0.6911764705882353,0.3088235294117647,Yes,0.6911764705882353
61028,61028,99.00,137,95,232,0.5905172413793104,0.40948275862068967,Yes,0.5905172413793104
61029,61029,99.00,14,4,18,0.7777777777777778,0.2222222222222222,Yes,0.7777777777777778
61030,61030,99.00,86,79,165,0.5212121212121212,0.47878787878787876,Yes,0.5212121212121212
61031,61031,50.00,85,37,122,0.6967213114754098,0.30327868852459017,Yes,0.6967213114754098
61032,61032,50.00,82,22,104,0.7884615384615384,0.21153846153846154,Yes,0.7884615384615384
61033,61033,62.50,110,28,138,0.7971014492753623,0.2028985507246377,Yes,0.7971014492753623
61034,61034,99.00,122,333,455,0.2681318681318681,0.7318681318681318,No,0.7318681318681318
61035,61035,99.00,94,217,311,0.3022508038585209,0.6977491961414791,No,0.6977491961414791
61036,61036,99.00,8,5,13,0.6153846153846154,0.38461538461538464,Yes,0.6153846153846154
61037,61037,57.14,201,226,427,0.4707259953161593,0.5292740046838408,No,0.5292740046838408
61038,61038,57.14,111,206,317,0.3501577287066246,0.6498422712933754,No,0.6498422712933754
61039,61039,57.14,23,24,47,0.48936170212765956,0.5106382978723404,No,0.5106382978723404
61040,61040,57.14,149,280,429,0.3473193473193473,0.6526806526806527,No,0.6526806526806527
61041,61041,99.00,4,4,8,0.5,0.5,Tie,0.5
61042,61042,99.00,114,221,335,0.3402985074626866,0.6597014925373135,No,0.6597014925373135
61043,61043,99.00,118,326,444,0.26576576576576577,0.7342342342342343,No,0.7342342342342343
61044,61044,99.00,120,308,428,0.2803738317757009,0.719626168224299,No,0.719626168224299
61045,61045,99.00,1,4,5,0.2,0.8,No,0.8
61046,61046,99.00,2,1,3,0.6666666666666666,0.3333333333333333,Yes,0.6666666666666666
61047,61047,99.00,2,0,2,1.0,0.0,Yes,1.0
61048,61048,99.00,95,337,432,0.2199074074074074,0.7800925925925926,No,0.7800925925925926
61049,61049,99.00,160,52,212,0.7547169811320755,0.24528301886792453,Yes,0.7547169811320755
61050,61050,99.00,149,42,191,0.7801047120418848,0.2198952879581152,Yes,0.7801047120418848
61051,61051,99.00,20,8,28,0.7142857142857143,0.2857142857142857,Yes,0.7142857142857143
61052,61052,99.00,125,72,197,0.6345177664974619,0.36548223350253806,Yes,0.6345177664974619
61053,61053,99.00,98,20,118,0.8305084745762712,0.1694915254237288,Yes,0.8305084745762712
61054,61054,99.00,66,20,86,0.7674418604651163,0.23255813953488372,Yes,0.7674418604651163
61055,61055,99.00,114,19,133,0.8571428571428571,0.14285714285714285,Yes,0.8571428571428571
61056,61056,99.00,91,25,116,0.7844827586206896,0.21551724137931033,Yes,0.7844827586206896
61057,61057,99.00,107,72,179,0.5977653631284916,0.4022346368715084,Yes,0.5977653631284916
61058,61058,62.50,157,22,179,0.8770949720670391,0.12290502793296089,Yes,0.8770949720670391
61059,61059,62.50,9,0,9,1.0,0.0,Yes,1.0
61060,61060,62.50,91,43,134,0.6791044776119403,0.3208955223880597,Yes,0.6791044776119403
61061,61061,62.50,88,13,101,0.8712871287128713,0.12871287128712872,Yes,0.8712871287128713
61062,61062,99.00,65,102,167,0.38922155688622756,0.6107784431137725,No,0.6107784431137725
61063,61063,99.00,20,25,45,0.4444444444444444,0.5555555555555556,No,0.5555555555555556
61064,61064,99.00,8,1,9,0.8888888888888888,0.1111111111111111,Yes,0.8888888888888888
61065,61065,99.00,124,36,160,0.775,0.225,Yes,0.775
61066,61066,99.00,124,70,194,0.6391752577319587,0.36082474226804123,Yes,0.6391752577319587
61067,61067,99.00,99,47,146,0.678082191780822,0.3219178082191781,Yes,0.678082191780822
61068,61068,99.00,97,39,136,0.7132352941176471,0.2867647058823529,Yes,0.7132352941176471
61069,61069,99.00,80,25,105,0.7619047619047619,0.23809523809523808,Yes,0.7619047619047619
61070,61070,99.00,89,9,98,0.9081632653061225,0.09183673469387756,Yes,0.9081632653061225
61071,61071,99.00,5,4,9,0.5555555555555556,0.4444444444444444,Yes,0.5555555555555556
61072,61072,57.14,18,16,34,0.5294117647058824,0.47058823529411764,Yes,0.5294117647058824
61073,61073,62.50,85,22,107,0.794392523364486,0.205607476635514,Yes,0.794392523364486
61074,61074,99.00,7,1,8,0.875,0.125,Yes,0.875
61075,61075,99.00,71,42,113,0.6283185840707964,0.37168141592920356,Yes,0.6283185840707964
61076,61076,99.00,110,78,188,0.5851063829787234,0.4148936170212766,Yes,0.5851063829787234
61077,61077,99.00,8,3,11,0.7272727272727273,0.2727272727272727,Yes,0.7272727272727273
61078,61078,99.00,6,2,8,0.75,0.25,Yes,0.75
61079,61079,99.00,0,0,0,0,0,n/a,0
62001,62001,99.00,40,164,204,0.19607843137254902,0.803921568627451,No,0.803921568627451
62002,62002,99.00,53,238,291,0.18213058419243985,0.8178694158075601,No,0.8178694158075601
62003,62003,57.14,53,214,267,0.19850187265917604,0.8014981273408239,No,0.8014981273408239
62004,62004,99.00,42,177,219,0.1917808219178082,0.8082191780821918,No,0.8082191780821918
62005,62005,57.14,26,151,177,0.14689265536723164,0.8531073446327684,No,0.8531073446327684
62006,62006,99.00,51,155,206,0.24757281553398058,0.7524271844660194,No,0.7524271844660194
62007,62007,57.14,31,191,222,0.13963963963963963,0.8603603603603603,No,0.8603603603603603
62008,62008,0.00,4,12,16,0.25,0.75,No,0.75
62009,62009,50.00,12,31,43,0.27906976744186046,0.7209302325581395,No,0.7209302325581395
62010,62010,57.14,6,22,28,0.21428571428571427,0.7857142857142857,No,0.7857142857142857
62011,62011,0.00,7,9,16,0.4375,0.5625,No,0.5625
62012,62012,99.00,48,199,247,0.19433198380566802,0.805668016194332,No,0.805668016194332
62013,62013,99.00,79,209,288,0.2743055555555556,0.7256944444444444,No,0.7256944444444444
62014,62014,99.00,0,4,4,0.0,1.0,No,1.0
62015,62015,99.00,68,234,302,0.2251655629139073,0.7748344370860927,No,0.7748344370860927
62016,62016,99.00,75,219,294,0.25510204081632654,0.7448979591836735,No,0.7448979591836735
62017,62017,99.00,3,4,7,0.42857142857142855,0.5714285714285714,No,0.5714285714285714
62018,62018,99.00,2,2,4,0.5,0.5,Tie,0.5
62019,62019,99.00,3,5,8,0.375,0.625,No,0.625
62020,62020,66.67,57,265,322,0.17701863354037267,0.8229813664596274,No,0.8229813664596274
62021,62021,66.67,64,214,278,0.2302158273381295,0.7697841726618705,No,0.7697841726618705
62022,62022,66.67,51,297,348,0.14655172413793102,0.853448275862069,No,0.853448275862069
62023,62023,66.67,4,21,25,0.16,0.84,No,0.84
62024,62024,66.67,4,18,22,0.18181818181818182,0.8181818181818182,No,0.8181818181818182
62025,62025,66.67,8,23,31,0.25806451612903225,0.7419354838709677,No,0.7419354838709677
62026,62026,99.00,66,110,176,0.375,0.625,No,0.625
62027,62027,99.00,35,188,223,0.15695067264573992,0.8430493273542601,No,0.8430493273542601
62028,62028,99.00,28,145,173,0.16184971098265896,0.838150289017341,No,0.838150289017341
62029,62029,0.00,6,0,6,1.0,0.0,Yes,1.0
62030,62030,0.00,5,10,15,0.3333333333333333,0.6666666666666666,No,0.6666666666666666
62031,62031,0.00,10,20,30,0.3333333333333333,0.6666666666666666,No,0.6666666666666666
62032,62032,99.00,30,152,182,0.16483516483516483,0.8351648351648352,No,0.8351648351648352
62033,62033,99.00,44,131,175,0.25142857142857145,0.7485714285714286,No,0.7485714285714286
62034,62034,99.00,34,154,188,0.18085106382978725,0.8191489361702128,No,0.8191489361702128
62035,62035,99.00,78,286,364,0.21428571428571427,0.7857142857142857,No,0.7857142857142857
62036,62036,99.00,4,14,18,0.2222222222222222,0.7777777777777778,No,0.7777777777777778
62037,62037,99.00,40,204,244,0.16393442622950818,0.8360655737704918,No,0.8360655737704918
62038,62038,99.00,65,203,268,0.24253731343283583,0.7574626865671642,No,0.7574626865671642
62039,62039,99.00,38,213,251,0.15139442231075698,0.848605577689243,No,0.848605577689243
62040,62040,99.00,31,167,198,0.15656565656565657,0.8434343434343434,No,0.8434343434343434
62041,62041,99.00,46,165,211,0.21800947867298578,0.7819905213270142,No,0.7819905213270142
62042,62042,99.00,65,158,223,0.2914798206278027,0.7085201793721974,No,0.7085201793721974
62043,62043,99.00,43,177,220,0.19545454545454546,0.8045454545454546,No,0.8045454545454546
62044,62044,99.00,71,250,321,0.22118380062305296,0.778816199376947,No,0.778816199376947
62045,62045,99.00,2,8,10,0.2,0.8,No,0.8
62046,62046,99.00,38,172,210,0.18095238095238095,0.819047619047619,No,0.819047619047619
62047,62047,99.00,61,273,334,0.18263473053892215,0.8173652694610778,No,0.8173652694610778
62048,62048,99.00,43,121,164,0.2621951219512195,0.7378048780487805,No,0.7378048780487805
62049,62049,99.00,68,169,237,0.2869198312236287,0.7130801687763713,No,0.7130801687763713
62050,62050,99.00,51,204,255,0.2,0.8,No,0.8
62051,62051,99.00,50,135,185,0.2702702702702703,0.7297297297297297,No,0.7297297297297297
62052,62052,99.00,46,175,221,0.2081447963800905,0.7918552036199095,No,0.7918552036199095
62053,62053,99.00,44,173,217,0.20276497695852536,0.7972350230414746,No,0.7972350230414746
62054,62054,99.00,42,133,175,0.24,0.76,No,0.76
62055,62055,99.00,41,173,214,0.19158878504672897,0.8084112149532711,No,0.8084112149532711
62056,62056,99.00,48,130,178,0.2696629213483146,0.7303370786516854,No,0.7303370786516854
62057,62057,99.00,24,163,187,0.12834224598930483,0.8716577540106952,No,0.8716577540106952
62058,62058,99.00,44,156,200,0.22,0.78,No,0.78
62059,62059,99.00,39,122,161,0.2422360248447205,0.7577639751552795,No,0.7577639751552795
62060,62060,99.00,65,162,227,0.28634361233480177,0.7136563876651982,No,0.7136563876651982
62061,62061,99.00,65,175,240,0.2708333333333333,0.7291666666666666,No,0.7291666666666666
62062,62062,99.00,42,159,201,0.208955223880597,0.7910447761194029,No,0.7910447761194029
62063,62063,99.00,90,243,333,0.2702702702702703,0.7297297297297297,No,0.7297297297297297
62064,62064,99.00,34,79,113,0.3008849557522124,0.6991150442477876,No,0.6991150442477876
62065,62065,99.00,42,211,253,0.16600790513833993,0.83399209486166,No,0.83399209486166
62066,62066,99.00,80,299,379,0.21108179419525067,0.7889182058047494,No,0.7889182058047494
62067,62067,99.00,89,289,378,0.23544973544973544,0.7645502645502645,No,0.7645502645502645
62068,62068,99.00,93,267,360,0.25833333333333336,0.7416666666666667,No,0.7416666666666667
62069,62069,99.00,8,18,26,0.3076923076923077,0.6923076923076923,No,0.6923076923076923
62070,62070,99.00,24,74,98,0.24489795918367346,0.7551020408163265,No,0.7551020408163265
62071,62071,99.00,7,12,19,0.3684210526315789,0.631578947368421,No,0.631578947368421
62072,62072,99.00,47,101,148,0.31756756756756754,0.6824324324324325,No,0.6824324324324325
62073,62073,99.00,6,10,16,0.375,0.625,No,0.625
62074,62074,99.00,36,221,257,0.14007782101167315,0.8599221789883269,No,0.8599221789883269
62075,62075,66.67,44,118,162,0.2716049382716049,0.7283950617283951,No,0.7283950617283951
62076,62076,57.14,37,150,187,0.19786096256684493,0.8021390374331551,No,0.8021390374331551
62077,62077,99.00,26,180,206,0.1262135922330097,0.8737864077669902,No,0.8737864077669902
62078,62078,0.00,2,6,8,0.25,0.75,No,0.75
62079,62079,99.00,50,220,270,0.18518518518518517,0.8148148148148148,No,0.8148148148148148
62080,62080,99.00,39,105,144,0.2708333333333333,0.7291666666666666,No,0.7291666666666666
62081,62081,99.00,28,130,158,0.17721518987341772,0.8227848101265823,No,0.8227848101265823
62082,62082,99.00,7,13,20,0.35,0.65,No,0.65
62083,62083,66.67,33,130,163,0.20245398773006135,0.7975460122699386,No,0.7975460122699386
62084,62084,99.00,43,171,214,0.20093457943925233,0.7990654205607477,No,0.7990654205607477
62085,62085,99.00,1,6,7,0.14285714285714285,0.8571428571428571,No,0.8571428571428571
62086,62086,99.00,0,2,2,0.0,1.0,No,1.0
62087,62087,99.00,0,0,0,0,0,n/a,0
62088,62088,99.00,0,0,0,0,0,n/a,0
63001,63001,99.00,97,227,324,0.2993827160493827,0.7006172839506173,No,0.7006172839506173
63002,63002,99.00,71,96,167,0.4251497005988024,0.5748502994011976,No,0.5748502994011976
63003,63003,99.00,5,7,12,0.4166666666666667,0.5833333333333334,No,0.5833333333333334
63004,63004,99.00,38,114,152,0.25,0.75,No,0.75
63005,63005,99.00,66,224,290,0.22758620689655173,0.7724137931034483,No,0.7724137931034483
63006,63006,99.00,4,9,13,0.3076923076923077,0.6923076923076923,No,0.6923076923076923
63007,63007,0.00,1,3,4,0.25,0.75,No,0.75
63008,63008,99.00,49,96,145,0.33793103448275863,0.6620689655172414,No,0.6620689655172414
63009,63009,99.00,5,8,13,0.38461538461538464,0.6153846153846154,No,0.6153846153846154
63010,63010,99.00,98,81,179,0.547486033519553,0.45251396648044695,Yes,0.547486033519553
63011,63011,99.00,95,157,252,0.376984126984127,0.623015873015873,No,0.623015873015873
63012,63012,99.00,3,1,4,0.75,0.25,Yes,0.75
63013,63013,99.00,68,106,174,0.39080459770114945,0.6091954022988506,No,0.6091954022988506
63014,63014,99.00,54,60,114,0.47368421052631576,0.5263157894736842,No,0.5263157894736842
63015,63015,99.00,51,103,154,0.33116883116883117,0.6688311688311688,No,0.6688311688311688
63016,63016,99.00,82,146,228,0.35964912280701755,0.6403508771929824,No,0.6403508771929824
63017,63017,99.00,1,0,1,1.0,0.0,Yes,1.0
63018,63018,99.00,80,260,340,0.23529411764705882,0.7647058823529411,No,0.7647058823529411
63019,63019,99.00,2,3,5,0.4,0.6,No,0.6
63020,63020,99.00,36,100,136,0.2647058823529412,0.7352941176470589,No,0.7352941176470589
63021,63021,99.00,34,70,104,0.3269230769230769,0.6730769230769231,No,0.6730769230769231
63022,63022,99.00,53,97,150,0.35333333333333333,0.6466666666666666,No,0.6466666666666666
63023,63023,99.00,41,84,125,0.328,0.672,No,0.672
63024,63024,99.00,93,171,264,0.3522727272727273,0.6477272727272727,No,0.6477272727272727
63025,63025,99.00,1,6,7,0.14285714285714285,0.8571428571428571,No,0.8571428571428571
63026,63026,99.00,51,142,193,0.26424870466321243,0.7357512953367875,No,0.7357512953367875
63027,63027,99.00,67,176,243,0.2757201646090535,0.7242798353909465,No,0.7242798353909465
63028,63028,99.00,1,4,5,0.2,0.8,No,0.8
63029,63029,99.00,94,224,318,0.29559748427672955,0.7044025157232704,No,0.7044025157232704
63030,63030,99.00,50,88,138,0.36231884057971014,0.6376811594202898,No,0.6376811594202898
63031,63031,99.00,102,97,199,0.5125628140703518,0.48743718592964824,Yes,0.5125628140703518
63032,63032,99.00,52,97,149,0.348993288590604,0.6510067114093959,No,0.6510067114093959
63033,63033,99.00,71,159,230,0.30869565217391304,0.691304347826087,No,0.691304347826087
63034,63034,99.00,42,132,174,0.2413793103448276,0.7586206896551724,No,0.7586206896551724
63035,63035,99.00,66,185,251,0.26294820717131473,0.7370517928286853,No,0.7370517928286853
63036,63036,99.00,93,166,259,0.3590733590733591,0.640926640926641,No,0.640926640926641
63037,63037,99.00,128,68,196,0.6530612244897959,0.3469387755102041,Yes,0.6530612244897959
63038,63038,99.00,109,57,166,0.6566265060240963,0.3433734939759036,Yes,0.6566265060240963
63039,63039,99.00,58,34,92,0.6304347826086957,0.3695652173913043,Yes,0.6304347826086957
63040,63040,99.00,2,2,4,0.5,0.5,Tie,0.5
63041,63041,50.00,65,9,74,0.8783783783783784,0.12162162162162163,Yes,0.8783783783783784
63042,63042,99.00,73,12,85,0.8588235294117647,0.1411764705882353,Yes,0.8588235294117647
63043,63043,99.00,104,29,133,0.7819548872180451,0.21804511278195488,Yes,0.7819548872180451
63044,63044,99.00,107,29,136,0.7867647058823529,0.21323529411764705,Yes,0.7867647058823529
63045,63045,99.00,78,19,97,0.8041237113402062,0.1958762886597938,Yes,0.8041237113402062
63046,63046,99.00,105,234,339,0.30973451327433627,0.6902654867256637,No,0.6902654867256637
63047,63047,99.00,3,5,8,0.375,0.625,No,0.625
63048,63048,99.00,36,125,161,0.2236024844720497,0.7763975155279503,No,0.7763975155279503
63049,63049,99.00,99,246,345,0.28695652173913044,0.7130434782608696,No,0.7130434782608696
63050,63050,99.00,55,102,157,0.3503184713375796,0.6496815286624203,No,0.6496815286624203
63051,63051,99.00,2,9,11,0.18181818181818182,0.8181818181818182,No,0.8181818181818182
63052,63052,99.00,89,130,219,0.4063926940639269,0.593607305936073,No,0.593607305936073
63053,63053,99.00,77,98,175,0.44,0.56,No,0.56
63054,63054,99.00,72,97,169,0.4260355029585799,0.5739644970414202,No,0.5739644970414202
63055,63055,99.00,56,90,146,0.3835616438356164,0.6164383561643836,No,0.6164383561643836
63056,63056,99.00,0,2,2,0.0,1.0,No,1.0
63057,63057,99.00,110,228,338,0.3254437869822485,0.6745562130177515,No,0.6745562130177515
63058,63058,99.00,48,121,169,0.28402366863905326,0.7159763313609467,No,0.7159763313609467
63059,63059,99.00,116,224,340,0.3411764705882353,0.6588235294117647,No,0.6588235294117647
63060,63060,99.00,3,3,6,0.5,0.5,Tie,0.5
63061,63061,57.14,95,133,228,0.4166666666666667,0.5833333333333334,No,0.5833333333333334
63062,63062,99.00,96,206,302,0.31788079470198677,0.6821192052980133,No,0.6821192052980133
63063,63063,99.00,74,208,282,0.2624113475177305,0.7375886524822695,No,0.7375886524822695
63064,63064,99.00,121,383,504,0.2400793650793651,0.7599206349206349,No,0.7599206349206349
63065,63065,99.00,80,153,233,0.34334763948497854,0.6566523605150214,No,0.6566523605150214
63066,63066,99.00,4,4,8,0.5,0.5,Tie,0.5
63067,63067,99.00,72,194,266,0.2706766917293233,0.7293233082706767,No,0.7293233082706767
63068,63068,99.00,2,0,2,1.0,0.0,Yes,1.0
63069,63069,99.00,2,8,10,0.2,0.8,No,0.8
63070,63070,99.00,1,4,5,0.2,0.8,No,0.8
63071,63071,99.00,76,14,90,0.8444444444444444,0.15555555555555556,Yes,0.8444444444444444
63072,63072,99.00,71,145,216,0.3287037037037037,0.6712962962962963,No,0.6712962962962963
63073,63073,99.00,58,107,165,0.3515151515151515,0.6484848484848484,No,0.6484848484848484
63074,63074,99.00,5,4,9,0.5555555555555556,0.4444444444444444,Yes,0.5555555555555556
63075,63075,99.00,32,21,53,0.6037735849056604,0.39622641509433965,Yes,0.6037735849056604
63076,63076,99.00,64,104,168,0.38095238095238093,0.6190476190476191,No,0.6190476190476191
63077,63077,99.00,60,58,118,0.5084745762711864,0.4915254237288136,Yes,0.5084745762711864
63078,63078,99.00,3,1,4,0.75,0.25,Yes,0.75
63079,63079,99.00,4,6,10,0.4,0.6,No,0.6
63080,63080,99.00,77,51,128,0.6015625,0.3984375,Yes,0.6015625
63081,63081,99.00,1,1,2,0.5,0.5,Tie,0.5
63082,63082,99.00,80,150,230,0.34782608695652173,0.6521739130434783,No,0.6521739130434783
63083,63083,99.00,105,126,231,0.45454545454545453,0.5454545454545454,No,0.5454545454545454
63084,63084,99.00,61,84,145,0.4206896551724138,0.5793103448275863,No,0.5793103448275863
63085,63085,0.00,4,1,5,0.8,0.2,Yes,0.8
63086,63086,99.00,0,0,0,0,0,n/a,0
63087,63087,99.00,0,0,0,0,0,n/a,0
63088,63088,99.00,0,0,0,0,0,n/a,0
63089,63089,99.00,0,0,0,0,0,n/a,0
63090,63090,99.00,0,0,0,0,0,n/a,0
