ED,Reported As,Reporting,Yes,No,Total Votes,p_Yes,p_No,winner,winner_p
65001,65001,99.00,138,30,168,0.8214285714285714,0.17857142857142858,Yes,0.8214285714285714
65002,65002,99.00,131,26,157,0.8343949044585988,0.16560509554140126,Yes,0.8343949044585988
65003,65003,75.00,176,54,230,0.7652173913043478,0.23478260869565218,Yes,0.7652173913043478
65004,65004,99.00,75,22,97,0.7731958762886598,0.2268041237113402,Yes,0.7731958762886598
65005,65005,75.00,0,0,0,0,0,n/a,0
65006,65006,99.00,237,134,371,0.6388140161725068,0.3611859838274933,Yes,0.6388140161725068
65007,65007,99.00,5,0,5,1.0,0.0,Yes,1.0
65008,65008,99.00,163,86,249,0.6546184738955824,0.3453815261044177,Yes,0.6546184738955824
65009,65009,99.00,120,40,160,0.75,0.25,Yes,0.75
65010,65010,99.00,142,20,162,0.8765432098765432,0.12345679012345678,Yes,0.8765432098765432
65011,65011,99.00,3,0,3,1.0,0.0,Yes,1.0
65012,65012,99.00,85,43,128,0.6640625,0.3359375,Yes,0.6640625
65013,65013,99.00,7,0,7,1.0,0.0,Yes,1.0
65014,65014,99.00,241,81,322,0.7484472049689441,0.2515527950310559,Yes,0.7484472049689441
65015,65015,99.00,202,58,260,0.7769230769230769,0.2230769230769231,Yes,0.7769230769230769
65016,65016,99.00,129,50,179,0.7206703910614525,0.27932960893854747,Yes,0.7206703910614525
65017,65017,99.00,8,2,10,0.8,0.2,Yes,0.8
65018,65018,99.00,107,30,137,0.781021897810219,0.21897810218978103,Yes,0.781021897810219
65019,65019,99.00,79,30,109,0.7247706422018348,0.27522935779816515,Yes,0.7247706422018348
65020,65020,99.00,2,2,4,0.5,0.5,Tie,0.5
65021,65021,99.00,113,44,157,0.7197452229299363,0.2802547770700637,Yes,0.7197452229299363
65022,65022,99.00,131,49,180,0.7277777777777777,0.2722222222222222,Yes,0.7277777777777777
65023,65023,99.00,108,41,149,0.7248322147651006,0.2751677852348993,Yes,0.7248322147651006
65024,65024,99.00,82,22,104,0.7884615384615384,0.21153846153846154,Yes,0.7884615384615384
65025,65025,99.00,2,3,5,0.4,0.6,No,0.6
65026,65026,99.00,4,1,5,0.8,0.2,Yes,0.8
65027,65027,99.00,130,68,198,0.6565656565656566,0.3434343434343434,Yes,0.6565656565656566
65028,65028,99.00,8,1,9,0.8888888888888888,0.1111111111111111,Yes,0.8888888888888888
65029,65029,99.00,7,2,9,0.7777777777777778,0.2222222222222222,Yes,0.7777777777777778
65030,65030,99.00,149,147,296,0.5033783783783784,0.4966216216216216,Yes,0.5033783783783784
65031,65031,99.00,4,0,4,1.0,0.0,Yes,1.0
65032,65032,99.00,83,21,104,0.7980769230769231,0.20192307692307693,Yes,0.7980769230769231
65033,65033,99.00,94,21,115,0.8173913043478261,0.1826086956521739,Yes,0.8173913043478261
65034,65034,99.00,7,2,9,0.7777777777777778,0.2222222222222222,Yes,0.7777777777777778
65035,65035,99.00,44,22,66,0.6666666666666666,0.3333333333333333,Yes,0.6666666666666666
65036,65036,99.00,112,37,149,0.7516778523489933,0.2483221476510067,Yes,0.7516778523489933
65037,65037,99.00,41,12,53,0.7735849056603774,0.22641509433962265,Yes,0.7735849056603774
65038,65038,99.00,9,2,11,0.8181818181818182,0.18181818181818182,Yes,0.8181818181818182
65039,65039,99.00,149,43,192,0.7760416666666666,0.22395833333333334,Yes,0.7760416666666666
65040,65040,33.33,114,28,142,0.8028169014084507,0.19718309859154928,Yes,0.8028169014084507
65041,65041,33.33,27,2,29,0.9310344827586207,0.06896551724137931,Yes,0.9310344827586207
65042,65042,99.00,19,4,23,0.8260869565217391,0.17391304347826086,Yes,0.8260869565217391
65043,65043,33.33,118,25,143,0.8251748251748252,0.17482517482517482,Yes,0.8251748251748252
65044,65044,0.00,21,3,24,0.875,0.125,Yes,0.875
65045,65045,99.00,183,66,249,0.7349397590361446,0.26506024096385544,Yes,0.7349397590361446
65046,65046,99.00,153,66,219,0.6986301369863014,0.3013698630136986,Yes,0.6986301369863014
65047,65047,99.00,141,55,196,0.7193877551020408,0.28061224489795916,Yes,0.7193877551020408
65048,65048,0.00,16,2,18,0.8888888888888888,0.1111111111111111,Yes,0.8888888888888888
65049,65049,99.00,214,75,289,0.740484429065744,0.25951557093425603,Yes,0.740484429065744
65050,65050,99.00,6,2,8,0.75,0.25,Yes,0.75
65051,65051,0.00,11,1,12,0.9166666666666666,0.08333333333333333,Yes,0.9166666666666666
65052,65052,99.00,146,50,196,0.7448979591836735,0.25510204081632654,Yes,0.7448979591836735
65053,65053,50.00,76,20,96,0.7916666666666666,0.20833333333333334,Yes,0.7916666666666666
65054,65054,99.00,133,53,186,0.7150537634408602,0.2849462365591398,Yes,0.7150537634408602
65055,65055,50.00,4,4,8,0.5,0.5,Tie,0.5
65056,65056,99.00,73,21,94,0.776595744680851,0.22340425531914893,Yes,0.776595744680851
65057,65057,50.00,126,49,175,0.72,0.28,Yes,0.72
65058,65058,99.00,195,29,224,0.8705357142857143,0.12946428571428573,Yes,0.8705357142857143
65059,65059,99.00,174,39,213,0.8169014084507042,0.18309859154929578,Yes,0.8169014084507042
65060,65060,99.00,1,1,2,0.5,0.5,Tie,0.5
65061,65061,99.00,168,35,203,0.8275862068965517,0.1724137931034483,Yes,0.8275862068965517
65062,65062,99.00,4,1,5,0.8,0.2,Yes,0.8
65063,65063,99.00,136,36,172,0.7906976744186046,0.20930232558139536,Yes,0.7906976744186046
65064,65064,99.00,121,36,157,0.7707006369426752,0.22929936305732485,Yes,0.7707006369426752
65065,65065,99.00,5,3,8,0.625,0.375,Yes,0.625
65066,65066,99.00,1,1,2,0.5,0.5,Tie,0.5
65067,65067,99.00,3,0,3,1.0,0.0,Yes,1.0
65068,65068,99.00,257,45,302,0.8509933774834437,0.1490066225165563,Yes,0.8509933774834437
65069,65069,99.00,12,0,12,1.0,0.0,Yes,1.0
65070,65070,99.00,0,0,0,0,0,n/a,0
65071,65071,99.00,169,25,194,0.8711340206185567,0.12886597938144329,Yes,0.8711340206185567
65072,65072,99.00,158,36,194,0.8144329896907216,0.18556701030927836,Yes,0.8144329896907216
65073,65073,66.67,87,14,101,0.8613861386138614,0.13861386138613863,Yes,0.8613861386138614
65074,65074,99.00,4,1,5,0.8,0.2,Yes,0.8
65075,65075,66.67,4,0,4,1.0,0.0,Yes,1.0
65076,65076,66.67,71,13,84,0.8452380952380952,0.15476190476190477,Yes,0.8452380952380952
65077,65077,99.00,174,26,200,0.87,0.13,Yes,0.87
65078,65078,99.00,175,32,207,0.8454106280193237,0.15458937198067632,Yes,0.8454106280193237
65079,65079,99.00,305,59,364,0.8379120879120879,0.1620879120879121,Yes,0.8379120879120879
65080,65080,99.00,159,42,201,0.7910447761194029,0.208955223880597,Yes,0.7910447761194029
65081,65081,99.00,128,25,153,0.8366013071895425,0.16339869281045752,Yes,0.8366013071895425
65082,65082,99.00,0,0,0,0,0,n/a,0
65083,65083,33.33,7,0,7,1.0,0.0,Yes,1.0
65084,65084,99.00,0,0,0,0,0,n/a,0
65085,65085,75.00,173,41,214,0.8084112149532711,0.19158878504672897,Yes,0.8084112149532711
65086,65086,75.00,3,1,4,0.75,0.25,Yes,0.75
65087,65087,99.00,103,18,121,0.8512396694214877,0.1487603305785124,Yes,0.8512396694214877
65088,65088,99.00,117,37,154,0.7597402597402597,0.24025974025974026,Yes,0.7597402597402597
65089,65089,99.00,2,1,3,0.6666666666666666,0.3333333333333333,Yes,0.6666666666666666
65090,65090,99.00,7,2,9,0.7777777777777778,0.2222222222222222,Yes,0.7777777777777778
65091,65091,99.00,155,20,175,0.8857142857142857,0.11428571428571428,Yes,0.8857142857142857
65092,65092,99.00,2,0,2,1.0,0.0,Yes,1.0
65093,65093,99.00,4,0,4,1.0,0.0,Yes,1.0
65094,65094,99.00,0,0,0,0,0,n/a,0
65095,65095,99.00,0,0,0,0,0,n/a,0
65096,65096,99.00,0,0,0,0,0,n/a,0
65097,65097,99.00,0,0,0,0,0,n/a,0
65098,65098,99.00,0,0,0,0,0,n/a,0
65099,65099,66.67,3,0,3,1.0,0.0,Yes,1.0
66001,66001,99.00,133,41,174,0.764367816091954,0.23563218390804597,Yes,0.764367816091954
66002,66002,99.00,3,1,4,0.75,0.25,Yes,0.75
66003,66003,99.00,208,46,254,0.8188976377952756,0.18110236220472442,Yes,0.8188976377952756
66004,66004,99.00,77,18,95,0.8105263157894737,0.18947368421052632,Yes,0.8105263157894737
66005,66005,99.00,206,60,266,0.7744360902255639,0.22556390977443608,Yes,0.7744360902255639
66006,66006,99.00,5,4,9,0.5555555555555556,0.4444444444444444,Yes,0.5555555555555556
66007,66007,99.00,8,0,8,1.0,0.0,Yes,1.0
66008,66008,99.00,190,35,225,0.8444444444444444,0.15555555555555556,Yes,0.8444444444444444
66009,66009,99.00,165,23,188,0.8776595744680851,0.12234042553191489,Yes,0.8776595744680851
66010,66010,99.00,142,13,155,0.9161290322580645,0.08387096774193549,Yes,0.9161290322580645
66011,66011,99.00,169,34,203,0.8325123152709359,0.16748768472906403,Yes,0.8325123152709359
66012,66012,99.00,108,32,140,0.7714285714285715,0.22857142857142856,Yes,0.7714285714285715
66013,66013,99.00,198,37,235,0.8425531914893617,0.1574468085106383,Yes,0.8425531914893617
66014,66014,99.00,148,17,165,0.896969696969697,0.10303030303030303,Yes,0.896969696969697
66015,66015,99.00,12,1,13,0.9230769230769231,0.07692307692307693,Yes,0.9230769230769231
66016,66016,99.00,2,0,2,1.0,0.0,Yes,1.0
66017,66017,99.00,0,0,0,0,0,n/a,0
66018,66018,99.00,8,1,9,0.8888888888888888,0.1111111111111111,Yes,0.8888888888888888
66019,66019,99.00,11,2,13,0.8461538461538461,0.15384615384615385,Yes,0.8461538461538461
66020,66020,99.00,166,9,175,0.9485714285714286,0.05142857142857143,Yes,0.9485714285714286
66021,66021,99.00,274,42,316,0.8670886075949367,0.13291139240506328,Yes,0.8670886075949367
66022,66022,99.00,232,56,288,0.8055555555555556,0.19444444444444445,Yes,0.8055555555555556
66023,66023,99.00,311,41,352,0.8835227272727273,0.11647727272727272,Yes,0.8835227272727273
66024,66024,99.00,11,4,15,0.7333333333333333,0.26666666666666666,Yes,0.7333333333333333
66025,66025,99.00,6,0,6,1.0,0.0,Yes,1.0
66026,66026,99.00,211,27,238,0.8865546218487395,0.1134453781512605,Yes,0.8865546218487395
66027,66027,99.00,4,1,5,0.8,0.2,Yes,0.8
66028,66028,99.00,139,28,167,0.8323353293413174,0.16766467065868262,Yes,0.8323353293413174
66029,66029,99.00,11,2,13,0.8461538461538461,0.15384615384615385,Yes,0.8461538461538461
66030,66030,99.00,147,40,187,0.786096256684492,0.21390374331550802,Yes,0.786096256684492
66031,66031,99.00,7,3,10,0.7,0.3,Yes,0.7
66032,66032,99.00,239,39,278,0.8597122302158273,0.14028776978417265,Yes,0.8597122302158273
66033,66033,99.00,8,1,9,0.8888888888888888,0.1111111111111111,Yes,0.8888888888888888
66034,66034,99.00,12,1,13,0.9230769230769231,0.07692307692307693,Yes,0.9230769230769231
66035,66035,99.00,289,40,329,0.878419452887538,0.12158054711246201,Yes,0.878419452887538
66036,66036,99.00,181,41,222,0.8153153153153153,0.18468468468468469,Yes,0.8153153153153153
66037,66037,99.00,145,23,168,0.8630952380952381,0.13690476190476192,Yes,0.8630952380952381
66038,66038,99.00,205,60,265,0.7735849056603774,0.22641509433962265,Yes,0.7735849056603774
66039,66039,33.33,63,8,71,0.8873239436619719,0.11267605633802817,Yes,0.8873239436619719
66040,66040,99.00,0,0,0,0,0,n/a,0
66041,66041,99.00,7,3,10,0.7,0.3,Yes,0.7
66042,66042,99.00,3,1,4,0.75,0.25,Yes,0.75
66043,66043,99.00,87,15,102,0.8529411764705882,0.14705882352941177,Yes,0.8529411764705882
66044,66044,99.00,240,39,279,0.8602150537634409,0.13978494623655913,Yes,0.8602150537634409
66045,66045,99.00,272,35,307,0.8859934853420195,0.11400651465798045,Yes,0.8859934853420195
66046,66046,99.00,11,3,14,0.7857142857142857,0.21428571428571427,Yes,0.7857142857142857
66047,66047,87.50,239,43,282,0.8475177304964538,0.1524822695035461,Yes,0.8475177304964538
66048,66048,99.00,179,35,214,0.8364485981308412,0.16355140186915887,Yes,0.8364485981308412
66049,66049,99.00,143,24,167,0.8562874251497006,0.1437125748502994,Yes,0.8562874251497006
66050,66050,99.00,358,68,426,0.8403755868544601,0.1596244131455399,Yes,0.8403755868544601
66051,66051,99.00,49,8,57,0.8596491228070176,0.14035087719298245,Yes,0.8596491228070176
66052,66052,99.00,24,12,36,0.6666666666666666,0.3333333333333333,Yes,0.6666666666666666
66053,66053,99.00,32,7,39,0.8205128205128205,0.1794871794871795,Yes,0.8205128205128205
66054,66054,99.00,285,87,372,0.7661290322580645,0.23387096774193547,Yes,0.7661290322580645
66055,66055,99.00,235,26,261,0.9003831417624522,0.09961685823754789,Yes,0.9003831417624522
66056,66056,99.00,44,1,45,0.9777777777777777,0.022222222222222223,Yes,0.9777777777777777
66057,66057,33.33,156,44,200,0.78,0.22,Yes,0.78
66058,66058,87.50,10,6,16,0.625,0.375,Yes,0.625
66059,66059,87.50,39,6,45,0.8666666666666667,0.13333333333333333,Yes,0.8666666666666667
66060,66060,87.50,28,4,32,0.875,0.125,Yes,0.875
66061,66061,87.50,286,43,329,0.8693009118541033,0.13069908814589665,Yes,0.8693009118541033
66062,66062,87.50,12,7,19,0.631578947368421,0.3684210526315789,Yes,0.631578947368421
66063,66063,87.50,220,43,263,0.8365019011406845,0.1634980988593156,Yes,0.8365019011406845
66064,66064,87.50,15,2,17,0.8823529411764706,0.11764705882352941,Yes,0.8823529411764706
66065,66065,99.00,122,16,138,0.8840579710144928,0.11594202898550725,Yes,0.8840579710144928
66066,66066,99.00,19,2,21,0.9047619047619048,0.09523809523809523,Yes,0.9047619047619048
66067,66067,99.00,227,64,291,0.7800687285223368,0.21993127147766323,Yes,0.7800687285223368
66068,66068,99.00,137,35,172,0.7965116279069767,0.20348837209302326,Yes,0.7965116279069767
66069,66069,99.00,12,2,14,0.8571428571428571,0.14285714285714285,Yes,0.8571428571428571
66070,66070,99.00,4,0,4,1.0,0.0,Yes,1.0
66071,66071,99.00,294,55,349,0.8424068767908309,0.15759312320916904,Yes,0.8424068767908309
66072,66072,99.00,9,1,10,0.9,0.1,Yes,0.9
66073,66073,99.00,180,27,207,0.8695652173913043,0.13043478260869565,Yes,0.8695652173913043
66074,66074,99.00,15,1,16,0.9375,0.0625,Yes,0.9375
66075,66075,99.00,236,54,290,0.8137931034482758,0.18620689655172415,Yes,0.8137931034482758
66076,66076,87.50,228,35,263,0.8669201520912547,0.13307984790874525,Yes,0.8669201520912547
66077,66077,99.00,327,56,383,0.8537859007832899,0.1462140992167102,Yes,0.8537859007832899
66078,66078,99.00,337,65,402,0.8383084577114428,0.16169154228855723,Yes,0.8383084577114428
66079,66079,99.00,331,42,373,0.8873994638069705,0.1126005361930295,Yes,0.8873994638069705
66080,66080,99.00,22,7,29,0.7586206896551724,0.2413793103448276,Yes,0.7586206896551724
66081,66081,99.00,381,52,433,0.8799076212471132,0.12009237875288684,Yes,0.8799076212471132
66082,66082,99.00,16,2,18,0.8888888888888888,0.1111111111111111,Yes,0.8888888888888888
66083,66083,99.00,17,6,23,0.7391304347826086,0.2608695652173913,Yes,0.7391304347826086
66084,66084,99.00,345,64,409,0.843520782396088,0.15647921760391198,Yes,0.843520782396088
66085,66085,87.50,296,41,337,0.8783382789317508,0.12166172106824925,Yes,0.8783382789317508
66086,66086,87.50,168,25,193,0.8704663212435233,0.12953367875647667,Yes,0.8704663212435233
66087,66087,87.50,199,32,231,0.8614718614718615,0.13852813852813853,Yes,0.8614718614718615
66088,66088,99.00,301,52,353,0.8526912181303116,0.14730878186968838,Yes,0.8526912181303116
66089,66089,99.00,16,2,18,0.8888888888888888,0.1111111111111111,Yes,0.8888888888888888
66090,66090,99.00,213,49,262,0.8129770992366412,0.18702290076335878,Yes,0.8129770992366412
66091,66091,99.00,151,49,200,0.755,0.245,Yes,0.755
66092,66092,99.00,0,0,0,0,0,n/a,0
66093,66093,87.50,0,0,0,0,0,n/a,0
66094,66094,99.00,0,0,0,0,0,n/a,0
66095,66095,87.50,0,0,0,0,0,n/a,0
66096,66096,99.00,12,1,13,0.9230769230769231,0.07692307692307693,Yes,0.9230769230769231
66097,66097,99.00,16,4,20,0.8,0.2,Yes,0.8
66098,66098,99.00,260,41,301,0.8637873754152824,0.1362126245847176,Yes,0.8637873754152824
66099,66099,99.00,115,21,136,0.8455882352941176,0.15441176470588236,Yes,0.8455882352941176
66100,66100,99.00,6,0,6,1.0,0.0,Yes,1.0
66101,66101,99.00,19,1,20,0.95,0.05,Yes,0.95
66102,66102,99.00,7,3,10,0.7,0.3,Yes,0.7
66103,66103,99.00,10,2,12,0.8333333333333334,0.16666666666666666,Yes,0.8333333333333334
66104,66104,99.00,3,0,3,1.0,0.0,Yes,1.0
66105,66105,99.00,14,0,14,1.0,0.0,Yes,1.0
66106,66106,99.00,165,27,192,0.859375,0.140625,Yes,0.859375
67001,67001,80.00,209,56,265,0.7886792452830189,0.21132075471698114,Yes,0.7886792452830189
67002,67002,99.00,223,57,280,0.7964285714285714,0.20357142857142857,Yes,0.7964285714285714
67003,67003,80.00,1,2,3,0.3333333333333333,0.6666666666666666,No,0.6666666666666666
67004,67004,99.00,15,5,20,0.75,0.25,Yes,0.75
67005,67005,99.00,280,47,327,0.8562691131498471,0.1437308868501529,Yes,0.8562691131498471
67006,67006,99.00,219,45,264,0.8295454545454546,0.17045454545454544,Yes,0.8295454545454546
67007,67007,99.00,8,1,9,0.8888888888888888,0.1111111111111111,Yes,0.8888888888888888
67008,67008,99.00,244,53,297,0.8215488215488216,0.17845117845117844,Yes,0.8215488215488216
67009,67009,99.00,8,5,13,0.6153846153846154,0.38461538461538464,Yes,0.6153846153846154
67010,67010,99.00,228,38,266,0.8571428571428571,0.14285714285714285,Yes,0.8571428571428571
67011,67011,99.00,174,44,218,0.7981651376146789,0.2018348623853211,Yes,0.7981651376146789
67012,67012,99.00,11,3,14,0.7857142857142857,0.21428571428571427,Yes,0.7857142857142857
67013,67013,99.00,256,53,309,0.8284789644012945,0.1715210355987055,Yes,0.8284789644012945
67014,67014,99.00,237,45,282,0.8404255319148937,0.1595744680851064,Yes,0.8404255319148937
67015,67015,99.00,32,11,43,0.7441860465116279,0.2558139534883721,Yes,0.7441860465116279
67016,67016,99.00,35,6,41,0.8536585365853658,0.14634146341463414,Yes,0.8536585365853658
67017,67017,99.00,27,4,31,0.8709677419354839,0.12903225806451613,Yes,0.8709677419354839
67018,67018,99.00,206,42,248,0.8306451612903226,0.1693548387096774,Yes,0.8306451612903226
67019,67019,99.00,130,21,151,0.8609271523178808,0.1390728476821192,Yes,0.8609271523178808
67020,67020,99.00,145,34,179,0.8100558659217877,0.18994413407821228,Yes,0.8100558659217877
67021,67021,99.00,12,1,13,0.9230769230769231,0.07692307692307693,Yes,0.9230769230769231
67022,67022,99.00,15,2,17,0.8823529411764706,0.11764705882352941,Yes,0.8823529411764706
67023,67023,99.00,190,55,245,0.7755102040816326,0.22448979591836735,Yes,0.7755102040816326
67024,67024,80.00,101,27,128,0.7890625,0.2109375,Yes,0.7890625
67025,67025,99.00,136,23,159,0.8553459119496856,0.14465408805031446,Yes,0.8553459119496856
67026,67026,99.00,7,3,10,0.7,0.3,Yes,0.7
67027,67027,99.00,209,40,249,0.8393574297188755,0.1606425702811245,Yes,0.8393574297188755
67028,67028,80.00,128,25,153,0.8366013071895425,0.16339869281045752,Yes,0.8366013071895425
67029,67029,80.00,93,19,112,0.8303571428571429,0.16964285714285715,Yes,0.8303571428571429
67030,67030,99.00,83,32,115,0.7217391304347827,0.2782608695652174,Yes,0.7217391304347827
67031,67031,99.00,272,66,338,0.8047337278106509,0.1952662721893491,Yes,0.8047337278106509
67032,67032,80.00,177,53,230,0.7695652173913043,0.23043478260869565,Yes,0.7695652173913043
67033,67033,99.00,193,55,248,0.7782258064516129,0.2217741935483871,Yes,0.7782258064516129
67034,67034,80.00,139,35,174,0.7988505747126436,0.20114942528735633,Yes,0.7988505747126436
67035,67035,80.00,20,6,26,0.7692307692307693,0.23076923076923078,Yes,0.7692307692307693
67036,67036,99.00,7,1,8,0.875,0.125,Yes,0.875
67037,67037,99.00,152,37,189,0.8042328042328042,0.19576719576719576,Yes,0.8042328042328042
67038,67038,99.00,207,50,257,0.8054474708171206,0.19455252918287938,Yes,0.8054474708171206
67039,67039,99.00,5,3,8,0.625,0.375,Yes,0.625
67040,67040,99.00,14,0,14,1.0,0.0,Yes,1.0
67041,67041,99.00,286,65,351,0.8148148148148148,0.18518518518518517,Yes,0.8148148148148148
67042,67042,99.00,343,65,408,0.8406862745098039,0.15931372549019607,Yes,0.8406862745098039
67043,67043,99.00,571,155,726,0.7865013774104683,0.21349862258953167,Yes,0.7865013774104683
67044,67044,99.00,178,53,231,0.7705627705627706,0.22943722943722944,Yes,0.7705627705627706
67045,67045,99.00,9,1,10,0.9,0.1,Yes,0.9
67046,67046,99.00,25,5,30,0.8333333333333334,0.16666666666666666,Yes,0.8333333333333334
67047,67047,99.00,181,52,233,0.776824034334764,0.22317596566523606,Yes,0.776824034334764
67048,67048,99.00,10,0,10,1.0,0.0,Yes,1.0
67049,67049,99.00,307,75,382,0.8036649214659686,0.19633507853403143,Yes,0.8036649214659686
67050,67050,99.00,215,59,274,0.7846715328467153,0.21532846715328466,Yes,0.7846715328467153
67051,67051,80.00,119,26,145,0.8206896551724138,0.1793103448275862,Yes,0.8206896551724138
67052,67052,99.00,24,1,25,0.96,0.04,Yes,0.96
67053,67053,99.00,217,47,264,0.821969696969697,0.17803030303030304,Yes,0.821969696969697
67054,67054,99.00,208,45,253,0.8221343873517787,0.17786561264822134,Yes,0.8221343873517787
67055,67055,99.00,6,0,6,1.0,0.0,Yes,1.0
67056,67056,99.00,175,24,199,0.8793969849246231,0.12060301507537688,Yes,0.8793969849246231
67057,67057,99.00,170,35,205,0.8292682926829268,0.17073170731707318,Yes,0.8292682926829268
67058,67058,99.00,19,0,19,1.0,0.0,Yes,1.0
67059,67059,99.00,229,49,278,0.8237410071942446,0.17625899280575538,Yes,0.8237410071942446
67060,67060,99.00,284,74,358,0.7932960893854749,0.20670391061452514,Yes,0.7932960893854749
67061,67061,99.00,307,74,381,0.8057742782152231,0.1942257217847769,Yes,0.8057742782152231
67062,67062,99.00,10,1,11,0.9090909090909091,0.09090909090909091,Yes,0.9090909090909091
67063,67063,99.00,7,0,7,1.0,0.0,Yes,1.0
67064,67064,99.00,364,62,426,0.8544600938967136,0.14553990610328638,Yes,0.8544600938967136
67065,67065,99.00,13,0,13,1.0,0.0,Yes,1.0
67066,67066,99.00,289,66,355,0.8140845070422535,0.18591549295774648,Yes,0.8140845070422535
67067,67067,99.00,323,44,367,0.8801089918256131,0.11989100817438691,Yes,0.8801089918256131
67068,67068,99.00,290,69,359,0.807799442896936,0.19220055710306408,Yes,0.807799442896936
67069,67069,99.00,15,0,15,1.0,0.0,Yes,1.0
67070,67070,99.00,10,3,13,0.7692307692307693,0.23076923076923078,Yes,0.7692307692307693
67071,67071,99.00,311,57,368,0.845108695652174,0.15489130434782608,Yes,0.845108695652174
67072,67072,99.00,272,68,340,0.8,0.2,Yes,0.8
67073,67073,99.00,11,3,14,0.7857142857142857,0.21428571428571427,Yes,0.7857142857142857
67074,67074,99.00,185,48,233,0.7939914163090128,0.20600858369098712,Yes,0.7939914163090128
67075,67075,99.00,310,60,370,0.8378378378378378,0.16216216216216217,Yes,0.8378378378378378
67076,67076,99.00,25,4,29,0.8620689655172413,0.13793103448275862,Yes,0.8620689655172413
67077,67077,99.00,331,71,402,0.8233830845771144,0.17661691542288557,Yes,0.8233830845771144
67078,67078,99.00,10,0,10,1.0,0.0,Yes,1.0
67079,67079,99.00,13,3,16,0.8125,0.1875,Yes,0.8125
67080,67080,99.00,198,40,238,0.8319327731092437,0.16806722689075632,Yes,0.8319327731092437
67081,67081,99.00,296,76,372,0.7956989247311828,0.20430107526881722,Yes,0.7956989247311828
67082,67082,99.00,15,4,19,0.7894736842105263,0.21052631578947367,Yes,0.7894736842105263
67083,67083,99.00,22,6,28,0.7857142857142857,0.21428571428571427,Yes,0.7857142857142857
67084,67084,99.00,229,49,278,0.8237410071942446,0.17625899280575538,Yes,0.8237410071942446
67085,67085,99.00,307,57,364,0.8434065934065934,0.1565934065934066,Yes,0.8434065934065934
67086,67086,99.00,24,1,25,0.96,0.04,Yes,0.96
67087,67087,99.00,184,26,210,0.8761904761904762,0.12380952380952381,Yes,0.8761904761904762
67088,67088,99.00,286,61,347,0.8242074927953891,0.17579250720461095,Yes,0.8242074927953891
67089,67089,99.00,16,3,19,0.8421052631578947,0.15789473684210525,Yes,0.8421052631578947
67090,67090,99.00,171,31,202,0.8465346534653465,0.15346534653465346,Yes,0.8465346534653465
67091,67091,99.00,412,84,496,0.8306451612903226,0.1693548387096774,Yes,0.8306451612903226
67092,67092,99.00,8,3,11,0.7272727272727273,0.2727272727272727,Yes,0.7272727272727273
67093,67093,99.00,346,58,404,0.8564356435643564,0.14356435643564355,Yes,0.8564356435643564
67094,67094,99.00,21,1,22,0.9545454545454546,0.045454545454545456,Yes,0.9545454545454546
67095,67095,99.00,10,2,12,0.8333333333333334,0.16666666666666666,Yes,0.8333333333333334
67096,67096,99.00,279,49,328,0.850609756097561,0.14939024390243902,Yes,0.850609756097561
67097,67097,99.00,5,2,7,0.7142857142857143,0.2857142857142857,Yes,0.7142857142857143
67098,67098,99.00,312,65,377,0.8275862068965517,0.1724137931034483,Yes,0.8275862068965517
67099,67099,99.00,384,73,457,0.8402625820568927,0.15973741794310722,Yes,0.8402625820568927
67100,67100,80.00,1,0,1,1.0,0.0,Yes,1.0
67101,67101,80.00,100,26,126,0.7936507936507936,0.20634920634920634,Yes,0.7936507936507936
67102,67102,99.00,0,0,0,0,0,n/a,0
67103,67103,80.00,0,0,0,0,0,n/a,0
67104,67104,99.00,0,0,0,0,0,n/a,0
67105,67105,99.00,7,0,7,1.0,0.0,Yes,1.0
67106,67106,99.00,213,50,263,0.8098859315589354,0.19011406844106463,Yes,0.8098859315589354
67107,67107,99.00,7,0,7,1.0,0.0,Yes,1.0
67108,67108,99.00,147,35,182,0.8076923076923077,0.19230769230769232,Yes,0.8076923076923077
67109,67109,99.00,176,31,207,0.8502415458937198,0.1497584541062802,Yes,0.8502415458937198
67110,67110,99.00,93,18,111,0.8378378378378378,0.16216216216216217,Yes,0.8378378378378378
67111,67111,80.00,2,0,2,1.0,0.0,Yes,1.0
67112,67112,99.00,27,1,28,0.9642857142857143,0.03571428571428571,Yes,0.9642857142857143
67113,67113,99.00,56,13,69,0.8115942028985508,0.18840579710144928,Yes,0.8115942028985508
67114,67114,99.00,14,6,20,0.7,0.3,Yes,0.7
68001,68001,99.00,165,52,217,0.7603686635944701,0.23963133640552994,Yes,0.7603686635944701
68002,68002,99.00,2,0,2,1.0,0.0,Yes,1.0
68003,68003,99.00,200,49,249,0.8032128514056225,0.19678714859437751,Yes,0.8032128514056225
68004,68004,99.00,138,49,187,0.7379679144385026,0.2620320855614973,Yes,0.7379679144385026
68005,68005,99.00,164,33,197,0.8324873096446701,0.16751269035532995,Yes,0.8324873096446701
68006,68006,99.00,3,0,3,1.0,0.0,Yes,1.0
68007,68007,99.00,260,76,336,0.7738095238095238,0.2261904761904762,Yes,0.7738095238095238
68008,68008,99.00,220,64,284,0.7746478873239436,0.22535211267605634,Yes,0.7746478873239436
68009,68009,99.00,6,0,6,1.0,0.0,Yes,1.0
68010,68010,99.00,16,2,18,0.8888888888888888,0.1111111111111111,Yes,0.8888888888888888
68011,68011,99.00,131,46,177,0.7401129943502824,0.2598870056497175,Yes,0.7401129943502824
68012,68012,99.00,4,0,4,1.0,0.0,Yes,1.0
68013,68013,99.00,1,1,2,0.5,0.5,Tie,0.5
68014,68014,99.00,8,0,8,1.0,0.0,Yes,1.0
68015,68015,99.00,172,42,214,0.8037383177570093,0.19626168224299065,Yes,0.8037383177570093
68016,68016,99.00,115,23,138,0.8333333333333334,0.16666666666666666,Yes,0.8333333333333334
68017,68017,99.00,80,26,106,0.7547169811320755,0.24528301886792453,Yes,0.7547169811320755
68018,68018,99.00,2,0,2,1.0,0.0,Yes,1.0
68019,68019,99.00,6,0,6,1.0,0.0,Yes,1.0
68020,68020,99.00,2,3,5,0.4,0.6,No,0.6
68021,68021,99.00,54,13,67,0.8059701492537313,0.19402985074626866,Yes,0.8059701492537313
68022,68022,99.00,102,23,125,0.816,0.184,Yes,0.816
68023,68023,99.00,138,25,163,0.8466257668711656,0.15337423312883436,Yes,0.8466257668711656
68024,68024,99.00,7,0,7,1.0,0.0,Yes,1.0
68025,68025,99.00,146,25,171,0.8538011695906432,0.14619883040935672,Yes,0.8538011695906432
68026,68026,99.00,132,31,163,0.8098159509202454,0.1901840490797546,Yes,0.8098159509202454
68027,68027,99.00,4,2,6,0.6666666666666666,0.3333333333333333,Yes,0.6666666666666666
68028,68028,36.36,106,12,118,0.8983050847457628,0.1016949152542373,Yes,0.8983050847457628
68029,68029,99.00,3,0,3,1.0,0.0,Yes,1.0
68030,68030,36.36,15,2,17,0.8823529411764706,0.11764705882352941,Yes,0.8823529411764706
68031,68031,36.36,135,39,174,0.7758620689655172,0.22413793103448276,Yes,0.7758620689655172
68032,68032,36.36,14,0,14,1.0,0.0,Yes,1.0
68033,68033,36.36,151,26,177,0.8531073446327684,0.14689265536723164,Yes,0.8531073446327684
68034,68034,99.00,188,61,249,0.7550200803212851,0.24497991967871485,Yes,0.7550200803212851
68035,68035,99.00,179,36,215,0.8325581395348837,0.16744186046511628,Yes,0.8325581395348837
68036,68036,99.00,103,14,117,0.8803418803418803,0.11965811965811966,Yes,0.8803418803418803
68037,68037,99.00,140,42,182,0.7692307692307693,0.23076923076923078,Yes,0.7692307692307693
68038,68038,99.00,104,13,117,0.8888888888888888,0.1111111111111111,Yes,0.8888888888888888
68039,68039,99.00,151,37,188,0.8031914893617021,0.19680851063829788,Yes,0.8031914893617021
68040,68040,99.00,8,3,11,0.7272727272727273,0.2727272727272727,Yes,0.7272727272727273
68041,68041,99.00,155,36,191,0.8115183246073299,0.18848167539267016,Yes,0.8115183246073299
68042,68042,99.00,242,35,277,0.8736462093862816,0.1263537906137184,Yes,0.8736462093862816
68043,68043,99.00,9,2,11,0.8181818181818182,0.18181818181818182,Yes,0.8181818181818182
68044,68044,99.00,3,2,5,0.6,0.4,Yes,0.6
68045,68045,99.00,1,1,2,0.5,0.5,Tie,0.5
68046,68046,99.00,131,32,163,0.803680981595092,0.19631901840490798,Yes,0.803680981595092
68047,68047,99.00,92,33,125,0.736,0.264,Yes,0.736
68048,68048,99.00,0,0,0,0,0,n/a,0
68049,68049,99.00,55,6,61,0.9016393442622951,0.09836065573770492,Yes,0.9016393442622951
68050,68050,99.00,203,53,256,0.79296875,0.20703125,Yes,0.79296875
68051,68051,99.00,1,2,3,0.3333333333333333,0.6666666666666666,No,0.6666666666666666
68052,68052,66.67,187,63,250,0.748,0.252,Yes,0.748
68053,68053,66.67,4,1,5,0.8,0.2,Yes,0.8
68054,68054,99.00,121,30,151,0.8013245033112583,0.1986754966887417,Yes,0.8013245033112583
68055,68055,99.00,150,19,169,0.8875739644970414,0.11242603550295859,Yes,0.8875739644970414
68056,68056,99.00,102,19,121,0.8429752066115702,0.15702479338842976,Yes,0.8429752066115702
68057,68057,99.00,4,1,5,0.8,0.2,Yes,0.8
68058,68058,66.67,130,34,164,0.7926829268292683,0.2073170731707317,Yes,0.7926829268292683
68059,68059,99.00,0,1,1,0.0,1.0,No,1.0
68060,68060,66.67,81,24,105,0.7714285714285715,0.22857142857142856,Yes,0.7714285714285715
68061,68061,99.00,135,24,159,0.8490566037735849,0.1509433962264151,Yes,0.8490566037735849
68062,68062,66.67,1,2,3,0.3333333333333333,0.6666666666666666,No,0.6666666666666666
68063,68063,99.00,176,29,205,0.8585365853658536,0.14146341463414633,Yes,0.8585365853658536
68064,68064,99.00,3,1,4,0.75,0.25,Yes,0.75
68065,68065,99.00,92,22,114,0.8070175438596491,0.19298245614035087,Yes,0.8070175438596491
68066,68066,99.00,63,16,79,0.7974683544303798,0.20253164556962025,Yes,0.7974683544303798
68067,68067,99.00,0,0,0,0,0,n/a,0
68068,68068,99.00,98,23,121,0.8099173553719008,0.19008264462809918,Yes,0.8099173553719008
68069,68069,99.00,4,1,5,0.8,0.2,Yes,0.8
68070,68070,99.00,0,0,0,0,0,n/a,0
68071,68071,99.00,139,30,169,0.8224852071005917,0.17751479289940827,Yes,0.8224852071005917
68072,68072,99.00,175,30,205,0.8536585365853658,0.14634146341463414,Yes,0.8536585365853658
68073,68073,99.00,5,1,6,0.8333333333333334,0.16666666666666666,Yes,0.8333333333333334
68074,68074,99.00,9,0,9,1.0,0.0,Yes,1.0
68075,68075,99.00,132,36,168,0.7857142857142857,0.21428571428571427,Yes,0.7857142857142857
68076,68076,99.00,4,0,4,1.0,0.0,Yes,1.0
68077,68077,99.00,2,2,4,0.5,0.5,Tie,0.5
68078,68078,99.00,9,5,14,0.6428571428571429,0.35714285714285715,Yes,0.6428571428571429
68079,68079,99.00,113,30,143,0.7902097902097902,0.2097902097902098,Yes,0.7902097902097902
68080,68080,99.00,218,36,254,0.8582677165354331,0.14173228346456693,Yes,0.8582677165354331
68081,68081,99.00,39,9,48,0.8125,0.1875,Yes,0.8125
68082,68082,99.00,183,54,237,0.7721518987341772,0.22784810126582278,Yes,0.7721518987341772
68083,68083,99.00,118,29,147,0.8027210884353742,0.19727891156462585,Yes,0.8027210884353742
68084,68084,99.00,131,21,152,0.8618421052631579,0.13815789473684212,Yes,0.8618421052631579
68085,68085,99.00,86,13,99,0.8686868686868687,0.13131313131313133,Yes,0.8686868686868687
68086,68086,99.00,59,16,75,0.7866666666666666,0.21333333333333335,Yes,0.7866666666666666
68087,68087,99.00,4,0,4,1.0,0.0,Yes,1.0
68088,68088,99.00,1,0,1,1.0,0.0,Yes,1.0
68089,68089,99.00,110,28,138,0.7971014492753623,0.2028985507246377,Yes,0.7971014492753623
68090,68090,99.00,92,26,118,0.7796610169491526,0.22033898305084745,Yes,0.7796610169491526
68091,68091,99.00,0,0,0,0,0,n/a,0
68092,68092,99.00,113,24,137,0.8248175182481752,0.17518248175182483,Yes,0.8248175182481752
68093,68093,99.00,174,41,215,0.8093023255813954,0.19069767441860466,Yes,0.8093023255813954
68094,68094,99.00,15,1,16,0.9375,0.0625,Yes,0.9375
68095,68095,36.36,0,0,0,0,0,n/a,0
68096,68096,99.00,167,49,216,0.7731481481481481,0.22685185185185186,Yes,0.7731481481481481
68097,68097,99.00,139,27,166,0.8373493975903614,0.16265060240963855,Yes,0.8373493975903614
68098,68098,36.36,50,22,72,0.6944444444444444,0.3055555555555556,Yes,0.6944444444444444
68099,68099,99.00,0,0,0,0,0,n/a,0
68100,68100,99.00,0,0,0,0,0,n/a,0
68101,68101,36.36,0,0,0,0,0,n/a,0
68102,68102,99.00,0,0,0,0,0,n/a,0
68103,68103,36.36,0,0,0,0,0,n/a,0
68104,68104,36.36,0,0,0,0,0,n/a,0
68105,68105,99.00,0,0,0,0,0,n/a,0
68106,68106,99.00,0,0,0,0,0,n/a,0
68107,68107,99.00,0,0,0,0,0,n/a,0
68108,68108,99.00,1,0,1,1.0,0.0,Yes,1.0
68109,68109,99.00,0,1,1,0.0,1.0,No,1.0
68110,68110,99.00,6,0,6,1.0,0.0,Yes,1.0
68111,68111,99.00,5,1,6,0.8333333333333334,0.16666666666666666,Yes,0.8333333333333334
68112,68112,99.00,186,34,220,0.8454545454545455,0.15454545454545454,Yes,0.8454545454545455
68113,68113,99.00,0,0,0,0,0,n/a,0
68114,68114,36.36,7,1,8,0.875,0.125,Yes,0.875
68115,68115,99.00,1,1,2,0.5,0.5,Tie,0.5
69001,69001,99.00,8,1,9,0.8888888888888888,0.1111111111111111,Yes,0.8888888888888888
69002,69002,99.00,8,0,8,1.0,0.0,Yes,1.0
69003,69003,99.00,266,47,313,0.8498402555910544,0.1501597444089457,Yes,0.8498402555910544
69004,69004,99.00,25,3,28,0.8928571428571429,0.10714285714285714,Yes,0.8928571428571429
69005,69005,99.00,10,2,12,0.8333333333333334,0.16666666666666666,Yes,0.8333333333333334
69006,69006,99.00,195,40,235,0.8297872340425532,0.1702127659574468,Yes,0.8297872340425532
69007,69007,99.00,260,52,312,0.8333333333333334,0.16666666666666666,Yes,0.8333333333333334
69008,69008,99.00,13,2,15,0.8666666666666667,0.13333333333333333,Yes,0.8666666666666667
69009,69009,99.00,273,45,318,0.8584905660377359,0.14150943396226415,Yes,0.8584905660377359
69010,69010,99.00,274,50,324,0.845679012345679,0.15432098765432098,Yes,0.845679012345679
69011,69011,99.00,25,7,32,0.78125,0.21875,Yes,0.78125
69012,69012,99.00,73,18,91,0.8021978021978022,0.1978021978021978,Yes,0.8021978021978022
69013,69013,99.00,208,42,250,0.832,0.168,Yes,0.832
69014,69014,99.00,12,1,13,0.9230769230769231,0.07692307692307693,Yes,0.9230769230769231
69015,69015,99.00,186,32,218,0.8532110091743119,0.14678899082568808,Yes,0.8532110091743119
69016,69016,99.00,124,30,154,0.8051948051948052,0.19480519480519481,Yes,0.8051948051948052
69017,69017,99.00,143,31,174,0.8218390804597702,0.1781609195402299,Yes,0.8218390804597702
69018,69018,99.00,212,36,248,0.8548387096774194,0.14516129032258066,Yes,0.8548387096774194
69019,69019,99.00,12,3,15,0.8,0.2,Yes,0.8
69020,69020,99.00,281,73,354,0.7937853107344632,0.2062146892655367,Yes,0.7937853107344632
69021,69021,99.00,303,58,361,0.8393351800554016,0.16066481994459833,Yes,0.8393351800554016
69022,69022,99.00,355,55,410,0.8658536585365854,0.13414634146341464,Yes,0.8658536585365854
69023,69023,99.00,283,41,324,0.8734567901234568,0.12654320987654322,Yes,0.8734567901234568
69024,69024,99.00,175,40,215,0.813953488372093,0.18604651162790697,Yes,0.813953488372093
69025,69025,99.00,18,6,24,0.75,0.25,Yes,0.75
69026,69026,99.00,51,7,58,0.8793103448275862,0.1206896551724138,Yes,0.8793103448275862
69027,69027,99.00,24,4,28,0.8571428571428571,0.14285714285714285,Yes,0.8571428571428571
69028,69028,99.00,10,1,11,0.9090909090909091,0.09090909090909091,Yes,0.9090909090909091
69029,69029,99.00,385,65,450,0.8555555555555555,0.14444444444444443,Yes,0.8555555555555555
69030,69030,99.00,45,4,49,0.9183673469387755,0.08163265306122448,Yes,0.9183673469387755
69031,69031,99.00,27,3,30,0.9,0.1,Yes,0.9
69032,69032,99.00,367,67,434,0.8456221198156681,0.1543778801843318,Yes,0.8456221198156681
69033,69033,99.00,232,51,283,0.8197879858657244,0.18021201413427562,Yes,0.8197879858657244
69034,69034,99.00,229,35,264,0.8674242424242424,0.13257575757575757,Yes,0.8674242424242424
69035,69035,99.00,16,3,19,0.8421052631578947,0.15789473684210525,Yes,0.8421052631578947
69036,69036,99.00,2,0,2,1.0,0.0,Yes,1.0
69037,69037,99.00,210,36,246,0.8536585365853658,0.14634146341463414,Yes,0.8536585365853658
69038,69038,99.00,23,2,25,0.92,0.08,Yes,0.92
69039,69039,99.00,325,63,388,0.8376288659793815,0.16237113402061856,Yes,0.8376288659793815
69040,69040,99.00,336,68,404,0.8316831683168316,0.16831683168316833,Yes,0.8316831683168316
69041,69041,99.00,33,2,35,0.9428571428571428,0.05714285714285714,Yes,0.9428571428571428
69042,69042,99.00,277,53,330,0.8393939393939394,0.1606060606060606,Yes,0.8393939393939394
69043,69043,99.00,188,42,230,0.8173913043478261,0.1826086956521739,Yes,0.8173913043478261
69044,69044,99.00,300,40,340,0.8823529411764706,0.11764705882352941,Yes,0.8823529411764706
69045,69045,99.00,378,73,451,0.8381374722838137,0.16186252771618626,Yes,0.8381374722838137
69046,69046,99.00,344,48,392,0.8775510204081632,0.12244897959183673,Yes,0.8775510204081632
69047,69047,99.00,28,2,30,0.9333333333333333,0.06666666666666667,Yes,0.9333333333333333
69048,69048,99.00,45,1,46,0.9782608695652174,0.021739130434782608,Yes,0.9782608695652174
69049,69049,47.06,209,33,242,0.8636363636363636,0.13636363636363635,Yes,0.8636363636363636
69050,69050,47.06,321,44,365,0.8794520547945206,0.12054794520547946,Yes,0.8794520547945206
69051,69051,47.06,27,4,31,0.8709677419354839,0.12903225806451613,Yes,0.8709677419354839
69052,69052,47.06,184,27,211,0.8720379146919431,0.12796208530805686,Yes,0.8720379146919431
69053,69053,47.06,13,1,14,0.9285714285714286,0.07142857142857142,Yes,0.9285714285714286
69054,69054,47.06,203,45,248,0.8185483870967742,0.1814516129032258,Yes,0.8185483870967742
69055,69055,99.00,237,39,276,0.8586956521739131,0.14130434782608695,Yes,0.8586956521739131
69056,69056,47.06,7,1,8,0.875,0.125,Yes,0.875
69057,69057,47.06,104,29,133,0.7819548872180451,0.21804511278195488,Yes,0.7819548872180451
69058,69058,47.06,25,0,25,1.0,0.0,Yes,1.0
69059,69059,47.06,19,0,19,1.0,0.0,Yes,1.0
69060,69060,47.06,272,36,308,0.8831168831168831,0.11688311688311688,Yes,0.8831168831168831
69061,69061,47.06,319,43,362,0.8812154696132597,0.11878453038674033,Yes,0.8812154696132597
69062,69062,99.00,334,55,389,0.8586118251928021,0.14138817480719795,Yes,0.8586118251928021
69063,69063,99.00,320,40,360,0.8888888888888888,0.1111111111111111,Yes,0.8888888888888888
69064,69064,99.00,229,33,262,0.8740458015267175,0.12595419847328243,Yes,0.8740458015267175
69065,69065,99.00,49,6,55,0.8909090909090909,0.10909090909090909,Yes,0.8909090909090909
69066,69066,99.00,4,0,4,1.0,0.0,Yes,1.0
69067,69067,99.00,219,28,247,0.8866396761133604,0.11336032388663968,Yes,0.8866396761133604
69068,69068,99.00,12,4,16,0.75,0.25,Yes,0.75
69069,69069,99.00,279,38,317,0.8801261829652997,0.11987381703470032,Yes,0.8801261829652997
69070,69070,99.00,148,15,163,0.9079754601226994,0.09202453987730061,Yes,0.9079754601226994
69071,69071,99.00,8,2,10,0.8,0.2,Yes,0.8
69072,69072,75.00,198,24,222,0.8918918918918919,0.10810810810810811,Yes,0.8918918918918919
69073,69073,75.00,171,26,197,0.868020304568528,0.1319796954314721,Yes,0.868020304568528
69074,69074,99.00,12,0,12,1.0,0.0,Yes,1.0
69075,69075,99.00,178,33,211,0.8436018957345972,0.15639810426540285,Yes,0.8436018957345972
69076,69076,99.00,8,0,8,1.0,0.0,Yes,1.0
69077,69077,75.00,33,2,35,0.9428571428571428,0.05714285714285714,Yes,0.9428571428571428
69078,69078,75.00,120,14,134,0.8955223880597015,0.1044776119402985,Yes,0.8955223880597015
69079,69079,75.00,26,0,26,1.0,0.0,Yes,1.0
69080,69080,99.00,199,36,235,0.8468085106382979,0.15319148936170213,Yes,0.8468085106382979
69081,69081,99.00,304,59,363,0.837465564738292,0.162534435261708,Yes,0.837465564738292
69082,69082,99.00,145,23,168,0.8630952380952381,0.13690476190476192,Yes,0.8630952380952381
69083,69083,99.00,5,0,5,1.0,0.0,Yes,1.0
69084,69084,75.00,180,17,197,0.9137055837563451,0.08629441624365482,Yes,0.9137055837563451
69085,69085,75.00,28,2,30,0.9333333333333333,0.06666666666666667,Yes,0.9333333333333333
69086,69086,75.00,56,4,60,0.9333333333333333,0.06666666666666667,Yes,0.9333333333333333
69087,69087,75.00,31,1,32,0.96875,0.03125,Yes,0.96875
69088,69088,75.00,13,1,14,0.9285714285714286,0.07142857142857142,Yes,0.9285714285714286
69089,69089,50.00,109,19,128,0.8515625,0.1484375,Yes,0.8515625
69090,69090,75.00,244,39,283,0.8621908127208481,0.13780918727915195,Yes,0.8621908127208481
69091,69091,75.00,26,3,29,0.896551724137931,0.10344827586206896,Yes,0.896551724137931
69092,69092,75.00,287,38,325,0.8830769230769231,0.11692307692307692,Yes,0.8830769230769231
69093,69093,99.00,300,45,345,0.8695652173913043,0.13043478260869565,Yes,0.8695652173913043
69094,69094,99.00,244,23,267,0.9138576779026217,0.08614232209737828,Yes,0.9138576779026217
69095,69095,99.00,213,24,237,0.8987341772151899,0.10126582278481013,Yes,0.8987341772151899
69096,69096,99.00,170,25,195,0.8717948717948718,0.1282051282051282,Yes,0.8717948717948718
69097,69097,99.00,7,4,11,0.6363636363636364,0.36363636363636365,Yes,0.6363636363636364
69098,69098,99.00,12,0,12,1.0,0.0,Yes,1.0
69099,69099,99.00,311,62,373,0.8337801608579088,0.16621983914209115,Yes,0.8337801608579088
69100,69100,99.00,251,35,286,0.8776223776223776,0.12237762237762238,Yes,0.8776223776223776
69101,69101,99.00,78,27,105,0.7428571428571429,0.2571428571428571,Yes,0.7428571428571429
69102,69102,99.00,164,29,193,0.8497409326424871,0.15025906735751296,Yes,0.8497409326424871
69103,69103,47.06,0,0,0,0,0,n/a,0
69104,69104,99.00,0,0,0,0,0,n/a,0
69105,69105,99.00,0,0,0,0,0,n/a,0
69106,69106,47.06,0,0,0,0,0,n/a,0
69107,69107,99.00,0,0,0,0,0,n/a,0
69108,69108,99.00,3,0,3,1.0,0.0,Yes,1.0
69109,69109,99.00,11,0,11,1.0,0.0,Yes,1.0
69110,69110,75.00,21,3,24,0.875,0.125,Yes,0.875
69111,69111,99.00,23,2,25,0.92,0.08,Yes,0.92
69112,69112,47.06,30,3,33,0.9090909090909091,0.09090909090909091,Yes,0.9090909090909091
69113,69113,99.00,9,3,12,0.75,0.25,Yes,0.75
69114,69114,47.06,12,1,13,0.9230769230769231,0.07692307692307693,Yes,0.9230769230769231
69115,69115,99.00,267,49,316,0.8449367088607594,0.1550632911392405,Yes,0.8449367088607594
70001,70001,99.00,5,5,10,0.5,0.5,Tie,0.5
70002,70002,99.00,207,35,242,0.8553719008264463,0.1446280991735537,Yes,0.8553719008264463
70003,70003,99.00,3,1,4,0.75,0.25,Yes,0.75
70004,70004,99.00,187,41,228,0.8201754385964912,0.17982456140350878,Yes,0.8201754385964912
70005,70005,99.00,8,1,9,0.8888888888888888,0.1111111111111111,Yes,0.8888888888888888
70006,70006,99.00,9,3,12,0.75,0.25,Yes,0.75
70007,70007,99.00,295,60,355,0.8309859154929577,0.16901408450704225,Yes,0.8309859154929577
70008,70008,99.00,219,74,293,0.7474402730375427,0.2525597269624573,Yes,0.7474402730375427
70009,70009,99.00,303,76,379,0.7994722955145118,0.20052770448548812,Yes,0.7994722955145118
70010,70010,99.00,7,1,8,0.875,0.125,Yes,0.875
70011,70011,99.00,171,28,199,0.8592964824120602,0.1407035175879397,Yes,0.8592964824120602
70012,70012,99.00,151,29,180,0.8388888888888889,0.16111111111111112,Yes,0.8388888888888889
70013,70013,99.00,1,1,2,0.5,0.5,Tie,0.5
70014,70014,99.00,148,22,170,0.8705882352941177,0.12941176470588237,Yes,0.8705882352941177
70015,70015,99.00,5,0,5,1.0,0.0,Yes,1.0
70016,70016,99.00,12,4,16,0.75,0.25,Yes,0.75
70017,70017,99.00,211,36,247,0.854251012145749,0.145748987854251,Yes,0.854251012145749
70018,70018,99.00,7,2,9,0.7777777777777778,0.2222222222222222,Yes,0.7777777777777778
70019,70019,99.00,360,51,411,0.8759124087591241,0.12408759124087591,Yes,0.8759124087591241
70020,70020,99.00,247,46,293,0.8430034129692833,0.15699658703071673,Yes,0.8430034129692833
70021,70021,99.00,195,31,226,0.8628318584070797,0.13716814159292035,Yes,0.8628318584070797
70022,70022,99.00,277,66,343,0.8075801749271136,0.1924198250728863,Yes,0.8075801749271136
70023,70023,99.00,293,50,343,0.8542274052478134,0.1457725947521866,Yes,0.8542274052478134
70024,70024,99.00,207,35,242,0.8553719008264463,0.1446280991735537,Yes,0.8553719008264463
70025,70025,99.00,81,31,112,0.7232142857142857,0.2767857142857143,Yes,0.7232142857142857
70026,70026,99.00,187,34,221,0.8461538461538461,0.15384615384615385,Yes,0.8461538461538461
70027,70027,99.00,137,19,156,0.8782051282051282,0.12179487179487179,Yes,0.8782051282051282
70028,70028,99.00,236,34,270,0.8740740740740741,0.1259259259259259,Yes,0.8740740740740741
70029,70029,99.00,12,2,14,0.8571428571428571,0.14285714285714285,Yes,0.8571428571428571
70030,70030,99.00,0,0,0,0,0,n/a,0
70031,70031,99.00,145,33,178,0.8146067415730337,0.1853932584269663,Yes,0.8146067415730337
70032,70032,99.00,7,1,8,0.875,0.125,Yes,0.875
70033,70033,99.00,122,18,140,0.8714285714285714,0.12857142857142856,Yes,0.8714285714285714
70034,70034,50.00,149,23,172,0.8662790697674418,0.13372093023255813,Yes,0.8662790697674418
70035,70035,50.00,188,28,216,0.8703703703703703,0.12962962962962962,Yes,0.8703703703703703
70036,70036,99.00,138,39,177,0.7796610169491526,0.22033898305084745,Yes,0.7796610169491526
70037,70037,99.00,134,19,153,0.8758169934640523,0.12418300653594772,Yes,0.8758169934640523
70038,70038,99.00,127,28,155,0.8193548387096774,0.18064516129032257,Yes,0.8193548387096774
70039,70039,99.00,4,0,4,1.0,0.0,Yes,1.0
70040,70040,50.00,195,55,250,0.78,0.22,Yes,0.78
70041,70041,50.00,209,57,266,0.7857142857142857,0.21428571428571427,Yes,0.7857142857142857
70042,70042,50.00,196,40,236,0.8305084745762712,0.1694915254237288,Yes,0.8305084745762712
70043,70043,50.00,159,42,201,0.7910447761194029,0.208955223880597,Yes,0.7910447761194029
70044,70044,50.00,187,45,232,0.8060344827586207,0.1939655172413793,Yes,0.8060344827586207
70045,70045,50.00,133,28,161,0.8260869565217391,0.17391304347826086,Yes,0.8260869565217391
70046,70046,99.00,340,94,434,0.783410138248848,0.21658986175115208,Yes,0.783410138248848
70047,70047,99.00,6,0,6,1.0,0.0,Yes,1.0
70048,70048,99.00,177,51,228,0.7763157894736842,0.2236842105263158,Yes,0.7763157894736842
70049,70049,99.00,6,0,6,1.0,0.0,Yes,1.0
70050,70050,99.00,286,57,343,0.8338192419825073,0.1661807580174927,Yes,0.8338192419825073
70051,70051,99.00,12,1,13,0.9230769230769231,0.07692307692307693,Yes,0.9230769230769231
70052,70052,99.00,190,43,233,0.8154506437768241,0.18454935622317598,Yes,0.8154506437768241
70053,70053,99.00,359,81,440,0.8159090909090909,0.18409090909090908,Yes,0.8159090909090909
70054,70054,99.00,17,8,25,0.68,0.32,Yes,0.68
70055,70055,99.00,257,62,319,0.8056426332288401,0.19435736677115986,Yes,0.8056426332288401
70056,70056,99.00,9,3,12,0.75,0.25,Yes,0.75
70057,70057,99.00,8,5,13,0.6153846153846154,0.38461538461538464,Yes,0.6153846153846154
70058,70058,99.00,195,37,232,0.8405172413793104,0.15948275862068967,Yes,0.8405172413793104
70059,70059,99.00,9,0,9,1.0,0.0,Yes,1.0
70060,70060,99.00,128,21,149,0.8590604026845637,0.14093959731543623,Yes,0.8590604026845637
70061,70061,99.00,2,0,2,1.0,0.0,Yes,1.0
70062,70062,99.00,203,42,245,0.8285714285714286,0.17142857142857143,Yes,0.8285714285714286
70063,70063,99.00,143,12,155,0.9225806451612903,0.07741935483870968,Yes,0.9225806451612903
70064,70064,99.00,2,0,2,1.0,0.0,Yes,1.0
70065,70065,99.00,212,16,228,0.9298245614035088,0.07017543859649122,Yes,0.9298245614035088
70066,70066,99.00,131,29,160,0.81875,0.18125,Yes,0.81875
70067,70067,50.00,7,0,7,1.0,0.0,Yes,1.0
70068,70068,99.00,155,19,174,0.8908045977011494,0.10919540229885058,Yes,0.8908045977011494
70069,70069,85.71,107,18,125,0.856,0.144,Yes,0.856
70070,70070,99.00,2,0,2,1.0,0.0,Yes,1.0
70071,70071,99.00,231,37,268,0.8619402985074627,0.13805970149253732,Yes,0.8619402985074627
70072,70072,99.00,1,0,1,1.0,0.0,Yes,1.0
70073,70073,99.00,158,24,182,0.8681318681318682,0.13186813186813187,Yes,0.8681318681318682
70074,70074,99.00,341,48,389,0.8766066838046273,0.12339331619537275,Yes,0.8766066838046273
70075,70075,99.00,7,2,9,0.7777777777777778,0.2222222222222222,Yes,0.7777777777777778
70076,70076,99.00,256,51,307,0.8338762214983714,0.16612377850162866,Yes,0.8338762214983714
70077,70077,99.00,147,32,179,0.8212290502793296,0.1787709497206704,Yes,0.8212290502793296
70078,70078,99.00,1,0,1,1.0,0.0,Yes,1.0
70079,70079,99.00,3,0,3,1.0,0.0,Yes,1.0
70080,70080,85.71,72,10,82,0.8780487804878049,0.12195121951219512,Yes,0.8780487804878049
70081,70081,99.00,131,12,143,0.916083916083916,0.08391608391608392,Yes,0.916083916083916
70082,70082,85.71,2,1,3,0.6666666666666666,0.3333333333333333,Yes,0.6666666666666666
70083,70083,85.71,180,36,216,0.8333333333333334,0.16666666666666666,Yes,0.8333333333333334
70084,70084,99.00,3,0,3,1.0,0.0,Yes,1.0
70085,70085,99.00,294,57,351,0.8376068376068376,0.1623931623931624,Yes,0.8376068376068376
70086,70086,85.71,1,0,1,1.0,0.0,Yes,1.0
70087,70087,85.71,2,0,2,1.0,0.0,Yes,1.0
70088,70088,85.71,169,33,202,0.8366336633663366,0.16336633663366337,Yes,0.8366336633663366
70089,70089,99.00,13,1,14,0.9285714285714286,0.07142857142857142,Yes,0.9285714285714286
70090,70090,85.71,12,2,14,0.8571428571428571,0.14285714285714285,Yes,0.8571428571428571
70091,70091,99.00,263,63,326,0.8067484662576687,0.19325153374233128,Yes,0.8067484662576687
70092,70092,99.00,277,50,327,0.8470948012232415,0.1529051987767584,Yes,0.8470948012232415
70093,70093,99.00,8,1,9,0.8888888888888888,0.1111111111111111,Yes,0.8888888888888888
70094,70094,85.71,0,0,0,0,0,n/a,0
70095,70095,85.71,0,0,0,0,0,n/a,0
70096,70096,85.71,0,0,0,0,0,n/a,0
70097,70097,85.71,0,0,0,0,0,n/a,0
70098,70098,99.00,145,26,171,0.847953216374269,0.15204678362573099,Yes,0.847953216374269
70099,70099,85.71,165,27,192,0.859375,0.140625,Yes,0.859375
70100,70100,99.00,232,45,277,0.8375451263537906,0.1624548736462094,Yes,0.8375451263537906
70101,70101,99.00,12,1,13,0.9230769230769231,0.07692307692307693,Yes,0.9230769230769231
70102,70102,99.00,7,6,13,0.5384615384615384,0.46153846153846156,Yes,0.5384615384615384
70103,70103,99.00,5,1,6,0.8333333333333334,0.16666666666666666,Yes,0.8333333333333334
70104,70104,99.00,3,0,3,1.0,0.0,Yes,1.0
70105,70105,99.00,14,0,14,1.0,0.0,Yes,1.0
70106,70106,99.00,7,1,8,0.875,0.125,Yes,0.875
70107,70107,99.00,8,1,9,0.8888888888888888,0.1111111111111111,Yes,0.8888888888888888
70108,70108,99.00,196,44,240,0.8166666666666667,0.18333333333333332,Yes,0.8166666666666667
70109,70109,85.71,2,0,2,1.0,0.0,Yes,1.0
70110,70110,99.00,6,0,6,1.0,0.0,Yes,1.0
70111,70111,99.00,4,0,4,1.0,0.0,Yes,1.0
71001,71001,99.00,130,20,150,0.8666666666666667,0.13333333333333333,Yes,0.8666666666666667
71002,71002,99.00,86,19,105,0.819047619047619,0.18095238095238095,Yes,0.819047619047619
71003,71003,99.00,5,0,5,1.0,0.0,Yes,1.0
71004,71004,99.00,137,32,169,0.8106508875739645,0.1893491124260355,Yes,0.8106508875739645
71005,71005,99.00,166,33,199,0.8341708542713567,0.1658291457286432,Yes,0.8341708542713567
71006,71006,99.00,126,17,143,0.8811188811188811,0.11888111888111888,Yes,0.8811188811188811
71007,71007,99.00,3,1,4,0.75,0.25,Yes,0.75
71008,71008,99.00,234,49,283,0.8268551236749117,0.17314487632508835,Yes,0.8268551236749117
71009,71009,99.00,15,2,17,0.8823529411764706,0.11764705882352941,Yes,0.8823529411764706
71010,71010,99.00,187,42,229,0.8165938864628821,0.18340611353711792,Yes,0.8165938864628821
71011,71011,99.00,92,21,113,0.8141592920353983,0.18584070796460178,Yes,0.8141592920353983
71012,71012,99.00,199,48,247,0.805668016194332,0.19433198380566802,Yes,0.805668016194332
71013,71013,99.00,187,28,215,0.8697674418604651,0.13023255813953488,Yes,0.8697674418604651
71014,71014,99.00,13,1,14,0.9285714285714286,0.07142857142857142,Yes,0.9285714285714286
71015,71015,99.00,5,0,5,1.0,0.0,Yes,1.0
71016,71016,99.00,80,25,105,0.7619047619047619,0.23809523809523808,Yes,0.7619047619047619
71017,71017,99.00,5,3,8,0.625,0.375,Yes,0.625
71018,71018,99.00,192,62,254,0.7559055118110236,0.2440944881889764,Yes,0.7559055118110236
71019,71019,99.00,240,65,305,0.7868852459016393,0.21311475409836064,Yes,0.7868852459016393
71020,71020,99.00,222,53,275,0.8072727272727273,0.19272727272727272,Yes,0.8072727272727273
71021,71021,99.00,11,2,13,0.8461538461538461,0.15384615384615385,Yes,0.8461538461538461
71022,71022,99.00,218,48,266,0.8195488721804511,0.18045112781954886,Yes,0.8195488721804511
71023,71023,99.00,129,25,154,0.8376623376623377,0.16233766233766234,Yes,0.8376623376623377
71024,71024,99.00,255,62,317,0.804416403785489,0.19558359621451105,Yes,0.804416403785489
71025,71025,99.00,94,24,118,0.7966101694915254,0.2033898305084746,Yes,0.7966101694915254
71026,71026,99.00,243,35,278,0.8741007194244604,0.12589928057553956,Yes,0.8741007194244604
71027,71027,99.00,12,1,13,0.9230769230769231,0.07692307692307693,Yes,0.9230769230769231
71028,71028,99.00,91,20,111,0.8198198198198198,0.18018018018018017,Yes,0.8198198198198198
71029,71029,99.00,10,1,11,0.9090909090909091,0.09090909090909091,Yes,0.9090909090909091
71030,71030,99.00,235,35,270,0.8703703703703703,0.12962962962962962,Yes,0.8703703703703703
71031,71031,99.00,296,42,338,0.8757396449704142,0.1242603550295858,Yes,0.8757396449704142
71032,71032,99.00,294,47,341,0.8621700879765396,0.1378299120234604,Yes,0.8621700879765396
71033,71033,99.00,148,29,177,0.8361581920903954,0.1638418079096045,Yes,0.8361581920903954
71034,71034,99.00,7,0,7,1.0,0.0,Yes,1.0
71035,71035,99.00,3,0,3,1.0,0.0,Yes,1.0
71036,71036,99.00,221,53,274,0.8065693430656934,0.19343065693430658,Yes,0.8065693430656934
71037,71037,99.00,1,2,3,0.3333333333333333,0.6666666666666666,No,0.6666666666666666
71038,71038,99.00,84,19,103,0.8155339805825242,0.18446601941747573,Yes,0.8155339805825242
71039,71039,99.00,2,1,3,0.6666666666666666,0.3333333333333333,Yes,0.6666666666666666
71040,71040,99.00,4,1,5,0.8,0.2,Yes,0.8
71041,71041,99.00,359,50,409,0.8777506112469438,0.12224938875305623,Yes,0.8777506112469438
71042,71042,99.00,209,79,288,0.7256944444444444,0.2743055555555556,Yes,0.7256944444444444
71043,71043,99.00,141,30,171,0.8245614035087719,0.17543859649122806,Yes,0.8245614035087719
71044,71044,99.00,9,0,9,1.0,0.0,Yes,1.0
71045,71045,99.00,195,27,222,0.8783783783783784,0.12162162162162163,Yes,0.8783783783783784
71046,71046,99.00,101,20,121,0.8347107438016529,0.1652892561983471,Yes,0.8347107438016529
71047,71047,99.00,287,74,361,0.7950138504155124,0.20498614958448755,Yes,0.7950138504155124
71048,71048,99.00,135,27,162,0.8333333333333334,0.16666666666666666,Yes,0.8333333333333334
71049,71049,99.00,77,9,86,0.8953488372093024,0.10465116279069768,Yes,0.8953488372093024
71050,71050,99.00,1,0,1,1.0,0.0,Yes,1.0
71051,71051,99.00,0,0,0,0,0,n/a,0
71052,71052,99.00,102,14,116,0.8793103448275862,0.1206896551724138,Yes,0.8793103448275862
71053,71053,99.00,4,1,5,0.8,0.2,Yes,0.8
71054,71054,99.00,1,0,1,1.0,0.0,Yes,1.0
71055,71055,99.00,107,14,121,0.8842975206611571,0.11570247933884298,Yes,0.8842975206611571
71056,71056,99.00,1,0,1,1.0,0.0,Yes,1.0
71057,71057,99.00,195,30,225,0.8666666666666667,0.13333333333333333,Yes,0.8666666666666667
71058,71058,99.00,44,12,56,0.7857142857142857,0.21428571428571427,Yes,0.7857142857142857
71059,71059,99.00,127,13,140,0.9071428571428571,0.09285714285714286,Yes,0.9071428571428571
71060,71060,99.00,118,27,145,0.8137931034482758,0.18620689655172415,Yes,0.8137931034482758
71061,71061,99.00,4,0,4,1.0,0.0,Yes,1.0
71062,71062,99.00,106,13,119,0.8907563025210085,0.1092436974789916,Yes,0.8907563025210085
71063,71063,99.00,183,16,199,0.9195979899497487,0.08040201005025126,Yes,0.9195979899497487
71064,71064,99.00,4,1,5,0.8,0.2,Yes,0.8
71065,71065,99.00,140,24,164,0.8536585365853658,0.14634146341463414,Yes,0.8536585365853658
71066,71066,99.00,165,25,190,0.868421052631579,0.13157894736842105,Yes,0.868421052631579
71067,71067,99.00,129,27,156,0.8269230769230769,0.17307692307692307,Yes,0.8269230769230769
71068,71068,99.00,121,24,145,0.8344827586206897,0.16551724137931034,Yes,0.8344827586206897
71069,71069,99.00,3,0,3,1.0,0.0,Yes,1.0
71070,71070,99.00,193,26,219,0.8812785388127854,0.1187214611872146,Yes,0.8812785388127854
71071,71071,99.00,10,3,13,0.7692307692307693,0.23076923076923078,Yes,0.7692307692307693
71072,71072,99.00,230,45,275,0.8363636363636363,0.16363636363636364,Yes,0.8363636363636363
71073,71073,99.00,12,1,13,0.9230769230769231,0.07692307692307693,Yes,0.9230769230769231
71074,71074,99.00,279,27,306,0.9117647058823529,0.08823529411764706,Yes,0.9117647058823529
71075,71075,99.00,285,44,329,0.8662613981762918,0.1337386018237082,Yes,0.8662613981762918
71076,71076,99.00,4,0,4,1.0,0.0,Yes,1.0
71077,71077,99.00,495,63,558,0.8870967741935484,0.11290322580645161,Yes,0.8870967741935484
71078,71078,99.00,10,2,12,0.8333333333333334,0.16666666666666666,Yes,0.8333333333333334
71079,71079,99.00,425,66,491,0.8655804480651731,0.13441955193482688,Yes,0.8655804480651731
71080,71080,99.00,4,0,4,1.0,0.0,Yes,1.0
71081,71081,99.00,347,64,411,0.8442822384428224,0.15571776155717762,Yes,0.8442822384428224
71082,71082,99.00,8,2,10,0.8,0.2,Yes,0.8
71083,71083,99.00,337,46,383,0.8798955613577023,0.12010443864229765,Yes,0.8798955613577023
71084,71084,99.00,8,0,8,1.0,0.0,Yes,1.0
71085,71085,99.00,370,64,434,0.8525345622119815,0.14746543778801843,Yes,0.8525345622119815
71086,71086,99.00,0,0,0,0,0,n/a,0
71087,71087,99.00,128,31,159,0.8050314465408805,0.1949685534591195,Yes,0.8050314465408805
71088,71088,99.00,0,0,0,0,0,n/a,0
71089,71089,99.00,162,19,181,0.8950276243093923,0.10497237569060773,Yes,0.8950276243093923
71090,71090,99.00,78,17,95,0.8210526315789474,0.17894736842105263,Yes,0.8210526315789474
71091,71091,99.00,0,0,0,0,0,n/a,0
71092,71092,99.00,3,0,3,1.0,0.0,Yes,1.0
71093,71093,99.00,5,1,6,0.8333333333333334,0.16666666666666666,Yes,0.8333333333333334
71094,71094,99.00,0,0,0,0,0,n/a,0
71095,71095,99.00,0,0,0,0,0,n/a,0
71096,71096,99.00,0,0,0,0,0,n/a,0
71097,71097,99.00,9,2,11,0.8181818181818182,0.18181818181818182,Yes,0.8181818181818182
71098,71098,99.00,5,2,7,0.7142857142857143,0.2857142857142857,Yes,0.7142857142857143
71099,71099,99.00,4,1,5,0.8,0.2,Yes,0.8
71100,71100,99.00,2,0,2,1.0,0.0,Yes,1.0
71101,71101,99.00,0,0,0,0,0,n/a,0
71102,71102,99.00,8,1,9,0.8888888888888888,0.1111111111111111,Yes,0.8888888888888888
71103,71103,99.00,183,33,216,0.8472222222222222,0.1527777777777778,Yes,0.8472222222222222
71104,71104,99.00,1,1,2,0.5,0.5,Tie,0.5
71105,71105,99.00,190,42,232,0.8189655172413793,0.1810344827586207,Yes,0.8189655172413793
71106,71106,99.00,4,1,5,0.8,0.2,Yes,0.8
71107,71107,99.00,232,51,283,0.8197879858657244,0.18021201413427562,Yes,0.8197879858657244
71108,71108,99.00,0,0,0,0,0,n/a,0
71109,71109,99.00,156,33,189,0.8253968253968254,0.1746031746031746,Yes,0.8253968253968254
72001,72001,99.00,85,23,108,0.7870370370370371,0.21296296296296297,Yes,0.7870370370370371
72002,72002,99.00,142,19,161,0.8819875776397516,0.11801242236024845,Yes,0.8819875776397516
72003,72003,99.00,59,10,69,0.855072463768116,0.14492753623188406,Yes,0.855072463768116
72004,72004,99.00,114,9,123,0.926829268292683,0.07317073170731707,Yes,0.926829268292683
72005,72005,99.00,4,0,4,1.0,0.0,Yes,1.0
72006,72006,99.00,0,0,0,0,0,n/a,0
72007,72007,99.00,60,15,75,0.8,0.2,Yes,0.8
72008,72008,99.00,4,1,5,0.8,0.2,Yes,0.8
72009,72009,99.00,53,15,68,0.7794117647058824,0.22058823529411764,Yes,0.7794117647058824
72010,72010,99.00,121,21,142,0.852112676056338,0.14788732394366197,Yes,0.852112676056338
72011,72011,99.00,3,1,4,0.75,0.25,Yes,0.75
72012,72012,99.00,47,10,57,0.8245614035087719,0.17543859649122806,Yes,0.8245614035087719
72013,72013,99.00,102,13,115,0.8869565217391304,0.11304347826086956,Yes,0.8869565217391304
72014,72014,99.00,7,0,7,1.0,0.0,Yes,1.0
72015,72015,99.00,133,27,160,0.83125,0.16875,Yes,0.83125
72016,72016,99.00,0,0,0,0,0,n/a,0
72017,72017,99.00,193,49,242,0.7975206611570248,0.2024793388429752,Yes,0.7975206611570248
72018,72018,99.00,11,1,12,0.9166666666666666,0.08333333333333333,Yes,0.9166666666666666
72019,72019,99.00,256,48,304,0.8421052631578947,0.15789473684210525,Yes,0.8421052631578947
72020,72020,99.00,132,31,163,0.8098159509202454,0.1901840490797546,Yes,0.8098159509202454
72021,72021,99.00,116,11,127,0.9133858267716536,0.08661417322834646,Yes,0.9133858267716536
72022,72022,99.00,67,16,83,0.8072289156626506,0.1927710843373494,Yes,0.8072289156626506
72023,72023,99.00,127,23,150,0.8466666666666667,0.15333333333333332,Yes,0.8466666666666667
72024,72024,33.33,73,7,80,0.9125,0.0875,Yes,0.9125
72025,72025,33.33,1,0,1,1.0,0.0,Yes,1.0
72026,72026,99.00,106,29,135,0.7851851851851852,0.21481481481481482,Yes,0.7851851851851852
72027,72027,33.33,9,0,9,1.0,0.0,Yes,1.0
72028,72028,99.00,4,3,7,0.5714285714285714,0.42857142857142855,Yes,0.5714285714285714
72029,72029,99.00,162,25,187,0.8663101604278075,0.13368983957219252,Yes,0.8663101604278075
72030,72030,33.33,102,16,118,0.864406779661017,0.13559322033898305,Yes,0.864406779661017
72031,72031,99.00,72,14,86,0.8372093023255814,0.16279069767441862,Yes,0.8372093023255814
72032,72032,0.00,14,0,14,1.0,0.0,Yes,1.0
72033,72033,99.00,5,0,5,1.0,0.0,Yes,1.0
72034,72034,33.33,4,0,4,1.0,0.0,Yes,1.0
72035,72035,33.33,77,15,92,0.8369565217391305,0.16304347826086957,Yes,0.8369565217391305
72036,72036,0.00,12,1,13,0.9230769230769231,0.07692307692307693,Yes,0.9230769230769231
72037,72037,99.00,7,1,8,0.875,0.125,Yes,0.875
72038,72038,99.00,168,33,201,0.835820895522388,0.16417910447761194,Yes,0.835820895522388
72039,72039,80.00,8,0,8,1.0,0.0,Yes,1.0
72040,72040,80.00,178,26,204,0.8725490196078431,0.12745098039215685,Yes,0.8725490196078431
72041,72041,99.00,272,48,320,0.85,0.15,Yes,0.85
72042,72042,99.00,141,21,162,0.8703703703703703,0.12962962962962962,Yes,0.8703703703703703
72043,72043,80.00,96,15,111,0.8648648648648649,0.13513513513513514,Yes,0.8648648648648649
72044,72044,80.00,109,20,129,0.8449612403100775,0.15503875968992248,Yes,0.8449612403100775
72045,72045,80.00,6,0,6,1.0,0.0,Yes,1.0
72046,72046,80.00,168,21,189,0.8888888888888888,0.1111111111111111,Yes,0.8888888888888888
72047,72047,99.00,243,36,279,0.8709677419354839,0.12903225806451613,Yes,0.8709677419354839
72048,72048,99.00,75,6,81,0.9259259259259259,0.07407407407407407,Yes,0.9259259259259259
72049,72049,99.00,138,23,161,0.8571428571428571,0.14285714285714285,Yes,0.8571428571428571
72050,72050,99.00,85,19,104,0.8173076923076923,0.18269230769230768,Yes,0.8173076923076923
72051,72051,99.00,3,1,4,0.75,0.25,Yes,0.75
72052,72052,99.00,60,22,82,0.7317073170731707,0.2682926829268293,Yes,0.7317073170731707
72053,72053,99.00,122,26,148,0.8243243243243243,0.17567567567567569,Yes,0.8243243243243243
72054,72054,99.00,3,0,3,1.0,0.0,Yes,1.0
72055,72055,99.00,95,20,115,0.8260869565217391,0.17391304347826086,Yes,0.8260869565217391
72056,72056,99.00,118,28,146,0.8082191780821918,0.1917808219178082,Yes,0.8082191780821918
72057,72057,99.00,7,4,11,0.6363636363636364,0.36363636363636365,Yes,0.6363636363636364
72058,72058,99.00,390,55,445,0.8764044943820225,0.12359550561797752,Yes,0.8764044943820225
72059,72059,99.00,4,0,4,1.0,0.0,Yes,1.0
72060,72060,99.00,211,40,251,0.8406374501992032,0.1593625498007968,Yes,0.8406374501992032
72061,72061,99.00,3,1,4,0.75,0.25,Yes,0.75
72062,72062,99.00,6,0,6,1.0,0.0,Yes,1.0
72063,72063,99.00,142,24,166,0.8554216867469879,0.14457831325301204,Yes,0.8554216867469879
72064,72064,99.00,267,54,321,0.8317757009345794,0.16822429906542055,Yes,0.8317757009345794
72065,72065,99.00,106,17,123,0.8617886178861789,0.13821138211382114,Yes,0.8617886178861789
72066,72066,99.00,397,68,465,0.853763440860215,0.14623655913978495,Yes,0.853763440860215
72067,72067,99.00,7,2,9,0.7777777777777778,0.2222222222222222,Yes,0.7777777777777778
72068,72068,99.00,306,50,356,0.8595505617977528,0.1404494382022472,Yes,0.8595505617977528
72069,72069,99.00,188,50,238,0.7899159663865546,0.21008403361344538,Yes,0.7899159663865546
72070,72070,99.00,157,27,184,0.8532608695652174,0.14673913043478262,Yes,0.8532608695652174
72071,72071,99.00,82,26,108,0.7592592592592593,0.24074074074074073,Yes,0.7592592592592593
72072,72072,99.00,0,0,0,0,0,n/a,0
72073,72073,99.00,8,0,8,1.0,0.0,Yes,1.0
72074,72074,0.00,1,0,1,1.0,0.0,Yes,1.0
72075,72075,0.00,4,3,7,0.5714285714285714,0.42857142857142855,Yes,0.5714285714285714
72076,72076,80.00,4,0,4,1.0,0.0,Yes,1.0
72077,72077,99.00,84,13,97,0.865979381443299,0.13402061855670103,Yes,0.865979381443299
72078,72078,99.00,3,0,3,1.0,0.0,Yes,1.0
72079,72079,99.00,1,1,2,0.5,0.5,Tie,0.5
72080,72080,99.00,0,0,0,0,0,n/a,0
72081,72081,99.00,0,0,0,0,0,n/a,0
72082,72082,99.00,0,0,0,0,0,n/a,0
72083,72083,99.00,0,0,0,0,0,n/a,0
72084,72084,99.00,0,0,0,0,0,n/a,0
72085,72085,99.00,0,0,0,0,0,n/a,0
72086,72086,99.00,54,14,68,0.7941176470588235,0.20588235294117646,Yes,0.7941176470588235
72087,72087,33.33,67,8,75,0.8933333333333333,0.10666666666666667,Yes,0.8933333333333333
72088,72088,33.33,4,0,4,1.0,0.0,Yes,1.0
72089,72089,99.00,3,0,3,1.0,0.0,Yes,1.0
72090,72090,99.00,7,0,7,1.0,0.0,Yes,1.0
72091,72091,99.00,4,4,8,0.5,0.5,Tie,0.5
72092,72092,99.00,2,0,2,1.0,0.0,Yes,1.0
72093,72093,99.00,169,16,185,0.9135135135135135,0.08648648648648649,Yes,0.9135135135135135
72094,72094,99.00,132,13,145,0.9103448275862069,0.0896551724137931,Yes,0.9103448275862069
72095,72095,99.00,2,0,2,1.0,0.0,Yes,1.0
72096,72096,99.00,0,0,0,0,0,n/a,0
72097,72097,99.00,28,4,32,0.875,0.125,Yes,0.875
73001,73001,53.85,136,42,178,0.7640449438202247,0.23595505617977527,Yes,0.7640449438202247
73002,73002,53.85,16,9,25,0.64,0.36,Yes,0.64
73003,73003,53.85,160,35,195,0.8205128205128205,0.1794871794871795,Yes,0.8205128205128205
73004,73004,99.00,165,58,223,0.7399103139013453,0.2600896860986547,Yes,0.7399103139013453
73005,73005,99.00,29,5,34,0.8529411764705882,0.14705882352941177,Yes,0.8529411764705882
73006,73006,99.00,92,34,126,0.7301587301587301,0.2698412698412698,Yes,0.7301587301587301
73007,73007,99.00,169,58,227,0.7444933920704846,0.2555066079295154,Yes,0.7444933920704846
73008,73008,99.00,2,0,2,1.0,0.0,Yes,1.0
73009,73009,53.85,138,39,177,0.7796610169491526,0.22033898305084745,Yes,0.7796610169491526
73010,73010,53.85,174,36,210,0.8285714285714286,0.17142857142857143,Yes,0.8285714285714286
73011,73011,53.85,176,46,222,0.7927927927927928,0.2072072072072072,Yes,0.7927927927927928
73012,73012,99.00,142,48,190,0.7473684210526316,0.25263157894736843,Yes,0.7473684210526316
73013,73013,50.00,101,32,133,0.7593984962406015,0.24060150375939848,Yes,0.7593984962406015
73014,73014,91.67,155,36,191,0.8115183246073299,0.18848167539267016,Yes,0.8115183246073299
73015,73015,91.67,11,0,11,1.0,0.0,Yes,1.0
73016,73016,99.00,134,47,181,0.7403314917127072,0.2596685082872928,Yes,0.7403314917127072
73017,73017,99.00,3,1,4,0.75,0.25,Yes,0.75
73018,73018,99.00,16,5,21,0.7619047619047619,0.23809523809523808,Yes,0.7619047619047619
73019,73019,99.00,80,23,103,0.7766990291262136,0.22330097087378642,Yes,0.7766990291262136
73020,73020,99.00,0,0,0,0,0,n/a,0
73021,73021,99.00,142,71,213,0.6666666666666666,0.3333333333333333,Yes,0.6666666666666666
73022,73022,99.00,24,2,26,0.9230769230769231,0.07692307692307693,Yes,0.9230769230769231
73023,73023,99.00,213,60,273,0.7802197802197802,0.21978021978021978,Yes,0.7802197802197802
73024,73024,0.00,6,4,10,0.6,0.4,Yes,0.6
73025,73025,99.00,16,5,21,0.7619047619047619,0.23809523809523808,Yes,0.7619047619047619
73026,73026,99.00,184,79,263,0.6996197718631179,0.30038022813688214,Yes,0.6996197718631179
73027,73027,91.67,13,5,18,0.7222222222222222,0.2777777777777778,Yes,0.7222222222222222
73028,73028,91.67,150,55,205,0.7317073170731707,0.2682926829268293,Yes,0.7317073170731707
73029,73029,91.67,197,62,259,0.7606177606177607,0.23938223938223938,Yes,0.7606177606177607
73030,73030,99.00,189,58,247,0.7651821862348178,0.23481781376518218,Yes,0.7651821862348178
73031,73031,99.00,23,3,26,0.8846153846153846,0.11538461538461539,Yes,0.8846153846153846
73032,73032,91.67,9,2,11,0.8181818181818182,0.18181818181818182,Yes,0.8181818181818182
73033,73033,91.67,120,43,163,0.7361963190184049,0.26380368098159507,Yes,0.7361963190184049
73034,73034,91.67,7,3,10,0.7,0.3,Yes,0.7
73035,73035,91.67,195,106,301,0.6478405315614618,0.3521594684385382,Yes,0.6478405315614618
73036,73036,91.67,198,67,265,0.7471698113207547,0.2528301886792453,Yes,0.7471698113207547
73037,73037,91.67,9,1,10,0.9,0.1,Yes,0.9
73038,73038,91.67,101,31,132,0.7651515151515151,0.23484848484848486,Yes,0.7651515151515151
73039,73039,91.67,112,33,145,0.7724137931034483,0.22758620689655173,Yes,0.7724137931034483
73040,73040,91.67,3,2,5,0.6,0.4,Yes,0.6
73041,73041,91.67,229,75,304,0.7532894736842105,0.24671052631578946,Yes,0.7532894736842105
73042,73042,99.00,4,3,7,0.5714285714285714,0.42857142857142855,Yes,0.5714285714285714
73043,73043,99.00,118,34,152,0.7763157894736842,0.2236842105263158,Yes,0.7763157894736842
73044,73044,99.00,15,2,17,0.8823529411764706,0.11764705882352941,Yes,0.8823529411764706
73045,73045,99.00,50,24,74,0.6756756756756757,0.32432432432432434,Yes,0.6756756756756757
73046,73046,99.00,27,20,47,0.574468085106383,0.425531914893617,Yes,0.574468085106383
73047,73047,91.67,111,33,144,0.7708333333333334,0.22916666666666666,Yes,0.7708333333333334
73048,73048,91.67,8,2,10,0.8,0.2,Yes,0.8
73049,73049,50.00,79,16,95,0.8315789473684211,0.16842105263157894,Yes,0.8315789473684211
73050,73050,99.00,132,52,184,0.717391304347826,0.2826086956521739,Yes,0.717391304347826
73051,73051,99.00,76,39,115,0.6608695652173913,0.3391304347826087,Yes,0.6608695652173913
73052,73052,99.00,7,7,14,0.5,0.5,Tie,0.5
73053,73053,99.00,130,65,195,0.6666666666666666,0.3333333333333333,Yes,0.6666666666666666
73054,73054,99.00,159,69,228,0.6973684210526315,0.3026315789473684,Yes,0.6973684210526315
73055,73055,99.00,24,3,27,0.8888888888888888,0.1111111111111111,Yes,0.8888888888888888
73056,73056,99.00,84,48,132,0.6363636363636364,0.36363636363636365,Yes,0.6363636363636364
73057,73057,99.00,161,57,218,0.7385321100917431,0.26146788990825687,Yes,0.7385321100917431
73058,73058,99.00,12,6,18,0.6666666666666666,0.3333333333333333,Yes,0.6666666666666666
73059,73059,99.00,29,9,38,0.7631578947368421,0.23684210526315788,Yes,0.7631578947368421
73060,73060,99.00,20,9,29,0.6896551724137931,0.3103448275862069,Yes,0.6896551724137931
73061,73061,99.00,130,47,177,0.7344632768361582,0.2655367231638418,Yes,0.7344632768361582
73062,73062,99.00,130,49,179,0.7262569832402235,0.2737430167597765,Yes,0.7262569832402235
73063,73063,99.00,96,41,137,0.7007299270072993,0.29927007299270075,Yes,0.7007299270072993
73064,73064,99.00,37,10,47,0.7872340425531915,0.2127659574468085,Yes,0.7872340425531915
73065,73065,46.67,207,81,288,0.71875,0.28125,Yes,0.71875
73066,73066,99.00,31,5,36,0.8611111111111112,0.1388888888888889,Yes,0.8611111111111112
73067,73067,99.00,136,61,197,0.6903553299492385,0.3096446700507614,Yes,0.6903553299492385
73068,73068,46.67,159,45,204,0.7794117647058824,0.22058823529411764,Yes,0.7794117647058824
73069,73069,46.67,122,64,186,0.6559139784946236,0.34408602150537637,Yes,0.6559139784946236
73070,73070,46.67,33,8,41,0.8048780487804879,0.1951219512195122,Yes,0.8048780487804879
73071,73071,99.00,126,64,190,0.6631578947368421,0.3368421052631579,Yes,0.6631578947368421
73072,73072,99.00,4,2,6,0.6666666666666666,0.3333333333333333,Yes,0.6666666666666666
73073,73073,99.00,16,2,18,0.8888888888888888,0.1111111111111111,Yes,0.8888888888888888
73074,73074,99.00,230,89,319,0.7210031347962382,0.27899686520376177,Yes,0.7210031347962382
73075,73075,90.00,138,50,188,0.7340425531914894,0.26595744680851063,Yes,0.7340425531914894
73076,73076,0.00,13,9,22,0.5909090909090909,0.4090909090909091,Yes,0.5909090909090909
73077,73077,99.00,164,64,228,0.7192982456140351,0.2807017543859649,Yes,0.7192982456140351
73078,73078,0.00,20,6,26,0.7692307692307693,0.23076923076923078,Yes,0.7692307692307693
73079,73079,0.00,22,6,28,0.7857142857142857,0.21428571428571427,Yes,0.7857142857142857
73080,73080,0.00,19,1,20,0.95,0.05,Yes,0.95
73081,73081,0.00,11,3,14,0.7857142857142857,0.21428571428571427,Yes,0.7857142857142857
73082,73082,0.00,17,3,20,0.85,0.15,Yes,0.85
73083,73083,0.00,21,6,27,0.7777777777777778,0.2222222222222222,Yes,0.7777777777777778
73084,73084,0.00,15,1,16,0.9375,0.0625,Yes,0.9375
73085,73085,0.00,15,4,19,0.7894736842105263,0.21052631578947367,Yes,0.7894736842105263
73086,73086,0.00,16,3,19,0.8421052631578947,0.15789473684210525,Yes,0.8421052631578947
73087,73087,0.00,11,2,13,0.8461538461538461,0.15384615384615385,Yes,0.8461538461538461
73088,73088,99.00,174,55,229,0.759825327510917,0.24017467248908297,Yes,0.759825327510917
73089,73089,50.00,7,1,8,0.875,0.125,Yes,0.875
73090,73090,99.00,333,144,477,0.6981132075471698,0.3018867924528302,Yes,0.6981132075471698
73091,73091,99.00,4,2,6,0.6666666666666666,0.3333333333333333,Yes,0.6666666666666666
73092,73092,0.00,3,0,3,1.0,0.0,Yes,1.0
73093,73093,99.00,279,84,363,0.768595041322314,0.23140495867768596,Yes,0.768595041322314
73094,73094,99.00,6,0,6,1.0,0.0,Yes,1.0
73095,73095,0.00,23,2,25,0.92,0.08,Yes,0.92
73096,73096,99.00,17,2,19,0.8947368421052632,0.10526315789473684,Yes,0.8947368421052632
73097,73097,0.00,12,5,17,0.7058823529411765,0.29411764705882354,Yes,0.7058823529411765
73098,73098,0.00,16,2,18,0.8888888888888888,0.1111111111111111,Yes,0.8888888888888888
73099,73099,90.00,17,4,21,0.8095238095238095,0.19047619047619047,Yes,0.8095238095238095
73100,73100,91.67,132,55,187,0.7058823529411765,0.29411764705882354,Yes,0.7058823529411765
73101,73101,91.67,2,4,6,0.3333333333333333,0.6666666666666666,No,0.6666666666666666
73102,73102,99.00,158,57,215,0.7348837209302326,0.2651162790697674,Yes,0.7348837209302326
73103,73103,99.00,8,4,12,0.6666666666666666,0.3333333333333333,Yes,0.6666666666666666
73104,73104,99.00,198,80,278,0.7122302158273381,0.28776978417266186,Yes,0.7122302158273381
73105,73105,99.00,15,11,26,0.5769230769230769,0.4230769230769231,Yes,0.5769230769230769
73106,73106,99.00,117,27,144,0.8125,0.1875,Yes,0.8125
73107,73107,99.00,102,18,120,0.85,0.15,Yes,0.85
74001,74001,99.00,29,12,41,0.7073170731707317,0.2926829268292683,Yes,0.7073170731707317
74002,74002,66.67,79,18,97,0.8144329896907216,0.18556701030927836,Yes,0.8144329896907216
74003,74003,66.67,2,1,3,0.6666666666666666,0.3333333333333333,Yes,0.6666666666666666
74004,74004,66.67,0,0,0,0,0,n/a,0
74005,74005,66.67,78,18,96,0.8125,0.1875,Yes,0.8125
74006,74006,99.00,1,0,1,1.0,0.0,Yes,1.0
74007,74007,66.67,117,19,136,0.8602941176470589,0.13970588235294118,Yes,0.8602941176470589
74008,74008,99.00,145,23,168,0.8630952380952381,0.13690476190476192,Yes,0.8630952380952381
74009,74009,99.00,2,1,3,0.6666666666666666,0.3333333333333333,Yes,0.6666666666666666
74010,74010,99.00,189,20,209,0.9043062200956937,0.09569377990430622,Yes,0.9043062200956937
74011,74011,99.00,92,17,109,0.8440366972477065,0.1559633027522936,Yes,0.8440366972477065
74012,74012,99.00,2,0,2,1.0,0.0,Yes,1.0
74013,74013,99.00,118,17,135,0.8740740740740741,0.1259259259259259,Yes,0.8740740740740741
74014,74014,99.00,100,16,116,0.8620689655172413,0.13793103448275862,Yes,0.8620689655172413
74015,74015,99.00,5,2,7,0.7142857142857143,0.2857142857142857,Yes,0.7142857142857143
74016,74016,99.00,7,1,8,0.875,0.125,Yes,0.875
74017,74017,99.00,80,9,89,0.898876404494382,0.10112359550561797,Yes,0.898876404494382
74018,74018,99.00,1,0,1,1.0,0.0,Yes,1.0
74019,74019,99.00,281,78,359,0.7827298050139275,0.21727019498607242,Yes,0.7827298050139275
74020,74020,99.00,6,1,7,0.8571428571428571,0.14285714285714285,Yes,0.8571428571428571
74021,74021,99.00,161,22,183,0.8797814207650273,0.12021857923497267,Yes,0.8797814207650273
74022,74022,99.00,268,30,298,0.8993288590604027,0.10067114093959731,Yes,0.8993288590604027
74023,74023,99.00,148,26,174,0.8505747126436781,0.14942528735632185,Yes,0.8505747126436781
74024,74024,99.00,4,1,5,0.8,0.2,Yes,0.8
74025,74025,99.00,76,11,87,0.8735632183908046,0.12643678160919541,Yes,0.8735632183908046
74026,74026,99.00,2,0,2,1.0,0.0,Yes,1.0
74027,74027,99.00,96,30,126,0.7619047619047619,0.23809523809523808,Yes,0.7619047619047619
74028,74028,99.00,0,0,0,0,0,n/a,0
74029,74029,99.00,89,20,109,0.8165137614678899,0.1834862385321101,Yes,0.8165137614678899
74030,74030,99.00,2,1,3,0.6666666666666666,0.3333333333333333,Yes,0.6666666666666666
74031,74031,99.00,141,76,217,0.6497695852534562,0.35023041474654376,Yes,0.6497695852534562
74032,74032,99.00,270,42,312,0.8653846153846154,0.1346153846153846,Yes,0.8653846153846154
74033,74033,99.00,181,28,209,0.8660287081339713,0.1339712918660287,Yes,0.8660287081339713
74034,74034,99.00,155,32,187,0.8288770053475936,0.1711229946524064,Yes,0.8288770053475936
74035,74035,99.00,126,27,153,0.8235294117647058,0.17647058823529413,Yes,0.8235294117647058
74036,74036,99.00,73,10,83,0.8795180722891566,0.12048192771084337,Yes,0.8795180722891566
74037,74037,99.00,6,2,8,0.75,0.25,Yes,0.75
74038,74038,99.00,7,1,8,0.875,0.125,Yes,0.875
74039,74039,99.00,252,95,347,0.7262247838616714,0.2737752161383285,Yes,0.7262247838616714
74040,74040,99.00,191,55,246,0.7764227642276422,0.22357723577235772,Yes,0.7764227642276422
74041,74041,99.00,180,50,230,0.782608695652174,0.21739130434782608,Yes,0.782608695652174
74042,74042,99.00,22,1,23,0.9565217391304348,0.043478260869565216,Yes,0.9565217391304348
74043,74043,99.00,373,116,489,0.7627811860940695,0.23721881390593047,Yes,0.7627811860940695
74044,74044,99.00,27,1,28,0.9642857142857143,0.03571428571428571,Yes,0.9642857142857143
74045,74045,99.00,201,54,255,0.788235294117647,0.21176470588235294,Yes,0.788235294117647
74046,74046,99.00,284,71,355,0.8,0.2,Yes,0.8
74047,74047,99.00,190,57,247,0.7692307692307693,0.23076923076923078,Yes,0.7692307692307693
74048,74048,99.00,22,4,26,0.8461538461538461,0.15384615384615385,Yes,0.8461538461538461
74049,74049,99.00,295,103,398,0.7412060301507538,0.25879396984924624,Yes,0.7412060301507538
74050,74050,99.00,12,1,13,0.9230769230769231,0.07692307692307693,Yes,0.9230769230769231
74051,74051,99.00,289,111,400,0.7225,0.2775,Yes,0.7225
74052,74052,99.00,14,1,15,0.9333333333333333,0.06666666666666667,Yes,0.9333333333333333
74053,74053,99.00,108,20,128,0.84375,0.15625,Yes,0.84375
74054,74054,99.00,251,57,308,0.814935064935065,0.18506493506493507,Yes,0.814935064935065
74055,74055,99.00,51,10,61,0.8360655737704918,0.16393442622950818,Yes,0.8360655737704918
74056,74056,33.33,136,27,163,0.8343558282208589,0.1656441717791411,Yes,0.8343558282208589
74057,74057,99.00,170,52,222,0.7657657657657657,0.23423423423423423,Yes,0.7657657657657657
74058,74058,99.00,45,9,54,0.8333333333333334,0.16666666666666666,Yes,0.8333333333333334
74059,74059,99.00,189,45,234,0.8076923076923077,0.19230769230769232,Yes,0.8076923076923077
74060,74060,33.33,120,32,152,0.7894736842105263,0.21052631578947367,Yes,0.7894736842105263
74061,74061,99.00,221,62,283,0.7809187279151943,0.21908127208480566,Yes,0.7809187279151943
74062,74062,80.00,197,51,248,0.7943548387096774,0.2056451612903226,Yes,0.7943548387096774
74063,74063,80.00,11,5,16,0.6875,0.3125,Yes,0.6875
74064,74064,80.00,196,47,243,0.8065843621399177,0.1934156378600823,Yes,0.8065843621399177
74065,74065,80.00,10,1,11,0.9090909090909091,0.09090909090909091,Yes,0.9090909090909091
74066,74066,80.00,212,43,255,0.8313725490196079,0.16862745098039217,Yes,0.8313725490196079
74067,74067,99.00,227,81,308,0.737012987012987,0.262987012987013,Yes,0.737012987012987
74068,74068,99.00,25,7,32,0.78125,0.21875,Yes,0.78125
74069,74069,99.00,70,17,87,0.8045977011494253,0.19540229885057472,Yes,0.8045977011494253
74070,74070,99.00,175,44,219,0.7990867579908676,0.2009132420091324,Yes,0.7990867579908676
74071,74071,99.00,13,0,13,1.0,0.0,Yes,1.0
74072,74072,99.00,175,54,229,0.7641921397379913,0.23580786026200873,Yes,0.7641921397379913
74073,74073,99.00,155,33,188,0.824468085106383,0.17553191489361702,Yes,0.824468085106383
74074,74074,99.00,13,0,13,1.0,0.0,Yes,1.0
74075,74075,99.00,30,4,34,0.8823529411764706,0.11764705882352941,Yes,0.8823529411764706
74076,74076,99.00,263,100,363,0.7245179063360881,0.27548209366391185,Yes,0.7245179063360881
74077,74077,99.00,16,1,17,0.9411764705882353,0.058823529411764705,Yes,0.9411764705882353
74078,74078,99.00,168,48,216,0.7777777777777778,0.2222222222222222,Yes,0.7777777777777778
74079,74079,99.00,195,67,262,0.7442748091603053,0.25572519083969464,Yes,0.7442748091603053
74080,74080,99.00,8,0,8,1.0,0.0,Yes,1.0
74081,74081,99.00,5,2,7,0.7142857142857143,0.2857142857142857,Yes,0.7142857142857143
74082,74082,53.85,33,3,36,0.9166666666666666,0.08333333333333333,Yes,0.9166666666666666
74083,74083,99.00,322,77,399,0.8070175438596491,0.19298245614035087,Yes,0.8070175438596491
74084,74084,99.00,36,18,54,0.6666666666666666,0.3333333333333333,Yes,0.6666666666666666
74085,74085,99.00,7,2,9,0.7777777777777778,0.2222222222222222,Yes,0.7777777777777778
74086,74086,99.00,3,3,6,0.5,0.5,Tie,0.5
74087,74087,99.00,201,47,248,0.8104838709677419,0.18951612903225806,Yes,0.8104838709677419
74088,74088,99.00,279,81,360,0.775,0.225,Yes,0.775
74089,74089,99.00,12,4,16,0.75,0.25,Yes,0.75
74090,74090,99.00,120,42,162,0.7407407407407407,0.25925925925925924,Yes,0.7407407407407407
74091,74091,99.00,168,52,220,0.7636363636363637,0.23636363636363636,Yes,0.7636363636363637
74092,74092,99.00,25,1,26,0.9615384615384616,0.038461538461538464,Yes,0.9615384615384616
74093,74093,99.00,0,0,0,0,0,n/a,0
74094,74094,99.00,0,0,0,0,0,n/a,0
74095,74095,99.00,0,0,0,0,0,n/a,0
74096,74096,99.00,0,0,0,0,0,n/a,0
74097,74097,99.00,0,0,0,0,0,n/a,0
74098,74098,80.00,18,4,22,0.8181818181818182,0.18181818181818182,Yes,0.8181818181818182
74099,74099,99.00,16,1,17,0.9411764705882353,0.058823529411764705,Yes,0.9411764705882353
74100,74100,99.00,6,2,8,0.75,0.25,Yes,0.75
74101,74101,53.85,211,41,252,0.8373015873015873,0.1626984126984127,Yes,0.8373015873015873
74102,74102,53.85,19,10,29,0.6551724137931034,0.3448275862068966,Yes,0.6551724137931034
74103,74103,99.00,16,8,24,0.6666666666666666,0.3333333333333333,Yes,0.6666666666666666
74104,74104,99.00,126,35,161,0.782608695652174,0.21739130434782608,Yes,0.782608695652174
74105,74105,99.00,246,35,281,0.8754448398576512,0.12455516014234876,Yes,0.8754448398576512
74106,74106,99.00,10,0,10,1.0,0.0,Yes,1.0
74107,74107,99.00,16,2,18,0.8888888888888888,0.1111111111111111,Yes,0.8888888888888888
75001,75001,33.33,243,44,287,0.8466898954703833,0.15331010452961671,Yes,0.8466898954703833
75002,75002,99.00,235,55,290,0.8103448275862069,0.1896551724137931,Yes,0.8103448275862069
75003,75003,99.00,105,12,117,0.8974358974358975,0.10256410256410256,Yes,0.8974358974358975
75004,75004,99.00,30,6,36,0.8333333333333334,0.16666666666666666,Yes,0.8333333333333334
75005,75005,33.33,24,1,25,0.96,0.04,Yes,0.96
75006,75006,33.33,284,73,357,0.7955182072829131,0.20448179271708683,Yes,0.7955182072829131
75007,75007,99.00,157,39,196,0.8010204081632653,0.1989795918367347,Yes,0.8010204081632653
75008,75008,99.00,163,30,193,0.844559585492228,0.15544041450777202,Yes,0.844559585492228
75009,75009,99.00,107,27,134,0.7985074626865671,0.20149253731343283,Yes,0.7985074626865671
75010,75010,99.00,142,26,168,0.8452380952380952,0.15476190476190477,Yes,0.8452380952380952
75011,75011,99.00,125,21,146,0.8561643835616438,0.14383561643835616,Yes,0.8561643835616438
75012,75012,99.00,138,36,174,0.7931034482758621,0.20689655172413793,Yes,0.7931034482758621
75013,75013,99.00,220,37,257,0.8560311284046692,0.14396887159533073,Yes,0.8560311284046692
75014,75014,99.00,48,14,62,0.7741935483870968,0.22580645161290322,Yes,0.7741935483870968
75015,75015,99.00,212,39,251,0.8446215139442231,0.1553784860557769,Yes,0.8446215139442231
75016,75016,99.00,10,1,11,0.9090909090909091,0.09090909090909091,Yes,0.9090909090909091
75017,75017,99.00,146,18,164,0.8902439024390244,0.10975609756097561,Yes,0.8902439024390244
75018,75018,99.00,6,0,6,1.0,0.0,Yes,1.0
75019,75019,99.00,273,42,315,0.8666666666666667,0.13333333333333333,Yes,0.8666666666666667
75020,75020,99.00,12,0,12,1.0,0.0,Yes,1.0
75021,75021,99.00,11,0,11,1.0,0.0,Yes,1.0
75022,75022,99.00,251,41,292,0.8595890410958904,0.1404109589041096,Yes,0.8595890410958904
75023,75023,99.00,290,42,332,0.8734939759036144,0.12650602409638553,Yes,0.8734939759036144
75024,75024,99.00,10,1,11,0.9090909090909091,0.09090909090909091,Yes,0.9090909090909091
75025,75025,99.00,299,50,349,0.8567335243553008,0.14326647564469913,Yes,0.8567335243553008
75026,75026,99.00,8,1,9,0.8888888888888888,0.1111111111111111,Yes,0.8888888888888888
75027,75027,33.33,22,8,30,0.7333333333333333,0.26666666666666666,Yes,0.7333333333333333
75028,75028,99.00,162,28,190,0.8526315789473684,0.14736842105263157,Yes,0.8526315789473684
75029,75029,99.00,79,17,96,0.8229166666666666,0.17708333333333334,Yes,0.8229166666666666
75030,75030,99.00,16,4,20,0.8,0.2,Yes,0.8
75031,75031,99.00,106,30,136,0.7794117647058824,0.22058823529411764,Yes,0.7794117647058824
75032,75032,99.00,165,31,196,0.8418367346938775,0.15816326530612246,Yes,0.8418367346938775
75033,75033,99.00,210,44,254,0.8267716535433071,0.1732283464566929,Yes,0.8267716535433071
75034,75034,99.00,61,17,78,0.782051282051282,0.21794871794871795,Yes,0.782051282051282
75035,75035,99.00,8,2,10,0.8,0.2,Yes,0.8
75036,75036,99.00,121,23,144,0.8402777777777778,0.1597222222222222,Yes,0.8402777777777778
75037,75037,99.00,158,25,183,0.8633879781420765,0.1366120218579235,Yes,0.8633879781420765
75038,75038,99.00,391,85,476,0.8214285714285714,0.17857142857142858,Yes,0.8214285714285714
75039,75039,99.00,9,1,10,0.9,0.1,Yes,0.9
75040,75040,99.00,155,30,185,0.8378378378378378,0.16216216216216217,Yes,0.8378378378378378
75041,75041,99.00,2,3,5,0.4,0.6,No,0.6
75042,75042,99.00,2,0,2,1.0,0.0,Yes,1.0
75043,75043,99.00,307,51,358,0.8575418994413407,0.1424581005586592,Yes,0.8575418994413407
75044,75044,99.00,242,60,302,0.8013245033112583,0.1986754966887417,Yes,0.8013245033112583
75045,75045,99.00,205,35,240,0.8541666666666666,0.14583333333333334,Yes,0.8541666666666666
75046,75046,99.00,1,0,1,1.0,0.0,Yes,1.0
75047,75047,99.00,7,0,7,1.0,0.0,Yes,1.0
75048,75048,99.00,212,46,258,0.8217054263565892,0.17829457364341086,Yes,0.8217054263565892
75049,75049,99.00,124,31,155,0.8,0.2,Yes,0.8
75050,75050,99.00,68,16,84,0.8095238095238095,0.19047619047619047,Yes,0.8095238095238095
75051,75051,99.00,98,33,131,0.7480916030534351,0.25190839694656486,Yes,0.7480916030534351
75052,75052,99.00,22,7,29,0.7586206896551724,0.2413793103448276,Yes,0.7586206896551724
75053,75053,53.85,172,35,207,0.8309178743961353,0.16908212560386474,Yes,0.8309178743961353
75054,75054,53.85,32,10,42,0.7619047619047619,0.23809523809523808,Yes,0.7619047619047619
75055,75055,53.85,30,2,32,0.9375,0.0625,Yes,0.9375
75056,75056,99.00,187,42,229,0.8165938864628821,0.18340611353711792,Yes,0.8165938864628821
75057,75057,99.00,4,1,5,0.8,0.2,Yes,0.8
75058,75058,99.00,82,19,101,0.8118811881188119,0.18811881188118812,Yes,0.8118811881188119
75059,75059,80.00,211,47,258,0.8178294573643411,0.1821705426356589,Yes,0.8178294573643411
75060,75060,99.00,10,3,13,0.7692307692307693,0.23076923076923078,Yes,0.7692307692307693
75061,75061,99.00,0,0,0,0,0,n/a,0
75062,75062,99.00,160,34,194,0.8247422680412371,0.17525773195876287,Yes,0.8247422680412371
75063,75063,99.00,107,25,132,0.8106060606060606,0.1893939393939394,Yes,0.8106060606060606
75064,75064,80.00,10,4,14,0.7142857142857143,0.2857142857142857,Yes,0.7142857142857143
75065,75065,99.00,48,15,63,0.7619047619047619,0.23809523809523808,Yes,0.7619047619047619
75066,75066,99.00,264,67,331,0.797583081570997,0.20241691842900303,Yes,0.797583081570997
75067,75067,99.00,113,22,135,0.837037037037037,0.16296296296296298,Yes,0.837037037037037
75068,75068,99.00,18,1,19,0.9473684210526315,0.05263157894736842,Yes,0.9473684210526315
75069,75069,99.00,120,26,146,0.821917808219178,0.1780821917808219,Yes,0.821917808219178
75070,75070,99.00,179,45,224,0.7991071428571429,0.20089285714285715,Yes,0.7991071428571429
75071,75071,99.00,432,71,503,0.8588469184890656,0.1411530815109344,Yes,0.8588469184890656
75072,75072,99.00,378,65,443,0.8532731376975169,0.14672686230248308,Yes,0.8532731376975169
75073,75073,99.00,130,22,152,0.8552631578947368,0.14473684210526316,Yes,0.8552631578947368
75074,75074,99.00,70,20,90,0.7777777777777778,0.2222222222222222,Yes,0.7777777777777778
75075,75075,99.00,71,18,89,0.797752808988764,0.20224719101123595,Yes,0.797752808988764
75076,75076,99.00,12,1,13,0.9230769230769231,0.07692307692307693,Yes,0.9230769230769231
75077,75077,99.00,14,0,14,1.0,0.0,Yes,1.0
75078,75078,99.00,15,1,16,0.9375,0.0625,Yes,0.9375
75079,75079,99.00,15,0,15,1.0,0.0,Yes,1.0
75080,75080,99.00,20,4,24,0.8333333333333334,0.16666666666666666,Yes,0.8333333333333334
75081,75081,99.00,7,2,9,0.7777777777777778,0.2222222222222222,Yes,0.7777777777777778
75082,75082,99.00,297,42,339,0.8761061946902655,0.12389380530973451,Yes,0.8761061946902655
75083,75083,99.00,231,36,267,0.8651685393258427,0.1348314606741573,Yes,0.8651685393258427
75084,75084,99.00,4,1,5,0.8,0.2,Yes,0.8
75085,75085,99.00,13,4,17,0.7647058823529411,0.23529411764705882,Yes,0.7647058823529411
75086,75086,99.00,0,5,5,0.0,1.0,No,1.0
75087,75087,99.00,176,54,230,0.7652173913043478,0.23478260869565218,Yes,0.7652173913043478
75088,75088,99.00,6,1,7,0.8571428571428571,0.14285714285714285,Yes,0.8571428571428571
75089,75089,99.00,8,3,11,0.7272727272727273,0.2727272727272727,Yes,0.7272727272727273
75090,75090,99.00,8,4,12,0.6666666666666666,0.3333333333333333,Yes,0.6666666666666666
75091,75091,99.00,122,49,171,0.7134502923976608,0.28654970760233917,Yes,0.7134502923976608
75092,75092,99.00,107,38,145,0.7379310344827587,0.2620689655172414,Yes,0.7379310344827587
75093,75093,99.00,66,19,85,0.7764705882352941,0.2235294117647059,Yes,0.7764705882352941
75094,75094,99.00,10,0,10,1.0,0.0,Yes,1.0
75095,75095,99.00,3,1,4,0.75,0.25,Yes,0.75
75096,75096,99.00,19,4,23,0.8260869565217391,0.17391304347826086,Yes,0.8260869565217391
75097,75097,99.00,215,58,273,0.7875457875457875,0.21245421245421245,Yes,0.7875457875457875
75098,75098,99.00,27,3,30,0.9,0.1,Yes,0.9
75099,75099,99.00,225,37,262,0.8587786259541985,0.14122137404580154,Yes,0.8587786259541985
75100,75100,99.00,24,2,26,0.9230769230769231,0.07692307692307693,Yes,0.9230769230769231
75101,75101,99.00,0,0,0,0,0,n/a,0
75102,75102,99.00,0,0,0,0,0,n/a,0
75103,75103,99.00,0,0,0,0,0,n/a,0
75104,75104,99.00,0,0,0,0,0,n/a,0
75105,75105,99.00,0,0,0,0,0,n/a,0
75106,75106,99.00,0,0,0,0,0,n/a,0
75107,75107,99.00,20,4,24,0.8333333333333334,0.16666666666666666,Yes,0.8333333333333334
75108,75108,99.00,163,24,187,0.8716577540106952,0.12834224598930483,Yes,0.8716577540106952
75109,75109,99.00,8,2,10,0.8,0.2,Yes,0.8
75110,75110,99.00,18,2,20,0.9,0.1,Yes,0.9
75111,75111,99.00,225,41,266,0.8458646616541353,0.15413533834586465,Yes,0.8458646616541353
75112,75112,99.00,304,56,360,0.8444444444444444,0.15555555555555556,Yes,0.8444444444444444
75113,75113,99.00,3,0,3,1.0,0.0,Yes,1.0
75114,75114,99.00,7,2,9,0.7777777777777778,0.2222222222222222,Yes,0.7777777777777778
75115,75115,99.00,241,40,281,0.8576512455516014,0.1423487544483986,Yes,0.8576512455516014
76001,76001,99.00,237,57,294,0.8061224489795918,0.19387755102040816,Yes,0.8061224489795918
76002,76002,99.00,137,55,192,0.7135416666666666,0.2864583333333333,Yes,0.7135416666666666
76003,76003,99.00,11,2,13,0.8461538461538461,0.15384615384615385,Yes,0.8461538461538461
76004,76004,99.00,14,3,17,0.8235294117647058,0.17647058823529413,Yes,0.8235294117647058
76005,76005,99.00,10,2,12,0.8333333333333334,0.16666666666666666,Yes,0.8333333333333334
76006,76006,99.00,158,88,246,0.6422764227642277,0.35772357723577236,Yes,0.6422764227642277
76007,76007,99.00,168,59,227,0.7400881057268722,0.2599118942731278,Yes,0.7400881057268722
76008,76008,99.00,12,3,15,0.8,0.2,Yes,0.8
76009,76009,99.00,129,42,171,0.7543859649122807,0.24561403508771928,Yes,0.7543859649122807
76010,76010,99.00,191,70,261,0.7318007662835249,0.2681992337164751,Yes,0.7318007662835249
76011,76011,99.00,17,1,18,0.9444444444444444,0.05555555555555555,Yes,0.9444444444444444
76012,76012,99.00,166,40,206,0.8058252427184466,0.1941747572815534,Yes,0.8058252427184466
76013,76013,99.00,23,4,27,0.8518518518518519,0.14814814814814814,Yes,0.8518518518518519
76014,76014,99.00,157,55,212,0.7405660377358491,0.25943396226415094,Yes,0.7405660377358491
76015,76015,99.00,24,3,27,0.8888888888888888,0.1111111111111111,Yes,0.8888888888888888
76016,76016,99.00,302,98,400,0.755,0.245,Yes,0.755
76017,76017,99.00,10,4,14,0.7142857142857143,0.2857142857142857,Yes,0.7142857142857143
76018,76018,99.00,13,6,19,0.6842105263157895,0.3157894736842105,Yes,0.6842105263157895
76019,76019,0.00,16,4,20,0.8,0.2,Yes,0.8
76020,76020,99.00,199,71,270,0.737037037037037,0.26296296296296295,Yes,0.737037037037037
76021,76021,99.00,247,82,329,0.7507598784194529,0.24924012158054712,Yes,0.7507598784194529
76022,76022,0.00,8,2,10,0.8,0.2,Yes,0.8
76023,76023,0.00,10,3,13,0.7692307692307693,0.23076923076923078,Yes,0.7692307692307693
76024,76024,0.00,30,6,36,0.8333333333333334,0.16666666666666666,Yes,0.8333333333333334
76025,76025,0.00,40,12,52,0.7692307692307693,0.23076923076923078,Yes,0.7692307692307693
76026,76026,0.00,24,12,36,0.6666666666666666,0.3333333333333333,Yes,0.6666666666666666
76027,76027,0.00,21,7,28,0.75,0.25,Yes,0.75
76028,76028,0.00,40,7,47,0.851063829787234,0.14893617021276595,Yes,0.851063829787234
76029,76029,99.00,83,29,112,0.7410714285714286,0.25892857142857145,Yes,0.7410714285714286
76030,76030,46.67,30,12,42,0.7142857142857143,0.2857142857142857,Yes,0.7142857142857143
76031,76031,0.00,20,6,26,0.7692307692307693,0.23076923076923078,Yes,0.7692307692307693
76032,76032,0.00,14,7,21,0.6666666666666666,0.3333333333333333,Yes,0.6666666666666666
76033,76033,99.00,199,61,260,0.7653846153846153,0.23461538461538461,Yes,0.7653846153846153
76034,76034,0.00,69,15,84,0.8214285714285714,0.17857142857142858,Yes,0.8214285714285714
76035,76035,0.00,16,2,18,0.8888888888888888,0.1111111111111111,Yes,0.8888888888888888
76036,76036,99.00,13,2,15,0.8666666666666667,0.13333333333333333,Yes,0.8666666666666667
76037,76037,46.67,233,74,307,0.758957654723127,0.24104234527687296,Yes,0.758957654723127
76038,76038,46.67,39,10,49,0.7959183673469388,0.20408163265306123,Yes,0.7959183673469388
76039,76039,46.67,204,79,283,0.7208480565371025,0.2791519434628975,Yes,0.7208480565371025
76040,76040,0.00,23,5,28,0.8214285714285714,0.17857142857142858,Yes,0.8214285714285714
76041,76041,0.00,21,1,22,0.9545454545454546,0.045454545454545456,Yes,0.9545454545454546
76042,76042,0.00,28,11,39,0.717948717948718,0.28205128205128205,Yes,0.717948717948718
76043,76043,0.00,20,2,22,0.9090909090909091,0.09090909090909091,Yes,0.9090909090909091
76044,76044,0.00,15,4,19,0.7894736842105263,0.21052631578947367,Yes,0.7894736842105263
76045,76045,0.00,21,1,22,0.9545454545454546,0.045454545454545456,Yes,0.9545454545454546
76046,76046,46.67,51,13,64,0.796875,0.203125,Yes,0.796875
76047,76047,46.67,152,45,197,0.7715736040609137,0.22842639593908629,Yes,0.7715736040609137
76048,76048,90.00,218,75,293,0.7440273037542662,0.25597269624573377,Yes,0.7440273037542662
76049,76049,0.00,32,9,41,0.7804878048780488,0.21951219512195122,Yes,0.7804878048780488
76050,76050,0.00,17,5,22,0.7727272727272727,0.22727272727272727,Yes,0.7727272727272727
76051,76051,0.00,35,12,47,0.7446808510638298,0.2553191489361702,Yes,0.7446808510638298
76052,76052,90.00,229,69,298,0.7684563758389261,0.23154362416107382,Yes,0.7684563758389261
76053,76053,90.00,20,2,22,0.9090909090909091,0.09090909090909091,Yes,0.9090909090909091
76054,76054,90.00,141,42,183,0.7704918032786885,0.22950819672131148,Yes,0.7704918032786885
76055,76055,99.00,181,64,245,0.7387755102040816,0.2612244897959184,Yes,0.7387755102040816
76056,76056,90.00,18,1,19,0.9473684210526315,0.05263157894736842,Yes,0.9473684210526315
76057,76057,90.00,256,83,339,0.7551622418879056,0.2448377581120944,Yes,0.7551622418879056
76058,76058,0.00,22,8,30,0.7333333333333333,0.26666666666666666,Yes,0.7333333333333333
76059,76059,90.00,27,8,35,0.7714285714285715,0.22857142857142856,Yes,0.7714285714285715
76060,76060,90.00,213,80,293,0.726962457337884,0.27303754266211605,Yes,0.726962457337884
76061,76061,90.00,14,6,20,0.7,0.3,Yes,0.7
76062,76062,90.00,186,76,262,0.7099236641221374,0.2900763358778626,Yes,0.7099236641221374
76063,76063,90.00,14,6,20,0.7,0.3,Yes,0.7
76064,76064,0.00,16,1,17,0.9411764705882353,0.058823529411764705,Yes,0.9411764705882353
76065,76065,99.00,178,63,241,0.7385892116182573,0.26141078838174275,Yes,0.7385892116182573
76066,76066,0.00,17,4,21,0.8095238095238095,0.19047619047619047,Yes,0.8095238095238095
76067,76067,99.00,261,90,351,0.7435897435897436,0.2564102564102564,Yes,0.7435897435897436
76068,76068,0.00,23,9,32,0.71875,0.28125,Yes,0.71875
76069,76069,99.00,30,9,39,0.7692307692307693,0.23076923076923078,Yes,0.7692307692307693
76070,76070,0.00,21,2,23,0.9130434782608695,0.08695652173913043,Yes,0.9130434782608695
76071,76071,0.00,25,5,30,0.8333333333333334,0.16666666666666666,Yes,0.8333333333333334
76072,76072,0.00,39,6,45,0.8666666666666667,0.13333333333333333,Yes,0.8666666666666667
76073,76073,0.00,5,4,9,0.5555555555555556,0.4444444444444444,Yes,0.5555555555555556
76074,76074,0.00,13,2,15,0.8666666666666667,0.13333333333333333,Yes,0.8666666666666667
76075,76075,0.00,13,9,22,0.5909090909090909,0.4090909090909091,Yes,0.5909090909090909
76076,76076,99.00,173,36,209,0.8277511961722488,0.1722488038277512,Yes,0.8277511961722488
76077,76077,0.00,23,5,28,0.8214285714285714,0.17857142857142858,Yes,0.8214285714285714
76078,76078,99.00,9,0,9,1.0,0.0,Yes,1.0
76079,76079,99.00,238,83,321,0.7414330218068536,0.2585669781931464,Yes,0.7414330218068536
76080,76080,99.00,256,49,305,0.839344262295082,0.16065573770491803,Yes,0.839344262295082
76081,76081,99.00,4,1,5,0.8,0.2,Yes,0.8
76082,76082,99.00,107,19,126,0.8492063492063492,0.15079365079365079,Yes,0.8492063492063492
76083,76083,99.00,328,70,398,0.8241206030150754,0.17587939698492464,Yes,0.8241206030150754
76084,76084,99.00,8,1,9,0.8888888888888888,0.1111111111111111,Yes,0.8888888888888888
76085,76085,99.00,206,49,255,0.807843137254902,0.19215686274509805,Yes,0.807843137254902
76086,76086,99.00,7,1,8,0.875,0.125,Yes,0.875
76087,76087,99.00,53,2,55,0.9636363636363636,0.03636363636363636,Yes,0.9636363636363636
76088,76088,46.67,52,21,73,0.7123287671232876,0.2876712328767123,Yes,0.7123287671232876
76089,76089,90.00,198,40,238,0.8319327731092437,0.16806722689075632,Yes,0.8319327731092437
76090,76090,0.00,0,0,0,0,0,n/a,0
76091,76091,99.00,0,0,0,0,0,n/a,0
76092,76092,99.00,0,0,0,0,0,n/a,0
76093,76093,99.00,0,0,0,0,0,n/a,0
76094,76094,0.00,0,0,0,0,0,n/a,0
76095,76095,99.00,0,0,0,0,0,n/a,0
76096,76096,99.00,0,0,0,0,0,n/a,0
76097,76097,0.00,0,0,0,0,0,n/a,0
76098,76098,99.00,0,0,0,0,0,n/a,0
76099,76099,90.00,23,4,27,0.8518518518518519,0.14814814814814814,Yes,0.8518518518518519
76100,76100,0.00,25,6,31,0.8064516129032258,0.1935483870967742,Yes,0.8064516129032258
76101,76101,99.00,24,9,33,0.7272727272727273,0.2727272727272727,Yes,0.7272727272727273
76102,76102,99.00,13,6,19,0.6842105263157895,0.3157894736842105,Yes,0.6842105263157895
76103,76103,0.00,8,1,9,0.8888888888888888,0.1111111111111111,Yes,0.8888888888888888
77001,77001,99.00,2,0,2,1.0,0.0,Yes,1.0
77002,77002,99.00,71,19,90,0.7888888888888889,0.2111111111111111,Yes,0.7888888888888889
77003,77003,99.00,144,21,165,0.8727272727272727,0.12727272727272726,Yes,0.8727272727272727
77004,77004,99.00,1,1,2,0.5,0.5,Tie,0.5
77005,77005,99.00,124,26,150,0.8266666666666667,0.17333333333333334,Yes,0.8266666666666667
77006,77006,99.00,70,15,85,0.8235294117647058,0.17647058823529413,Yes,0.8235294117647058
77007,77007,99.00,91,14,105,0.8666666666666667,0.13333333333333333,Yes,0.8666666666666667
77008,77008,99.00,64,4,68,0.9411764705882353,0.058823529411764705,Yes,0.9411764705882353
77009,77009,99.00,76,9,85,0.8941176470588236,0.10588235294117647,Yes,0.8941176470588236
77010,77010,99.00,200,31,231,0.8658008658008658,0.1341991341991342,Yes,0.8658008658008658
77011,77011,99.00,50,11,61,0.819672131147541,0.18032786885245902,Yes,0.819672131147541
77012,77012,99.00,117,22,139,0.841726618705036,0.15827338129496402,Yes,0.841726618705036
77013,77013,99.00,0,0,0,0,0,n/a,0
77014,77014,99.00,122,27,149,0.8187919463087249,0.18120805369127516,Yes,0.8187919463087249
77015,77015,99.00,0,0,0,0,0,n/a,0
77016,77016,99.00,94,18,112,0.8392857142857143,0.16071428571428573,Yes,0.8392857142857143
77017,77017,99.00,94,18,112,0.8392857142857143,0.16071428571428573,Yes,0.8392857142857143
77018,77018,0.00,1,2,3,0.3333333333333333,0.6666666666666666,No,0.6666666666666666
77019,77019,99.00,77,15,92,0.8369565217391305,0.16304347826086957,Yes,0.8369565217391305
77020,77020,99.00,1,0,1,1.0,0.0,Yes,1.0
77021,77021,99.00,82,25,107,0.7663551401869159,0.2336448598130841,Yes,0.7663551401869159
77022,77022,99.00,103,15,118,0.8728813559322034,0.1271186440677966,Yes,0.8728813559322034
77023,77023,99.00,82,17,99,0.8282828282828283,0.1717171717171717,Yes,0.8282828282828283
77024,77024,99.00,0,1,1,0.0,1.0,No,1.0
77025,77025,99.00,117,31,148,0.7905405405405406,0.20945945945945946,Yes,0.7905405405405406
77026,77026,99.00,0,0,0,0,0,n/a,0
77027,77027,99.00,80,16,96,0.8333333333333334,0.16666666666666666,Yes,0.8333333333333334
77028,77028,99.00,115,18,133,0.8646616541353384,0.13533834586466165,Yes,0.8646616541353384
77029,77029,99.00,4,0,4,1.0,0.0,Yes,1.0
77030,77030,99.00,0,0,0,0,0,n/a,0
77031,77031,99.00,61,13,74,0.8243243243243243,0.17567567567567569,Yes,0.8243243243243243
77032,77032,0.00,1,0,1,1.0,0.0,Yes,1.0
77033,77033,0.00,0,0,0,0,0,n/a,0
77034,77034,0.00,0,0,0,0,0,n/a,0
77035,77035,0.00,1,0,1,1.0,0.0,Yes,1.0
77036,77036,0.00,2,0,2,1.0,0.0,Yes,1.0
77037,77037,99.00,95,21,116,0.8189655172413793,0.1810344827586207,Yes,0.8189655172413793
77038,77038,99.00,1,0,1,1.0,0.0,Yes,1.0
77039,77039,99.00,126,18,144,0.875,0.125,Yes,0.875
77040,77040,99.00,1,1,2,0.5,0.5,Tie,0.5
77041,77041,99.00,2,0,2,1.0,0.0,Yes,1.0
77042,77042,99.00,118,21,139,0.8489208633093526,0.1510791366906475,Yes,0.8489208633093526
77043,77043,99.00,78,10,88,0.8863636363636364,0.11363636363636363,Yes,0.8863636363636364
77044,77044,99.00,111,19,130,0.8538461538461538,0.14615384615384616,Yes,0.8538461538461538
77045,77045,99.00,97,19,116,0.8362068965517241,0.16379310344827586,Yes,0.8362068965517241
77046,77046,99.00,0,0,0,0,0,n/a,0
77047,77047,99.00,162,21,183,0.8852459016393442,0.11475409836065574,Yes,0.8852459016393442
77048,77048,99.00,134,33,167,0.8023952095808383,0.19760479041916168,Yes,0.8023952095808383
77049,77049,55.56,150,34,184,0.8152173913043478,0.18478260869565216,Yes,0.8152173913043478
77050,77050,99.00,160,26,186,0.8602150537634409,0.13978494623655913,Yes,0.8602150537634409
77051,77051,99.00,4,0,4,1.0,0.0,Yes,1.0
77052,77052,99.00,9,3,12,0.75,0.25,Yes,0.75
77053,77053,99.00,136,17,153,0.8888888888888888,0.1111111111111111,Yes,0.8888888888888888
77054,77054,99.00,43,11,54,0.7962962962962963,0.2037037037037037,Yes,0.7962962962962963
77055,77055,99.00,115,18,133,0.8646616541353384,0.13533834586466165,Yes,0.8646616541353384
77056,77056,99.00,3,0,3,1.0,0.0,Yes,1.0
77057,77057,99.00,6,0,6,1.0,0.0,Yes,1.0
77058,77058,99.00,230,47,277,0.8303249097472925,0.16967509025270758,Yes,0.8303249097472925
77059,77059,55.56,8,3,11,0.7272727272727273,0.2727272727272727,Yes,0.7272727272727273
77060,77060,55.56,16,2,18,0.8888888888888888,0.1111111111111111,Yes,0.8888888888888888
77061,77061,55.56,130,32,162,0.8024691358024691,0.19753086419753085,Yes,0.8024691358024691
77062,77062,99.00,75,16,91,0.8241758241758241,0.17582417582417584,Yes,0.8241758241758241
77063,77063,99.00,3,0,3,1.0,0.0,Yes,1.0
77064,77064,99.00,2,0,2,1.0,0.0,Yes,1.0
77065,77065,99.00,58,12,70,0.8285714285714286,0.17142857142857143,Yes,0.8285714285714286
77066,77066,99.00,134,27,161,0.8322981366459627,0.16770186335403728,Yes,0.8322981366459627
77067,77067,99.00,0,0,0,0,0,n/a,0
77068,77068,99.00,60,18,78,0.7692307692307693,0.23076923076923078,Yes,0.7692307692307693
77069,77069,55.56,0,0,0,0,0,n/a,0
77070,77070,99.00,0,0,0,0,0,n/a,0
77071,77071,99.00,135,24,159,0.8490566037735849,0.1509433962264151,Yes,0.8490566037735849
77072,77072,55.56,13,2,15,0.8666666666666667,0.13333333333333333,Yes,0.8666666666666667
77073,77073,55.56,0,0,0,0,0,n/a,0
77074,77074,99.00,1,0,1,1.0,0.0,Yes,1.0
77075,77075,99.00,1,1,2,0.5,0.5,Tie,0.5
77076,77076,99.00,86,22,108,0.7962962962962963,0.2037037037037037,Yes,0.7962962962962963
77077,77077,99.00,0,0,0,0,0,n/a,0
77078,77078,99.00,61,12,73,0.8356164383561644,0.1643835616438356,Yes,0.8356164383561644
77079,77079,99.00,0,0,0,0,0,n/a,0
77080,77080,99.00,1,0,1,1.0,0.0,Yes,1.0
77081,77081,99.00,1,0,1,1.0,0.0,Yes,1.0
77082,77082,99.00,6,1,7,0.8571428571428571,0.14285714285714285,Yes,0.8571428571428571
78001,78001,99.00,1,2,3,0.3333333333333333,0.6666666666666666,No,0.6666666666666666
78002,78002,99.00,116,25,141,0.8226950354609929,0.1773049645390071,Yes,0.8226950354609929
78003,78003,99.00,117,26,143,0.8181818181818182,0.18181818181818182,Yes,0.8181818181818182
78004,78004,99.00,0,1,1,0.0,1.0,No,1.0
78005,78005,99.00,132,28,160,0.825,0.175,Yes,0.825
78006,78006,99.00,137,34,171,0.8011695906432749,0.19883040935672514,Yes,0.8011695906432749
78007,78007,20.00,64,17,81,0.7901234567901234,0.20987654320987653,Yes,0.7901234567901234
78008,78008,99.00,120,26,146,0.821917808219178,0.1780821917808219,Yes,0.821917808219178
78009,78009,20.00,8,1,9,0.8888888888888888,0.1111111111111111,Yes,0.8888888888888888
78010,78010,0.00,0,0,0,0,0,n/a,0
78011,78011,0.00,0,0,0,0,0,n/a,0
78012,78012,99.00,98,17,115,0.8521739130434782,0.14782608695652175,Yes,0.8521739130434782
78013,78013,99.00,90,25,115,0.782608695652174,0.21739130434782608,Yes,0.782608695652174
78014,78014,99.00,79,9,88,0.8977272727272727,0.10227272727272728,Yes,0.8977272727272727
78015,78015,99.00,62,8,70,0.8857142857142857,0.11428571428571428,Yes,0.8857142857142857
78016,78016,83.33,102,28,130,0.7846153846153846,0.2153846153846154,Yes,0.7846153846153846
78017,78017,99.00,0,0,0,0,0,n/a,0
78018,78018,99.00,82,22,104,0.7884615384615384,0.21153846153846154,Yes,0.7884615384615384
78019,78019,99.00,77,7,84,0.9166666666666666,0.08333333333333333,Yes,0.9166666666666666
78020,78020,99.00,61,15,76,0.8026315789473685,0.19736842105263158,Yes,0.8026315789473685
78021,78021,99.00,4,1,5,0.8,0.2,Yes,0.8
78022,78022,99.00,5,0,5,1.0,0.0,Yes,1.0
78023,78023,99.00,57,15,72,0.7916666666666666,0.20833333333333334,Yes,0.7916666666666666
78024,78024,99.00,64,13,77,0.8311688311688312,0.16883116883116883,Yes,0.8311688311688312
78025,78025,99.00,3,0,3,1.0,0.0,Yes,1.0
78026,78026,99.00,3,0,3,1.0,0.0,Yes,1.0
78027,78027,99.00,142,21,163,0.8711656441717791,0.12883435582822086,Yes,0.8711656441717791
78028,78028,83.33,1,0,1,1.0,0.0,Yes,1.0
78029,78029,99.00,87,20,107,0.8130841121495327,0.18691588785046728,Yes,0.8130841121495327
78030,78030,99.00,1,2,3,0.3333333333333333,0.6666666666666666,No,0.6666666666666666
78031,78031,83.33,111,36,147,0.7551020408163265,0.24489795918367346,Yes,0.7551020408163265
78032,78032,83.33,3,0,3,1.0,0.0,Yes,1.0
78033,78033,99.00,179,34,213,0.8403755868544601,0.1596244131455399,Yes,0.8403755868544601
78034,78034,99.00,107,26,133,0.8045112781954887,0.19548872180451127,Yes,0.8045112781954887
78035,78035,83.33,2,0,2,1.0,0.0,Yes,1.0
78036,78036,83.33,43,11,54,0.7962962962962963,0.2037037037037037,Yes,0.7962962962962963
78037,78037,20.00,75,20,95,0.7894736842105263,0.21052631578947367,Yes,0.7894736842105263
78038,78038,83.33,62,28,90,0.6888888888888889,0.3111111111111111,Yes,0.6888888888888889
78039,78039,20.00,6,1,7,0.8571428571428571,0.14285714285714285,Yes,0.8571428571428571
78040,78040,99.00,156,44,200,0.78,0.22,Yes,0.78
78041,78041,99.00,109,41,150,0.7266666666666667,0.2733333333333333,Yes,0.7266666666666667
78042,78042,99.00,0,0,0,0,0,n/a,0
78043,78043,99.00,91,14,105,0.8666666666666667,0.13333333333333333,Yes,0.8666666666666667
78044,78044,99.00,99,22,121,0.8181818181818182,0.18181818181818182,Yes,0.8181818181818182
78045,78045,99.00,3,0,3,1.0,0.0,Yes,1.0
78046,78046,99.00,6,1,7,0.8571428571428571,0.14285714285714285,Yes,0.8571428571428571
78047,78047,99.00,93,16,109,0.8532110091743119,0.14678899082568808,Yes,0.8532110091743119
78048,78048,99.00,284,79,363,0.7823691460055097,0.21763085399449036,Yes,0.7823691460055097
78049,78049,99.00,9,1,10,0.9,0.1,Yes,0.9
78050,78050,99.00,97,24,121,0.8016528925619835,0.19834710743801653,Yes,0.8016528925619835
78051,78051,99.00,1,0,1,1.0,0.0,Yes,1.0
78052,78052,99.00,96,19,115,0.8347826086956521,0.16521739130434782,Yes,0.8347826086956521
78053,78053,99.00,59,15,74,0.7972972972972973,0.20270270270270271,Yes,0.7972972972972973
78054,78054,99.00,0,1,1,0.0,1.0,No,1.0
78055,78055,20.00,0,0,0,0,0,n/a,0
78056,78056,20.00,0,0,0,0,0,n/a,0
78057,78057,99.00,0,0,0,0,0,n/a,0
78058,78058,20.00,0,0,0,0,0,n/a,0
78059,78059,99.00,122,14,136,0.8970588235294118,0.10294117647058823,Yes,0.8970588235294118
78060,78060,99.00,120,30,150,0.8,0.2,Yes,0.8
78061,78061,83.33,122,40,162,0.7530864197530864,0.24691358024691357,Yes,0.7530864197530864
78062,78062,20.00,2,3,5,0.4,0.6,No,0.6
78063,78063,99.00,0,0,0,0,0,n/a,0
78064,78064,0.00,0,0,0,0,0,n/a,0
78065,78065,99.00,81,15,96,0.84375,0.15625,Yes,0.84375
78066,78066,99.00,3,3,6,0.5,0.5,Tie,0.5
78067,78067,83.33,3,0,3,1.0,0.0,Yes,1.0
78068,78068,99.00,2,0,2,1.0,0.0,Yes,1.0
78069,78069,99.00,2,1,3,0.6666666666666666,0.3333333333333333,Yes,0.6666666666666666
78070,78070,99.00,1,0,1,1.0,0.0,Yes,1.0
78071,78071,99.00,1,3,4,0.25,0.75,No,0.75
78072,78072,99.00,3,1,4,0.75,0.25,Yes,0.75
78073,78073,99.00,3,0,3,1.0,0.0,Yes,1.0
79001,79001,99.00,71,27,98,0.7244897959183674,0.2755102040816326,Yes,0.7244897959183674
79002,79002,99.00,3,1,4,0.75,0.25,Yes,0.75
79003,79003,99.00,70,13,83,0.8433734939759037,0.1566265060240964,Yes,0.8433734939759037
79004,79004,99.00,112,32,144,0.7777777777777778,0.2222222222222222,Yes,0.7777777777777778
79005,79005,99.00,1,1,2,0.5,0.5,Tie,0.5
79006,79006,99.00,47,6,53,0.8867924528301887,0.11320754716981132,Yes,0.8867924528301887
79007,79007,99.00,82,15,97,0.845360824742268,0.15463917525773196,Yes,0.845360824742268
79008,79008,99.00,98,18,116,0.8448275862068966,0.15517241379310345,Yes,0.8448275862068966
79009,79009,99.00,1,0,1,1.0,0.0,Yes,1.0
79010,79010,99.00,62,18,80,0.775,0.225,Yes,0.775
79011,79011,99.00,2,0,2,1.0,0.0,Yes,1.0
79012,79012,99.00,0,0,0,0,0,n/a,0
79013,79013,99.00,107,23,130,0.823076923076923,0.17692307692307693,Yes,0.823076923076923
79014,79014,66.67,2,0,2,1.0,0.0,Yes,1.0
79015,79015,66.67,80,18,98,0.8163265306122449,0.1836734693877551,Yes,0.8163265306122449
79016,79016,66.67,121,18,139,0.8705035971223022,0.12949640287769784,Yes,0.8705035971223022
79017,79017,99.00,125,27,152,0.8223684210526315,0.17763157894736842,Yes,0.8223684210526315
79018,79018,66.67,1,0,1,1.0,0.0,Yes,1.0
79019,79019,99.00,4,1,5,0.8,0.2,Yes,0.8
79020,79020,99.00,93,19,112,0.8303571428571429,0.16964285714285715,Yes,0.8303571428571429
79021,79021,99.00,0,0,0,0,0,n/a,0
79022,79022,99.00,138,27,165,0.8363636363636363,0.16363636363636364,Yes,0.8363636363636363
79023,79023,99.00,127,21,148,0.8581081081081081,0.14189189189189189,Yes,0.8581081081081081
79024,79024,99.00,2,0,2,1.0,0.0,Yes,1.0
79025,79025,37.50,47,7,54,0.8703703703703703,0.12962962962962962,Yes,0.8703703703703703
79026,79026,37.50,45,8,53,0.8490566037735849,0.1509433962264151,Yes,0.8490566037735849
79027,79027,37.50,61,8,69,0.8840579710144928,0.11594202898550725,Yes,0.8840579710144928
79028,79028,37.50,46,10,56,0.8214285714285714,0.17857142857142858,Yes,0.8214285714285714
79029,79029,99.00,24,6,30,0.8,0.2,Yes,0.8
79030,79030,99.00,146,30,176,0.8295454545454546,0.17045454545454544,Yes,0.8295454545454546
79031,79031,99.00,2,0,2,1.0,0.0,Yes,1.0
79032,79032,99.00,2,0,2,1.0,0.0,Yes,1.0
79033,79033,99.00,88,17,105,0.8380952380952381,0.1619047619047619,Yes,0.8380952380952381
79034,79034,99.00,2,0,2,1.0,0.0,Yes,1.0
79035,79035,99.00,119,40,159,0.7484276729559748,0.25157232704402516,Yes,0.7484276729559748
79036,79036,99.00,117,26,143,0.8181818181818182,0.18181818181818182,Yes,0.8181818181818182
79037,79037,99.00,0,0,0,0,0,n/a,0
79038,79038,0.00,0,0,0,0,0,n/a,0
79039,79039,0.00,0,0,0,0,0,n/a,0
79040,79040,99.00,180,30,210,0.8571428571428571,0.14285714285714285,Yes,0.8571428571428571
79041,79041,0.00,1,0,1,1.0,0.0,Yes,1.0
79042,79042,99.00,117,25,142,0.823943661971831,0.176056338028169,Yes,0.823943661971831
79043,79043,99.00,65,14,79,0.8227848101265823,0.17721518987341772,Yes,0.8227848101265823
79044,79044,99.00,66,17,83,0.7951807228915663,0.20481927710843373,Yes,0.7951807228915663
79045,79045,99.00,1,1,2,0.5,0.5,Tie,0.5
79046,79046,99.00,98,22,120,0.8166666666666667,0.18333333333333332,Yes,0.8166666666666667
79047,79047,99.00,1,0,1,1.0,0.0,Yes,1.0
79048,79048,99.00,54,11,65,0.8307692307692308,0.16923076923076924,Yes,0.8307692307692308
79049,79049,99.00,110,11,121,0.9090909090909091,0.09090909090909091,Yes,0.9090909090909091
79050,79050,99.00,122,24,146,0.8356164383561644,0.1643835616438356,Yes,0.8356164383561644
79051,79051,99.00,1,1,2,0.5,0.5,Tie,0.5
79052,79052,99.00,2,1,3,0.6666666666666666,0.3333333333333333,Yes,0.6666666666666666
79053,79053,99.00,166,30,196,0.8469387755102041,0.15306122448979592,Yes,0.8469387755102041
79054,79054,99.00,62,13,75,0.8266666666666667,0.17333333333333334,Yes,0.8266666666666667
79055,79055,99.00,83,12,95,0.8736842105263158,0.12631578947368421,Yes,0.8736842105263158
79056,79056,99.00,114,28,142,0.8028169014084507,0.19718309859154928,Yes,0.8028169014084507
79057,79057,99.00,148,36,184,0.8043478260869565,0.1956521739130435,Yes,0.8043478260869565
79058,79058,99.00,58,7,65,0.8923076923076924,0.1076923076923077,Yes,0.8923076923076924
79059,79059,99.00,4,0,4,1.0,0.0,Yes,1.0
79060,79060,99.00,3,0,3,1.0,0.0,Yes,1.0
79061,79061,99.00,106,21,127,0.8346456692913385,0.16535433070866143,Yes,0.8346456692913385
79062,79062,99.00,64,18,82,0.7804878048780488,0.21951219512195122,Yes,0.7804878048780488
79063,79063,99.00,61,5,66,0.9242424242424242,0.07575757575757576,Yes,0.9242424242424242
79064,79064,99.00,48,9,57,0.8421052631578947,0.15789473684210525,Yes,0.8421052631578947
79065,79065,99.00,0,0,0,0,0,n/a,0
79066,79066,99.00,80,19,99,0.8080808080808081,0.1919191919191919,Yes,0.8080808080808081
79067,79067,99.00,91,18,109,0.8348623853211009,0.1651376146788991,Yes,0.8348623853211009
79068,79068,99.00,193,42,235,0.8212765957446808,0.17872340425531916,Yes,0.8212765957446808
79069,79069,99.00,423,91,514,0.8229571984435797,0.17704280155642024,Yes,0.8229571984435797
79070,79070,99.00,80,19,99,0.8080808080808081,0.1919191919191919,Yes,0.8080808080808081
79071,79071,99.00,1,2,3,0.3333333333333333,0.6666666666666666,No,0.6666666666666666
79072,79072,99.00,135,27,162,0.8333333333333334,0.16666666666666666,Yes,0.8333333333333334
79073,79073,99.00,4,1,5,0.8,0.2,Yes,0.8
79074,79074,99.00,0,0,0,0,0,n/a,0
79075,79075,99.00,81,20,101,0.801980198019802,0.19801980198019803,Yes,0.801980198019802
79076,79076,99.00,8,0,8,1.0,0.0,Yes,1.0
79077,79077,99.00,1,0,1,1.0,0.0,Yes,1.0
79078,79078,99.00,1,0,1,1.0,0.0,Yes,1.0
79079,79079,99.00,1,0,1,1.0,0.0,Yes,1.0
79080,79080,99.00,0,0,0,0,0,n/a,0
79081,79081,99.00,0,0,0,0,0,n/a,0
79082,79082,99.00,0,0,0,0,0,n/a,0
79083,79083,99.00,0,1,1,0.0,1.0,No,1.0
79084,79084,99.00,141,23,164,0.8597560975609756,0.1402439024390244,Yes,0.8597560975609756
79085,79085,99.00,1,0,1,1.0,0.0,Yes,1.0
79086,79086,99.00,93,28,121,0.768595041322314,0.23140495867768596,Yes,0.768595041322314
79087,79087,99.00,0,0,0,0,0,n/a,0
79088,79088,99.00,0,0,0,0,0,n/a,0
79089,79089,99.00,4,0,4,1.0,0.0,Yes,1.0
79090,79090,99.00,18,3,21,0.8571428571428571,0.14285714285714285,Yes,0.8571428571428571
80001,80001,99.00,134,121,255,0.5254901960784314,0.4745098039215686,Yes,0.5254901960784314
80002,80002,99.00,5,0,5,1.0,0.0,Yes,1.0
80003,80003,99.00,4,4,8,0.5,0.5,Tie,0.5
80004,80004,99.00,60,45,105,0.5714285714285714,0.42857142857142855,Yes,0.5714285714285714
80005,80005,99.00,2,0,2,1.0,0.0,Yes,1.0
80006,80006,99.00,139,64,203,0.6847290640394089,0.31527093596059114,Yes,0.6847290640394089
80007,80007,99.00,0,0,0,0,0,n/a,0
80008,80008,99.00,5,0,5,1.0,0.0,Yes,1.0
80009,80009,99.00,110,49,159,0.6918238993710691,0.3081761006289308,Yes,0.6918238993710691
80010,80010,99.00,1,0,1,1.0,0.0,Yes,1.0
80011,80011,99.00,81,63,144,0.5625,0.4375,Yes,0.5625
80012,80012,99.00,1,0,1,1.0,0.0,Yes,1.0
80013,80013,99.00,123,31,154,0.7987012987012987,0.2012987012987013,Yes,0.7987012987012987
80014,80014,99.00,128,23,151,0.847682119205298,0.152317880794702,Yes,0.847682119205298
80015,80015,99.00,167,50,217,0.7695852534562212,0.2304147465437788,Yes,0.7695852534562212
80016,80016,99.00,9,1,10,0.9,0.1,Yes,0.9
80017,80017,99.00,133,47,180,0.7388888888888889,0.2611111111111111,Yes,0.7388888888888889
80018,80018,99.00,2,0,2,1.0,0.0,Yes,1.0
80019,80019,99.00,1,2,3,0.3333333333333333,0.6666666666666666,No,0.6666666666666666
80020,80020,99.00,7,4,11,0.6363636363636364,0.36363636363636365,Yes,0.6363636363636364
80021,80021,99.00,146,41,187,0.7807486631016043,0.2192513368983957,Yes,0.7807486631016043
80022,80022,99.00,3,2,5,0.6,0.4,Yes,0.6
80023,80023,99.00,134,33,167,0.8023952095808383,0.19760479041916168,Yes,0.8023952095808383
80024,80024,99.00,0,3,3,0.0,1.0,No,1.0
80025,80025,99.00,150,42,192,0.78125,0.21875,Yes,0.78125
80026,80026,99.00,157,67,224,0.7008928571428571,0.29910714285714285,Yes,0.7008928571428571
80027,80027,99.00,1,0,1,1.0,0.0,Yes,1.0
80028,80028,99.00,1,0,1,1.0,0.0,Yes,1.0
80029,80029,99.00,1,0,1,1.0,0.0,Yes,1.0
80030,80030,99.00,106,84,190,0.5578947368421052,0.4421052631578947,Yes,0.5578947368421052
80031,80031,75.00,103,80,183,0.5628415300546448,0.4371584699453552,Yes,0.5628415300546448
80032,80032,75.00,2,2,4,0.5,0.5,Tie,0.5
80033,80033,75.00,61,33,94,0.648936170212766,0.35106382978723405,Yes,0.648936170212766
80034,80034,75.00,5,2,7,0.7142857142857143,0.2857142857142857,Yes,0.7142857142857143
80035,80035,99.00,7,3,10,0.7,0.3,Yes,0.7
80036,80036,99.00,106,49,155,0.6838709677419355,0.3161290322580645,Yes,0.6838709677419355
80037,80037,33.33,80,37,117,0.6837606837606838,0.3162393162393162,Yes,0.6837606837606838
80038,80038,99.00,172,42,214,0.8037383177570093,0.19626168224299065,Yes,0.8037383177570093
80039,80039,99.00,4,0,4,1.0,0.0,Yes,1.0
80040,80040,33.33,5,2,7,0.7142857142857143,0.2857142857142857,Yes,0.7142857142857143
80041,80041,99.00,92,29,121,0.7603305785123967,0.2396694214876033,Yes,0.7603305785123967
80042,80042,99.00,65,31,96,0.6770833333333334,0.3229166666666667,Yes,0.6770833333333334
80043,80043,33.33,87,28,115,0.7565217391304347,0.24347826086956523,Yes,0.7565217391304347
80044,80044,33.33,2,1,3,0.6666666666666666,0.3333333333333333,Yes,0.6666666666666666
80045,80045,99.00,80,20,100,0.8,0.2,Yes,0.8
80046,80046,99.00,94,22,116,0.8103448275862069,0.1896551724137931,Yes,0.8103448275862069
80047,80047,99.00,1,2,3,0.3333333333333333,0.6666666666666666,No,0.6666666666666666
80048,80048,99.00,144,43,187,0.7700534759358288,0.22994652406417113,Yes,0.7700534759358288
80049,80049,99.00,0,0,0,0,0,n/a,0
80050,80050,99.00,2,0,2,1.0,0.0,Yes,1.0
80051,80051,99.00,2,0,2,1.0,0.0,Yes,1.0
80052,80052,99.00,114,24,138,0.8260869565217391,0.17391304347826086,Yes,0.8260869565217391
80053,80053,99.00,5,0,5,1.0,0.0,Yes,1.0
80054,80054,99.00,0,0,0,0,0,n/a,0
80055,80055,99.00,102,22,124,0.8225806451612904,0.1774193548387097,Yes,0.8225806451612904
80056,80056,99.00,60,19,79,0.759493670886076,0.24050632911392406,Yes,0.759493670886076
80057,80057,99.00,0,0,0,0,0,n/a,0
80058,80058,99.00,77,20,97,0.7938144329896907,0.20618556701030927,Yes,0.7938144329896907
80059,80059,99.00,0,2,2,0.0,1.0,No,1.0
80060,80060,99.00,80,15,95,0.8421052631578947,0.15789473684210525,Yes,0.8421052631578947
80061,80061,99.00,0,0,0,0,0,n/a,0
80062,80062,99.00,3,0,3,1.0,0.0,Yes,1.0
80063,80063,99.00,154,27,181,0.850828729281768,0.14917127071823205,Yes,0.850828729281768
80064,80064,99.00,0,1,1,0.0,1.0,No,1.0
80065,80065,99.00,116,27,143,0.8111888111888111,0.1888111888111888,Yes,0.8111888111888111
80066,80066,75.00,0,2,2,0.0,1.0,No,1.0
80067,80067,75.00,125,62,187,0.6684491978609626,0.3315508021390374,Yes,0.6684491978609626
80068,80068,75.00,4,0,4,1.0,0.0,Yes,1.0
80069,80069,75.00,0,1,1,0.0,1.0,No,1.0
80070,80070,99.00,1,0,1,1.0,0.0,Yes,1.0
80071,80071,99.00,140,56,196,0.7142857142857143,0.2857142857142857,Yes,0.7142857142857143
80072,80072,99.00,0,0,0,0,0,n/a,0
80073,80073,99.00,0,0,0,0,0,n/a,0
80074,80074,99.00,106,16,122,0.8688524590163934,0.13114754098360656,Yes,0.8688524590163934
80075,80075,99.00,0,0,0,0,0,n/a,0
80076,80076,99.00,49,24,73,0.6712328767123288,0.3287671232876712,Yes,0.6712328767123288
80077,80077,99.00,0,2,2,0.0,1.0,No,1.0
80078,80078,99.00,170,42,212,0.8018867924528302,0.19811320754716982,Yes,0.8018867924528302
80079,80079,99.00,3,0,3,1.0,0.0,Yes,1.0
80080,80080,99.00,84,24,108,0.7777777777777778,0.2222222222222222,Yes,0.7777777777777778
80081,80081,99.00,114,19,133,0.8571428571428571,0.14285714285714285,Yes,0.8571428571428571
80082,80082,83.33,2,0,2,1.0,0.0,Yes,1.0
80083,80083,99.00,164,54,218,0.7522935779816514,0.24770642201834864,Yes,0.7522935779816514
80084,80084,99.00,4,1,5,0.8,0.2,Yes,0.8
80085,80085,99.00,120,20,140,0.8571428571428571,0.14285714285714285,Yes,0.8571428571428571
80086,80086,99.00,0,0,0,0,0,n/a,0
80087,80087,99.00,0,0,0,0,0,n/a,0
80088,80088,99.00,0,0,0,0,0,n/a,0
80089,80089,33.33,0,0,0,0,0,n/a,0
80090,80090,99.00,0,0,0,0,0,n/a,0
80091,80091,99.00,0,0,0,0,0,n/a,0
80092,80092,99.00,0,0,0,0,0,n/a,0
80093,80093,99.00,0,0,0,0,0,n/a,0
80094,80094,99.00,101,14,115,0.8782608695652174,0.12173913043478261,Yes,0.8782608695652174
80095,80095,99.00,70,16,86,0.813953488372093,0.18604651162790697,Yes,0.813953488372093
81001,81001,99.00,4,0,4,1.0,0.0,Yes,1.0
81002,81002,99.00,109,31,140,0.7785714285714286,0.22142857142857142,Yes,0.7785714285714286
81003,81003,99.00,81,29,110,0.7363636363636363,0.2636363636363636,Yes,0.7363636363636363
81004,81004,99.00,1,1,2,0.5,0.5,Tie,0.5
81005,81005,99.00,3,0,3,1.0,0.0,Yes,1.0
81006,81006,99.00,98,31,129,0.7596899224806202,0.24031007751937986,Yes,0.7596899224806202
81007,81007,99.00,59,22,81,0.7283950617283951,0.2716049382716049,Yes,0.7283950617283951
81008,81008,99.00,65,24,89,0.7303370786516854,0.2696629213483146,Yes,0.7303370786516854
81009,81009,99.00,2,0,2,1.0,0.0,Yes,1.0
81010,81010,99.00,1,1,2,0.5,0.5,Tie,0.5
81011,81011,83.33,1,0,1,1.0,0.0,Yes,1.0
81012,81012,99.00,165,53,218,0.7568807339449541,0.24311926605504589,Yes,0.7568807339449541
81013,81013,99.00,1,0,1,1.0,0.0,Yes,1.0
81014,81014,99.00,198,77,275,0.72,0.28,Yes,0.72
81015,81015,99.00,17,5,22,0.7727272727272727,0.22727272727272727,Yes,0.7727272727272727
81016,81016,99.00,0,0,0,0,0,n/a,0
81017,81017,83.33,124,25,149,0.8322147651006712,0.16778523489932887,Yes,0.8322147651006712
81018,81018,83.33,6,1,7,0.8571428571428571,0.14285714285714285,Yes,0.8571428571428571
81019,81019,83.33,98,17,115,0.8521739130434782,0.14782608695652175,Yes,0.8521739130434782
81020,81020,99.00,79,21,100,0.79,0.21,Yes,0.79
81021,81021,99.00,142,26,168,0.8452380952380952,0.15476190476190477,Yes,0.8452380952380952
81022,81022,99.00,8,4,12,0.6666666666666666,0.3333333333333333,Yes,0.6666666666666666
81023,81023,99.00,182,45,227,0.801762114537445,0.19823788546255505,Yes,0.801762114537445
81024,81024,99.00,3,0,3,1.0,0.0,Yes,1.0
81025,81025,99.00,190,139,329,0.5775075987841946,0.42249240121580545,Yes,0.5775075987841946
81026,81026,99.00,2,1,3,0.6666666666666666,0.3333333333333333,Yes,0.6666666666666666
81027,81027,99.00,1,0,1,1.0,0.0,Yes,1.0
81028,81028,99.00,71,45,116,0.6120689655172413,0.3879310344827586,Yes,0.6120689655172413
81029,81029,99.00,2,0,2,1.0,0.0,Yes,1.0
81030,81030,99.00,187,140,327,0.5718654434250765,0.42813455657492355,Yes,0.5718654434250765
81031,81031,99.00,4,2,6,0.6666666666666666,0.3333333333333333,Yes,0.6666666666666666
81032,81032,99.00,3,3,6,0.5,0.5,Tie,0.5
81033,81033,99.00,244,69,313,0.7795527156549521,0.22044728434504793,Yes,0.7795527156549521
81034,81034,99.00,4,3,7,0.5714285714285714,0.42857142857142855,Yes,0.5714285714285714
81035,81035,99.00,184,53,237,0.7763713080168776,0.22362869198312235,Yes,0.7763713080168776
81036,81036,99.00,5,7,12,0.4166666666666667,0.5833333333333334,No,0.5833333333333334
81037,81037,99.00,95,33,128,0.7421875,0.2578125,Yes,0.7421875
81038,81038,99.00,92,11,103,0.8932038834951457,0.10679611650485436,Yes,0.8932038834951457
81039,81039,50.00,4,0,4,1.0,0.0,Yes,1.0
81040,81040,50.00,146,37,183,0.7978142076502732,0.20218579234972678,Yes,0.7978142076502732
81041,81041,50.00,157,44,201,0.7810945273631841,0.21890547263681592,Yes,0.7810945273631841
81042,81042,50.00,3,1,4,0.75,0.25,Yes,0.75
81043,81043,50.00,173,43,216,0.8009259259259259,0.19907407407407407,Yes,0.8009259259259259
81044,81044,50.00,8,2,10,0.8,0.2,Yes,0.8
81045,81045,50.00,4,0,4,1.0,0.0,Yes,1.0
81046,81046,50.00,5,2,7,0.7142857142857143,0.2857142857142857,Yes,0.7142857142857143
81047,81047,99.00,245,99,344,0.7122093023255814,0.2877906976744186,Yes,0.7122093023255814
81048,81048,99.00,190,46,236,0.8050847457627118,0.19491525423728814,Yes,0.8050847457627118
81049,81049,99.00,228,91,319,0.7147335423197492,0.2852664576802508,Yes,0.7147335423197492
81050,81050,99.00,17,8,25,0.68,0.32,Yes,0.68
81051,81051,99.00,8,2,10,0.8,0.2,Yes,0.8
81052,81052,99.00,5,2,7,0.7142857142857143,0.2857142857142857,Yes,0.7142857142857143
81053,81053,99.00,151,52,203,0.7438423645320197,0.2561576354679803,Yes,0.7438423645320197
81054,81054,99.00,112,33,145,0.7724137931034483,0.22758620689655173,Yes,0.7724137931034483
81055,81055,99.00,20,10,30,0.6666666666666666,0.3333333333333333,Yes,0.6666666666666666
81056,81056,99.00,165,90,255,0.6470588235294118,0.35294117647058826,Yes,0.6470588235294118
81057,81057,99.00,3,7,10,0.3,0.7,No,0.7
81058,81058,99.00,164,61,225,0.7288888888888889,0.27111111111111114,Yes,0.7288888888888889
81059,81059,99.00,11,2,13,0.8461538461538461,0.15384615384615385,Yes,0.8461538461538461
81060,81060,99.00,229,125,354,0.6468926553672316,0.3531073446327684,Yes,0.6468926553672316
81061,81061,99.00,5,0,5,1.0,0.0,Yes,1.0
81062,81062,99.00,9,1,10,0.9,0.1,Yes,0.9
81063,81063,99.00,8,4,12,0.6666666666666666,0.3333333333333333,Yes,0.6666666666666666
81064,81064,99.00,305,95,400,0.7625,0.2375,Yes,0.7625
81065,81065,99.00,240,117,357,0.6722689075630253,0.3277310924369748,Yes,0.6722689075630253
81066,81066,99.00,9,1,10,0.9,0.1,Yes,0.9
81067,81067,99.00,13,4,17,0.7647058823529411,0.23529411764705882,Yes,0.7647058823529411
81068,81068,99.00,305,110,415,0.7349397590361446,0.26506024096385544,Yes,0.7349397590361446
81069,81069,99.00,7,3,10,0.7,0.3,Yes,0.7
81070,81070,99.00,2,1,3,0.6666666666666666,0.3333333333333333,Yes,0.6666666666666666
81071,81071,99.00,228,88,316,0.7215189873417721,0.27848101265822783,Yes,0.7215189873417721
81072,81072,99.00,15,10,25,0.6,0.4,Yes,0.6
81073,81073,99.00,304,128,432,0.7037037037037037,0.2962962962962963,Yes,0.7037037037037037
81074,81074,99.00,255,70,325,0.7846153846153846,0.2153846153846154,Yes,0.7846153846153846
81075,81075,99.00,14,1,15,0.9333333333333333,0.06666666666666667,Yes,0.9333333333333333
81076,81076,99.00,5,0,5,1.0,0.0,Yes,1.0
81077,81077,99.00,17,3,20,0.85,0.15,Yes,0.85
81078,81078,99.00,175,59,234,0.7478632478632479,0.25213675213675213,Yes,0.7478632478632479
81079,81079,99.00,12,4,16,0.75,0.25,Yes,0.75
81080,81080,99.00,151,40,191,0.7905759162303665,0.2094240837696335,Yes,0.7905759162303665
81081,81081,99.00,210,81,291,0.7216494845360825,0.27835051546391754,Yes,0.7216494845360825
81082,81082,99.00,4,1,5,0.8,0.2,Yes,0.8
81083,81083,99.00,268,81,349,0.7679083094555874,0.23209169054441262,Yes,0.7679083094555874
81084,81084,99.00,14,2,16,0.875,0.125,Yes,0.875
81085,81085,99.00,301,128,429,0.7016317016317016,0.29836829836829837,Yes,0.7016317016317016
81086,81086,99.00,8,1,9,0.8888888888888888,0.1111111111111111,Yes,0.8888888888888888
81087,81087,50.00,252,56,308,0.8181818181818182,0.18181818181818182,Yes,0.8181818181818182
81088,81088,99.00,7,2,9,0.7777777777777778,0.2222222222222222,Yes,0.7777777777777778
81089,81089,50.00,5,0,5,1.0,0.0,Yes,1.0
81090,81090,50.00,13,2,15,0.8666666666666667,0.13333333333333333,Yes,0.8666666666666667
81091,81091,99.00,74,21,95,0.7789473684210526,0.22105263157894736,Yes,0.7789473684210526
81092,81092,99.00,96,24,120,0.8,0.2,Yes,0.8
81093,81093,99.00,3,0,3,1.0,0.0,Yes,1.0
81094,81094,99.00,73,33,106,0.6886792452830188,0.3113207547169811,Yes,0.6886792452830188
81095,81095,99.00,1,0,1,1.0,0.0,Yes,1.0
81096,81096,99.00,1,4,5,0.2,0.8,No,0.8
81097,81097,99.00,171,32,203,0.8423645320197044,0.15763546798029557,Yes,0.8423645320197044
81098,81098,99.00,2,1,3,0.6666666666666666,0.3333333333333333,Yes,0.6666666666666666
81099,81099,99.00,69,13,82,0.8414634146341463,0.15853658536585366,Yes,0.8414634146341463
81100,81100,99.00,72,13,85,0.8470588235294118,0.15294117647058825,Yes,0.8470588235294118
81101,81101,99.00,0,0,0,0,0,n/a,0
81102,81102,99.00,0,0,0,0,0,n/a,0
81103,81103,99.00,0,0,0,0,0,n/a,0
81104,81104,99.00,0,0,0,0,0,n/a,0
81105,81105,83.33,0,0,0,0,0,n/a,0
81106,81106,99.00,0,0,0,0,0,n/a,0
81107,81107,99.00,1,0,1,1.0,0.0,Yes,1.0
82001,82001,42.86,126,190,316,0.3987341772151899,0.6012658227848101,No,0.6012658227848101
82002,82002,42.86,14,12,26,0.5384615384615384,0.46153846153846156,Yes,0.5384615384615384
82003,82003,99.00,30,59,89,0.33707865168539325,0.6629213483146067,No,0.6629213483146067
82004,82004,99.00,7,6,13,0.5384615384615384,0.46153846153846156,Yes,0.5384615384615384
82005,82005,99.00,128,174,302,0.423841059602649,0.5761589403973509,No,0.5761589403973509
82006,82006,42.86,117,88,205,0.5707317073170731,0.4292682926829268,Yes,0.5707317073170731
82007,82007,42.86,12,13,25,0.48,0.52,No,0.52
82008,82008,99.00,101,33,134,0.753731343283582,0.2462686567164179,Yes,0.753731343283582
82009,82009,99.00,139,90,229,0.6069868995633187,0.3930131004366812,Yes,0.6069868995633187
82010,82010,99.00,12,2,14,0.8571428571428571,0.14285714285714285,Yes,0.8571428571428571
82011,82011,99.00,50,33,83,0.6024096385542169,0.39759036144578314,Yes,0.6024096385542169
82012,82012,99.00,69,18,87,0.7931034482758621,0.20689655172413793,Yes,0.7931034482758621
82013,82013,99.00,95,25,120,0.7916666666666666,0.20833333333333334,Yes,0.7916666666666666
82014,82014,99.00,0,0,0,0,0,n/a,0
82015,82015,99.00,5,0,5,1.0,0.0,Yes,1.0
82016,82016,99.00,130,78,208,0.625,0.375,Yes,0.625
82017,82017,99.00,3,6,9,0.3333333333333333,0.6666666666666666,No,0.6666666666666666
82018,82018,99.00,66,43,109,0.6055045871559633,0.3944954128440367,Yes,0.6055045871559633
82019,82019,99.00,3,5,8,0.375,0.625,No,0.625
82020,82020,99.00,79,90,169,0.46745562130177515,0.5325443786982249,No,0.5325443786982249
82021,82021,99.00,100,86,186,0.5376344086021505,0.46236559139784944,Yes,0.5376344086021505
82022,82022,99.00,4,3,7,0.5714285714285714,0.42857142857142855,Yes,0.5714285714285714
82023,82023,0.00,4,0,4,1.0,0.0,Yes,1.0
82024,82024,99.00,64,27,91,0.7032967032967034,0.2967032967032967,Yes,0.7032967032967034
82025,82025,99.00,1,4,5,0.2,0.8,No,0.8
82026,82026,99.00,0,0,0,0,0,n/a,0
82027,82027,0.00,0,0,0,0,0,n/a,0
82028,82028,99.00,89,17,106,0.839622641509434,0.16037735849056603,Yes,0.839622641509434
82029,82029,99.00,0,0,0,0,0,n/a,0
82030,82030,99.00,159,46,205,0.775609756097561,0.22439024390243903,Yes,0.775609756097561
82031,82031,99.00,2,1,3,0.6666666666666666,0.3333333333333333,Yes,0.6666666666666666
82032,82032,99.00,117,85,202,0.5792079207920792,0.4207920792079208,Yes,0.5792079207920792
82033,82033,99.00,9,1,10,0.9,0.1,Yes,0.9
82034,82034,99.00,2,0,2,1.0,0.0,Yes,1.0
82035,82035,99.00,132,81,213,0.6197183098591549,0.38028169014084506,Yes,0.6197183098591549
82036,82036,99.00,77,54,131,0.5877862595419847,0.4122137404580153,Yes,0.5877862595419847
82037,82037,99.00,94,22,116,0.8103448275862069,0.1896551724137931,Yes,0.8103448275862069
82038,82038,99.00,134,76,210,0.638095238095238,0.3619047619047619,Yes,0.638095238095238
82039,82039,99.00,3,0,3,1.0,0.0,Yes,1.0
82040,82040,99.00,70,91,161,0.43478260869565216,0.5652173913043478,No,0.5652173913043478
82041,82041,99.00,116,125,241,0.48132780082987553,0.5186721991701245,No,0.5186721991701245
82042,82042,99.00,113,158,271,0.41697416974169743,0.5830258302583026,No,0.5830258302583026
82043,82043,99.00,5,5,10,0.5,0.5,Tie,0.5
82044,82044,99.00,5,4,9,0.5555555555555556,0.4444444444444444,Yes,0.5555555555555556
82045,82045,99.00,3,4,7,0.42857142857142855,0.5714285714285714,No,0.5714285714285714
82046,82046,99.00,3,0,3,1.0,0.0,Yes,1.0
82047,82047,50.00,45,42,87,0.5172413793103449,0.4827586206896552,Yes,0.5172413793103449
82048,82048,50.00,6,1,7,0.8571428571428571,0.14285714285714285,Yes,0.8571428571428571
82049,82049,50.00,27,39,66,0.4090909090909091,0.5909090909090909,No,0.5909090909090909
82050,82050,99.00,50,28,78,0.6410256410256411,0.358974358974359,Yes,0.6410256410256411
82051,82051,99.00,128,62,190,0.6736842105263158,0.3263157894736842,Yes,0.6736842105263158
82052,82052,99.00,135,101,236,0.5720338983050848,0.4279661016949153,Yes,0.5720338983050848
82053,82053,99.00,3,2,5,0.6,0.4,Yes,0.6
82054,82054,75.00,0,0,0,0,0,n/a,0
82055,82055,99.00,0,0,0,0,0,n/a,0
82056,82056,99.00,38,32,70,0.5428571428571428,0.45714285714285713,Yes,0.5428571428571428
82057,82057,99.00,82,89,171,0.47953216374269003,0.52046783625731,No,0.52046783625731
82058,82058,99.00,3,2,5,0.6,0.4,Yes,0.6
82059,82059,50.00,19,3,22,0.8636363636363636,0.13636363636363635,Yes,0.8636363636363636
82060,82060,66.67,111,101,212,0.5235849056603774,0.47641509433962265,Yes,0.5235849056603774
82061,82061,66.67,1,0,1,1.0,0.0,Yes,1.0
82062,82062,66.67,93,80,173,0.5375722543352601,0.4624277456647399,Yes,0.5375722543352601
82063,82063,66.67,4,0,4,1.0,0.0,Yes,1.0
82064,82064,99.00,106,34,140,0.7571428571428571,0.24285714285714285,Yes,0.7571428571428571
82065,82065,0.00,15,1,16,0.9375,0.0625,Yes,0.9375
82066,82066,99.00,293,59,352,0.8323863636363636,0.16761363636363635,Yes,0.8323863636363636
82067,82067,99.00,10,2,12,0.8333333333333334,0.16666666666666666,Yes,0.8333333333333334
82068,82068,99.00,14,2,16,0.875,0.125,Yes,0.875
82069,82069,99.00,286,85,371,0.77088948787062,0.22911051212938005,Yes,0.77088948787062
82070,82070,99.00,6,2,8,0.75,0.25,Yes,0.75
82071,82071,66.67,237,45,282,0.8404255319148937,0.1595744680851064,Yes,0.8404255319148937
82072,82072,66.67,6,0,6,1.0,0.0,Yes,1.0
82073,82073,66.67,5,0,5,1.0,0.0,Yes,1.0
82074,82074,66.67,195,39,234,0.8333333333333334,0.16666666666666666,Yes,0.8333333333333334
82075,82075,66.67,4,0,4,1.0,0.0,Yes,1.0
82076,82076,66.67,7,0,7,1.0,0.0,Yes,1.0
82077,82077,99.00,9,2,11,0.8181818181818182,0.18181818181818182,Yes,0.8181818181818182
82078,82078,0.00,11,1,12,0.9166666666666666,0.08333333333333333,Yes,0.9166666666666666
82079,82079,0.00,15,1,16,0.9375,0.0625,Yes,0.9375
82080,82080,42.86,193,33,226,0.8539823008849557,0.14601769911504425,Yes,0.8539823008849557
82081,82081,42.86,16,7,23,0.6956521739130435,0.30434782608695654,Yes,0.6956521739130435
82082,82082,0.00,7,3,10,0.7,0.3,Yes,0.7
82083,82083,0.00,2,4,6,0.3333333333333333,0.6666666666666666,No,0.6666666666666666
82084,82084,0.00,13,1,14,0.9285714285714286,0.07142857142857142,Yes,0.9285714285714286
82085,82085,0.00,13,3,16,0.8125,0.1875,Yes,0.8125
82086,82086,0.00,14,3,17,0.8235294117647058,0.17647058823529413,Yes,0.8235294117647058
82087,82087,0.00,11,1,12,0.9166666666666666,0.08333333333333333,Yes,0.9166666666666666
82088,82088,99.00,211,65,276,0.7644927536231884,0.23550724637681159,Yes,0.7644927536231884
82089,82089,0.00,23,3,26,0.8846153846153846,0.11538461538461539,Yes,0.8846153846153846
82090,82090,99.00,187,34,221,0.8461538461538461,0.15384615384615385,Yes,0.8461538461538461
82091,82091,99.00,2,0,2,1.0,0.0,Yes,1.0
82092,82092,99.00,242,67,309,0.7831715210355987,0.2168284789644013,Yes,0.7831715210355987
82093,82093,0.00,10,3,13,0.7692307692307693,0.23076923076923078,Yes,0.7692307692307693
82094,82094,0.00,17,2,19,0.8947368421052632,0.10526315789473684,Yes,0.8947368421052632
82095,82095,99.00,13,4,17,0.7647058823529411,0.23529411764705882,Yes,0.7647058823529411
82096,82096,99.00,5,2,7,0.7142857142857143,0.2857142857142857,Yes,0.7142857142857143
82097,82097,99.00,13,4,17,0.7647058823529411,0.23529411764705882,Yes,0.7647058823529411
82098,82098,99.00,251,64,315,0.7968253968253968,0.20317460317460317,Yes,0.7968253968253968
82099,82099,0.00,27,6,33,0.8181818181818182,0.18181818181818182,Yes,0.8181818181818182
82100,82100,99.00,11,2,13,0.8461538461538461,0.15384615384615385,Yes,0.8461538461538461
82101,82101,0.00,26,9,35,0.7428571428571429,0.2571428571428571,Yes,0.7428571428571429
82102,82102,42.86,258,53,311,0.8295819935691319,0.17041800643086816,Yes,0.8295819935691319
82103,82103,42.86,25,3,28,0.8928571428571429,0.10714285714285714,Yes,0.8928571428571429
82104,82104,42.86,46,7,53,0.8679245283018868,0.1320754716981132,Yes,0.8679245283018868
82105,82105,0.00,19,6,25,0.76,0.24,Yes,0.76
82106,82106,0.00,0,0,0,0,0,n/a,0
82107,82107,99.00,1,0,1,1.0,0.0,Yes,1.0
82108,82108,99.00,0,0,0,0,0,n/a,0
82109,82109,0.00,3,0,3,1.0,0.0,Yes,1.0
82110,82110,75.00,0,0,0,0,0,n/a,0
82111,82111,99.00,0,0,0,0,0,n/a,0
82112,82112,99.00,0,0,0,0,0,n/a,0
82113,82113,99.00,0,0,0,0,0,n/a,0
82114,82114,99.00,0,0,0,0,0,n/a,0
82115,82115,66.67,0,0,0,0,0,n/a,0
82116,82116,99.00,0,0,0,0,0,n/a,0
82117,82117,99.00,0,0,0,0,0,n/a,0
82118,82118,99.00,0,0,0,0,0,n/a,0
82119,82119,99.00,2,2,4,0.5,0.5,Tie,0.5
83001,83001,99.00,220,65,285,0.7719298245614035,0.22807017543859648,Yes,0.7719298245614035
83002,83002,99.00,0,0,0,0,0,n/a,0
83003,83003,99.00,0,1,1,0.0,1.0,No,1.0
83004,83004,99.00,145,43,188,0.7712765957446809,0.22872340425531915,Yes,0.7712765957446809
83005,83005,99.00,0,0,0,0,0,n/a,0
83006,83006,99.00,163,31,194,0.8402061855670103,0.15979381443298968,Yes,0.8402061855670103
83007,83007,99.00,6,3,9,0.6666666666666666,0.3333333333333333,Yes,0.6666666666666666
83008,83008,99.00,230,44,274,0.8394160583941606,0.16058394160583941,Yes,0.8394160583941606
83009,83009,99.00,0,2,2,0.0,1.0,No,1.0
83010,83010,99.00,232,44,276,0.8405797101449275,0.15942028985507245,Yes,0.8405797101449275
83011,83011,99.00,152,32,184,0.8260869565217391,0.17391304347826086,Yes,0.8260869565217391
83012,83012,99.00,0,0,0,0,0,n/a,0
83013,83013,99.00,132,29,161,0.8198757763975155,0.18012422360248448,Yes,0.8198757763975155
83014,83014,99.00,1,0,1,1.0,0.0,Yes,1.0
83015,83015,99.00,8,0,8,1.0,0.0,Yes,1.0
83016,83016,99.00,185,41,226,0.8185840707964602,0.18141592920353983,Yes,0.8185840707964602
83017,83017,99.00,169,29,198,0.8535353535353535,0.14646464646464646,Yes,0.8535353535353535
83018,83018,99.00,1,0,1,1.0,0.0,Yes,1.0
83019,83019,99.00,2,2,4,0.5,0.5,Tie,0.5
83020,83020,99.00,1,2,3,0.3333333333333333,0.6666666666666666,No,0.6666666666666666
83021,83021,99.00,164,30,194,0.845360824742268,0.15463917525773196,Yes,0.845360824742268
83022,83022,99.00,1,0,1,1.0,0.0,Yes,1.0
83023,83023,99.00,94,18,112,0.8392857142857143,0.16071428571428573,Yes,0.8392857142857143
83024,83024,99.00,2,0,2,1.0,0.0,Yes,1.0
83025,83025,99.00,156,35,191,0.8167539267015707,0.18324607329842932,Yes,0.8167539267015707
83026,83026,99.00,1,0,1,1.0,0.0,Yes,1.0
83027,83027,99.00,167,36,203,0.8226600985221675,0.17733990147783252,Yes,0.8226600985221675
83028,83028,99.00,101,18,119,0.8487394957983193,0.15126050420168066,Yes,0.8487394957983193
83029,83029,99.00,140,28,168,0.8333333333333334,0.16666666666666666,Yes,0.8333333333333334
83030,83030,99.00,6,3,9,0.6666666666666666,0.3333333333333333,Yes,0.6666666666666666
83031,83031,99.00,122,32,154,0.7922077922077922,0.2077922077922078,Yes,0.7922077922077922
83032,83032,83.33,127,38,165,0.7696969696969697,0.23030303030303031,Yes,0.7696969696969697
83033,83033,99.00,239,55,294,0.8129251700680272,0.1870748299319728,Yes,0.8129251700680272
83034,83034,99.00,0,1,1,0.0,1.0,No,1.0
83035,83035,99.00,97,24,121,0.8016528925619835,0.19834710743801653,Yes,0.8016528925619835
83036,83036,99.00,2,2,4,0.5,0.5,Tie,0.5
83037,83037,83.33,4,0,4,1.0,0.0,Yes,1.0
83038,83038,83.33,71,15,86,0.8255813953488372,0.1744186046511628,Yes,0.8255813953488372
83039,83039,83.33,126,33,159,0.7924528301886793,0.20754716981132076,Yes,0.7924528301886793
83040,83040,83.33,0,0,0,0,0,n/a,0
83041,83041,99.00,3,3,6,0.5,0.5,Tie,0.5
83042,83042,83.33,116,23,139,0.8345323741007195,0.16546762589928057,Yes,0.8345323741007195
83043,83043,83.33,2,0,2,1.0,0.0,Yes,1.0
83044,83044,83.33,120,17,137,0.8759124087591241,0.12408759124087591,Yes,0.8759124087591241
83045,83045,99.00,130,29,159,0.8176100628930818,0.18238993710691823,Yes,0.8176100628930818
83046,83046,99.00,101,14,115,0.8782608695652174,0.12173913043478261,Yes,0.8782608695652174
83047,83047,83.33,86,21,107,0.8037383177570093,0.19626168224299065,Yes,0.8037383177570093
83048,83048,83.33,1,2,3,0.3333333333333333,0.6666666666666666,No,0.6666666666666666
83049,83049,99.00,4,1,5,0.8,0.2,Yes,0.8
83050,83050,83.33,141,18,159,0.8867924528301887,0.11320754716981132,Yes,0.8867924528301887
83051,83051,83.33,69,20,89,0.7752808988764045,0.2247191011235955,Yes,0.7752808988764045
83052,83052,83.33,3,2,5,0.6,0.4,Yes,0.6
83053,83053,83.33,2,4,6,0.3333333333333333,0.6666666666666666,No,0.6666666666666666
83054,83054,83.33,5,1,6,0.8333333333333334,0.16666666666666666,Yes,0.8333333333333334
83055,83055,99.00,176,13,189,0.9312169312169312,0.06878306878306878,Yes,0.9312169312169312
83056,83056,99.00,5,1,6,0.8333333333333334,0.16666666666666666,Yes,0.8333333333333334
83057,83057,99.00,166,47,213,0.7793427230046949,0.22065727699530516,Yes,0.7793427230046949
83058,83058,99.00,79,42,121,0.6528925619834711,0.34710743801652894,Yes,0.6528925619834711
83059,83059,99.00,74,15,89,0.8314606741573034,0.16853932584269662,Yes,0.8314606741573034
83060,83060,99.00,0,0,0,0,0,n/a,0
83061,83061,99.00,0,1,1,0.0,1.0,No,1.0
83062,83062,99.00,1,0,1,1.0,0.0,Yes,1.0
83063,83063,99.00,92,31,123,0.7479674796747967,0.25203252032520324,Yes,0.7479674796747967
83064,83064,99.00,178,42,220,0.8090909090909091,0.19090909090909092,Yes,0.8090909090909091
83065,83065,99.00,3,1,4,0.75,0.25,Yes,0.75
83066,83066,99.00,162,42,204,0.7941176470588235,0.20588235294117646,Yes,0.7941176470588235
83067,83067,99.00,136,33,169,0.8047337278106509,0.1952662721893491,Yes,0.8047337278106509
83068,83068,99.00,0,0,0,0,0,n/a,0
83069,83069,99.00,172,49,221,0.7782805429864253,0.22171945701357465,Yes,0.7782805429864253
83070,83070,99.00,116,24,140,0.8285714285714286,0.17142857142857143,Yes,0.8285714285714286
83071,83071,99.00,9,1,10,0.9,0.1,Yes,0.9
83072,83072,99.00,143,33,176,0.8125,0.1875,Yes,0.8125
83073,83073,99.00,1,2,3,0.3333333333333333,0.6666666666666666,No,0.6666666666666666
83074,83074,99.00,184,41,225,0.8177777777777778,0.18222222222222223,Yes,0.8177777777777778
83075,83075,99.00,4,0,4,1.0,0.0,Yes,1.0
83076,83076,99.00,3,1,4,0.75,0.25,Yes,0.75
83077,83077,99.00,181,33,214,0.8457943925233645,0.1542056074766355,Yes,0.8457943925233645
83078,83078,99.00,134,29,163,0.8220858895705522,0.17791411042944785,Yes,0.8220858895705522
83079,83079,99.00,100,24,124,0.8064516129032258,0.1935483870967742,Yes,0.8064516129032258
83080,83080,99.00,4,2,6,0.6666666666666666,0.3333333333333333,Yes,0.6666666666666666
83081,83081,99.00,5,1,6,0.8333333333333334,0.16666666666666666,Yes,0.8333333333333334
83082,83082,99.00,141,20,161,0.8757763975155279,0.12422360248447205,Yes,0.8757763975155279
83083,83083,99.00,8,1,9,0.8888888888888888,0.1111111111111111,Yes,0.8888888888888888
83084,83084,99.00,17,6,23,0.7391304347826086,0.2608695652173913,Yes,0.7391304347826086
83085,83085,99.00,1,0,1,1.0,0.0,Yes,1.0
83086,83086,99.00,0,0,0,0,0,n/a,0
83087,83087,99.00,0,0,0,0,0,n/a,0
83088,83088,99.00,3,0,3,1.0,0.0,Yes,1.0
83089,83089,99.00,1,0,1,1.0,0.0,Yes,1.0
84001,84001,99.00,56,9,65,0.8615384615384616,0.13846153846153847,Yes,0.8615384615384616
84002,84002,99.00,143,22,165,0.8666666666666667,0.13333333333333333,Yes,0.8666666666666667
84003,84003,99.00,68,7,75,0.9066666666666666,0.09333333333333334,Yes,0.9066666666666666
84004,84004,99.00,121,18,139,0.8705035971223022,0.12949640287769784,Yes,0.8705035971223022
84005,84005,99.00,0,0,0,0,0,n/a,0
84006,84006,99.00,143,17,160,0.89375,0.10625,Yes,0.89375
84007,84007,99.00,78,12,90,0.8666666666666667,0.13333333333333333,Yes,0.8666666666666667
84008,84008,99.00,3,0,3,1.0,0.0,Yes,1.0
84009,84009,55.56,10,3,13,0.7692307692307693,0.23076923076923078,Yes,0.7692307692307693
84010,84010,55.56,159,30,189,0.8412698412698413,0.15873015873015872,Yes,0.8412698412698413
84011,84011,99.00,130,17,147,0.8843537414965986,0.11564625850340136,Yes,0.8843537414965986
84012,84012,99.00,4,1,5,0.8,0.2,Yes,0.8
84013,84013,99.00,63,9,72,0.875,0.125,Yes,0.875
84014,84014,55.56,13,3,16,0.8125,0.1875,Yes,0.8125
84015,84015,55.56,123,32,155,0.7935483870967742,0.2064516129032258,Yes,0.7935483870967742
84016,84016,99.00,6,2,8,0.75,0.25,Yes,0.75
84017,84017,99.00,3,1,4,0.75,0.25,Yes,0.75
84018,84018,99.00,80,20,100,0.8,0.2,Yes,0.8
84019,84019,83.33,169,24,193,0.8756476683937824,0.12435233160621761,Yes,0.8756476683937824
84020,84020,83.33,2,0,2,1.0,0.0,Yes,1.0
84021,84021,83.33,1,0,1,1.0,0.0,Yes,1.0
84022,84022,99.00,1,0,1,1.0,0.0,Yes,1.0
84023,84023,83.33,117,18,135,0.8666666666666667,0.13333333333333333,Yes,0.8666666666666667
84024,84024,83.33,138,29,167,0.8263473053892215,0.17365269461077845,Yes,0.8263473053892215
84025,84025,83.33,0,0,0,0,0,n/a,0
84026,84026,83.33,0,0,0,0,0,n/a,0
84027,84027,99.00,117,22,139,0.841726618705036,0.15827338129496402,Yes,0.841726618705036
84028,84028,99.00,1,0,1,1.0,0.0,Yes,1.0
84029,84029,99.00,1,0,1,1.0,0.0,Yes,1.0
84030,84030,99.00,58,19,77,0.7532467532467533,0.24675324675324675,Yes,0.7532467532467533
84031,84031,99.00,2,0,2,1.0,0.0,Yes,1.0
84032,84032,99.00,52,15,67,0.7761194029850746,0.22388059701492538,Yes,0.7761194029850746
84033,84033,99.00,0,0,0,0,0,n/a,0
84034,84034,99.00,3,1,4,0.75,0.25,Yes,0.75
84035,84035,99.00,129,21,150,0.86,0.14,Yes,0.86
84036,84036,99.00,2,0,2,1.0,0.0,Yes,1.0
84037,84037,99.00,0,0,0,0,0,n/a,0
84038,84038,99.00,58,10,68,0.8529411764705882,0.14705882352941177,Yes,0.8529411764705882
84039,84039,99.00,90,18,108,0.8333333333333334,0.16666666666666666,Yes,0.8333333333333334
84040,84040,99.00,64,21,85,0.7529411764705882,0.24705882352941178,Yes,0.7529411764705882
84041,84041,99.00,99,27,126,0.7857142857142857,0.21428571428571427,Yes,0.7857142857142857
84042,84042,99.00,67,16,83,0.8072289156626506,0.1927710843373494,Yes,0.8072289156626506
84043,84043,99.00,121,31,152,0.7960526315789473,0.20394736842105263,Yes,0.7960526315789473
84044,84044,99.00,0,0,0,0,0,n/a,0
84045,84045,99.00,66,8,74,0.8918918918918919,0.10810810810810811,Yes,0.8918918918918919
84046,84046,99.00,2,0,2,1.0,0.0,Yes,1.0
84047,84047,99.00,18,5,23,0.782608695652174,0.21739130434782608,Yes,0.782608695652174
84048,84048,99.00,60,22,82,0.7317073170731707,0.2682926829268293,Yes,0.7317073170731707
84049,84049,99.00,92,25,117,0.7863247863247863,0.21367521367521367,Yes,0.7863247863247863
84050,84050,99.00,115,16,131,0.8778625954198473,0.12213740458015267,Yes,0.8778625954198473
84051,84051,99.00,0,0,0,0,0,n/a,0
84052,84052,99.00,1,0,1,1.0,0.0,Yes,1.0
84053,84053,99.00,63,18,81,0.7777777777777778,0.2222222222222222,Yes,0.7777777777777778
84054,84054,99.00,0,0,0,0,0,n/a,0
84055,84055,99.00,40,8,48,0.8333333333333334,0.16666666666666666,Yes,0.8333333333333334
84056,84056,99.00,48,7,55,0.8727272727272727,0.12727272727272726,Yes,0.8727272727272727
84057,84057,99.00,65,10,75,0.8666666666666667,0.13333333333333333,Yes,0.8666666666666667
84058,84058,99.00,120,44,164,0.7317073170731707,0.2682926829268293,Yes,0.7317073170731707
84059,84059,99.00,2,0,2,1.0,0.0,Yes,1.0
84060,84060,83.33,46,8,54,0.8518518518518519,0.14814814814814814,Yes,0.8518518518518519
84061,84061,99.00,58,11,69,0.8405797101449275,0.15942028985507245,Yes,0.8405797101449275
84062,84062,99.00,94,15,109,0.8623853211009175,0.13761467889908258,Yes,0.8623853211009175
84063,84063,99.00,0,0,0,0,0,n/a,0
84064,84064,99.00,60,9,69,0.8695652173913043,0.13043478260869565,Yes,0.8695652173913043
84065,84065,99.00,77,19,96,0.8020833333333334,0.19791666666666666,Yes,0.8020833333333334
84066,84066,99.00,3,0,3,1.0,0.0,Yes,1.0
84067,84067,99.00,81,18,99,0.8181818181818182,0.18181818181818182,Yes,0.8181818181818182
84068,84068,99.00,0,0,0,0,0,n/a,0
84069,84069,99.00,1,0,1,1.0,0.0,Yes,1.0
84070,84070,99.00,1,0,1,1.0,0.0,Yes,1.0
84071,84071,99.00,98,21,119,0.8235294117647058,0.17647058823529413,Yes,0.8235294117647058
84072,84072,99.00,79,17,96,0.8229166666666666,0.17708333333333334,Yes,0.8229166666666666
84073,84073,99.00,0,0,0,0,0,n/a,0
84074,84074,99.00,102,13,115,0.8869565217391304,0.11304347826086956,Yes,0.8869565217391304
84075,84075,66.67,52,12,64,0.8125,0.1875,Yes,0.8125
84076,84076,99.00,0,0,0,0,0,n/a,0
84077,84077,99.00,1,0,1,1.0,0.0,Yes,1.0
84078,84078,99.00,0,0,0,0,0,n/a,0
84079,84079,99.00,0,0,0,0,0,n/a,0
84080,84080,55.56,22,9,31,0.7096774193548387,0.2903225806451613,Yes,0.7096774193548387
84081,84081,99.00,0,0,0,0,0,n/a,0
84082,84082,99.00,1,0,1,1.0,0.0,Yes,1.0
84083,84083,99.00,1,0,1,1.0,0.0,Yes,1.0
84084,84084,99.00,2,0,2,1.0,0.0,Yes,1.0
84085,84085,99.00,90,18,108,0.8333333333333334,0.16666666666666666,Yes,0.8333333333333334
85001,85001,99.00,119,41,160,0.74375,0.25625,Yes,0.74375
85002,85002,99.00,171,53,224,0.7633928571428571,0.23660714285714285,Yes,0.7633928571428571
85003,85003,99.00,11,0,11,1.0,0.0,Yes,1.0
85004,85004,37.50,112,26,138,0.8115942028985508,0.18840579710144928,Yes,0.8115942028985508
85005,85005,37.50,75,19,94,0.7978723404255319,0.20212765957446807,Yes,0.7978723404255319
85006,85006,37.50,5,1,6,0.8333333333333334,0.16666666666666666,Yes,0.8333333333333334
85007,85007,99.00,110,31,141,0.7801418439716312,0.2198581560283688,Yes,0.7801418439716312
85008,85008,99.00,90,22,112,0.8035714285714286,0.19642857142857142,Yes,0.8035714285714286
85009,85009,99.00,59,20,79,0.7468354430379747,0.25316455696202533,Yes,0.7468354430379747
85010,85010,99.00,10,1,11,0.9090909090909091,0.09090909090909091,Yes,0.9090909090909091
85011,85011,99.00,129,30,159,0.8113207547169812,0.18867924528301888,Yes,0.8113207547169812
85012,85012,99.00,5,1,6,0.8333333333333334,0.16666666666666666,Yes,0.8333333333333334
85013,85013,99.00,250,65,315,0.7936507936507936,0.20634920634920634,Yes,0.7936507936507936
85014,85014,99.00,1,1,2,0.5,0.5,Tie,0.5
85015,85015,99.00,96,14,110,0.8727272727272727,0.12727272727272726,Yes,0.8727272727272727
85016,85016,99.00,54,16,70,0.7714285714285715,0.22857142857142856,Yes,0.7714285714285715
85017,85017,99.00,0,0,0,0,0,n/a,0
85018,85018,99.00,0,0,0,0,0,n/a,0
85019,85019,99.00,8,7,15,0.5333333333333333,0.4666666666666667,Yes,0.5333333333333333
85020,85020,99.00,110,27,137,0.8029197080291971,0.19708029197080293,Yes,0.8029197080291971
85021,85021,99.00,171,36,207,0.8260869565217391,0.17391304347826086,Yes,0.8260869565217391
85022,85022,99.00,42,7,49,0.8571428571428571,0.14285714285714285,Yes,0.8571428571428571
85023,85023,99.00,167,37,204,0.8186274509803921,0.18137254901960784,Yes,0.8186274509803921
85024,85024,99.00,4,1,5,0.8,0.2,Yes,0.8
85025,85025,99.00,143,37,180,0.7944444444444444,0.20555555555555555,Yes,0.7944444444444444
85026,85026,99.00,3,1,4,0.75,0.25,Yes,0.75
85027,85027,99.00,152,42,194,0.7835051546391752,0.21649484536082475,Yes,0.7835051546391752
85028,85028,99.00,58,12,70,0.8285714285714286,0.17142857142857143,Yes,0.8285714285714286
85029,85029,99.00,1,0,1,1.0,0.0,Yes,1.0
85030,85030,99.00,118,30,148,0.7972972972972973,0.20270270270270271,Yes,0.7972972972972973
85031,85031,99.00,1,0,1,1.0,0.0,Yes,1.0
85032,85032,75.00,23,2,25,0.92,0.08,Yes,0.92
85033,85033,50.00,46,14,60,0.7666666666666667,0.23333333333333334,Yes,0.7666666666666667
85034,85034,99.00,114,12,126,0.9047619047619048,0.09523809523809523,Yes,0.9047619047619048
85035,85035,99.00,0,0,0,0,0,n/a,0
85036,85036,99.00,1,0,1,1.0,0.0,Yes,1.0
85037,85037,99.00,2,1,3,0.6666666666666666,0.3333333333333333,Yes,0.6666666666666666
85038,85038,66.67,0,0,0,0,0,n/a,0
85039,85039,66.67,57,9,66,0.8636363636363636,0.13636363636363635,Yes,0.8636363636363636
85040,85040,66.67,1,1,2,0.5,0.5,Tie,0.5
85041,85041,99.00,0,2,2,0.0,1.0,No,1.0
85042,85042,99.00,0,0,0,0,0,n/a,0
85043,85043,99.00,79,14,93,0.8494623655913979,0.15053763440860216,Yes,0.8494623655913979
85044,85044,99.00,4,0,4,1.0,0.0,Yes,1.0
85045,85045,99.00,118,18,136,0.8676470588235294,0.1323529411764706,Yes,0.8676470588235294
85046,85046,99.00,90,26,116,0.7758620689655172,0.22413793103448276,Yes,0.7758620689655172
85047,85047,99.00,0,0,0,0,0,n/a,0
85048,85048,99.00,54,8,62,0.8709677419354839,0.12903225806451613,Yes,0.8709677419354839
85049,85049,99.00,74,15,89,0.8314606741573034,0.16853932584269662,Yes,0.8314606741573034
85050,85050,99.00,131,24,155,0.8451612903225807,0.15483870967741936,Yes,0.8451612903225807
85051,85051,99.00,1,0,1,1.0,0.0,Yes,1.0
85052,85052,99.00,107,27,134,0.7985074626865671,0.20149253731343283,Yes,0.7985074626865671
85053,85053,66.67,42,11,53,0.7924528301886793,0.20754716981132076,Yes,0.7924528301886793
85054,85054,66.67,48,14,62,0.7741935483870968,0.22580645161290322,Yes,0.7741935483870968
85055,85055,66.67,37,13,50,0.74,0.26,Yes,0.74
85056,85056,99.00,132,23,155,0.8516129032258064,0.14838709677419354,Yes,0.8516129032258064
85057,85057,99.00,0,2,2,0.0,1.0,No,1.0
85058,85058,99.00,121,31,152,0.7960526315789473,0.20394736842105263,Yes,0.7960526315789473
85059,85059,99.00,2,0,2,1.0,0.0,Yes,1.0
85060,85060,99.00,1,0,1,1.0,0.0,Yes,1.0
85061,85061,99.00,1,0,1,1.0,0.0,Yes,1.0
85062,85062,99.00,129,19,148,0.8716216216216216,0.12837837837837837,Yes,0.8716216216216216
85063,85063,99.00,6,0,6,1.0,0.0,Yes,1.0
85064,85064,99.00,92,13,105,0.8761904761904762,0.12380952380952381,Yes,0.8761904761904762
85065,85065,99.00,3,1,4,0.75,0.25,Yes,0.75
85066,85066,99.00,92,22,114,0.8070175438596491,0.19298245614035087,Yes,0.8070175438596491
85067,85067,99.00,107,24,131,0.816793893129771,0.183206106870229,Yes,0.816793893129771
85068,85068,99.00,16,2,18,0.8888888888888888,0.1111111111111111,Yes,0.8888888888888888
85069,85069,99.00,77,9,86,0.8953488372093024,0.10465116279069768,Yes,0.8953488372093024
85070,85070,99.00,108,23,131,0.8244274809160306,0.17557251908396945,Yes,0.8244274809160306
85071,85071,99.00,0,0,0,0,0,n/a,0
85072,85072,99.00,0,0,0,0,0,n/a,0
85073,85073,99.00,0,0,0,0,0,n/a,0
85074,85074,99.00,0,0,0,0,0,n/a,0
85075,85075,99.00,0,0,0,0,0,n/a,0
85076,85076,99.00,0,0,0,0,0,n/a,0
85077,85077,99.00,0,0,0,0,0,n/a,0
85078,85078,99.00,0,0,0,0,0,n/a,0
85079,85079,99.00,0,0,0,0,0,n/a,0
85080,85080,99.00,82,16,98,0.8367346938775511,0.16326530612244897,Yes,0.8367346938775511
85081,85081,99.00,0,0,0,0,0,n/a,0
85082,85082,99.00,0,0,0,0,0,n/a,0
85083,85083,75.00,1,0,1,1.0,0.0,Yes,1.0
85084,85084,99.00,2,0,2,1.0,0.0,Yes,1.0
85085,85085,99.00,1,0,1,1.0,0.0,Yes,1.0
86001,86001,99.00,0,0,0,0,0,n/a,0
86002,86002,99.00,125,33,158,0.7911392405063291,0.2088607594936709,Yes,0.7911392405063291
86003,86003,99.00,2,0,2,1.0,0.0,Yes,1.0
86004,86004,99.00,107,24,131,0.816793893129771,0.183206106870229,Yes,0.816793893129771
86005,86005,0.00,0,0,0,0,0,n/a,0
86006,86006,0.00,1,0,1,1.0,0.0,Yes,1.0
86007,86007,0.00,1,0,1,1.0,0.0,Yes,1.0
86008,86008,99.00,93,17,110,0.8454545454545455,0.15454545454545454,Yes,0.8454545454545455
86009,86009,99.00,80,13,93,0.8602150537634409,0.13978494623655913,Yes,0.8602150537634409
86010,86010,99.00,0,0,0,0,0,n/a,0
86011,86011,80.00,65,31,96,0.6770833333333334,0.3229166666666667,Yes,0.6770833333333334
86012,86012,99.00,78,12,90,0.8666666666666667,0.13333333333333333,Yes,0.8666666666666667
86013,86013,80.00,2,0,2,1.0,0.0,Yes,1.0
86014,86014,80.00,80,22,102,0.7843137254901961,0.21568627450980393,Yes,0.7843137254901961
86015,86015,99.00,6,0,6,1.0,0.0,Yes,1.0
86016,86016,80.00,0,0,0,0,0,n/a,0
86017,86017,80.00,2,0,2,1.0,0.0,Yes,1.0
86018,86018,99.00,61,19,80,0.7625,0.2375,Yes,0.7625
86019,86019,99.00,98,16,114,0.8596491228070176,0.14035087719298245,Yes,0.8596491228070176
86020,86020,99.00,54,9,63,0.8571428571428571,0.14285714285714285,Yes,0.8571428571428571
86021,86021,0.00,0,0,0,0,0,n/a,0
86022,86022,99.00,87,22,109,0.7981651376146789,0.2018348623853211,Yes,0.7981651376146789
86023,86023,99.00,3,0,3,1.0,0.0,Yes,1.0
86024,86024,99.00,4,0,4,1.0,0.0,Yes,1.0
86025,86025,99.00,78,15,93,0.8387096774193549,0.16129032258064516,Yes,0.8387096774193549
86026,86026,99.00,91,23,114,0.7982456140350878,0.20175438596491227,Yes,0.7982456140350878
86027,86027,99.00,0,0,0,0,0,n/a,0
86028,86028,0.00,2,0,2,1.0,0.0,Yes,1.0
86029,86029,0.00,0,0,0,0,0,n/a,0
86030,86030,0.00,0,0,0,0,0,n/a,0
86031,86031,99.00,0,1,1,0.0,1.0,No,1.0
86032,86032,99.00,90,22,112,0.8035714285714286,0.19642857142857142,Yes,0.8035714285714286
86033,86033,99.00,156,22,178,0.8764044943820225,0.12359550561797752,Yes,0.8764044943820225
86034,86034,99.00,2,0,2,1.0,0.0,Yes,1.0
86035,86035,99.00,0,0,0,0,0,n/a,0
86036,86036,99.00,123,12,135,0.9111111111111111,0.08888888888888889,Yes,0.9111111111111111
86037,86037,99.00,1,0,1,1.0,0.0,Yes,1.0
86038,86038,99.00,87,15,102,0.8529411764705882,0.14705882352941177,Yes,0.8529411764705882
86039,86039,99.00,2,0,2,1.0,0.0,Yes,1.0
86040,86040,99.00,130,20,150,0.8666666666666667,0.13333333333333333,Yes,0.8666666666666667
86041,86041,99.00,1,0,1,1.0,0.0,Yes,1.0
86042,86042,99.00,0,0,0,0,0,n/a,0
86043,86043,99.00,0,0,0,0,0,n/a,0
86044,86044,99.00,1,0,1,1.0,0.0,Yes,1.0
86045,86045,99.00,92,11,103,0.8932038834951457,0.10679611650485436,Yes,0.8932038834951457
86046,86046,0.00,0,0,0,0,0,n/a,0
86047,86047,99.00,72,12,84,0.8571428571428571,0.14285714285714285,Yes,0.8571428571428571
86048,86048,0.00,1,0,1,1.0,0.0,Yes,1.0
86049,86049,99.00,2,0,2,1.0,0.0,Yes,1.0
86050,86050,99.00,69,18,87,0.7931034482758621,0.20689655172413793,Yes,0.7931034482758621
86051,86051,99.00,1,0,1,1.0,0.0,Yes,1.0
86052,86052,99.00,75,9,84,0.8928571428571429,0.10714285714285714,Yes,0.8928571428571429
86053,86053,99.00,3,0,3,1.0,0.0,Yes,1.0
86054,86054,99.00,3,0,3,1.0,0.0,Yes,1.0
86055,86055,99.00,92,16,108,0.8518518518518519,0.14814814814814814,Yes,0.8518518518518519
86056,86056,99.00,71,16,87,0.8160919540229885,0.1839080459770115,Yes,0.8160919540229885
86057,86057,99.00,105,8,113,0.9292035398230089,0.07079646017699115,Yes,0.9292035398230089
86058,86058,99.00,5,0,5,1.0,0.0,Yes,1.0
86059,86059,0.00,1,1,2,0.5,0.5,Tie,0.5
86060,86060,99.00,0,0,0,0,0,n/a,0
86061,86061,99.00,2,1,3,0.6666666666666666,0.3333333333333333,Yes,0.6666666666666666
86062,86062,99.00,3,0,3,1.0,0.0,Yes,1.0
86063,86063,99.00,74,16,90,0.8222222222222222,0.17777777777777778,Yes,0.8222222222222222
86064,86064,99.00,77,9,86,0.8953488372093024,0.10465116279069768,Yes,0.8953488372093024
86065,86065,99.00,2,0,2,1.0,0.0,Yes,1.0
86066,86066,80.00,105,28,133,0.7894736842105263,0.21052631578947367,Yes,0.7894736842105263
86067,86067,99.00,0,0,0,0,0,n/a,0
86068,86068,99.00,0,1,1,0.0,1.0,No,1.0
86069,86069,99.00,1,1,2,0.5,0.5,Tie,0.5
86070,86070,99.00,0,0,0,0,0,n/a,0
86071,86071,99.00,1,0,1,1.0,0.0,Yes,1.0
86072,86072,99.00,1,0,1,1.0,0.0,Yes,1.0
87001,87001,0.00,0,0,0,0,0,n/a,0
87002,87002,0.00,0,0,0,0,0,n/a,0
87003,87003,0.00,0,1,1,0.0,1.0,No,1.0
87004,87004,0.00,1,0,1,1.0,0.0,Yes,1.0
87005,87005,0.00,0,0,0,0,0,n/a,0
87006,87006,0.00,1,0,1,1.0,0.0,Yes,1.0
87007,87007,0.00,1,0,1,1.0,0.0,Yes,1.0
87008,87008,0.00,3,0,3,1.0,0.0,Yes,1.0
87009,87009,0.00,0,0,0,0,0,n/a,0
87010,87010,0.00,3,0,3,1.0,0.0,Yes,1.0
87011,87011,0.00,2,0,2,1.0,0.0,Yes,1.0
87012,87012,0.00,0,0,0,0,0,n/a,0
87013,87013,0.00,0,0,0,0,0,n/a,0
87014,87014,0.00,1,0,1,1.0,0.0,Yes,1.0
87015,87015,0.00,1,0,1,1.0,0.0,Yes,1.0
87016,87016,0.00,1,0,1,1.0,0.0,Yes,1.0
87017,87017,99.00,0,0,0,0,0,n/a,0
87018,87018,99.00,2,0,2,1.0,0.0,Yes,1.0
87019,87019,99.00,96,36,132,0.7272727272727273,0.2727272727272727,Yes,0.7272727272727273
87020,87020,99.00,1,0,1,1.0,0.0,Yes,1.0
87021,87021,0.00,0,0,0,0,0,n/a,0
87022,87022,99.00,116,39,155,0.7483870967741936,0.25161290322580643,Yes,0.7483870967741936
87023,87023,99.00,2,0,2,1.0,0.0,Yes,1.0
87024,87024,75.00,0,0,0,0,0,n/a,0
87025,87025,99.00,2,0,2,1.0,0.0,Yes,1.0
87026,87026,99.00,95,25,120,0.7916666666666666,0.20833333333333334,Yes,0.7916666666666666
87027,87027,99.00,1,0,1,1.0,0.0,Yes,1.0
87028,87028,99.00,90,26,116,0.7758620689655172,0.22413793103448276,Yes,0.7758620689655172
87029,87029,99.00,145,41,186,0.7795698924731183,0.22043010752688172,Yes,0.7795698924731183
87030,87030,99.00,109,21,130,0.8384615384615385,0.16153846153846155,Yes,0.8384615384615385
87031,87031,99.00,5,0,5,1.0,0.0,Yes,1.0
87032,87032,99.00,44,14,58,0.7586206896551724,0.2413793103448276,Yes,0.7586206896551724
87033,87033,75.00,97,28,125,0.776,0.224,Yes,0.776
87034,87034,75.00,3,0,3,1.0,0.0,Yes,1.0
87035,87035,75.00,97,27,124,0.782258064516129,0.21774193548387097,Yes,0.782258064516129
87036,87036,75.00,0,1,1,0.0,1.0,No,1.0
87037,87037,99.00,109,20,129,0.8449612403100775,0.15503875968992248,Yes,0.8449612403100775
87038,87038,99.00,0,0,0,0,0,n/a,0
87039,87039,99.00,85,12,97,0.8762886597938144,0.12371134020618557,Yes,0.8762886597938144
87040,87040,66.67,103,24,127,0.8110236220472441,0.1889763779527559,Yes,0.8110236220472441
87041,87041,66.67,2,1,3,0.6666666666666666,0.3333333333333333,Yes,0.6666666666666666
87042,87042,99.00,13,4,17,0.7647058823529411,0.23529411764705882,Yes,0.7647058823529411
87043,87043,0.00,0,0,0,0,0,n/a,0
87044,87044,99.00,0,0,0,0,0,n/a,0
87045,87045,99.00,0,0,0,0,0,n/a,0
87046,87046,99.00,53,7,60,0.8833333333333333,0.11666666666666667,Yes,0.8833333333333333
87047,87047,99.00,153,41,194,0.788659793814433,0.211340206185567,Yes,0.788659793814433
87048,87048,99.00,118,39,157,0.7515923566878981,0.2484076433121019,Yes,0.7515923566878981
87049,87049,99.00,209,60,269,0.7769516728624535,0.22304832713754646,Yes,0.7769516728624535
87050,87050,99.00,4,0,4,1.0,0.0,Yes,1.0
87051,87051,99.00,256,59,315,0.8126984126984127,0.1873015873015873,Yes,0.8126984126984127
87052,87052,99.00,1,0,1,1.0,0.0,Yes,1.0
87053,87053,99.00,3,1,4,0.75,0.25,Yes,0.75
87054,87054,99.00,4,3,7,0.5714285714285714,0.42857142857142855,Yes,0.5714285714285714
87055,87055,99.00,181,37,218,0.8302752293577982,0.16972477064220184,Yes,0.8302752293577982
87056,87056,99.00,199,41,240,0.8291666666666667,0.17083333333333334,Yes,0.8291666666666667
87057,87057,99.00,172,46,218,0.7889908256880734,0.21100917431192662,Yes,0.7889908256880734
87058,87058,99.00,188,44,232,0.8103448275862069,0.1896551724137931,Yes,0.8103448275862069
87059,87059,99.00,1,0,1,1.0,0.0,Yes,1.0
87060,87060,99.00,218,44,262,0.8320610687022901,0.16793893129770993,Yes,0.8320610687022901
87061,87061,99.00,185,41,226,0.8185840707964602,0.18141592920353983,Yes,0.8185840707964602
87062,87062,99.00,3,0,3,1.0,0.0,Yes,1.0
87063,87063,99.00,1,0,1,1.0,0.0,Yes,1.0
87064,87064,99.00,0,0,0,0,0,n/a,0
87065,87065,99.00,4,0,4,1.0,0.0,Yes,1.0
87066,87066,99.00,69,18,87,0.7931034482758621,0.20689655172413793,Yes,0.7931034482758621
87067,87067,99.00,1,0,1,1.0,0.0,Yes,1.0
87068,87068,99.00,63,14,77,0.8181818181818182,0.18181818181818182,Yes,0.8181818181818182
87069,87069,0.00,6,0,6,1.0,0.0,Yes,1.0
87070,87070,99.00,104,22,126,0.8253968253968254,0.1746031746031746,Yes,0.8253968253968254
87071,87071,99.00,87,25,112,0.7767857142857143,0.22321428571428573,Yes,0.7767857142857143
87072,87072,99.00,114,30,144,0.7916666666666666,0.20833333333333334,Yes,0.7916666666666666
87073,87073,99.00,16,0,16,1.0,0.0,Yes,1.0
87074,87074,66.67,87,25,112,0.7767857142857143,0.22321428571428573,Yes,0.7767857142857143
87075,87075,99.00,0,3,3,0.0,1.0,No,1.0
87076,87076,66.67,2,0,2,1.0,0.0,Yes,1.0
87077,87077,99.00,101,39,140,0.7214285714285714,0.2785714285714286,Yes,0.7214285714285714
87078,87078,99.00,129,37,166,0.7771084337349398,0.22289156626506024,Yes,0.7771084337349398
87079,87079,99.00,0,0,0,0,0,n/a,0
87080,87080,37.50,82,18,100,0.82,0.18,Yes,0.82
87081,87081,99.00,107,15,122,0.8770491803278688,0.12295081967213115,Yes,0.8770491803278688
87082,87082,37.50,3,0,3,1.0,0.0,Yes,1.0
87083,87083,99.00,0,0,0,0,0,n/a,0
87084,87084,99.00,142,28,170,0.8352941176470589,0.16470588235294117,Yes,0.8352941176470589
87085,87085,99.00,1,0,1,1.0,0.0,Yes,1.0
87086,87086,99.00,1,1,2,0.5,0.5,Tie,0.5
87087,87087,99.00,164,52,216,0.7592592592592593,0.24074074074074073,Yes,0.7592592592592593
87088,87088,99.00,1,0,1,1.0,0.0,Yes,1.0
87089,87089,99.00,2,0,2,1.0,0.0,Yes,1.0
87090,87090,0.00,0,0,0,0,0,n/a,0
87091,87091,0.00,0,0,0,0,0,n/a,0
87092,87092,0.00,0,0,0,0,0,n/a,0
87093,87093,99.00,0,0,0,0,0,n/a,0
87094,87094,99.00,0,0,0,0,0,n/a,0
87095,87095,99.00,0,0,0,0,0,n/a,0
87096,87096,99.00,0,0,0,0,0,n/a,0
87097,87097,99.00,48,9,57,0.8421052631578947,0.15789473684210525,Yes,0.8421052631578947
87098,87098,99.00,2,0,2,1.0,0.0,Yes,1.0
87099,87099,99.00,5,1,6,0.8333333333333334,0.16666666666666666,Yes,0.8333333333333334
87100,87100,99.00,0,1,1,0.0,1.0,No,1.0
87101,87101,99.00,8,0,8,1.0,0.0,Yes,1.0
87102,87102,99.00,0,0,0,0,0,n/a,0
41001,41001,99.00,4,1,5,0.8,0.2,Yes,0.8
41002,41002,99.00,81,122,203,0.39901477832512317,0.6009852216748769,No,0.6009852216748769
41003,41003,99.00,95,143,238,0.39915966386554624,0.6008403361344538,No,0.6008403361344538
41004,41004,99.00,6,4,10,0.6,0.4,Yes,0.6
41005,41005,36.36,38,130,168,0.2261904761904762,0.7738095238095238,No,0.7738095238095238
41006,41006,99.00,51,55,106,0.4811320754716981,0.5188679245283019,No,0.5188679245283019
41007,41007,99.00,74,59,133,0.556390977443609,0.44360902255639095,Yes,0.556390977443609
41008,41008,99.00,54,50,104,0.5192307692307693,0.4807692307692308,Yes,0.5192307692307693
41009,41009,99.00,44,54,98,0.4489795918367347,0.5510204081632653,No,0.5510204081632653
41010,41010,99.00,1,2,3,0.3333333333333333,0.6666666666666666,No,0.6666666666666666
41011,41011,99.00,17,31,48,0.3541666666666667,0.6458333333333334,No,0.6458333333333334
41012,41012,36.36,31,48,79,0.3924050632911392,0.6075949367088608,No,0.6075949367088608
41013,41013,36.36,0,1,1,0.0,1.0,No,1.0
41014,41014,99.00,0,0,0,0,0,n/a,0
41015,41015,36.36,8,5,13,0.6153846153846154,0.38461538461538464,Yes,0.6153846153846154
41016,41016,99.00,39,55,94,0.4148936170212766,0.5851063829787234,No,0.5851063829787234
41017,41017,99.00,99,160,259,0.38223938223938225,0.6177606177606177,No,0.6177606177606177
41018,41018,99.00,48,93,141,0.3404255319148936,0.6595744680851063,No,0.6595744680851063
41019,41019,99.00,0,0,0,0,0,n/a,0
41020,41020,99.00,58,67,125,0.464,0.536,No,0.536
41021,41021,99.00,86,85,171,0.5029239766081871,0.49707602339181284,Yes,0.5029239766081871
41022,41022,99.00,14,18,32,0.4375,0.5625,No,0.5625
41023,41023,99.00,1,0,1,1.0,0.0,Yes,1.0
41024,41024,66.67,2,1,3,0.6666666666666666,0.3333333333333333,Yes,0.6666666666666666
41025,41025,66.67,16,13,29,0.5517241379310345,0.4482758620689655,Yes,0.5517241379310345
41026,41026,99.00,0,0,0,0,0,n/a,0
41027,41027,99.00,2,2,4,0.5,0.5,Tie,0.5
41028,41028,99.00,93,52,145,0.6413793103448275,0.3586206896551724,Yes,0.6413793103448275
41029,41029,66.67,0,0,0,0,0,n/a,0
41030,41030,99.00,138,41,179,0.770949720670391,0.22905027932960895,Yes,0.770949720670391
41031,41031,99.00,130,33,163,0.7975460122699386,0.20245398773006135,Yes,0.7975460122699386
41032,41032,99.00,15,2,17,0.8823529411764706,0.11764705882352941,Yes,0.8823529411764706
41033,41033,99.00,160,58,218,0.7339449541284404,0.26605504587155965,Yes,0.7339449541284404
41034,41034,99.00,3,1,4,0.75,0.25,Yes,0.75
41035,41035,99.00,62,45,107,0.5794392523364486,0.4205607476635514,Yes,0.5794392523364486
41036,41036,99.00,46,97,143,0.32167832167832167,0.6783216783216783,No,0.6783216783216783
41037,41037,99.00,123,28,151,0.8145695364238411,0.18543046357615894,Yes,0.8145695364238411
41038,41038,99.00,158,35,193,0.8186528497409327,0.18134715025906736,Yes,0.8186528497409327
41039,41039,99.00,111,35,146,0.7602739726027398,0.23972602739726026,Yes,0.7602739726027398
41040,41040,99.00,88,24,112,0.7857142857142857,0.21428571428571427,Yes,0.7857142857142857
41041,41041,99.00,92,18,110,0.8363636363636363,0.16363636363636364,Yes,0.8363636363636363
41042,41042,33.33,2,3,5,0.4,0.6,No,0.6
41043,41043,99.00,107,37,144,0.7430555555555556,0.2569444444444444,Yes,0.7430555555555556
41044,41044,99.00,1,0,1,1.0,0.0,Yes,1.0
41045,41045,99.00,97,35,132,0.7348484848484849,0.26515151515151514,Yes,0.7348484848484849
41046,41046,99.00,161,156,317,0.5078864353312302,0.4921135646687697,Yes,0.5078864353312302
41047,41047,99.00,177,43,220,0.8045454545454546,0.19545454545454546,Yes,0.8045454545454546
41048,41048,99.00,75,18,93,0.8064516129032258,0.1935483870967742,Yes,0.8064516129032258
41049,41049,99.00,110,26,136,0.8088235294117647,0.19117647058823528,Yes,0.8088235294117647
41050,41050,99.00,35,150,185,0.1891891891891892,0.8108108108108109,No,0.8108108108108109
41051,41051,99.00,28,36,64,0.4375,0.5625,No,0.5625
41052,41052,99.00,3,3,6,0.5,0.5,Tie,0.5
41053,41053,99.00,10,0,10,1.0,0.0,Yes,1.0
41054,41054,99.00,97,19,116,0.8362068965517241,0.16379310344827586,Yes,0.8362068965517241
41055,41055,99.00,178,47,225,0.7911111111111111,0.2088888888888889,Yes,0.7911111111111111
41056,41056,99.00,0,2,2,0.0,1.0,No,1.0
41057,41057,36.36,9,8,17,0.5294117647058824,0.47058823529411764,Yes,0.5294117647058824
41058,41058,36.36,58,127,185,0.31351351351351353,0.6864864864864865,No,0.6864864864864865
41059,41059,36.36,47,78,125,0.376,0.624,No,0.624
41060,41060,33.33,1,4,5,0.2,0.8,No,0.8
41061,41061,33.33,24,28,52,0.46153846153846156,0.5384615384615384,No,0.5384615384615384
41062,41062,33.33,18,23,41,0.43902439024390244,0.5609756097560976,No,0.5609756097560976
41063,41063,99.00,163,107,270,0.6037037037037037,0.3962962962962963,Yes,0.6037037037037037
41064,41064,99.00,10,1,11,0.9090909090909091,0.09090909090909091,Yes,0.9090909090909091
41065,41065,99.00,2,0,2,1.0,0.0,Yes,1.0
41066,41066,99.00,0,0,0,0,0,n/a,0
41067,41067,99.00,5,0,5,1.0,0.0,Yes,1.0
41068,41068,99.00,109,50,159,0.6855345911949685,0.31446540880503143,Yes,0.6855345911949685
41069,41069,99.00,81,14,95,0.8526315789473684,0.14736842105263157,Yes,0.8526315789473684
41070,41070,99.00,62,57,119,0.5210084033613446,0.4789915966386555,Yes,0.5210084033613446
41071,41071,0.00,4,1,5,0.8,0.2,Yes,0.8
41072,41072,99.00,0,2,2,0.0,1.0,No,1.0
41073,41073,0.00,3,3,6,0.5,0.5,Tie,0.5
41074,41074,0.00,7,1,8,0.875,0.125,Yes,0.875
41075,41075,99.00,62,32,94,0.6595744680851063,0.3404255319148936,Yes,0.6595744680851063
41076,41076,99.00,91,63,154,0.5909090909090909,0.4090909090909091,Yes,0.5909090909090909
41077,41077,99.00,96,65,161,0.5962732919254659,0.40372670807453415,Yes,0.5962732919254659
41078,41078,99.00,0,1,1,0.0,1.0,No,1.0
41079,41079,66.67,44,20,64,0.6875,0.3125,Yes,0.6875
41080,41080,99.00,0,0,0,0,0,n/a,0
41081,41081,99.00,58,34,92,0.6304347826086957,0.3695652173913043,Yes,0.6304347826086957
41082,41082,99.00,68,50,118,0.576271186440678,0.423728813559322,Yes,0.576271186440678
41083,41083,99.00,2,1,3,0.6666666666666666,0.3333333333333333,Yes,0.6666666666666666
41084,41084,33.33,20,33,53,0.37735849056603776,0.6226415094339622,No,0.6226415094339622
41085,41085,99.00,1,0,1,1.0,0.0,Yes,1.0
41086,41086,99.00,93,63,156,0.5961538461538461,0.40384615384615385,Yes,0.5961538461538461
41087,41087,99.00,62,32,94,0.6595744680851063,0.3404255319148936,Yes,0.6595744680851063
41088,41088,99.00,65,69,134,0.48507462686567165,0.5149253731343284,No,0.5149253731343284
41089,41089,99.00,5,0,5,1.0,0.0,Yes,1.0
41090,41090,99.00,17,11,28,0.6071428571428571,0.39285714285714285,Yes,0.6071428571428571
41091,41091,66.67,74,26,100,0.74,0.26,Yes,0.74
41092,41092,99.00,0,0,0,0,0,n/a,0
41093,41093,99.00,0,0,0,0,0,n/a,0
41094,41094,36.36,4,7,11,0.36363636363636365,0.6363636363636364,No,0.6363636363636364
41095,41095,99.00,27,66,93,0.2903225806451613,0.7096774193548387,No,0.7096774193548387
41096,41096,99.00,10,4,14,0.7142857142857143,0.2857142857142857,Yes,0.7142857142857143
41097,41097,99.00,4,4,8,0.5,0.5,Tie,0.5
41098,41098,99.00,73,47,120,0.6083333333333333,0.39166666666666666,Yes,0.6083333333333333
41099,41099,99.00,0,0,0,0,0,n/a,0
42001,42001,99.00,13,2,15,0.8666666666666667,0.13333333333333333,Yes,0.8666666666666667
42002,42002,99.00,11,1,12,0.9166666666666666,0.08333333333333333,Yes,0.9166666666666666
42003,42003,99.00,240,21,261,0.9195402298850575,0.08045977011494253,Yes,0.9195402298850575
42004,42004,99.00,139,23,162,0.8580246913580247,0.1419753086419753,Yes,0.8580246913580247
42005,42005,99.00,5,0,5,1.0,0.0,Yes,1.0
42006,42006,99.00,284,33,317,0.8958990536277602,0.10410094637223975,Yes,0.8958990536277602
42007,42007,99.00,187,27,214,0.8738317757009346,0.1261682242990654,Yes,0.8738317757009346
42008,42008,99.00,127,23,150,0.8466666666666667,0.15333333333333332,Yes,0.8466666666666667
42009,42009,99.00,122,22,144,0.8472222222222222,0.1527777777777778,Yes,0.8472222222222222
42010,42010,99.00,146,29,175,0.8342857142857143,0.1657142857142857,Yes,0.8342857142857143
42011,42011,99.00,128,20,148,0.8648648648648649,0.13513513513513514,Yes,0.8648648648648649
42012,42012,99.00,99,9,108,0.9166666666666666,0.08333333333333333,Yes,0.9166666666666666
42013,42013,99.00,105,24,129,0.813953488372093,0.18604651162790697,Yes,0.813953488372093
42014,42014,99.00,101,9,110,0.9181818181818182,0.08181818181818182,Yes,0.9181818181818182
42015,42015,99.00,135,15,150,0.9,0.1,Yes,0.9
42016,42016,99.00,186,33,219,0.8493150684931506,0.1506849315068493,Yes,0.8493150684931506
42017,42017,99.00,5,0,5,1.0,0.0,Yes,1.0
42018,42018,99.00,146,19,165,0.8848484848484849,0.11515151515151516,Yes,0.8848484848484849
42019,42019,99.00,8,3,11,0.7272727272727273,0.2727272727272727,Yes,0.7272727272727273
42020,42020,99.00,200,24,224,0.8928571428571429,0.10714285714285714,Yes,0.8928571428571429
42021,42021,99.00,140,34,174,0.8045977011494253,0.19540229885057472,Yes,0.8045977011494253
42022,42022,99.00,162,17,179,0.9050279329608939,0.09497206703910614,Yes,0.9050279329608939
42023,42023,99.00,5,0,5,1.0,0.0,Yes,1.0
42024,42024,0.00,3,0,3,1.0,0.0,Yes,1.0
42025,42025,0.00,36,2,38,0.9473684210526315,0.05263157894736842,Yes,0.9473684210526315
42026,42026,99.00,15,2,17,0.8823529411764706,0.11764705882352941,Yes,0.8823529411764706
42027,42027,99.00,168,41,209,0.8038277511961722,0.19617224880382775,Yes,0.8038277511961722
42028,42028,99.00,198,32,230,0.8608695652173913,0.1391304347826087,Yes,0.8608695652173913
42029,42029,99.00,246,37,283,0.8692579505300353,0.13074204946996468,Yes,0.8692579505300353
42030,42030,99.00,330,41,371,0.889487870619946,0.1105121293800539,Yes,0.889487870619946
42031,42031,99.00,10,0,10,1.0,0.0,Yes,1.0
42032,42032,99.00,19,4,23,0.8260869565217391,0.17391304347826086,Yes,0.8260869565217391
42033,42033,99.00,10,3,13,0.7692307692307693,0.23076923076923078,Yes,0.7692307692307693
42034,42034,99.00,13,2,15,0.8666666666666667,0.13333333333333333,Yes,0.8666666666666667
42035,42035,99.00,288,42,330,0.8727272727272727,0.12727272727272726,Yes,0.8727272727272727
42036,42036,99.00,134,113,247,0.5425101214574899,0.4574898785425101,Yes,0.5425101214574899
42037,42037,0.00,14,1,15,0.9333333333333333,0.06666666666666667,Yes,0.9333333333333333
42038,42038,99.00,3,1,4,0.75,0.25,Yes,0.75
42039,42039,99.00,5,1,6,0.8333333333333334,0.16666666666666666,Yes,0.8333333333333334
42040,42040,99.00,107,22,129,0.8294573643410853,0.17054263565891473,Yes,0.8294573643410853
42041,42041,99.00,129,26,155,0.832258064516129,0.16774193548387098,Yes,0.832258064516129
42042,42042,99.00,116,18,134,0.8656716417910447,0.13432835820895522,Yes,0.8656716417910447
42043,42043,99.00,116,22,138,0.8405797101449275,0.15942028985507245,Yes,0.8405797101449275
42044,42044,99.00,6,1,7,0.8571428571428571,0.14285714285714285,Yes,0.8571428571428571
42045,42045,99.00,113,24,137,0.8248175182481752,0.17518248175182483,Yes,0.8248175182481752
42046,42046,99.00,124,35,159,0.779874213836478,0.22012578616352202,Yes,0.779874213836478
42047,42047,99.00,6,2,8,0.75,0.25,Yes,0.75
42048,42048,99.00,165,23,188,0.8776595744680851,0.12234042553191489,Yes,0.8776595744680851
42049,42049,99.00,245,62,307,0.7980456026058632,0.20195439739413681,Yes,0.7980456026058632
42050,42050,99.00,167,32,199,0.8391959798994975,0.16080402010050251,Yes,0.8391959798994975
42051,42051,99.00,90,179,269,0.3345724907063197,0.6654275092936803,No,0.6654275092936803
42052,42052,99.00,93,29,122,0.7622950819672131,0.23770491803278687,Yes,0.7622950819672131
42053,42053,99.00,101,17,118,0.8559322033898306,0.1440677966101695,Yes,0.8559322033898306
42054,42054,99.00,144,34,178,0.8089887640449438,0.19101123595505617,Yes,0.8089887640449438
42055,42055,99.00,30,9,39,0.7692307692307693,0.23076923076923078,Yes,0.7692307692307693
42056,42056,99.00,118,34,152,0.7763157894736842,0.2236842105263158,Yes,0.7763157894736842
42057,42057,99.00,119,33,152,0.7828947368421053,0.21710526315789475,Yes,0.7828947368421053
42058,42058,99.00,195,30,225,0.8666666666666667,0.13333333333333333,Yes,0.8666666666666667
42059,42059,99.00,8,60,68,0.11764705882352941,0.8823529411764706,No,0.8823529411764706
42060,42060,99.00,11,19,30,0.36666666666666664,0.6333333333333333,No,0.6333333333333333
42061,42061,99.00,67,46,113,0.5929203539823009,0.40707964601769914,Yes,0.5929203539823009
42062,42062,99.00,73,113,186,0.3924731182795699,0.6075268817204301,No,0.6075268817204301
42063,42063,99.00,50,232,282,0.1773049645390071,0.8226950354609929,No,0.8226950354609929
42064,42064,99.00,55,172,227,0.2422907488986784,0.7577092511013216,No,0.7577092511013216
42065,42065,99.00,1,0,1,1.0,0.0,Yes,1.0
42066,42066,99.00,7,2,9,0.7777777777777778,0.2222222222222222,Yes,0.7777777777777778
42067,42067,99.00,50,98,148,0.33783783783783783,0.6621621621621622,No,0.6621621621621622
42068,42068,99.00,3,0,3,1.0,0.0,Yes,1.0
42069,42069,99.00,6,30,36,0.16666666666666666,0.8333333333333334,No,0.8333333333333334
42070,42070,99.00,116,9,125,0.928,0.072,Yes,0.928
42071,42071,99.00,185,34,219,0.8447488584474886,0.1552511415525114,Yes,0.8447488584474886
42072,42072,99.00,147,24,171,0.8596491228070176,0.14035087719298245,Yes,0.8596491228070176
42073,42073,99.00,121,26,147,0.8231292517006803,0.17687074829931973,Yes,0.8231292517006803
42074,42074,99.00,82,27,109,0.7522935779816514,0.24770642201834864,Yes,0.7522935779816514
42075,42075,99.00,285,43,328,0.8689024390243902,0.13109756097560976,Yes,0.8689024390243902
42076,42076,99.00,6,0,6,1.0,0.0,Yes,1.0
42077,42077,99.00,179,19,198,0.9040404040404041,0.09595959595959595,Yes,0.9040404040404041
42078,42078,99.00,32,1,33,0.9696969696969697,0.030303030303030304,Yes,0.9696969696969697
42079,42079,99.00,120,37,157,0.7643312101910829,0.2356687898089172,Yes,0.7643312101910829
42080,42080,99.00,110,23,133,0.8270676691729323,0.17293233082706766,Yes,0.8270676691729323
42081,42081,99.00,19,3,22,0.8636363636363636,0.13636363636363635,Yes,0.8636363636363636
42082,42082,99.00,5,0,5,1.0,0.0,Yes,1.0
43001,43001,99.00,199,26,225,0.8844444444444445,0.11555555555555555,Yes,0.8844444444444445
43002,43002,99.00,25,2,27,0.9259259259259259,0.07407407407407407,Yes,0.9259259259259259
43003,43003,99.00,159,22,181,0.8784530386740331,0.12154696132596685,Yes,0.8784530386740331
43004,43004,99.00,141,23,164,0.8597560975609756,0.1402439024390244,Yes,0.8597560975609756
43005,43005,99.00,13,0,13,1.0,0.0,Yes,1.0
43006,43006,99.00,298,46,344,0.8662790697674418,0.13372093023255813,Yes,0.8662790697674418
43007,43007,99.00,240,34,274,0.8759124087591241,0.12408759124087591,Yes,0.8759124087591241
43008,43008,99.00,4,0,4,1.0,0.0,Yes,1.0
43009,43009,99.00,183,24,207,0.8840579710144928,0.11594202898550725,Yes,0.8840579710144928
43010,43010,99.00,69,19,88,0.7840909090909091,0.2159090909090909,Yes,0.7840909090909091
43011,43011,99.00,107,54,161,0.6645962732919255,0.33540372670807456,Yes,0.6645962732919255
43012,43012,99.00,246,47,293,0.8395904436860068,0.16040955631399317,Yes,0.8395904436860068
43013,43013,99.00,92,41,133,0.6917293233082706,0.3082706766917293,Yes,0.6917293233082706
43014,43014,99.00,172,43,215,0.8,0.2,Yes,0.8
43015,43015,99.00,206,52,258,0.7984496124031008,0.20155038759689922,Yes,0.7984496124031008
43016,43016,99.00,8,2,10,0.8,0.2,Yes,0.8
43017,43017,99.00,230,71,301,0.7641196013289037,0.23588039867109634,Yes,0.7641196013289037
43018,43018,99.00,315,42,357,0.8823529411764706,0.11764705882352941,Yes,0.8823529411764706
43019,43019,99.00,6,0,6,1.0,0.0,Yes,1.0
43020,43020,99.00,17,2,19,0.8947368421052632,0.10526315789473684,Yes,0.8947368421052632
43021,43021,99.00,171,55,226,0.7566371681415929,0.24336283185840707,Yes,0.7566371681415929
43022,43022,99.00,10,0,10,1.0,0.0,Yes,1.0
43023,43023,99.00,298,55,353,0.8441926345609065,0.1558073654390935,Yes,0.8441926345609065
43024,43024,99.00,306,42,348,0.8793103448275862,0.1206896551724138,Yes,0.8793103448275862
43025,43025,99.00,8,0,8,1.0,0.0,Yes,1.0
43026,43026,99.00,267,30,297,0.898989898989899,0.10101010101010101,Yes,0.898989898989899
43027,43027,99.00,153,32,185,0.827027027027027,0.17297297297297298,Yes,0.827027027027027
43028,43028,99.00,167,38,205,0.8146341463414634,0.18536585365853658,Yes,0.8146341463414634
43029,43029,75.00,48,11,59,0.8135593220338984,0.1864406779661017,Yes,0.8135593220338984
43030,43030,75.00,77,11,88,0.875,0.125,Yes,0.875
43031,43031,75.00,114,24,138,0.8260869565217391,0.17391304347826086,Yes,0.8260869565217391
43032,43032,99.00,86,15,101,0.8514851485148515,0.1485148514851485,Yes,0.8514851485148515
43033,43033,75.00,111,26,137,0.8102189781021898,0.1897810218978102,Yes,0.8102189781021898
43034,43034,99.00,3,2,5,0.6,0.4,Yes,0.6
43035,43035,99.00,197,60,257,0.7665369649805448,0.23346303501945526,Yes,0.7665369649805448
43036,43036,99.00,135,16,151,0.8940397350993378,0.10596026490066225,Yes,0.8940397350993378
43037,43037,99.00,152,33,185,0.8216216216216217,0.1783783783783784,Yes,0.8216216216216217
43038,43038,50.00,99,34,133,0.7443609022556391,0.2556390977443609,Yes,0.7443609022556391
43039,43039,50.00,127,23,150,0.8466666666666667,0.15333333333333332,Yes,0.8466666666666667
43040,43040,99.00,1,1,2,0.5,0.5,Tie,0.5
43041,43041,99.00,144,13,157,0.9171974522292994,0.08280254777070063,Yes,0.9171974522292994
43042,43042,99.00,22,4,26,0.8461538461538461,0.15384615384615385,Yes,0.8461538461538461
43043,43043,99.00,265,56,321,0.8255451713395638,0.17445482866043613,Yes,0.8255451713395638
43044,43044,99.00,255,48,303,0.8415841584158416,0.15841584158415842,Yes,0.8415841584158416
43045,43045,99.00,266,37,303,0.8778877887788779,0.12211221122112212,Yes,0.8778877887788779
43046,43046,99.00,169,25,194,0.8711340206185567,0.12886597938144329,Yes,0.8711340206185567
43047,43047,99.00,8,2,10,0.8,0.2,Yes,0.8
43048,43048,99.00,12,0,12,1.0,0.0,Yes,1.0
43049,43049,99.00,235,41,276,0.8514492753623188,0.14855072463768115,Yes,0.8514492753623188
43050,43050,99.00,182,43,225,0.8088888888888889,0.19111111111111112,Yes,0.8088888888888889
43051,43051,99.00,190,39,229,0.8296943231441049,0.1703056768558952,Yes,0.8296943231441049
43052,43052,99.00,226,72,298,0.7583892617449665,0.24161073825503357,Yes,0.7583892617449665
43053,43053,99.00,162,36,198,0.8181818181818182,0.18181818181818182,Yes,0.8181818181818182
43054,43054,99.00,159,38,197,0.8071065989847716,0.19289340101522842,Yes,0.8071065989847716
43055,43055,99.00,103,25,128,0.8046875,0.1953125,Yes,0.8046875
43056,43056,99.00,6,0,6,1.0,0.0,Yes,1.0
43057,43057,99.00,35,35,70,0.5,0.5,Tie,0.5
43058,43058,99.00,0,1,1,0.0,1.0,No,1.0
43059,43059,99.00,138,71,209,0.6602870813397129,0.3397129186602871,Yes,0.6602870813397129
43060,43060,99.00,2,0,2,1.0,0.0,Yes,1.0
43061,43061,99.00,82,21,103,0.7961165048543689,0.20388349514563106,Yes,0.7961165048543689
43062,43062,99.00,43,37,80,0.5375,0.4625,Yes,0.5375
43063,43063,99.00,94,32,126,0.746031746031746,0.25396825396825395,Yes,0.746031746031746
43064,43064,99.00,171,35,206,0.8300970873786407,0.16990291262135923,Yes,0.8300970873786407
43065,43065,99.00,7,3,10,0.7,0.3,Yes,0.7
43066,43066,99.00,146,33,179,0.8156424581005587,0.18435754189944134,Yes,0.8156424581005587
43067,43067,99.00,239,57,296,0.8074324324324325,0.19256756756756757,Yes,0.8074324324324325
43068,43068,99.00,3,0,3,1.0,0.0,Yes,1.0
43069,43069,99.00,72,26,98,0.7346938775510204,0.2653061224489796,Yes,0.7346938775510204
43070,43070,99.00,2,0,2,1.0,0.0,Yes,1.0
43071,43071,99.00,6,1,7,0.8571428571428571,0.14285714285714285,Yes,0.8571428571428571
43072,43072,99.00,3,1,4,0.75,0.25,Yes,0.75
43073,43073,99.00,335,61,396,0.8459595959595959,0.15404040404040403,Yes,0.8459595959595959
43074,43074,99.00,129,19,148,0.8716216216216216,0.12837837837837837,Yes,0.8716216216216216
43075,43075,99.00,233,40,273,0.8534798534798534,0.14652014652014653,Yes,0.8534798534798534
43076,43076,99.00,72,30,102,0.7058823529411765,0.29411764705882354,Yes,0.7058823529411765
43077,43077,99.00,1,0,1,1.0,0.0,Yes,1.0
43078,43078,99.00,185,30,215,0.8604651162790697,0.13953488372093023,Yes,0.8604651162790697
43079,43079,99.00,0,0,0,0,0,n/a,0
43080,43080,99.00,225,30,255,0.8823529411764706,0.11764705882352941,Yes,0.8823529411764706
43081,43081,99.00,13,2,15,0.8666666666666667,0.13333333333333333,Yes,0.8666666666666667
43082,43082,99.00,25,3,28,0.8928571428571429,0.10714285714285714,Yes,0.8928571428571429
43083,43083,99.00,1,1,2,0.5,0.5,Tie,0.5
43084,43084,99.00,2,1,3,0.6666666666666666,0.3333333333333333,Yes,0.6666666666666666
43085,43085,99.00,96,88,184,0.5217391304347826,0.4782608695652174,Yes,0.5217391304347826
43086,43086,99.00,10,0,10,1.0,0.0,Yes,1.0
43087,43087,99.00,195,19,214,0.9112149532710281,0.08878504672897196,Yes,0.9112149532710281
44001,44001,99.00,70,64,134,0.5223880597014925,0.47761194029850745,Yes,0.5223880597014925
44002,44002,99.00,5,49,54,0.09259259259259259,0.9074074074074074,No,0.9074074074074074
44003,44003,99.00,19,90,109,0.1743119266055046,0.8256880733944955,No,0.8256880733944955
44004,44004,99.00,60,65,125,0.48,0.52,No,0.52
44005,44005,99.00,11,1,12,0.9166666666666666,0.08333333333333333,Yes,0.9166666666666666
44006,44006,99.00,212,92,304,0.6973684210526315,0.3026315789473684,Yes,0.6973684210526315
44007,44007,99.00,5,1,6,0.8333333333333334,0.16666666666666666,Yes,0.8333333333333334
44008,44008,99.00,4,0,4,1.0,0.0,Yes,1.0
44009,44009,99.00,160,19,179,0.8938547486033519,0.10614525139664804,Yes,0.8938547486033519
44010,44010,99.00,102,24,126,0.8095238095238095,0.19047619047619047,Yes,0.8095238095238095
44011,44011,99.00,0,0,0,0,0,n/a,0
44012,44012,99.00,8,0,8,1.0,0.0,Yes,1.0
44013,44013,99.00,22,67,89,0.24719101123595505,0.7528089887640449,No,0.7528089887640449
44014,44014,99.00,223,46,269,0.828996282527881,0.17100371747211895,Yes,0.828996282527881
44015,44015,99.00,243,53,296,0.8209459459459459,0.17905405405405406,Yes,0.8209459459459459
44016,44016,99.00,5,1,6,0.8333333333333334,0.16666666666666666,Yes,0.8333333333333334
44017,44017,99.00,7,1,8,0.875,0.125,Yes,0.875
44018,44018,99.00,342,78,420,0.8142857142857143,0.18571428571428572,Yes,0.8142857142857143
44019,44019,99.00,90,72,162,0.5555555555555556,0.4444444444444444,Yes,0.5555555555555556
44020,44020,99.00,223,50,273,0.8168498168498168,0.18315018315018314,Yes,0.8168498168498168
44021,44021,99.00,0,0,0,0,0,n/a,0
44022,44022,99.00,0,0,0,0,0,n/a,0
44023,44023,99.00,44,55,99,0.4444444444444444,0.5555555555555556,No,0.5555555555555556
44024,44024,99.00,31,45,76,0.40789473684210525,0.5921052631578947,No,0.5921052631578947
44025,44025,99.00,108,140,248,0.43548387096774194,0.5645161290322581,No,0.5645161290322581
44026,44026,99.00,84,62,146,0.5753424657534246,0.4246575342465753,Yes,0.5753424657534246
44027,44027,99.00,79,89,168,0.47023809523809523,0.5297619047619048,No,0.5297619047619048
44028,44028,0.00,7,1,8,0.875,0.125,Yes,0.875
44029,44029,99.00,154,76,230,0.6695652173913044,0.33043478260869563,Yes,0.6695652173913044
44030,44030,99.00,1,1,2,0.5,0.5,Tie,0.5
44031,44031,0.00,18,3,21,0.8571428571428571,0.14285714285714285,Yes,0.8571428571428571
44032,44032,99.00,34,8,42,0.8095238095238095,0.19047619047619047,Yes,0.8095238095238095
44033,44033,0.00,13,1,14,0.9285714285714286,0.07142857142857142,Yes,0.9285714285714286
44034,44034,0.00,4,0,4,1.0,0.0,Yes,1.0
44035,44035,99.00,262,42,304,0.8618421052631579,0.13815789473684212,Yes,0.8618421052631579
44036,44036,99.00,294,39,333,0.8828828828828829,0.11711711711711711,Yes,0.8828828828828829
44037,44037,99.00,8,1,9,0.8888888888888888,0.1111111111111111,Yes,0.8888888888888888
44038,44038,99.00,220,26,246,0.8943089430894309,0.10569105691056911,Yes,0.8943089430894309
44039,44039,99.00,191,40,231,0.8268398268398268,0.17316017316017315,Yes,0.8268398268398268
44040,44040,99.00,0,0,0,0,0,n/a,0
44041,44041,99.00,0,1,1,0.0,1.0,No,1.0
44042,44042,99.00,166,33,199,0.8341708542713567,0.1658291457286432,Yes,0.8341708542713567
44043,44043,99.00,151,103,254,0.594488188976378,0.40551181102362205,Yes,0.594488188976378
44044,44044,99.00,3,1,4,0.75,0.25,Yes,0.75
44045,44045,99.00,136,17,153,0.8888888888888888,0.1111111111111111,Yes,0.8888888888888888
44046,44046,99.00,3,0,3,1.0,0.0,Yes,1.0
44047,44047,99.00,2,0,2,1.0,0.0,Yes,1.0
44048,44048,99.00,265,35,300,0.8833333333333333,0.11666666666666667,Yes,0.8833333333333333
44049,44049,99.00,309,51,360,0.8583333333333333,0.14166666666666666,Yes,0.8583333333333333
44050,44050,99.00,237,26,263,0.9011406844106464,0.09885931558935361,Yes,0.9011406844106464
44051,44051,99.00,379,65,444,0.8536036036036037,0.1463963963963964,Yes,0.8536036036036037
44052,44052,99.00,324,67,391,0.8286445012787724,0.17135549872122763,Yes,0.8286445012787724
44053,44053,99.00,354,98,452,0.7831858407079646,0.2168141592920354,Yes,0.7831858407079646
44054,44054,99.00,226,37,263,0.8593155893536122,0.14068441064638784,Yes,0.8593155893536122
44055,44055,99.00,75,12,87,0.8620689655172413,0.13793103448275862,Yes,0.8620689655172413
44056,44056,99.00,30,3,33,0.9090909090909091,0.09090909090909091,Yes,0.9090909090909091
44057,44057,99.00,481,117,598,0.8043478260869565,0.1956521739130435,Yes,0.8043478260869565
44058,44058,99.00,396,97,493,0.8032454361054767,0.19675456389452334,Yes,0.8032454361054767
44059,44059,99.00,261,59,320,0.815625,0.184375,Yes,0.815625
44060,44060,99.00,275,54,329,0.8358662613981763,0.1641337386018237,Yes,0.8358662613981763
44061,44061,99.00,38,3,41,0.926829268292683,0.07317073170731707,Yes,0.926829268292683
44062,44062,99.00,26,4,30,0.8666666666666667,0.13333333333333333,Yes,0.8666666666666667
44063,44063,36.36,183,31,214,0.8551401869158879,0.14485981308411214,Yes,0.8551401869158879
44064,44064,99.00,127,17,144,0.8819444444444444,0.11805555555555555,Yes,0.8819444444444444
44065,44065,99.00,358,62,420,0.8523809523809524,0.14761904761904762,Yes,0.8523809523809524
44066,44066,99.00,34,5,39,0.8717948717948718,0.1282051282051282,Yes,0.8717948717948718
44067,44067,99.00,0,2,2,0.0,1.0,No,1.0
44068,44068,36.36,367,61,428,0.8574766355140186,0.1425233644859813,Yes,0.8574766355140186
44069,44069,36.36,56,3,59,0.9491525423728814,0.05084745762711865,Yes,0.9491525423728814
44070,44070,36.36,61,12,73,0.8356164383561644,0.1643835616438356,Yes,0.8356164383561644
44071,44071,99.00,72,4,76,0.9473684210526315,0.05263157894736842,Yes,0.9473684210526315
44072,44072,36.36,364,47,411,0.8856447688564477,0.11435523114355231,Yes,0.8856447688564477
44073,44073,99.00,253,44,297,0.8518518518518519,0.14814814814814814,Yes,0.8518518518518519
44074,44074,99.00,37,2,39,0.9487179487179487,0.05128205128205128,Yes,0.9487179487179487
44075,44075,99.00,397,45,442,0.8981900452488688,0.10180995475113122,Yes,0.8981900452488688
44076,44076,36.36,288,40,328,0.8780487804878049,0.12195121951219512,Yes,0.8780487804878049
44077,44077,99.00,505,60,565,0.8938053097345132,0.10619469026548672,Yes,0.8938053097345132
44078,44078,99.00,445,55,500,0.89,0.11,Yes,0.89
44079,44079,99.00,416,52,468,0.8888888888888888,0.1111111111111111,Yes,0.8888888888888888
44080,44080,99.00,29,5,34,0.8529411764705882,0.14705882352941177,Yes,0.8529411764705882
44081,44081,99.00,142,66,208,0.6826923076923077,0.3173076923076923,Yes,0.6826923076923077
44082,44082,99.00,13,2,15,0.8666666666666667,0.13333333333333333,Yes,0.8666666666666667
44083,44083,99.00,235,50,285,0.8245614035087719,0.17543859649122806,Yes,0.8245614035087719
44084,44084,99.00,33,0,33,1.0,0.0,Yes,1.0
44085,44085,99.00,0,0,0,0,0,n/a,0
44086,44086,99.00,14,0,14,1.0,0.0,Yes,1.0
44087,44087,0.00,5,0,5,1.0,0.0,Yes,1.0
44088,44088,99.00,7,0,7,1.0,0.0,Yes,1.0
44089,44089,99.00,5,1,6,0.8333333333333334,0.16666666666666666,Yes,0.8333333333333334
44090,44090,99.00,3,0,3,1.0,0.0,Yes,1.0
44091,44091,99.00,0,0,0,0,0,n/a,0
44092,44092,99.00,0,0,0,0,0,n/a,0
44093,44093,0.00,0,0,0,0,0,n/a,0
45001,45001,99.00,56,116,172,0.32558139534883723,0.6744186046511628,No,0.6744186046511628
45002,45002,99.00,61,118,179,0.3407821229050279,0.659217877094972,No,0.659217877094972
45003,45003,99.00,42,109,151,0.2781456953642384,0.7218543046357616,No,0.7218543046357616
45004,45004,75.00,61,55,116,0.5258620689655172,0.47413793103448276,Yes,0.5258620689655172
45005,45005,99.00,50,96,146,0.3424657534246575,0.6575342465753424,No,0.6575342465753424
45006,45006,75.00,31,110,141,0.2198581560283688,0.7801418439716312,No,0.7801418439716312
45007,45007,99.00,0,0,0,0,0,n/a,0
45008,45008,99.00,35,55,90,0.3888888888888889,0.6111111111111112,No,0.6111111111111112
45009,45009,75.00,30,120,150,0.2,0.8,No,0.8
45010,45010,75.00,2,0,2,1.0,0.0,Yes,1.0
45011,45011,75.00,46,50,96,0.4791666666666667,0.5208333333333334,No,0.5208333333333334
45012,45012,99.00,9,5,14,0.6428571428571429,0.35714285714285715,Yes,0.6428571428571429
45013,45013,99.00,81,114,195,0.4153846153846154,0.5846153846153846,No,0.5846153846153846
45014,45014,99.00,104,65,169,0.6153846153846154,0.38461538461538464,Yes,0.6153846153846154
45015,45015,99.00,0,0,0,0,0,n/a,0
45016,45016,99.00,20,107,127,0.15748031496062992,0.84251968503937,No,0.84251968503937
45017,45017,99.00,18,48,66,0.2727272727272727,0.7272727272727273,No,0.7272727272727273
45018,45018,99.00,0,0,0,0,0,n/a,0
45019,45019,99.00,42,97,139,0.302158273381295,0.697841726618705,No,0.697841726618705
45020,45020,99.00,0,1,1,0.0,1.0,No,1.0
45021,45021,99.00,14,32,46,0.30434782608695654,0.6956521739130435,No,0.6956521739130435
45022,45022,99.00,28,72,100,0.28,0.72,No,0.72
45023,45023,99.00,3,0,3,1.0,0.0,Yes,1.0
45024,45024,99.00,4,0,4,1.0,0.0,Yes,1.0
45025,45025,99.00,0,0,0,0,0,n/a,0
45026,45026,99.00,50,24,74,0.6756756756756757,0.32432432432432434,Yes,0.6756756756756757
45027,45027,99.00,58,27,85,0.6823529411764706,0.3176470588235294,Yes,0.6823529411764706
45028,45028,66.67,2,2,4,0.5,0.5,Tie,0.5
45029,45029,99.00,20,24,44,0.45454545454545453,0.5454545454545454,No,0.5454545454545454
45030,45030,66.67,71,42,113,0.6283185840707964,0.37168141592920356,Yes,0.6283185840707964
45031,45031,99.00,63,51,114,0.5526315789473685,0.4473684210526316,Yes,0.5526315789473685
45032,45032,99.00,1,1,2,0.5,0.5,Tie,0.5
45033,45033,99.00,91,57,148,0.6148648648648649,0.38513513513513514,Yes,0.6148648648648649
45034,45034,99.00,2,2,4,0.5,0.5,Tie,0.5
45035,45035,99.00,64,82,146,0.4383561643835616,0.5616438356164384,No,0.5616438356164384
45036,45036,99.00,0,0,0,0,0,n/a,0
45037,45037,99.00,58,45,103,0.5631067961165048,0.4368932038834951,Yes,0.5631067961165048
45038,45038,66.67,41,35,76,0.5394736842105263,0.4605263157894737,Yes,0.5394736842105263
45039,45039,66.67,1,0,1,1.0,0.0,Yes,1.0
45040,45040,99.00,101,71,172,0.5872093023255814,0.4127906976744186,Yes,0.5872093023255814
45041,45041,99.00,0,2,2,0.0,1.0,No,1.0
45042,45042,99.00,0,0,0,0,0,n/a,0
45043,45043,99.00,80,56,136,0.5882352941176471,0.4117647058823529,Yes,0.5882352941176471
45044,45044,99.00,98,30,128,0.765625,0.234375,Yes,0.765625
45045,45045,99.00,0,0,0,0,0,n/a,0
45046,45046,99.00,49,26,75,0.6533333333333333,0.3466666666666667,Yes,0.6533333333333333
45047,45047,99.00,15,1,16,0.9375,0.0625,Yes,0.9375
45048,45048,99.00,57,58,115,0.4956521739130435,0.5043478260869565,No,0.5043478260869565
45049,45049,99.00,0,0,0,0,0,n/a,0
45050,45050,99.00,53,35,88,0.6022727272727273,0.3977272727272727,Yes,0.6022727272727273
45051,45051,99.00,47,36,83,0.5662650602409639,0.43373493975903615,Yes,0.5662650602409639
45052,45052,99.00,1,0,1,1.0,0.0,Yes,1.0
45053,45053,99.00,79,59,138,0.572463768115942,0.427536231884058,Yes,0.572463768115942
45054,45054,99.00,3,1,4,0.75,0.25,Yes,0.75
45055,45055,99.00,0,0,0,0,0,n/a,0
45056,45056,66.67,3,1,4,0.75,0.25,Yes,0.75
45057,45057,99.00,59,34,93,0.6344086021505376,0.3655913978494624,Yes,0.6344086021505376
45058,45058,99.00,3,0,3,1.0,0.0,Yes,1.0
45059,45059,99.00,90,55,145,0.6206896551724138,0.3793103448275862,Yes,0.6206896551724138
45060,45060,99.00,52,19,71,0.7323943661971831,0.2676056338028169,Yes,0.7323943661971831
45061,45061,99.00,0,0,0,0,0,n/a,0
45062,45062,99.00,37,15,52,0.7115384615384616,0.28846153846153844,Yes,0.7115384615384616
45063,45063,99.00,0,0,0,0,0,n/a,0
45064,45064,99.00,27,24,51,0.5294117647058824,0.47058823529411764,Yes,0.5294117647058824
45065,45065,99.00,2,1,3,0.6666666666666666,0.3333333333333333,Yes,0.6666666666666666
45066,45066,0.00,1,0,1,1.0,0.0,Yes,1.0
45067,45067,99.00,0,0,0,0,0,n/a,0
45068,45068,99.00,50,62,112,0.44642857142857145,0.5535714285714286,No,0.5535714285714286
45069,45069,99.00,92,98,190,0.4842105263157895,0.5157894736842106,No,0.5157894736842106
45070,45070,99.00,2,0,2,1.0,0.0,Yes,1.0
45071,45071,99.00,4,0,4,1.0,0.0,Yes,1.0
45072,45072,99.00,0,0,0,0,0,n/a,0
45073,45073,99.00,47,31,78,0.6025641025641025,0.3974358974358974,Yes,0.6025641025641025
45074,45074,99.00,62,53,115,0.5391304347826087,0.4608695652173913,Yes,0.5391304347826087
45075,45075,99.00,65,43,108,0.6018518518518519,0.39814814814814814,Yes,0.6018518518518519
45076,45076,99.00,2,0,2,1.0,0.0,Yes,1.0
45077,45077,99.00,0,0,0,0,0,n/a,0
45078,45078,99.00,89,61,150,0.5933333333333334,0.4066666666666667,Yes,0.5933333333333334
45079,45079,99.00,0,0,0,0,0,n/a,0
45080,45080,99.00,0,0,0,0,0,n/a,0
46001,46001,99.00,4,5,9,0.4444444444444444,0.5555555555555556,No,0.5555555555555556
46002,46002,99.00,4,1,5,0.8,0.2,Yes,0.8
46003,46003,99.00,77,51,128,0.6015625,0.3984375,Yes,0.6015625
46004,46004,99.00,116,65,181,0.6408839779005525,0.35911602209944754,Yes,0.6408839779005525
46005,46005,99.00,55,22,77,0.7142857142857143,0.2857142857142857,Yes,0.7142857142857143
46006,46006,99.00,3,0,3,1.0,0.0,Yes,1.0
46007,46007,99.00,4,3,7,0.5714285714285714,0.42857142857142855,Yes,0.5714285714285714
46008,46008,99.00,121,46,167,0.7245508982035929,0.2754491017964072,Yes,0.7245508982035929
46009,46009,99.00,10,1,11,0.9090909090909091,0.09090909090909091,Yes,0.9090909090909091
46010,46010,99.00,110,23,133,0.8270676691729323,0.17293233082706766,Yes,0.8270676691729323
46011,46011,99.00,23,7,30,0.7666666666666667,0.23333333333333334,Yes,0.7666666666666667
46012,46012,99.00,106,20,126,0.8412698412698413,0.15873015873015872,Yes,0.8412698412698413
46013,46013,99.00,5,0,5,1.0,0.0,Yes,1.0
46014,46014,99.00,108,26,134,0.8059701492537313,0.19402985074626866,Yes,0.8059701492537313
46015,46015,99.00,1,0,1,1.0,0.0,Yes,1.0
46016,46016,99.00,85,35,120,0.7083333333333334,0.2916666666666667,Yes,0.7083333333333334
46017,46017,99.00,55,45,100,0.55,0.45,Yes,0.55
46018,46018,99.00,0,0,0,0,0,n/a,0
46019,46019,99.00,62,41,103,0.6019417475728155,0.39805825242718446,Yes,0.6019417475728155
46020,46020,99.00,65,29,94,0.6914893617021277,0.30851063829787234,Yes,0.6914893617021277
46021,46021,99.00,0,0,0,0,0,n/a,0
46022,46022,99.00,45,37,82,0.5487804878048781,0.45121951219512196,Yes,0.5487804878048781
46023,46023,99.00,54,18,72,0.75,0.25,Yes,0.75
46024,46024,99.00,47,32,79,0.5949367088607594,0.4050632911392405,Yes,0.5949367088607594
46025,46025,99.00,0,1,1,0.0,1.0,No,1.0
46026,46026,50.00,15,8,23,0.6521739130434783,0.34782608695652173,Yes,0.6521739130434783
46027,46027,99.00,57,38,95,0.6,0.4,Yes,0.6
46028,46028,99.00,0,0,0,0,0,n/a,0
46029,46029,99.00,52,22,74,0.7027027027027027,0.2972972972972973,Yes,0.7027027027027027
46030,46030,99.00,92,43,135,0.6814814814814815,0.31851851851851853,Yes,0.6814814814814815
46031,46031,99.00,143,60,203,0.7044334975369458,0.2955665024630542,Yes,0.7044334975369458
46032,46032,99.00,9,1,10,0.9,0.1,Yes,0.9
46033,46033,99.00,110,22,132,0.8333333333333334,0.16666666666666666,Yes,0.8333333333333334
46034,46034,99.00,4,2,6,0.6666666666666666,0.3333333333333333,Yes,0.6666666666666666
46035,46035,99.00,0,0,0,0,0,n/a,0
46036,46036,99.00,4,3,7,0.5714285714285714,0.42857142857142855,Yes,0.5714285714285714
46037,46037,99.00,0,1,1,0.0,1.0,No,1.0
46038,46038,99.00,64,30,94,0.6808510638297872,0.3191489361702128,Yes,0.6808510638297872
46039,46039,99.00,2,0,2,1.0,0.0,Yes,1.0
46040,46040,99.00,26,7,33,0.7878787878787878,0.21212121212121213,Yes,0.7878787878787878
46041,46041,99.00,137,86,223,0.6143497757847534,0.38565022421524664,Yes,0.6143497757847534
46042,46042,99.00,92,124,216,0.42592592592592593,0.5740740740740741,No,0.5740740740740741
46043,46043,99.00,28,14,42,0.6666666666666666,0.3333333333333333,Yes,0.6666666666666666
46044,46044,99.00,35,10,45,0.7777777777777778,0.2222222222222222,Yes,0.7777777777777778
46045,46045,99.00,42,16,58,0.7241379310344828,0.27586206896551724,Yes,0.7241379310344828
46046,46046,99.00,35,6,41,0.8536585365853658,0.14634146341463414,Yes,0.8536585365853658
46047,46047,99.00,74,79,153,0.48366013071895425,0.5163398692810458,No,0.5163398692810458
46048,46048,99.00,70,48,118,0.5932203389830508,0.4067796610169492,Yes,0.5932203389830508
46049,46049,99.00,182,75,257,0.708171206225681,0.2918287937743191,Yes,0.708171206225681
46050,46050,99.00,94,89,183,0.5136612021857924,0.48633879781420764,Yes,0.5136612021857924
46051,46051,33.33,95,102,197,0.48223350253807107,0.5177664974619289,No,0.5177664974619289
46052,46052,99.00,5,2,7,0.7142857142857143,0.2857142857142857,Yes,0.7142857142857143
46053,46053,99.00,110,62,172,0.6395348837209303,0.36046511627906974,Yes,0.6395348837209303
46054,46054,99.00,108,39,147,0.7346938775510204,0.2653061224489796,Yes,0.7346938775510204
46055,46055,99.00,80,46,126,0.6349206349206349,0.36507936507936506,Yes,0.6349206349206349
46056,46056,99.00,105,48,153,0.6862745098039216,0.3137254901960784,Yes,0.6862745098039216
46057,46057,99.00,6,3,9,0.6666666666666666,0.3333333333333333,Yes,0.6666666666666666
46058,46058,99.00,117,61,178,0.6573033707865169,0.34269662921348315,Yes,0.6573033707865169
46059,46059,99.00,113,53,166,0.6807228915662651,0.3192771084337349,Yes,0.6807228915662651
46060,46060,99.00,203,144,347,0.5850144092219021,0.414985590778098,Yes,0.5850144092219021
46061,46061,99.00,14,6,20,0.7,0.3,Yes,0.7
46062,46062,99.00,187,104,291,0.6426116838487973,0.35738831615120276,Yes,0.6426116838487973
46063,46063,99.00,121,84,205,0.5902439024390244,0.4097560975609756,Yes,0.5902439024390244
46064,46064,99.00,136,80,216,0.6296296296296297,0.37037037037037035,Yes,0.6296296296296297
46065,46065,99.00,129,84,213,0.6056338028169014,0.39436619718309857,Yes,0.6056338028169014
46066,46066,99.00,81,61,142,0.5704225352112676,0.4295774647887324,Yes,0.5704225352112676
46067,46067,99.00,79,114,193,0.40932642487046633,0.5906735751295337,No,0.5906735751295337
46068,46068,99.00,57,119,176,0.32386363636363635,0.6761363636363636,No,0.6761363636363636
46069,46069,99.00,58,80,138,0.42028985507246375,0.5797101449275363,No,0.5797101449275363
46070,46070,99.00,3,0,3,1.0,0.0,Yes,1.0
46071,46071,99.00,67,69,136,0.49264705882352944,0.5073529411764706,No,0.5073529411764706
46072,46072,99.00,103,62,165,0.6242424242424243,0.37575757575757573,Yes,0.6242424242424243
46073,46073,99.00,93,48,141,0.6595744680851063,0.3404255319148936,Yes,0.6595744680851063
46074,46074,99.00,0,2,2,0.0,1.0,No,1.0
46075,46075,99.00,161,138,299,0.5384615384615384,0.46153846153846156,Yes,0.5384615384615384
46076,46076,99.00,6,1,7,0.8571428571428571,0.14285714285714285,Yes,0.8571428571428571
46077,46077,99.00,29,27,56,0.5178571428571429,0.48214285714285715,Yes,0.5178571428571429
46078,46078,99.00,183,164,347,0.5273775216138329,0.47262247838616717,Yes,0.5273775216138329
46079,46079,99.00,93,159,252,0.36904761904761907,0.6309523809523809,No,0.6309523809523809
46080,46080,99.00,101,19,120,0.8416666666666667,0.15833333333333333,Yes,0.8416666666666667
46081,46081,99.00,0,1,1,0.0,1.0,No,1.0
46082,46082,99.00,0,0,0,0,0,n/a,0
46083,46083,99.00,0,0,0,0,0,n/a,0
46084,46084,99.00,0,0,0,0,0,n/a,0
47001,47001,99.00,61,110,171,0.3567251461988304,0.6432748538011696,No,0.6432748538011696
47002,47002,99.00,5,3,8,0.625,0.375,Yes,0.625
47003,47003,99.00,36,29,65,0.5538461538461539,0.4461538461538462,Yes,0.5538461538461539
47004,47004,44.44,1,0,1,1.0,0.0,Yes,1.0
47005,47005,99.00,2,4,6,0.3333333333333333,0.6666666666666666,No,0.6666666666666666
47006,47006,99.00,105,94,199,0.5276381909547738,0.4723618090452261,Yes,0.5276381909547738
47007,47007,99.00,5,6,11,0.45454545454545453,0.5454545454545454,No,0.5454545454545454
47008,47008,99.00,103,78,181,0.569060773480663,0.430939226519337,Yes,0.569060773480663
47009,47009,99.00,109,90,199,0.5477386934673367,0.45226130653266333,Yes,0.5477386934673367
47010,47010,99.00,7,11,18,0.3888888888888889,0.6111111111111112,No,0.6111111111111112
47011,47011,99.00,2,1,3,0.6666666666666666,0.3333333333333333,Yes,0.6666666666666666
47012,47012,99.00,65,50,115,0.5652173913043478,0.43478260869565216,Yes,0.5652173913043478
47013,47013,99.00,124,50,174,0.7126436781609196,0.28735632183908044,Yes,0.7126436781609196
47014,47014,99.00,49,50,99,0.494949494949495,0.5050505050505051,No,0.5050505050505051
47015,47015,99.00,43,18,61,0.7049180327868853,0.29508196721311475,Yes,0.7049180327868853
47016,47016,99.00,3,0,3,1.0,0.0,Yes,1.0
47017,47017,99.00,58,36,94,0.6170212765957447,0.3829787234042553,Yes,0.6170212765957447
47018,47018,99.00,31,37,68,0.45588235294117646,0.5441176470588235,No,0.5441176470588235
47019,47019,99.00,0,1,1,0.0,1.0,No,1.0
47020,47020,99.00,55,45,100,0.55,0.45,Yes,0.55
47021,47021,99.00,4,2,6,0.6666666666666666,0.3333333333333333,Yes,0.6666666666666666
47022,47022,99.00,5,3,8,0.625,0.375,Yes,0.625
47023,47023,99.00,100,34,134,0.746268656716418,0.2537313432835821,Yes,0.746268656716418
47024,47024,99.00,82,48,130,0.6307692307692307,0.36923076923076925,Yes,0.6307692307692307
47025,47025,99.00,82,56,138,0.5942028985507246,0.4057971014492754,Yes,0.5942028985507246
47026,47026,99.00,46,43,89,0.5168539325842697,0.48314606741573035,Yes,0.5168539325842697
47027,47027,99.00,64,52,116,0.5517241379310345,0.4482758620689655,Yes,0.5517241379310345
47028,47028,99.00,97,51,148,0.6554054054054054,0.34459459459459457,Yes,0.6554054054054054
47029,47029,99.00,67,55,122,0.5491803278688525,0.45081967213114754,Yes,0.5491803278688525
47030,47030,99.00,9,2,11,0.8181818181818182,0.18181818181818182,Yes,0.8181818181818182
47031,47031,99.00,86,32,118,0.7288135593220338,0.2711864406779661,Yes,0.7288135593220338
47032,47032,99.00,2,1,3,0.6666666666666666,0.3333333333333333,Yes,0.6666666666666666
47033,47033,99.00,0,1,1,0.0,1.0,No,1.0
47034,47034,99.00,0,0,0,0,0,n/a,0
47035,47035,99.00,0,0,0,0,0,n/a,0
47036,47036,99.00,1,1,2,0.5,0.5,Tie,0.5
47037,47037,99.00,73,38,111,0.6576576576576577,0.34234234234234234,Yes,0.6576576576576577
47038,47038,99.00,4,1,5,0.8,0.2,Yes,0.8
47039,47039,99.00,1,1,2,0.5,0.5,Tie,0.5
47040,47040,99.00,53,41,94,0.5638297872340425,0.43617021276595747,Yes,0.5638297872340425
47041,47041,99.00,1,1,2,0.5,0.5,Tie,0.5
47042,47042,99.00,3,0,3,1.0,0.0,Yes,1.0
47043,47043,99.00,88,71,159,0.5534591194968553,0.44654088050314467,Yes,0.5534591194968553
47044,47044,99.00,87,52,139,0.6258992805755396,0.37410071942446044,Yes,0.6258992805755396
47045,47045,99.00,49,42,91,0.5384615384615384,0.46153846153846156,Yes,0.5384615384615384
47046,47046,99.00,38,44,82,0.4634146341463415,0.5365853658536586,No,0.5365853658536586
47047,47047,99.00,64,46,110,0.5818181818181818,0.41818181818181815,Yes,0.5818181818181818
47048,47048,99.00,66,54,120,0.55,0.45,Yes,0.55
47049,47049,99.00,5,3,8,0.625,0.375,Yes,0.625
47050,47050,99.00,92,51,143,0.6433566433566433,0.35664335664335667,Yes,0.6433566433566433
47051,47051,99.00,77,78,155,0.4967741935483871,0.5032258064516129,No,0.5032258064516129
47052,47052,99.00,2,2,4,0.5,0.5,Tie,0.5
47053,47053,99.00,69,34,103,0.6699029126213593,0.3300970873786408,Yes,0.6699029126213593
47054,47054,99.00,2,0,2,1.0,0.0,Yes,1.0
47055,47055,99.00,86,53,139,0.6187050359712231,0.381294964028777,Yes,0.6187050359712231
47056,47056,99.00,0,0,0,0,0,n/a,0
47057,47057,99.00,70,56,126,0.5555555555555556,0.4444444444444444,Yes,0.5555555555555556
47058,47058,99.00,55,26,81,0.6790123456790124,0.32098765432098764,Yes,0.6790123456790124
47059,47059,99.00,46,24,70,0.6571428571428571,0.34285714285714286,Yes,0.6571428571428571
47060,47060,99.00,0,0,0,0,0,n/a,0
47061,47061,99.00,38,17,55,0.6909090909090909,0.3090909090909091,Yes,0.6909090909090909
47062,47062,99.00,67,35,102,0.6568627450980392,0.3431372549019608,Yes,0.6568627450980392
47063,47063,99.00,30,20,50,0.6,0.4,Yes,0.6
47064,47064,99.00,73,58,131,0.5572519083969466,0.44274809160305345,Yes,0.5572519083969466
47065,47065,99.00,5,3,8,0.625,0.375,Yes,0.625
47066,47066,99.00,1,0,1,1.0,0.0,Yes,1.0
47067,47067,99.00,0,0,0,0,0,n/a,0
47068,47068,99.00,0,1,1,0.0,1.0,No,1.0
47069,47069,99.00,8,0,8,1.0,0.0,Yes,1.0
47070,47070,99.00,49,37,86,0.5697674418604651,0.43023255813953487,Yes,0.5697674418604651
47071,47071,99.00,8,2,10,0.8,0.2,Yes,0.8
47072,47072,44.44,36,28,64,0.5625,0.4375,Yes,0.5625
47073,47073,99.00,0,0,0,0,0,n/a,0
47074,47074,99.00,0,0,0,0,0,n/a,0
48001,48001,99.00,0,0,0,0,0,n/a,0
48002,48002,99.00,0,2,2,0.0,1.0,No,1.0
48003,48003,99.00,18,53,71,0.2535211267605634,0.7464788732394366,No,0.7464788732394366
48004,48004,99.00,38,121,159,0.2389937106918239,0.7610062893081762,No,0.7610062893081762
48005,48005,99.00,20,58,78,0.2564102564102564,0.7435897435897436,No,0.7435897435897436
48006,48006,99.00,3,1,4,0.75,0.25,Yes,0.75
48007,48007,99.00,15,69,84,0.17857142857142858,0.8214285714285714,No,0.8214285714285714
48008,48008,99.00,4,8,12,0.3333333333333333,0.6666666666666666,No,0.6666666666666666
48009,48009,99.00,16,64,80,0.2,0.8,No,0.8
48010,48010,99.00,21,105,126,0.16666666666666666,0.8333333333333334,No,0.8333333333333334
48011,48011,99.00,0,0,0,0,0,n/a,0
48012,48012,99.00,0,3,3,0.0,1.0,No,1.0
48013,48013,99.00,0,0,0,0,0,n/a,0
48014,48014,99.00,10,45,55,0.18181818181818182,0.8181818181818182,No,0.8181818181818182
48015,48015,99.00,30,146,176,0.17045454545454544,0.8295454545454546,No,0.8295454545454546
48016,48016,99.00,19,105,124,0.1532258064516129,0.8467741935483871,No,0.8467741935483871
48017,48017,99.00,1,0,1,1.0,0.0,Yes,1.0
48018,48018,99.00,12,98,110,0.10909090909090909,0.8909090909090909,No,0.8909090909090909
48019,48019,99.00,35,128,163,0.2147239263803681,0.7852760736196319,No,0.7852760736196319
48020,48020,99.00,0,0,0,0,0,n/a,0
48021,48021,99.00,8,56,64,0.125,0.875,No,0.875
48022,48022,99.00,1,3,4,0.25,0.75,No,0.75
48023,48023,99.00,14,88,102,0.13725490196078433,0.8627450980392157,No,0.8627450980392157
48024,48024,99.00,7,74,81,0.08641975308641975,0.9135802469135802,No,0.9135802469135802
48025,48025,99.00,9,68,77,0.11688311688311688,0.8831168831168831,No,0.8831168831168831
48026,48026,99.00,74,171,245,0.3020408163265306,0.6979591836734694,No,0.6979591836734694
48027,48027,99.00,0,2,2,0.0,1.0,No,1.0
48028,48028,99.00,0,4,4,0.0,1.0,No,1.0
48029,48029,99.00,39,155,194,0.20103092783505155,0.7989690721649485,No,0.7989690721649485
48030,48030,99.00,18,186,204,0.08823529411764706,0.9117647058823529,No,0.9117647058823529
48031,48031,99.00,55,3,58,0.9482758620689655,0.05172413793103448,Yes,0.9482758620689655
48032,48032,99.00,35,149,184,0.19021739130434784,0.8097826086956522,No,0.8097826086956522
48033,48033,99.00,3,4,7,0.42857142857142855,0.5714285714285714,No,0.5714285714285714
48034,48034,99.00,19,23,42,0.4523809523809524,0.5476190476190477,No,0.5476190476190477
48035,48035,99.00,3,7,10,0.3,0.7,No,0.7
48036,48036,99.00,55,38,93,0.5913978494623656,0.40860215053763443,Yes,0.5913978494623656
48037,48037,99.00,3,2,5,0.6,0.4,Yes,0.6
48038,48038,99.00,3,0,3,1.0,0.0,Yes,1.0
48039,48039,99.00,2,1,3,0.6666666666666666,0.3333333333333333,Yes,0.6666666666666666
48040,48040,99.00,40,111,151,0.26490066225165565,0.7350993377483444,No,0.7350993377483444
48041,48041,99.00,2,0,2,1.0,0.0,Yes,1.0
48042,48042,99.00,51,144,195,0.26153846153846155,0.7384615384615385,No,0.7384615384615385
48043,48043,99.00,63,47,110,0.5727272727272728,0.42727272727272725,Yes,0.5727272727272728
48044,48044,99.00,53,22,75,0.7066666666666667,0.29333333333333333,Yes,0.7066666666666667
48045,48045,99.00,2,2,4,0.5,0.5,Tie,0.5
48046,48046,99.00,1,2,3,0.3333333333333333,0.6666666666666666,No,0.6666666666666666
48047,48047,99.00,36,91,127,0.28346456692913385,0.7165354330708661,No,0.7165354330708661
48048,48048,99.00,8,81,89,0.0898876404494382,0.9101123595505618,No,0.9101123595505618
48049,48049,99.00,12,10,22,0.5454545454545454,0.45454545454545453,Yes,0.5454545454545454
48050,48050,75.00,7,50,57,0.12280701754385964,0.8771929824561403,No,0.8771929824561403
48051,48051,99.00,71,79,150,0.47333333333333333,0.5266666666666666,No,0.5266666666666666
48052,48052,99.00,24,56,80,0.3,0.7,No,0.7
48053,48053,99.00,0,0,0,0,0,n/a,0
48054,48054,99.00,4,2,6,0.6666666666666666,0.3333333333333333,Yes,0.6666666666666666
48055,48055,99.00,89,159,248,0.3588709677419355,0.6411290322580645,No,0.6411290322580645
48056,48056,99.00,68,98,166,0.40963855421686746,0.5903614457831325,No,0.5903614457831325
48057,48057,99.00,5,1,6,0.8333333333333334,0.16666666666666666,Yes,0.8333333333333334
48058,48058,99.00,2,1,3,0.6666666666666666,0.3333333333333333,Yes,0.6666666666666666
48059,48059,99.00,14,129,143,0.0979020979020979,0.9020979020979021,No,0.9020979020979021
48060,48060,99.00,33,133,166,0.19879518072289157,0.8012048192771084,No,0.8012048192771084
48061,48061,99.00,53,154,207,0.2560386473429952,0.7439613526570048,No,0.7439613526570048
48062,48062,99.00,76,72,148,0.5135135135135135,0.4864864864864865,Yes,0.5135135135135135
48063,48063,99.00,76,43,119,0.6386554621848739,0.36134453781512604,Yes,0.6386554621848739
48064,48064,99.00,15,53,68,0.22058823529411764,0.7794117647058824,No,0.7794117647058824
48065,48065,99.00,58,108,166,0.3493975903614458,0.6506024096385542,No,0.6506024096385542
48066,48066,99.00,0,0,0,0,0,n/a,0
48067,48067,99.00,10,32,42,0.23809523809523808,0.7619047619047619,No,0.7619047619047619
48068,48068,99.00,1,0,1,1.0,0.0,Yes,1.0
48069,48069,99.00,1,0,1,1.0,0.0,Yes,1.0
48070,48070,99.00,42,88,130,0.3230769230769231,0.676923076923077,No,0.676923076923077
48071,48071,99.00,12,106,118,0.1016949152542373,0.8983050847457628,No,0.8983050847457628
48072,48072,99.00,26,144,170,0.15294117647058825,0.8470588235294118,No,0.8470588235294118
49001,49001,99.00,80,22,102,0.7843137254901961,0.21568627450980393,Yes,0.7843137254901961
49002,49002,99.00,33,18,51,0.6470588235294118,0.35294117647058826,Yes,0.6470588235294118
49003,49003,66.67,9,2,11,0.8181818181818182,0.18181818181818182,Yes,0.8181818181818182
49004,49004,66.67,80,41,121,0.6611570247933884,0.33884297520661155,Yes,0.6611570247933884
49005,49005,66.67,33,19,52,0.6346153846153846,0.36538461538461536,Yes,0.6346153846153846
49006,49006,99.00,2,0,2,1.0,0.0,Yes,1.0
49007,49007,99.00,0,0,0,0,0,n/a,0
49008,49008,99.00,57,31,88,0.6477272727272727,0.3522727272727273,Yes,0.6477272727272727
49009,49009,99.00,34,14,48,0.7083333333333334,0.2916666666666667,Yes,0.7083333333333334
49010,49010,0.00,1,0,1,1.0,0.0,Yes,1.0
49011,49011,0.00,3,0,3,1.0,0.0,Yes,1.0
49012,49012,99.00,2,0,2,1.0,0.0,Yes,1.0
49013,49013,99.00,1,0,1,1.0,0.0,Yes,1.0
49014,49014,66.67,0,0,0,0,0,n/a,0
49015,49015,99.00,0,0,0,0,0,n/a,0
49016,49016,99.00,49,20,69,0.7101449275362319,0.2898550724637681,Yes,0.7101449275362319
49017,49017,99.00,50,37,87,0.5747126436781609,0.42528735632183906,Yes,0.5747126436781609
49018,49018,99.00,0,1,1,0.0,1.0,No,1.0
49019,49019,99.00,50,21,71,0.704225352112676,0.29577464788732394,Yes,0.704225352112676
49020,49020,99.00,100,65,165,0.6060606060606061,0.3939393939393939,Yes,0.6060606060606061
49021,49021,99.00,40,28,68,0.5882352941176471,0.4117647058823529,Yes,0.5882352941176471
49022,49022,99.00,41,61,102,0.4019607843137255,0.5980392156862745,No,0.5980392156862745
49023,49023,99.00,90,52,142,0.6338028169014085,0.36619718309859156,Yes,0.6338028169014085
49024,49024,99.00,3,1,4,0.75,0.25,Yes,0.75
49025,49025,99.00,64,52,116,0.5517241379310345,0.4482758620689655,Yes,0.5517241379310345
49026,49026,44.44,93,70,163,0.5705521472392638,0.4294478527607362,Yes,0.5705521472392638
49027,49027,44.44,56,28,84,0.6666666666666666,0.3333333333333333,Yes,0.6666666666666666
49028,49028,44.44,3,7,10,0.3,0.7,No,0.7
49029,49029,99.00,0,0,0,0,0,n/a,0
49030,49030,99.00,3,0,3,1.0,0.0,Yes,1.0
49031,49031,99.00,36,17,53,0.6792452830188679,0.32075471698113206,Yes,0.6792452830188679
49032,49032,99.00,0,0,0,0,0,n/a,0
49033,49033,99.00,1,0,1,1.0,0.0,Yes,1.0
49034,49034,44.44,4,2,6,0.6666666666666666,0.3333333333333333,Yes,0.6666666666666666
49035,49035,99.00,104,78,182,0.5714285714285714,0.42857142857142855,Yes,0.5714285714285714
49036,49036,44.44,1,0,1,1.0,0.0,Yes,1.0
49037,49037,99.00,41,29,70,0.5857142857142857,0.4142857142857143,Yes,0.5857142857142857
49038,49038,99.00,33,28,61,0.5409836065573771,0.45901639344262296,Yes,0.5409836065573771
49039,49039,99.00,8,0,8,1.0,0.0,Yes,1.0
49040,49040,99.00,96,55,151,0.6357615894039735,0.36423841059602646,Yes,0.6357615894039735
49041,49041,99.00,48,37,85,0.5647058823529412,0.43529411764705883,Yes,0.5647058823529412
49042,49042,99.00,40,26,66,0.6060606060606061,0.3939393939393939,Yes,0.6060606060606061
49043,49043,99.00,34,29,63,0.5396825396825397,0.4603174603174603,Yes,0.5396825396825397
49044,49044,44.44,6,1,7,0.8571428571428571,0.14285714285714285,Yes,0.8571428571428571
49045,49045,99.00,2,1,3,0.6666666666666666,0.3333333333333333,Yes,0.6666666666666666
49046,49046,99.00,0,0,0,0,0,n/a,0
49047,49047,99.00,58,53,111,0.5225225225225225,0.4774774774774775,Yes,0.5225225225225225
49048,49048,99.00,53,45,98,0.5408163265306123,0.45918367346938777,Yes,0.5408163265306123
49049,49049,99.00,108,89,197,0.5482233502538071,0.4517766497461929,Yes,0.5482233502538071
49050,49050,99.00,105,86,191,0.5497382198952879,0.450261780104712,Yes,0.5497382198952879
49051,49051,99.00,7,4,11,0.6363636363636364,0.36363636363636365,Yes,0.6363636363636364
49052,49052,99.00,7,1,8,0.875,0.125,Yes,0.875
49053,49053,99.00,125,98,223,0.5605381165919282,0.43946188340807174,Yes,0.5605381165919282
49054,49054,99.00,132,112,244,0.5409836065573771,0.45901639344262296,Yes,0.5409836065573771
49055,49055,99.00,45,28,73,0.6164383561643836,0.3835616438356164,Yes,0.6164383561643836
49056,49056,99.00,0,0,0,0,0,n/a,0
49057,49057,99.00,0,0,0,0,0,n/a,0
49058,49058,99.00,52,29,81,0.6419753086419753,0.35802469135802467,Yes,0.6419753086419753
49059,49059,44.44,82,51,133,0.6165413533834586,0.38345864661654133,Yes,0.6165413533834586
49060,49060,99.00,0,0,0,0,0,n/a,0
49061,49061,0.00,1,0,1,1.0,0.0,Yes,1.0
49062,49062,66.67,63,41,104,0.6057692307692307,0.3942307692307692,Yes,0.6057692307692307
49063,49063,99.00,5,1,6,0.8333333333333334,0.16666666666666666,Yes,0.8333333333333334
49064,49064,99.00,34,24,58,0.5862068965517241,0.41379310344827586,Yes,0.5862068965517241
49065,49065,99.00,6,6,12,0.5,0.5,Tie,0.5
49066,49066,99.00,40,14,54,0.7407407407407407,0.25925925925925924,Yes,0.7407407407407407
49067,49067,66.67,10,1,11,0.9090909090909091,0.09090909090909091,Yes,0.9090909090909091
49068,49068,99.00,32,17,49,0.6530612244897959,0.3469387755102041,Yes,0.6530612244897959
49069,49069,99.00,1,2,3,0.3333333333333333,0.6666666666666666,No,0.6666666666666666
49070,49070,99.00,0,1,1,0.0,1.0,No,1.0
49071,49071,99.00,0,0,0,0,0,n/a,0
50001,50001,99.00,39,9,48,0.8125,0.1875,Yes,0.8125
50002,50002,99.00,172,33,205,0.8390243902439024,0.16097560975609757,Yes,0.8390243902439024
50003,50003,66.67,183,27,210,0.8714285714285714,0.12857142857142856,Yes,0.8714285714285714
50004,50004,99.00,3,0,3,1.0,0.0,Yes,1.0
50005,50005,66.67,140,9,149,0.9395973154362416,0.06040268456375839,Yes,0.9395973154362416
50006,50006,66.67,128,18,146,0.8767123287671232,0.1232876712328767,Yes,0.8767123287671232
50007,50007,99.00,208,33,241,0.8630705394190872,0.13692946058091288,Yes,0.8630705394190872
50008,50008,99.00,194,19,213,0.9107981220657277,0.0892018779342723,Yes,0.9107981220657277
50009,50009,99.00,167,30,197,0.8477157360406091,0.15228426395939088,Yes,0.8477157360406091
50010,50010,99.00,281,48,329,0.8541033434650456,0.1458966565349544,Yes,0.8541033434650456
50011,50011,99.00,3,1,4,0.75,0.25,Yes,0.75
50012,50012,80.00,231,37,268,0.8619402985074627,0.13805970149253732,Yes,0.8619402985074627
50013,50013,99.00,5,0,5,1.0,0.0,Yes,1.0
50014,50014,99.00,90,19,109,0.8256880733944955,0.1743119266055046,Yes,0.8256880733944955
50015,50015,80.00,8,0,8,1.0,0.0,Yes,1.0
50016,50016,99.00,2,0,2,1.0,0.0,Yes,1.0
50017,50017,99.00,117,30,147,0.7959183673469388,0.20408163265306123,Yes,0.7959183673469388
50018,50018,80.00,9,4,13,0.6923076923076923,0.3076923076923077,Yes,0.6923076923076923
50019,50019,80.00,271,30,301,0.9003322259136213,0.09966777408637874,Yes,0.9003322259136213
50020,50020,99.00,14,0,14,1.0,0.0,Yes,1.0
50021,50021,99.00,339,56,395,0.8582278481012658,0.14177215189873418,Yes,0.8582278481012658
50022,50022,99.00,95,14,109,0.8715596330275229,0.12844036697247707,Yes,0.8715596330275229
50023,50023,99.00,0,0,0,0,0,n/a,0
50024,50024,99.00,0,0,0,0,0,n/a,0
50025,50025,99.00,1,0,1,1.0,0.0,Yes,1.0
50026,50026,99.00,178,32,210,0.8476190476190476,0.1523809523809524,Yes,0.8476190476190476
50027,50027,99.00,167,37,204,0.8186274509803921,0.18137254901960784,Yes,0.8186274509803921
50028,50028,99.00,193,27,220,0.8772727272727273,0.12272727272727273,Yes,0.8772727272727273
50029,50029,99.00,11,2,13,0.8461538461538461,0.15384615384615385,Yes,0.8461538461538461
50030,50030,99.00,194,23,217,0.8940092165898618,0.10599078341013825,Yes,0.8940092165898618
50031,50031,99.00,8,1,9,0.8888888888888888,0.1111111111111111,Yes,0.8888888888888888
50032,50032,99.00,264,48,312,0.8461538461538461,0.15384615384615385,Yes,0.8461538461538461
50033,50033,80.00,191,24,215,0.8883720930232558,0.11162790697674418,Yes,0.8883720930232558
50034,50034,99.00,151,25,176,0.8579545454545454,0.14204545454545456,Yes,0.8579545454545454
50035,50035,99.00,165,24,189,0.873015873015873,0.12698412698412698,Yes,0.873015873015873
50036,50036,99.00,99,22,121,0.8181818181818182,0.18181818181818182,Yes,0.8181818181818182
50037,50037,99.00,148,13,161,0.9192546583850931,0.08074534161490683,Yes,0.9192546583850931
50038,50038,99.00,110,11,121,0.9090909090909091,0.09090909090909091,Yes,0.9090909090909091
50039,50039,99.00,126,15,141,0.8936170212765957,0.10638297872340426,Yes,0.8936170212765957
50040,50040,99.00,120,10,130,0.9230769230769231,0.07692307692307693,Yes,0.9230769230769231
50041,50041,99.00,154,19,173,0.8901734104046243,0.10982658959537572,Yes,0.8901734104046243
50042,50042,80.00,173,49,222,0.7792792792792793,0.22072072072072071,Yes,0.7792792792792793
50043,50043,99.00,142,18,160,0.8875,0.1125,Yes,0.8875
50044,50044,99.00,11,0,11,1.0,0.0,Yes,1.0
50045,50045,99.00,1,0,1,1.0,0.0,Yes,1.0
50046,50046,99.00,121,21,142,0.852112676056338,0.14788732394366197,Yes,0.852112676056338
50047,50047,99.00,7,0,7,1.0,0.0,Yes,1.0
50048,50048,99.00,128,16,144,0.8888888888888888,0.1111111111111111,Yes,0.8888888888888888
50049,50049,99.00,3,0,3,1.0,0.0,Yes,1.0
50050,50050,99.00,202,28,230,0.8782608695652174,0.12173913043478261,Yes,0.8782608695652174
50051,50051,99.00,187,26,213,0.8779342723004695,0.12206572769953052,Yes,0.8779342723004695
50052,50052,99.00,98,17,115,0.8521739130434782,0.14782608695652175,Yes,0.8521739130434782
50053,50053,99.00,127,16,143,0.8881118881118881,0.11188811188811189,Yes,0.8881118881118881
50054,50054,99.00,2,0,2,1.0,0.0,Yes,1.0
50055,50055,99.00,0,0,0,0,0,n/a,0
50056,50056,99.00,16,5,21,0.7619047619047619,0.23809523809523808,Yes,0.7619047619047619
50057,50057,99.00,65,28,93,0.6989247311827957,0.3010752688172043,Yes,0.6989247311827957
50058,50058,99.00,0,1,1,0.0,1.0,No,1.0
50059,50059,99.00,126,30,156,0.8076923076923077,0.19230769230769232,Yes,0.8076923076923077
50060,50060,99.00,2,0,2,1.0,0.0,Yes,1.0
50061,50061,99.00,37,22,59,0.6271186440677966,0.3728813559322034,Yes,0.6271186440677966
50062,50062,99.00,0,0,0,0,0,n/a,0
50063,50063,99.00,26,22,48,0.5416666666666666,0.4583333333333333,Yes,0.5416666666666666
50064,50064,99.00,19,5,24,0.7916666666666666,0.20833333333333334,Yes,0.7916666666666666
50065,50065,99.00,0,0,0,0,0,n/a,0
50066,50066,99.00,6,8,14,0.42857142857142855,0.5714285714285714,No,0.5714285714285714
50067,50067,99.00,0,1,1,0.0,1.0,No,1.0
50068,50068,99.00,18,10,28,0.6428571428571429,0.35714285714285715,Yes,0.6428571428571429
50069,50069,99.00,42,26,68,0.6176470588235294,0.38235294117647056,Yes,0.6176470588235294
50070,50070,99.00,0,0,0,0,0,n/a,0
50071,50071,99.00,0,0,0,0,0,n/a,0
50072,50072,99.00,53,25,78,0.6794871794871795,0.32051282051282054,Yes,0.6794871794871795
50073,50073,99.00,0,0,0,0,0,n/a,0
50074,50074,99.00,1,5,6,0.16666666666666666,0.8333333333333334,No,0.8333333333333334
50075,50075,99.00,18,9,27,0.6666666666666666,0.3333333333333333,Yes,0.6666666666666666
50076,50076,99.00,31,13,44,0.7045454545454546,0.29545454545454547,Yes,0.7045454545454546
50077,50077,99.00,10,19,29,0.3448275862068966,0.6551724137931034,No,0.6551724137931034
50078,50078,99.00,16,16,32,0.5,0.5,Tie,0.5
50079,50079,99.00,0,0,0,0,0,n/a,0
50080,50080,99.00,3,0,3,1.0,0.0,Yes,1.0
50081,50081,99.00,0,0,0,0,0,n/a,0
50082,50082,99.00,44,9,53,0.8301886792452831,0.16981132075471697,Yes,0.8301886792452831
50083,50083,99.00,57,10,67,0.8507462686567164,0.14925373134328357,Yes,0.8507462686567164
50084,50084,99.00,0,0,0,0,0,n/a,0
50085,50085,99.00,42,6,48,0.875,0.125,Yes,0.875
50086,50086,99.00,0,0,0,0,0,n/a,0
50087,50087,99.00,4,0,4,1.0,0.0,Yes,1.0
50088,50088,99.00,2,0,2,1.0,0.0,Yes,1.0
50089,50089,99.00,154,23,177,0.8700564971751412,0.12994350282485875,Yes,0.8700564971751412
50090,50090,99.00,110,12,122,0.9016393442622951,0.09836065573770492,Yes,0.9016393442622951
50091,50091,99.00,5,0,5,1.0,0.0,Yes,1.0
50092,50092,99.00,243,45,288,0.84375,0.15625,Yes,0.84375
50093,50093,99.00,0,0,0,0,0,n/a,0
50094,50094,99.00,1,0,1,1.0,0.0,Yes,1.0
50095,50095,99.00,161,33,194,0.8298969072164949,0.17010309278350516,Yes,0.8298969072164949
50096,50096,99.00,118,13,131,0.9007633587786259,0.09923664122137404,Yes,0.9007633587786259
50097,50097,99.00,217,28,245,0.8857142857142857,0.11428571428571428,Yes,0.8857142857142857
50098,50098,99.00,0,0,0,0,0,n/a,0
50099,50099,99.00,155,18,173,0.8959537572254336,0.10404624277456648,Yes,0.8959537572254336
50100,50100,99.00,0,0,0,0,0,n/a,0
50101,50101,99.00,4,2,6,0.6666666666666666,0.3333333333333333,Yes,0.6666666666666666
50102,50102,80.00,3,6,9,0.3333333333333333,0.6666666666666666,No,0.6666666666666666
50103,50103,99.00,0,0,0,0,0,n/a,0
50104,50104,99.00,0,0,0,0,0,n/a,0
50105,50105,99.00,0,0,0,0,0,n/a,0
50106,50106,99.00,0,0,0,0,0,n/a,0
50107,50107,99.00,0,0,0,0,0,n/a,0
51001,51001,99.00,137,36,173,0.791907514450867,0.20809248554913296,Yes,0.791907514450867
51002,51002,99.00,63,25,88,0.7159090909090909,0.2840909090909091,Yes,0.7159090909090909
51003,51003,99.00,130,22,152,0.8552631578947368,0.14473684210526316,Yes,0.8552631578947368
51004,51004,99.00,97,14,111,0.8738738738738738,0.12612612612612611,Yes,0.8738738738738738
51005,51005,99.00,53,15,68,0.7794117647058824,0.22058823529411764,Yes,0.7794117647058824
51006,51006,99.00,11,2,13,0.8461538461538461,0.15384615384615385,Yes,0.8461538461538461
51007,51007,99.00,194,33,227,0.8546255506607929,0.14537444933920704,Yes,0.8546255506607929
51008,51008,0.00,0,1,1,0.0,1.0,No,1.0
51009,51009,99.00,35,15,50,0.7,0.3,Yes,0.7
51010,51010,99.00,1,0,1,1.0,0.0,Yes,1.0
51011,51011,99.00,304,40,344,0.8837209302325582,0.11627906976744186,Yes,0.8837209302325582
51012,51012,99.00,206,25,231,0.8917748917748918,0.10822510822510822,Yes,0.8917748917748918
51013,51013,99.00,22,0,22,1.0,0.0,Yes,1.0
51014,51014,99.00,93,64,157,0.5923566878980892,0.40764331210191085,Yes,0.5923566878980892
51015,51015,99.00,2,0,2,1.0,0.0,Yes,1.0
51016,51016,99.00,33,44,77,0.42857142857142855,0.5714285714285714,No,0.5714285714285714
51017,51017,99.00,70,23,93,0.7526881720430108,0.24731182795698925,Yes,0.7526881720430108
51018,51018,99.00,0,0,0,0,0,n/a,0
51019,51019,99.00,2,0,2,1.0,0.0,Yes,1.0
51020,51020,0.00,52,7,59,0.8813559322033898,0.11864406779661017,Yes,0.8813559322033898
51021,51021,99.00,2,1,3,0.6666666666666666,0.3333333333333333,Yes,0.6666666666666666
51022,51022,99.00,11,0,11,1.0,0.0,Yes,1.0
51023,51023,99.00,17,3,20,0.85,0.15,Yes,0.85
51024,51024,50.00,41,15,56,0.7321428571428571,0.26785714285714285,Yes,0.7321428571428571
51025,51025,99.00,0,0,0,0,0,n/a,0
51026,51026,99.00,87,44,131,0.6641221374045801,0.33587786259541985,Yes,0.6641221374045801
51027,51027,99.00,4,0,4,1.0,0.0,Yes,1.0
51028,51028,99.00,0,0,0,0,0,n/a,0
51029,51029,66.67,99,22,121,0.8181818181818182,0.18181818181818182,Yes,0.8181818181818182
51030,51030,99.00,5,0,5,1.0,0.0,Yes,1.0
51031,51031,99.00,127,45,172,0.7383720930232558,0.2616279069767442,Yes,0.7383720930232558
51032,51032,66.67,102,31,133,0.7669172932330827,0.23308270676691728,Yes,0.7669172932330827
51033,51033,66.67,62,19,81,0.7654320987654321,0.2345679012345679,Yes,0.7654320987654321
51034,51034,99.00,111,33,144,0.7708333333333334,0.22916666666666666,Yes,0.7708333333333334
51035,51035,99.00,132,23,155,0.8516129032258064,0.14838709677419354,Yes,0.8516129032258064
51036,51036,99.00,104,13,117,0.8888888888888888,0.1111111111111111,Yes,0.8888888888888888
51037,51037,99.00,103,26,129,0.7984496124031008,0.20155038759689922,Yes,0.7984496124031008
51038,51038,99.00,203,16,219,0.9269406392694064,0.0730593607305936,Yes,0.9269406392694064
51039,51039,99.00,95,29,124,0.7661290322580645,0.23387096774193547,Yes,0.7661290322580645
51040,51040,99.00,200,22,222,0.9009009009009009,0.0990990990990991,Yes,0.9009009009009009
51041,51041,99.00,325,43,368,0.8831521739130435,0.11684782608695653,Yes,0.8831521739130435
51042,51042,99.00,210,32,242,0.8677685950413223,0.1322314049586777,Yes,0.8677685950413223
51043,51043,99.00,92,10,102,0.9019607843137255,0.09803921568627451,Yes,0.9019607843137255
51044,51044,0.00,9,0,9,1.0,0.0,Yes,1.0
51045,51045,0.00,0,0,0,0,0,n/a,0
51046,51046,99.00,2,0,2,1.0,0.0,Yes,1.0
51047,51047,99.00,7,0,7,1.0,0.0,Yes,1.0
51048,51048,99.00,0,0,0,0,0,n/a,0
51049,51049,99.00,219,30,249,0.8795180722891566,0.12048192771084337,Yes,0.8795180722891566
51050,51050,99.00,1,0,1,1.0,0.0,Yes,1.0
51051,51051,99.00,104,18,122,0.8524590163934426,0.14754098360655737,Yes,0.8524590163934426
51052,51052,99.00,128,30,158,0.810126582278481,0.189873417721519,Yes,0.810126582278481
51053,51053,99.00,7,0,7,1.0,0.0,Yes,1.0
51054,51054,99.00,100,18,118,0.847457627118644,0.15254237288135594,Yes,0.847457627118644
51055,51055,99.00,15,1,16,0.9375,0.0625,Yes,0.9375
51056,51056,99.00,0,0,0,0,0,n/a,0
51057,51057,99.00,0,0,0,0,0,n/a,0
51058,51058,99.00,1,0,1,1.0,0.0,Yes,1.0
51059,51059,99.00,4,2,6,0.6666666666666666,0.3333333333333333,Yes,0.6666666666666666
51060,51060,99.00,122,39,161,0.7577639751552795,0.2422360248447205,Yes,0.7577639751552795
51061,51061,99.00,117,33,150,0.78,0.22,Yes,0.78
51062,51062,99.00,164,88,252,0.6507936507936508,0.3492063492063492,Yes,0.6507936507936508
51063,51063,99.00,110,49,159,0.6918238993710691,0.3081761006289308,Yes,0.6918238993710691
51064,51064,99.00,81,37,118,0.6864406779661016,0.3135593220338983,Yes,0.6864406779661016
51065,51065,99.00,60,22,82,0.7317073170731707,0.2682926829268293,Yes,0.7317073170731707
51066,51066,99.00,93,20,113,0.8230088495575221,0.17699115044247787,Yes,0.8230088495575221
51067,51067,99.00,2,2,4,0.5,0.5,Tie,0.5
51068,51068,99.00,3,1,4,0.75,0.25,Yes,0.75
51069,51069,0.00,2,1,3,0.6666666666666666,0.3333333333333333,Yes,0.6666666666666666
51070,51070,99.00,170,32,202,0.8415841584158416,0.15841584158415842,Yes,0.8415841584158416
51071,51071,99.00,61,14,75,0.8133333333333334,0.18666666666666668,Yes,0.8133333333333334
51072,51072,99.00,5,0,5,1.0,0.0,Yes,1.0
51073,51073,99.00,107,15,122,0.8770491803278688,0.12295081967213115,Yes,0.8770491803278688
51074,51074,99.00,2,0,2,1.0,0.0,Yes,1.0
51075,51075,66.67,8,8,16,0.5,0.5,Tie,0.5
51076,51076,99.00,8,1,9,0.8888888888888888,0.1111111111111111,Yes,0.8888888888888888
51077,51077,99.00,151,63,214,0.705607476635514,0.29439252336448596,Yes,0.705607476635514
51078,51078,99.00,2,0,2,1.0,0.0,Yes,1.0
51079,51079,99.00,105,21,126,0.8333333333333334,0.16666666666666666,Yes,0.8333333333333334
51080,51080,99.00,1,0,1,1.0,0.0,Yes,1.0
51081,51081,99.00,89,10,99,0.898989898989899,0.10101010101010101,Yes,0.898989898989899
51082,51082,99.00,177,34,211,0.8388625592417062,0.16113744075829384,Yes,0.8388625592417062
51083,51083,99.00,254,34,288,0.8819444444444444,0.11805555555555555,Yes,0.8819444444444444
51084,51084,99.00,0,0,0,0,0,n/a,0
51085,51085,99.00,0,0,0,0,0,n/a,0
51086,51086,99.00,0,0,0,0,0,n/a,0
51087,51087,0.00,0,0,0,0,0,n/a,0
52001,52001,99.00,100,16,116,0.8620689655172413,0.13793103448275862,Yes,0.8620689655172413
52002,52002,99.00,90,13,103,0.8737864077669902,0.1262135922330097,Yes,0.8737864077669902
52003,52003,18.75,8,2,10,0.8,0.2,Yes,0.8
52004,52004,99.00,248,44,292,0.8493150684931506,0.1506849315068493,Yes,0.8493150684931506
52005,52005,99.00,7,0,7,1.0,0.0,Yes,1.0
52006,52006,99.00,17,0,17,1.0,0.0,Yes,1.0
52007,52007,99.00,307,62,369,0.8319783197831978,0.16802168021680217,Yes,0.8319783197831978
52008,52008,99.00,421,101,522,0.8065134099616859,0.19348659003831417,Yes,0.8065134099616859
52009,52009,99.00,10,3,13,0.7692307692307693,0.23076923076923078,Yes,0.7692307692307693
52010,52010,99.00,280,65,345,0.8115942028985508,0.18840579710144928,Yes,0.8115942028985508
52011,52011,99.00,297,62,359,0.8272980501392758,0.17270194986072424,Yes,0.8272980501392758
52012,52012,99.00,281,57,338,0.8313609467455622,0.16863905325443787,Yes,0.8313609467455622
52013,52013,99.00,54,4,58,0.9310344827586207,0.06896551724137931,Yes,0.9310344827586207
52014,52014,99.00,22,2,24,0.9166666666666666,0.08333333333333333,Yes,0.9166666666666666
52015,52015,99.00,390,70,460,0.8478260869565217,0.15217391304347827,Yes,0.8478260869565217
52016,52016,99.00,344,85,429,0.8018648018648019,0.19813519813519814,Yes,0.8018648018648019
52017,52017,99.00,31,5,36,0.8611111111111112,0.1388888888888889,Yes,0.8611111111111112
52018,52018,99.00,346,50,396,0.8737373737373737,0.12626262626262627,Yes,0.8737373737373737
52019,52019,99.00,365,53,418,0.8732057416267942,0.12679425837320574,Yes,0.8732057416267942
52020,52020,99.00,146,33,179,0.8156424581005587,0.18435754189944134,Yes,0.8156424581005587
52021,52021,99.00,5,1,6,0.8333333333333334,0.16666666666666666,Yes,0.8333333333333334
52022,52022,99.00,11,4,15,0.7333333333333333,0.26666666666666666,Yes,0.7333333333333333
52023,52023,18.75,359,74,433,0.8290993071593533,0.17090069284064666,Yes,0.8290993071593533
52024,52024,99.00,60,10,70,0.8571428571428571,0.14285714285714285,Yes,0.8571428571428571
52025,52025,18.75,289,32,321,0.9003115264797508,0.09968847352024922,Yes,0.9003115264797508
52026,52026,99.00,8,1,9,0.8888888888888888,0.1111111111111111,Yes,0.8888888888888888
52027,52027,99.00,501,54,555,0.9027027027027027,0.0972972972972973,Yes,0.9027027027027027
52028,52028,99.00,178,24,202,0.8811881188118812,0.1188118811881188,Yes,0.8811881188118812
52029,52029,99.00,325,46,371,0.876010781671159,0.12398921832884097,Yes,0.876010781671159
52030,52030,99.00,207,26,233,0.8884120171673819,0.11158798283261803,Yes,0.8884120171673819
52031,52031,99.00,231,23,254,0.9094488188976378,0.09055118110236221,Yes,0.9094488188976378
52032,52032,99.00,215,28,243,0.8847736625514403,0.11522633744855967,Yes,0.8847736625514403
52033,52033,99.00,261,31,292,0.8938356164383562,0.10616438356164383,Yes,0.8938356164383562
52034,52034,99.00,212,17,229,0.925764192139738,0.07423580786026202,Yes,0.925764192139738
52035,52035,80.00,182,24,206,0.883495145631068,0.11650485436893204,Yes,0.883495145631068
52036,52036,80.00,15,2,17,0.8823529411764706,0.11764705882352941,Yes,0.8823529411764706
52037,52037,80.00,37,2,39,0.9487179487179487,0.05128205128205128,Yes,0.9487179487179487
52038,52038,80.00,447,64,511,0.8747553816046967,0.12524461839530332,Yes,0.8747553816046967
52039,52039,80.00,251,31,282,0.8900709219858156,0.1099290780141844,Yes,0.8900709219858156
52040,52040,80.00,102,17,119,0.8571428571428571,0.14285714285714285,Yes,0.8571428571428571
52041,52041,99.00,3,2,5,0.6,0.4,Yes,0.6
52042,52042,99.00,219,36,255,0.8588235294117647,0.1411764705882353,Yes,0.8588235294117647
52043,52043,50.00,128,26,154,0.8311688311688312,0.16883116883116883,Yes,0.8311688311688312
52044,52044,99.00,344,82,426,0.8075117370892019,0.19248826291079812,Yes,0.8075117370892019
52045,52045,99.00,18,2,20,0.9,0.1,Yes,0.9
52046,52046,50.00,112,11,123,0.9105691056910569,0.08943089430894309,Yes,0.9105691056910569
52047,52047,99.00,16,1,17,0.9411764705882353,0.058823529411764705,Yes,0.9411764705882353
52048,52048,99.00,19,2,21,0.9047619047619048,0.09523809523809523,Yes,0.9047619047619048
52049,52049,99.00,13,1,14,0.9285714285714286,0.07142857142857142,Yes,0.9285714285714286
52050,52050,99.00,6,0,6,1.0,0.0,Yes,1.0
52051,52051,99.00,200,26,226,0.8849557522123894,0.11504424778761062,Yes,0.8849557522123894
52052,52052,99.00,89,14,103,0.8640776699029126,0.13592233009708737,Yes,0.8640776699029126
52053,52053,99.00,2,0,2,1.0,0.0,Yes,1.0
52054,52054,99.00,0,0,0,0,0,n/a,0
52055,52055,99.00,301,39,340,0.8852941176470588,0.11470588235294117,Yes,0.8852941176470588
52056,52056,99.00,192,21,213,0.9014084507042254,0.09859154929577464,Yes,0.9014084507042254
52057,52057,99.00,332,52,384,0.8645833333333334,0.13541666666666666,Yes,0.8645833333333334
52058,52058,99.00,14,1,15,0.9333333333333333,0.06666666666666667,Yes,0.9333333333333333
52059,52059,99.00,411,47,458,0.8973799126637555,0.10262008733624454,Yes,0.8973799126637555
52060,52060,99.00,15,2,17,0.8823529411764706,0.11764705882352941,Yes,0.8823529411764706
52061,52061,99.00,328,23,351,0.9344729344729344,0.06552706552706553,Yes,0.9344729344729344
52062,52062,99.00,15,0,15,1.0,0.0,Yes,1.0
52063,52063,99.00,0,0,0,0,0,n/a,0
52064,52064,99.00,331,51,382,0.8664921465968587,0.13350785340314136,Yes,0.8664921465968587
52065,52065,99.00,11,1,12,0.9166666666666666,0.08333333333333333,Yes,0.9166666666666666
52066,52066,99.00,423,57,480,0.88125,0.11875,Yes,0.88125
52067,52067,99.00,7,1,8,0.875,0.125,Yes,0.875
52068,52068,99.00,43,2,45,0.9555555555555556,0.044444444444444446,Yes,0.9555555555555556
52069,52069,99.00,455,72,527,0.8633776091081594,0.1366223908918406,Yes,0.8633776091081594
52070,52070,99.00,304,37,341,0.8914956011730205,0.10850439882697947,Yes,0.8914956011730205
52071,52071,99.00,475,55,530,0.8962264150943396,0.10377358490566038,Yes,0.8962264150943396
52072,52072,99.00,31,3,34,0.9117647058823529,0.08823529411764706,Yes,0.9117647058823529
52073,52073,99.00,328,59,387,0.8475452196382429,0.1524547803617571,Yes,0.8475452196382429
52074,52074,99.00,32,1,33,0.9696969696969697,0.030303030303030304,Yes,0.9696969696969697
52075,52075,99.00,394,52,446,0.8834080717488789,0.11659192825112108,Yes,0.8834080717488789
52076,52076,99.00,81,9,90,0.9,0.1,Yes,0.9
52077,52077,99.00,11,2,13,0.8461538461538461,0.15384615384615385,Yes,0.8461538461538461
52078,52078,99.00,269,33,302,0.890728476821192,0.10927152317880795,Yes,0.890728476821192
52079,52079,99.00,6,1,7,0.8571428571428571,0.14285714285714285,Yes,0.8571428571428571
52080,52080,99.00,12,2,14,0.8571428571428571,0.14285714285714285,Yes,0.8571428571428571
52081,52081,99.00,270,34,304,0.8881578947368421,0.1118421052631579,Yes,0.8881578947368421
52082,52082,99.00,360,41,401,0.8977556109725686,0.10224438902743142,Yes,0.8977556109725686
52083,52083,99.00,49,6,55,0.8909090909090909,0.10909090909090909,Yes,0.8909090909090909
52084,52084,99.00,365,53,418,0.8732057416267942,0.12679425837320574,Yes,0.8732057416267942
52085,52085,99.00,367,40,407,0.9017199017199017,0.09828009828009827,Yes,0.9017199017199017
52086,52086,99.00,32,5,37,0.8648648648648649,0.13513513513513514,Yes,0.8648648648648649
52087,52087,99.00,496,52,548,0.9051094890510949,0.0948905109489051,Yes,0.9051094890510949
52088,52088,99.00,22,1,23,0.9565217391304348,0.043478260869565216,Yes,0.9565217391304348
52089,52089,99.00,393,51,444,0.8851351351351351,0.11486486486486487,Yes,0.8851351351351351
52090,52090,99.00,252,33,285,0.8842105263157894,0.11578947368421053,Yes,0.8842105263157894
52091,52091,99.00,11,1,12,0.9166666666666666,0.08333333333333333,Yes,0.9166666666666666
52092,52092,99.00,452,48,500,0.904,0.096,Yes,0.904
52093,52093,99.00,31,0,31,1.0,0.0,Yes,1.0
52094,52094,99.00,22,1,23,0.9565217391304348,0.043478260869565216,Yes,0.9565217391304348
52095,52095,0.00,1,0,1,1.0,0.0,Yes,1.0
52096,52096,99.00,207,36,243,0.8518518518518519,0.14814814814814814,Yes,0.8518518518518519
52097,52097,99.00,246,42,288,0.8541666666666666,0.14583333333333334,Yes,0.8541666666666666
52098,52098,99.00,394,75,469,0.8400852878464818,0.15991471215351813,Yes,0.8400852878464818
52099,52099,99.00,282,44,326,0.8650306748466258,0.13496932515337423,Yes,0.8650306748466258
52100,52100,99.00,330,61,391,0.8439897698209718,0.15601023017902813,Yes,0.8439897698209718
52101,52101,99.00,24,2,26,0.9230769230769231,0.07692307692307693,Yes,0.9230769230769231
52102,52102,99.00,227,49,276,0.822463768115942,0.17753623188405798,Yes,0.822463768115942
52103,52103,99.00,249,36,285,0.8736842105263158,0.12631578947368421,Yes,0.8736842105263158
52104,52104,99.00,13,1,14,0.9285714285714286,0.07142857142857142,Yes,0.9285714285714286
52105,52105,99.00,304,43,347,0.8760806916426513,0.1239193083573487,Yes,0.8760806916426513
52106,52106,99.00,11,0,11,1.0,0.0,Yes,1.0
52107,52107,99.00,340,31,371,0.9164420485175202,0.08355795148247978,Yes,0.9164420485175202
52108,52108,99.00,18,0,18,1.0,0.0,Yes,1.0
52109,52109,99.00,4,0,4,1.0,0.0,Yes,1.0
52110,52110,80.00,10,2,12,0.8333333333333334,0.16666666666666666,Yes,0.8333333333333334
52111,52111,99.00,10,2,12,0.8333333333333334,0.16666666666666666,Yes,0.8333333333333334
52112,52112,99.00,332,34,366,0.907103825136612,0.09289617486338798,Yes,0.907103825136612
52113,52113,99.00,264,27,291,0.9072164948453608,0.09278350515463918,Yes,0.9072164948453608
52114,52114,99.00,14,1,15,0.9333333333333333,0.06666666666666667,Yes,0.9333333333333333
52115,52115,18.75,41,9,50,0.82,0.18,Yes,0.82
52116,52116,99.00,435,53,488,0.8913934426229508,0.10860655737704918,Yes,0.8913934426229508
52117,52117,99.00,38,2,40,0.95,0.05,Yes,0.95
52118,52118,99.00,0,0,0,0,0,n/a,0
52119,52119,99.00,0,0,0,0,0,n/a,0
52120,52120,99.00,0,0,0,0,0,n/a,0
52121,52121,99.00,0,0,0,0,0,n/a,0
52122,52122,99.00,0,0,0,0,0,n/a,0
52123,52123,99.00,0,0,0,0,0,n/a,0
52124,52124,99.00,0,0,0,0,0,n/a,0
52125,52125,99.00,0,0,0,0,0,n/a,0
52126,52126,99.00,0,0,0,0,0,n/a,0
53001,53001,99.00,0,1,1,0.0,1.0,No,1.0
53002,53002,99.00,119,11,130,0.9153846153846154,0.08461538461538462,Yes,0.9153846153846154
53003,53003,99.00,78,16,94,0.8297872340425532,0.1702127659574468,Yes,0.8297872340425532
53004,53004,99.00,120,11,131,0.916030534351145,0.08396946564885496,Yes,0.916030534351145
53005,53005,99.00,118,18,136,0.8676470588235294,0.1323529411764706,Yes,0.8676470588235294
53006,53006,99.00,2,0,2,1.0,0.0,Yes,1.0
53007,53007,99.00,156,21,177,0.8813559322033898,0.11864406779661017,Yes,0.8813559322033898
53008,53008,99.00,156,26,182,0.8571428571428571,0.14285714285714285,Yes,0.8571428571428571
53009,53009,99.00,103,7,110,0.9363636363636364,0.06363636363636363,Yes,0.9363636363636364
53010,53010,99.00,0,0,0,0,0,n/a,0
53011,53011,99.00,2,1,3,0.6666666666666666,0.3333333333333333,Yes,0.6666666666666666
53012,53012,99.00,122,18,140,0.8714285714285714,0.12857142857142856,Yes,0.8714285714285714
53013,53013,99.00,126,40,166,0.7590361445783133,0.24096385542168675,Yes,0.7590361445783133
53014,53014,99.00,0,0,0,0,0,n/a,0
53015,53015,99.00,4,1,5,0.8,0.2,Yes,0.8
53016,53016,30.00,138,12,150,0.92,0.08,Yes,0.92
53017,53017,30.00,9,2,11,0.8181818181818182,0.18181818181818182,Yes,0.8181818181818182
53018,53018,99.00,131,20,151,0.8675496688741722,0.13245033112582782,Yes,0.8675496688741722
53019,53019,99.00,5,0,5,1.0,0.0,Yes,1.0
53020,53020,99.00,148,20,168,0.8809523809523809,0.11904761904761904,Yes,0.8809523809523809
53021,53021,99.00,81,25,106,0.7641509433962265,0.2358490566037736,Yes,0.7641509433962265
53022,53022,30.00,143,16,159,0.89937106918239,0.10062893081761007,Yes,0.89937106918239
53023,53023,99.00,184,45,229,0.8034934497816594,0.1965065502183406,Yes,0.8034934497816594
53024,53024,99.00,3,0,3,1.0,0.0,Yes,1.0
53025,53025,99.00,147,54,201,0.7313432835820896,0.26865671641791045,Yes,0.7313432835820896
53026,53026,99.00,3,0,3,1.0,0.0,Yes,1.0
53027,53027,99.00,124,12,136,0.9117647058823529,0.08823529411764706,Yes,0.9117647058823529
53028,53028,99.00,121,11,132,0.9166666666666666,0.08333333333333333,Yes,0.9166666666666666
53029,53029,99.00,79,29,108,0.7314814814814815,0.26851851851851855,Yes,0.7314814814814815
53030,53030,30.00,250,28,278,0.8992805755395683,0.10071942446043165,Yes,0.8992805755395683
53031,53031,99.00,6,2,8,0.75,0.25,Yes,0.75
53032,53032,99.00,174,37,211,0.8246445497630331,0.17535545023696683,Yes,0.8246445497630331
53033,53033,99.00,264,34,298,0.8859060402684564,0.11409395973154363,Yes,0.8859060402684564
53034,53034,99.00,263,34,297,0.8855218855218855,0.11447811447811448,Yes,0.8855218855218855
53035,53035,99.00,6,0,6,1.0,0.0,Yes,1.0
53036,53036,99.00,255,40,295,0.864406779661017,0.13559322033898305,Yes,0.864406779661017
53037,53037,99.00,7,0,7,1.0,0.0,Yes,1.0
53038,53038,99.00,4,0,4,1.0,0.0,Yes,1.0
53039,53039,99.00,183,19,202,0.905940594059406,0.09405940594059406,Yes,0.905940594059406
53040,53040,99.00,1,3,4,0.25,0.75,No,0.75
53041,53041,99.00,41,7,48,0.8541666666666666,0.14583333333333334,Yes,0.8541666666666666
53042,53042,99.00,51,9,60,0.85,0.15,Yes,0.85
53043,53043,99.00,50,15,65,0.7692307692307693,0.23076923076923078,Yes,0.7692307692307693
53044,53044,99.00,111,12,123,0.9024390243902439,0.0975609756097561,Yes,0.9024390243902439
53045,53045,99.00,128,31,159,0.8050314465408805,0.1949685534591195,Yes,0.8050314465408805
53046,53046,99.00,134,21,155,0.864516129032258,0.13548387096774195,Yes,0.864516129032258
53047,53047,99.00,123,11,134,0.917910447761194,0.08208955223880597,Yes,0.917910447761194
53048,53048,99.00,120,8,128,0.9375,0.0625,Yes,0.9375
53049,53049,99.00,6,0,6,1.0,0.0,Yes,1.0
53050,53050,99.00,109,12,121,0.9008264462809917,0.09917355371900827,Yes,0.9008264462809917
53051,53051,99.00,0,0,0,0,0,n/a,0
53052,53052,99.00,0,0,0,0,0,n/a,0
53053,53053,99.00,2,0,2,1.0,0.0,Yes,1.0
53054,53054,99.00,135,9,144,0.9375,0.0625,Yes,0.9375
53055,53055,99.00,91,12,103,0.883495145631068,0.11650485436893204,Yes,0.883495145631068
53056,53056,99.00,98,15,113,0.8672566371681416,0.13274336283185842,Yes,0.8672566371681416
53057,53057,99.00,115,13,128,0.8984375,0.1015625,Yes,0.8984375
53058,53058,99.00,105,11,116,0.9051724137931034,0.09482758620689655,Yes,0.9051724137931034
53059,53059,99.00,126,18,144,0.875,0.125,Yes,0.875
53060,53060,99.00,146,35,181,0.8066298342541437,0.19337016574585636,Yes,0.8066298342541437
53061,53061,99.00,115,20,135,0.8518518518518519,0.14814814814814814,Yes,0.8518518518518519
53062,53062,99.00,0,0,0,0,0,n/a,0
53063,53063,99.00,131,25,156,0.8397435897435898,0.16025641025641027,Yes,0.8397435897435898
53064,53064,99.00,74,22,96,0.7708333333333334,0.22916666666666666,Yes,0.7708333333333334
53065,53065,99.00,235,31,266,0.8834586466165414,0.11654135338345864,Yes,0.8834586466165414
53066,53066,99.00,209,29,238,0.8781512605042017,0.12184873949579832,Yes,0.8781512605042017
53067,53067,99.00,124,22,146,0.8493150684931506,0.1506849315068493,Yes,0.8493150684931506
53068,53068,99.00,5,0,5,1.0,0.0,Yes,1.0
53069,53069,99.00,100,17,117,0.8547008547008547,0.1452991452991453,Yes,0.8547008547008547
53070,53070,37.50,110,16,126,0.873015873015873,0.12698412698412698,Yes,0.873015873015873
53071,53071,99.00,3,0,3,1.0,0.0,Yes,1.0
53072,53072,99.00,104,9,113,0.9203539823008849,0.07964601769911504,Yes,0.9203539823008849
53073,53073,99.00,2,0,2,1.0,0.0,Yes,1.0
53074,53074,99.00,140,24,164,0.8536585365853658,0.14634146341463414,Yes,0.8536585365853658
53075,53075,99.00,2,0,2,1.0,0.0,Yes,1.0
53076,53076,99.00,218,23,241,0.9045643153526971,0.0954356846473029,Yes,0.9045643153526971
53077,53077,99.00,114,20,134,0.8507462686567164,0.14925373134328357,Yes,0.8507462686567164
53078,53078,99.00,13,18,31,0.41935483870967744,0.5806451612903226,No,0.5806451612903226
53079,53079,99.00,3,2,5,0.6,0.4,Yes,0.6
53080,53080,44.44,111,14,125,0.888,0.112,Yes,0.888
53081,53081,99.00,0,0,0,0,0,n/a,0
53082,53082,99.00,120,12,132,0.9090909090909091,0.09090909090909091,Yes,0.9090909090909091
53083,53083,99.00,2,0,2,1.0,0.0,Yes,1.0
53084,53084,99.00,2,0,2,1.0,0.0,Yes,1.0
53085,53085,99.00,6,3,9,0.6666666666666666,0.3333333333333333,Yes,0.6666666666666666
53086,53086,99.00,92,30,122,0.7540983606557377,0.2459016393442623,Yes,0.7540983606557377
53087,53087,99.00,99,24,123,0.8048780487804879,0.1951219512195122,Yes,0.8048780487804879
53088,53088,99.00,108,15,123,0.8780487804878049,0.12195121951219512,Yes,0.8780487804878049
53089,53089,99.00,0,0,0,0,0,n/a,0
54001,54001,99.00,3,0,3,1.0,0.0,Yes,1.0
54002,54002,99.00,105,16,121,0.8677685950413223,0.1322314049586777,Yes,0.8677685950413223
54003,54003,99.00,71,18,89,0.797752808988764,0.20224719101123595,Yes,0.797752808988764
54004,54004,99.00,36,8,44,0.8181818181818182,0.18181818181818182,Yes,0.8181818181818182
54005,54005,99.00,2,0,2,1.0,0.0,Yes,1.0
54006,54006,99.00,0,0,0,0,0,n/a,0
54007,54007,99.00,4,1,5,0.8,0.2,Yes,0.8
54008,54008,99.00,156,19,175,0.8914285714285715,0.10857142857142857,Yes,0.8914285714285715
54009,54009,99.00,3,2,5,0.6,0.4,Yes,0.6
54010,54010,99.00,195,30,225,0.8666666666666667,0.13333333333333333,Yes,0.8666666666666667
54011,54011,99.00,77,26,103,0.7475728155339806,0.2524271844660194,Yes,0.7475728155339806
54012,54012,99.00,136,13,149,0.912751677852349,0.087248322147651,Yes,0.912751677852349
54013,54013,99.00,5,0,5,1.0,0.0,Yes,1.0
54014,54014,99.00,14,2,16,0.875,0.125,Yes,0.875
54015,54015,99.00,58,11,69,0.8405797101449275,0.15942028985507245,Yes,0.8405797101449275
54016,54016,99.00,1,0,1,1.0,0.0,Yes,1.0
54017,54017,99.00,1,0,1,1.0,0.0,Yes,1.0
54018,54018,99.00,0,0,0,0,0,n/a,0
54019,54019,99.00,121,23,144,0.8402777777777778,0.1597222222222222,Yes,0.8402777777777778
54020,54020,99.00,112,9,121,0.9256198347107438,0.0743801652892562,Yes,0.9256198347107438
54021,54021,50.00,4,0,4,1.0,0.0,Yes,1.0
54022,54022,99.00,172,33,205,0.8390243902439024,0.16097560975609757,Yes,0.8390243902439024
54023,54023,99.00,85,18,103,0.8252427184466019,0.17475728155339806,Yes,0.8252427184466019
54024,54024,99.00,105,19,124,0.8467741935483871,0.1532258064516129,Yes,0.8467741935483871
54025,54025,99.00,205,24,229,0.8951965065502183,0.10480349344978165,Yes,0.8951965065502183
54026,54026,99.00,0,0,0,0,0,n/a,0
54027,54027,99.00,151,29,180,0.8388888888888889,0.16111111111111112,Yes,0.8388888888888889
54028,54028,50.00,116,20,136,0.8529411764705882,0.14705882352941177,Yes,0.8529411764705882
54029,54029,99.00,104,16,120,0.8666666666666667,0.13333333333333333,Yes,0.8666666666666667
54030,54030,37.50,75,16,91,0.8241758241758241,0.17582417582417584,Yes,0.8241758241758241
54031,54031,37.50,123,23,146,0.8424657534246576,0.15753424657534246,Yes,0.8424657534246576
54032,54032,37.50,6,4,10,0.6,0.4,Yes,0.6
54033,54033,99.00,170,29,199,0.8542713567839196,0.1457286432160804,Yes,0.8542713567839196
54034,54034,99.00,2,0,2,1.0,0.0,Yes,1.0
54035,54035,99.00,6,0,6,1.0,0.0,Yes,1.0
54036,54036,99.00,6,3,9,0.6666666666666666,0.3333333333333333,Yes,0.6666666666666666
54037,54037,99.00,155,26,181,0.856353591160221,0.143646408839779,Yes,0.856353591160221
54038,54038,99.00,0,0,0,0,0,n/a,0
54039,54039,99.00,141,26,167,0.844311377245509,0.15568862275449102,Yes,0.844311377245509
54040,54040,99.00,2,0,2,1.0,0.0,Yes,1.0
54041,54041,99.00,116,28,144,0.8055555555555556,0.19444444444444445,Yes,0.8055555555555556
54042,54042,99.00,0,0,0,0,0,n/a,0
54043,54043,99.00,71,32,103,0.6893203883495146,0.3106796116504854,Yes,0.6893203883495146
54044,54044,99.00,96,26,122,0.7868852459016393,0.21311475409836064,Yes,0.7868852459016393
54045,54045,99.00,1,2,3,0.3333333333333333,0.6666666666666666,No,0.6666666666666666
54046,54046,99.00,67,8,75,0.8933333333333333,0.10666666666666667,Yes,0.8933333333333333
54047,54047,66.67,88,20,108,0.8148148148148148,0.18518518518518517,Yes,0.8148148148148148
54048,54048,66.67,56,13,69,0.8115942028985508,0.18840579710144928,Yes,0.8115942028985508
54049,54049,99.00,87,14,101,0.8613861386138614,0.13861386138613863,Yes,0.8613861386138614
54050,54050,99.00,85,22,107,0.794392523364486,0.205607476635514,Yes,0.794392523364486
54051,54051,99.00,50,23,73,0.684931506849315,0.3150684931506849,Yes,0.684931506849315
54052,54052,99.00,1,0,1,1.0,0.0,Yes,1.0
54053,54053,66.67,0,0,0,0,0,n/a,0
54054,54054,99.00,0,0,0,0,0,n/a,0
54055,54055,99.00,1,1,2,0.5,0.5,Tie,0.5
54056,54056,99.00,1,1,2,0.5,0.5,Tie,0.5
54057,54057,99.00,108,21,129,0.8372093023255814,0.16279069767441862,Yes,0.8372093023255814
54058,54058,99.00,101,17,118,0.8559322033898306,0.1440677966101695,Yes,0.8559322033898306
54059,54059,99.00,75,24,99,0.7575757575757576,0.24242424242424243,Yes,0.7575757575757576
54060,54060,99.00,236,41,277,0.851985559566787,0.148014440433213,Yes,0.851985559566787
54061,54061,99.00,143,24,167,0.8562874251497006,0.1437125748502994,Yes,0.8562874251497006
54062,54062,99.00,3,0,3,1.0,0.0,Yes,1.0
54063,54063,99.00,178,20,198,0.898989898989899,0.10101010101010101,Yes,0.898989898989899
54064,54064,99.00,4,3,7,0.5714285714285714,0.42857142857142855,Yes,0.5714285714285714
54065,54065,99.00,1,2,3,0.3333333333333333,0.6666666666666666,No,0.6666666666666666
54066,54066,99.00,74,21,95,0.7789473684210526,0.22105263157894736,Yes,0.7789473684210526
54067,54067,99.00,102,18,120,0.85,0.15,Yes,0.85
54068,54068,99.00,77,15,92,0.8369565217391305,0.16304347826086957,Yes,0.8369565217391305
54069,54069,99.00,90,20,110,0.8181818181818182,0.18181818181818182,Yes,0.8181818181818182
54070,54070,99.00,81,21,102,0.7941176470588235,0.20588235294117646,Yes,0.7941176470588235
54071,54071,99.00,1,0,1,1.0,0.0,Yes,1.0
54072,54072,99.00,0,0,0,0,0,n/a,0
54073,54073,99.00,5,3,8,0.625,0.375,Yes,0.625
54074,54074,99.00,5,3,8,0.625,0.375,Yes,0.625
54075,54075,99.00,1,0,1,1.0,0.0,Yes,1.0
54076,54076,99.00,70,17,87,0.8045977011494253,0.19540229885057472,Yes,0.8045977011494253
54077,54077,99.00,1,0,1,1.0,0.0,Yes,1.0
54078,54078,99.00,0,0,0,0,0,n/a,0
54079,54079,99.00,0,0,0,0,0,n/a,0
54080,54080,99.00,71,13,84,0.8452380952380952,0.15476190476190477,Yes,0.8452380952380952
54081,54081,99.00,82,31,113,0.7256637168141593,0.2743362831858407,Yes,0.7256637168141593
54082,54082,99.00,0,0,0,0,0,n/a,0
54083,54083,99.00,108,28,136,0.7941176470588235,0.20588235294117646,Yes,0.7941176470588235
54084,54084,99.00,3,0,3,1.0,0.0,Yes,1.0
54085,54085,99.00,109,28,137,0.7956204379562044,0.20437956204379562,Yes,0.7956204379562044
54086,54086,99.00,120,11,131,0.916030534351145,0.08396946564885496,Yes,0.916030534351145
54087,54087,99.00,0,0,0,0,0,n/a,0
54088,54088,99.00,1,0,1,1.0,0.0,Yes,1.0
54089,54089,99.00,143,24,167,0.8562874251497006,0.1437125748502994,Yes,0.8562874251497006
55001,55001,99.00,0,0,0,0,0,n/a,0
55002,55002,99.00,107,15,122,0.8770491803278688,0.12295081967213115,Yes,0.8770491803278688
55003,55003,99.00,1,0,1,1.0,0.0,Yes,1.0
55004,55004,99.00,8,2,10,0.8,0.2,Yes,0.8
55005,55005,99.00,2,0,2,1.0,0.0,Yes,1.0
55006,55006,50.00,0,0,0,0,0,n/a,0
55007,55007,99.00,80,20,100,0.8,0.2,Yes,0.8
55008,55008,99.00,0,0,0,0,0,n/a,0
55009,55009,99.00,192,39,231,0.8311688311688312,0.16883116883116883,Yes,0.8311688311688312
55010,55010,99.00,175,46,221,0.7918552036199095,0.2081447963800905,Yes,0.7918552036199095
55011,55011,50.00,66,17,83,0.7951807228915663,0.20481927710843373,Yes,0.7951807228915663
55012,55012,50.00,51,13,64,0.796875,0.203125,Yes,0.796875
55013,55013,99.00,3,0,3,1.0,0.0,Yes,1.0
55014,55014,99.00,102,17,119,0.8571428571428571,0.14285714285714285,Yes,0.8571428571428571
55015,55015,99.00,160,33,193,0.8290155440414507,0.17098445595854922,Yes,0.8290155440414507
55016,55016,99.00,139,24,163,0.852760736196319,0.147239263803681,Yes,0.852760736196319
55017,55017,99.00,1,0,1,1.0,0.0,Yes,1.0
55018,55018,99.00,143,35,178,0.8033707865168539,0.19662921348314608,Yes,0.8033707865168539
55019,55019,99.00,141,42,183,0.7704918032786885,0.22950819672131148,Yes,0.7704918032786885
55020,55020,99.00,234,34,268,0.8731343283582089,0.12686567164179105,Yes,0.8731343283582089
55021,55021,99.00,76,23,99,0.7676767676767676,0.23232323232323232,Yes,0.7676767676767676
55022,55022,99.00,3,1,4,0.75,0.25,Yes,0.75
55023,55023,99.00,189,54,243,0.7777777777777778,0.2222222222222222,Yes,0.7777777777777778
55024,55024,99.00,104,16,120,0.8666666666666667,0.13333333333333333,Yes,0.8666666666666667
55025,55025,99.00,115,30,145,0.7931034482758621,0.20689655172413793,Yes,0.7931034482758621
55026,55026,99.00,0,1,1,0.0,1.0,No,1.0
55027,55027,99.00,88,24,112,0.7857142857142857,0.21428571428571427,Yes,0.7857142857142857
55028,55028,99.00,2,1,3,0.6666666666666666,0.3333333333333333,Yes,0.6666666666666666
55029,55029,99.00,0,0,0,0,0,n/a,0
55030,55030,99.00,4,1,5,0.8,0.2,Yes,0.8
55031,55031,99.00,146,27,173,0.8439306358381503,0.15606936416184972,Yes,0.8439306358381503
55032,55032,99.00,185,42,227,0.8149779735682819,0.18502202643171806,Yes,0.8149779735682819
55033,55033,99.00,202,56,258,0.7829457364341085,0.21705426356589147,Yes,0.7829457364341085
55034,55034,99.00,3,0,3,1.0,0.0,Yes,1.0
55035,55035,99.00,44,5,49,0.8979591836734694,0.10204081632653061,Yes,0.8979591836734694
55036,55036,99.00,0,0,0,0,0,n/a,0
55037,55037,99.00,10,2,12,0.8333333333333334,0.16666666666666666,Yes,0.8333333333333334
55038,55038,99.00,56,21,77,0.7272727272727273,0.2727272727272727,Yes,0.7272727272727273
55039,55039,99.00,0,0,0,0,0,n/a,0
55040,55040,99.00,0,0,0,0,0,n/a,0
55041,55041,99.00,33,14,47,0.7021276595744681,0.2978723404255319,Yes,0.7021276595744681
55042,55042,99.00,0,1,1,0.0,1.0,No,1.0
55043,55043,99.00,0,0,0,0,0,n/a,0
55044,55044,99.00,0,0,0,0,0,n/a,0
55045,55045,99.00,41,7,48,0.8541666666666666,0.14583333333333334,Yes,0.8541666666666666
55046,55046,99.00,124,22,146,0.8493150684931506,0.1506849315068493,Yes,0.8493150684931506
55047,55047,99.00,56,7,63,0.8888888888888888,0.1111111111111111,Yes,0.8888888888888888
55048,55048,99.00,86,15,101,0.8514851485148515,0.1485148514851485,Yes,0.8514851485148515
55049,55049,99.00,59,17,76,0.7763157894736842,0.2236842105263158,Yes,0.7763157894736842
55050,55050,99.00,15,9,24,0.625,0.375,Yes,0.625
55051,55051,99.00,0,0,0,0,0,n/a,0
55052,55052,99.00,41,6,47,0.8723404255319149,0.1276595744680851,Yes,0.8723404255319149
55053,55053,99.00,0,0,0,0,0,n/a,0
55054,55054,99.00,0,0,0,0,0,n/a,0
55055,55055,99.00,92,26,118,0.7796610169491526,0.22033898305084745,Yes,0.7796610169491526
55056,55056,99.00,0,0,0,0,0,n/a,0
55057,55057,99.00,55,14,69,0.7971014492753623,0.2028985507246377,Yes,0.7971014492753623
55058,55058,99.00,6,1,7,0.8571428571428571,0.14285714285714285,Yes,0.8571428571428571
55059,55059,99.00,0,0,0,0,0,n/a,0
55060,55060,99.00,1,1,2,0.5,0.5,Tie,0.5
55061,55061,99.00,0,0,0,0,0,n/a,0
55062,55062,99.00,4,1,5,0.8,0.2,Yes,0.8
55063,55063,99.00,5,0,5,1.0,0.0,Yes,1.0
55064,55064,99.00,173,13,186,0.9301075268817204,0.06989247311827956,Yes,0.9301075268817204
55065,55065,44.44,117,22,139,0.841726618705036,0.15827338129496402,Yes,0.841726618705036
55066,55066,99.00,65,14,79,0.8227848101265823,0.17721518987341772,Yes,0.8227848101265823
55067,55067,99.00,95,26,121,0.7851239669421488,0.21487603305785125,Yes,0.7851239669421488
55068,55068,44.44,5,2,7,0.7142857142857143,0.2857142857142857,Yes,0.7142857142857143
55069,55069,44.44,142,25,167,0.8502994011976048,0.1497005988023952,Yes,0.8502994011976048
55070,55070,44.44,0,0,0,0,0,n/a,0
55071,55071,99.00,94,23,117,0.8034188034188035,0.19658119658119658,Yes,0.8034188034188035
55072,55072,99.00,3,2,5,0.6,0.4,Yes,0.6
55073,55073,99.00,0,0,0,0,0,n/a,0
55074,55074,99.00,81,17,98,0.826530612244898,0.17346938775510204,Yes,0.826530612244898
55075,55075,99.00,123,25,148,0.831081081081081,0.16891891891891891,Yes,0.831081081081081
55076,55076,99.00,130,13,143,0.9090909090909091,0.09090909090909091,Yes,0.9090909090909091
55077,55077,99.00,1,0,1,1.0,0.0,Yes,1.0
55078,55078,44.44,145,37,182,0.7967032967032966,0.2032967032967033,Yes,0.7967032967032966
55079,55079,99.00,131,22,153,0.8562091503267973,0.1437908496732026,Yes,0.8562091503267973
55080,55080,99.00,152,31,183,0.8306010928961749,0.16939890710382513,Yes,0.8306010928961749
55081,55081,99.00,78,20,98,0.7959183673469388,0.20408163265306123,Yes,0.7959183673469388
55082,55082,99.00,142,36,178,0.797752808988764,0.20224719101123595,Yes,0.797752808988764
55083,55083,99.00,127,22,149,0.8523489932885906,0.1476510067114094,Yes,0.8523489932885906
55084,55084,99.00,96,19,115,0.8347826086956521,0.16521739130434782,Yes,0.8347826086956521
55085,55085,99.00,1,1,2,0.5,0.5,Tie,0.5
55086,55086,99.00,2,0,2,1.0,0.0,Yes,1.0
55087,55087,99.00,0,0,0,0,0,n/a,0
55088,55088,99.00,199,37,236,0.8432203389830508,0.15677966101694915,Yes,0.8432203389830508
55089,55089,99.00,170,42,212,0.8018867924528302,0.19811320754716982,Yes,0.8018867924528302
55090,55090,99.00,6,0,6,1.0,0.0,Yes,1.0
55091,55091,99.00,3,0,3,1.0,0.0,Yes,1.0
55092,55092,99.00,170,39,209,0.8133971291866029,0.18660287081339713,Yes,0.8133971291866029
55093,55093,99.00,202,43,245,0.8244897959183674,0.17551020408163265,Yes,0.8244897959183674
55094,55094,99.00,95,15,110,0.8636363636363636,0.13636363636363635,Yes,0.8636363636363636
55095,55095,99.00,34,4,38,0.8947368421052632,0.10526315789473684,Yes,0.8947368421052632
55096,55096,99.00,108,20,128,0.84375,0.15625,Yes,0.84375
55097,55097,99.00,3,0,3,1.0,0.0,Yes,1.0
55098,55098,99.00,0,0,0,0,0,n/a,0
55099,55099,99.00,129,18,147,0.8775510204081632,0.12244897959183673,Yes,0.8775510204081632
55100,55100,99.00,3,0,3,1.0,0.0,Yes,1.0
55101,55101,99.00,5,0,5,1.0,0.0,Yes,1.0
55102,55102,99.00,154,32,186,0.8279569892473119,0.17204301075268819,Yes,0.8279569892473119
55103,55103,99.00,7,0,7,1.0,0.0,Yes,1.0
55104,55104,99.00,2,1,3,0.6666666666666666,0.3333333333333333,Yes,0.6666666666666666
55105,55105,99.00,2,1,3,0.6666666666666666,0.3333333333333333,Yes,0.6666666666666666
55106,55106,99.00,129,32,161,0.8012422360248447,0.19875776397515527,Yes,0.8012422360248447
55107,55107,99.00,136,37,173,0.7861271676300579,0.2138728323699422,Yes,0.7861271676300579
55108,55108,99.00,143,35,178,0.8033707865168539,0.19662921348314608,Yes,0.8033707865168539
55109,55109,99.00,2,0,2,1.0,0.0,Yes,1.0
55110,55110,44.44,6,1,7,0.8571428571428571,0.14285714285714285,Yes,0.8571428571428571
55111,55111,99.00,0,0,0,0,0,n/a,0
55112,55112,99.00,0,0,0,0,0,n/a,0
55113,55113,99.00,0,0,0,0,0,n/a,0
56001,56001,44.44,78,37,115,0.6782608695652174,0.3217391304347826,Yes,0.6782608695652174
56002,56002,44.44,57,15,72,0.7916666666666666,0.20833333333333334,Yes,0.7916666666666666
56003,56003,99.00,59,5,64,0.921875,0.078125,Yes,0.921875
56004,56004,44.44,5,4,9,0.5555555555555556,0.4444444444444444,Yes,0.5555555555555556
56005,56005,99.00,1,2,3,0.3333333333333333,0.6666666666666666,No,0.6666666666666666
56006,56006,44.44,91,25,116,0.7844827586206896,0.21551724137931033,Yes,0.7844827586206896
56007,56007,99.00,7,0,7,1.0,0.0,Yes,1.0
56008,56008,99.00,50,22,72,0.6944444444444444,0.3055555555555556,Yes,0.6944444444444444
56009,56009,99.00,50,21,71,0.704225352112676,0.29577464788732394,Yes,0.704225352112676
56010,56010,99.00,82,31,113,0.7256637168141593,0.2743362831858407,Yes,0.7256637168141593
56011,56011,99.00,133,18,151,0.8807947019867549,0.11920529801324503,Yes,0.8807947019867549
56012,56012,99.00,12,2,14,0.8571428571428571,0.14285714285714285,Yes,0.8571428571428571
56013,56013,99.00,244,48,292,0.8356164383561644,0.1643835616438356,Yes,0.8356164383561644
56014,56014,99.00,122,34,156,0.782051282051282,0.21794871794871795,Yes,0.782051282051282
56015,56015,80.00,144,40,184,0.782608695652174,0.21739130434782608,Yes,0.782608695652174
56016,56016,80.00,132,27,159,0.8301886792452831,0.16981132075471697,Yes,0.8301886792452831
56017,56017,99.00,100,17,117,0.8547008547008547,0.1452991452991453,Yes,0.8547008547008547
56018,56018,99.00,14,4,18,0.7777777777777778,0.2222222222222222,Yes,0.7777777777777778
56019,56019,99.00,215,65,280,0.7678571428571429,0.23214285714285715,Yes,0.7678571428571429
56020,56020,99.00,1,0,1,1.0,0.0,Yes,1.0
56021,56021,99.00,192,40,232,0.8275862068965517,0.1724137931034483,Yes,0.8275862068965517
56022,56022,99.00,221,65,286,0.7727272727272727,0.22727272727272727,Yes,0.7727272727272727
56023,56023,99.00,147,36,183,0.8032786885245902,0.19672131147540983,Yes,0.8032786885245902
56024,56024,99.00,150,25,175,0.8571428571428571,0.14285714285714285,Yes,0.8571428571428571
56025,56025,99.00,156,26,182,0.8571428571428571,0.14285714285714285,Yes,0.8571428571428571
56026,56026,99.00,227,41,268,0.8470149253731343,0.15298507462686567,Yes,0.8470149253731343
56027,56027,66.67,94,19,113,0.831858407079646,0.168141592920354,Yes,0.831858407079646
56028,56028,66.67,92,31,123,0.7479674796747967,0.25203252032520324,Yes,0.7479674796747967
56029,56029,99.00,165,65,230,0.717391304347826,0.2826086956521739,Yes,0.717391304347826
56030,56030,99.00,101,26,127,0.7952755905511811,0.2047244094488189,Yes,0.7952755905511811
56031,56031,99.00,219,46,265,0.8264150943396227,0.17358490566037735,Yes,0.8264150943396227
56032,56032,99.00,178,29,207,0.8599033816425121,0.14009661835748793,Yes,0.8599033816425121
56033,56033,99.00,148,61,209,0.7081339712918661,0.291866028708134,Yes,0.7081339712918661
56034,56034,99.00,11,1,12,0.9166666666666666,0.08333333333333333,Yes,0.9166666666666666
56035,56035,66.67,94,18,112,0.8392857142857143,0.16071428571428573,Yes,0.8392857142857143
56036,56036,99.00,130,33,163,0.7975460122699386,0.20245398773006135,Yes,0.7975460122699386
56037,56037,99.00,277,61,338,0.8195266272189349,0.1804733727810651,Yes,0.8195266272189349
56038,56038,99.00,192,45,237,0.810126582278481,0.189873417721519,Yes,0.810126582278481
56039,56039,99.00,5,0,5,1.0,0.0,Yes,1.0
56040,56040,99.00,140,37,177,0.7909604519774012,0.20903954802259886,Yes,0.7909604519774012
56041,56041,99.00,169,40,209,0.8086124401913876,0.19138755980861244,Yes,0.8086124401913876
56042,56042,99.00,167,43,210,0.7952380952380952,0.20476190476190476,Yes,0.7952380952380952
56043,56043,99.00,6,2,8,0.75,0.25,Yes,0.75
56044,56044,99.00,256,68,324,0.7901234567901234,0.20987654320987653,Yes,0.7901234567901234
56045,56045,99.00,165,38,203,0.812807881773399,0.18719211822660098,Yes,0.812807881773399
56046,56046,99.00,11,1,12,0.9166666666666666,0.08333333333333333,Yes,0.9166666666666666
56047,56047,99.00,10,0,10,1.0,0.0,Yes,1.0
56048,56048,99.00,258,76,334,0.7724550898203593,0.2275449101796407,Yes,0.7724550898203593
56049,56049,99.00,310,78,388,0.7989690721649485,0.20103092783505155,Yes,0.7989690721649485
56050,56050,99.00,8,1,9,0.8888888888888888,0.1111111111111111,Yes,0.8888888888888888
56051,56051,99.00,7,2,9,0.7777777777777778,0.2222222222222222,Yes,0.7777777777777778
56052,56052,99.00,143,42,185,0.772972972972973,0.22702702702702704,Yes,0.772972972972973
56053,56053,99.00,195,36,231,0.8441558441558441,0.15584415584415584,Yes,0.8441558441558441
56054,56054,99.00,266,53,319,0.8338557993730408,0.16614420062695925,Yes,0.8338557993730408
56055,56055,66.67,274,53,327,0.8379204892966361,0.1620795107033639,Yes,0.8379204892966361
56056,56056,66.67,2,2,4,0.5,0.5,Tie,0.5
56057,56057,99.00,157,44,201,0.7810945273631841,0.21890547263681592,Yes,0.7810945273631841
56058,56058,99.00,10,3,13,0.7692307692307693,0.23076923076923078,Yes,0.7692307692307693
56059,56059,0.00,5,2,7,0.7142857142857143,0.2857142857142857,Yes,0.7142857142857143
56060,56060,99.00,191,84,275,0.6945454545454546,0.3054545454545455,Yes,0.6945454545454546
56061,56061,99.00,7,0,7,1.0,0.0,Yes,1.0
56062,56062,99.00,73,15,88,0.8295454545454546,0.17045454545454544,Yes,0.8295454545454546
56063,56063,99.00,114,29,143,0.7972027972027972,0.20279720279720279,Yes,0.7972027972027972
56064,56064,99.00,164,32,196,0.8367346938775511,0.16326530612244897,Yes,0.8367346938775511
56065,56065,99.00,179,43,222,0.8063063063063063,0.19369369369369369,Yes,0.8063063063063063
56066,56066,99.00,3,0,3,1.0,0.0,Yes,1.0
56067,56067,99.00,4,0,4,1.0,0.0,Yes,1.0
56068,56068,99.00,11,5,16,0.6875,0.3125,Yes,0.6875
56069,56069,0.00,19,5,24,0.7916666666666666,0.20833333333333334,Yes,0.7916666666666666
56070,56070,0.00,11,1,12,0.9166666666666666,0.08333333333333333,Yes,0.9166666666666666
56071,56071,99.00,178,47,225,0.7911111111111111,0.2088888888888889,Yes,0.7911111111111111
56072,56072,99.00,181,42,223,0.8116591928251121,0.18834080717488788,Yes,0.8116591928251121
56073,56073,99.00,153,37,190,0.8052631578947368,0.19473684210526315,Yes,0.8052631578947368
56074,56074,99.00,12,1,13,0.9230769230769231,0.07692307692307693,Yes,0.9230769230769231
56075,56075,99.00,4,1,5,0.8,0.2,Yes,0.8
56076,56076,99.00,6,2,8,0.75,0.25,Yes,0.75
56077,56077,99.00,159,47,206,0.7718446601941747,0.22815533980582525,Yes,0.7718446601941747
56078,56078,99.00,188,65,253,0.7430830039525692,0.25691699604743085,Yes,0.7430830039525692
56079,56079,80.00,179,31,210,0.8523809523809524,0.14761904761904762,Yes,0.8523809523809524
56080,56080,99.00,297,96,393,0.7557251908396947,0.24427480916030533,Yes,0.7557251908396947
56081,56081,99.00,4,0,4,1.0,0.0,Yes,1.0
56082,56082,99.00,121,33,154,0.7857142857142857,0.21428571428571427,Yes,0.7857142857142857
56083,56083,0.00,1,0,1,1.0,0.0,Yes,1.0
56084,56084,99.00,7,0,7,1.0,0.0,Yes,1.0
56085,56085,99.00,166,30,196,0.8469387755102041,0.15306122448979592,Yes,0.8469387755102041
56086,56086,99.00,112,25,137,0.8175182481751825,0.18248175182481752,Yes,0.8175182481751825
56087,56087,99.00,5,1,6,0.8333333333333334,0.16666666666666666,Yes,0.8333333333333334
56088,56088,99.00,131,41,172,0.7616279069767442,0.23837209302325582,Yes,0.7616279069767442
56089,56089,99.00,6,6,12,0.5,0.5,Tie,0.5
56090,56090,99.00,288,75,363,0.7933884297520661,0.2066115702479339,Yes,0.7933884297520661
56091,56091,99.00,217,31,248,0.875,0.125,Yes,0.875
56092,56092,99.00,0,0,0,0,0,n/a,0
57001,57001,99.00,87,32,119,0.7310924369747899,0.2689075630252101,Yes,0.7310924369747899
57002,57002,99.00,82,31,113,0.7256637168141593,0.2743362831858407,Yes,0.7256637168141593
57003,57003,99.00,0,3,3,0.0,1.0,No,1.0
57004,57004,99.00,61,7,68,0.8970588235294118,0.10294117647058823,Yes,0.8970588235294118
57005,57005,99.00,1,1,2,0.5,0.5,Tie,0.5
57006,57006,99.00,59,11,70,0.8428571428571429,0.15714285714285714,Yes,0.8428571428571429
57007,57007,99.00,3,0,3,1.0,0.0,Yes,1.0
57008,57008,99.00,117,26,143,0.8181818181818182,0.18181818181818182,Yes,0.8181818181818182
57009,57009,99.00,129,19,148,0.8716216216216216,0.12837837837837837,Yes,0.8716216216216216
57010,57010,99.00,296,56,352,0.8409090909090909,0.1590909090909091,Yes,0.8409090909090909
57011,57011,99.00,187,43,230,0.8130434782608695,0.18695652173913044,Yes,0.8130434782608695
57012,57012,99.00,121,28,149,0.8120805369127517,0.18791946308724833,Yes,0.8120805369127517
57013,57013,99.00,2,1,3,0.6666666666666666,0.3333333333333333,Yes,0.6666666666666666
57014,57014,99.00,145,12,157,0.9235668789808917,0.07643312101910828,Yes,0.9235668789808917
57015,57015,99.00,13,0,13,1.0,0.0,Yes,1.0
57016,57016,99.00,267,32,299,0.8929765886287625,0.10702341137123746,Yes,0.8929765886287625
57017,57017,99.00,302,48,350,0.8628571428571429,0.13714285714285715,Yes,0.8628571428571429
57018,57018,99.00,286,59,345,0.8289855072463768,0.17101449275362318,Yes,0.8289855072463768
57019,57019,99.00,3,1,4,0.75,0.25,Yes,0.75
57020,57020,99.00,0,0,0,0,0,n/a,0
57021,57021,80.00,158,16,174,0.9080459770114943,0.09195402298850575,Yes,0.9080459770114943
57022,57022,99.00,154,23,177,0.8700564971751412,0.12994350282485875,Yes,0.8700564971751412
57023,57023,99.00,1,0,1,1.0,0.0,Yes,1.0
57024,57024,99.00,360,59,419,0.8591885441527446,0.14081145584725538,Yes,0.8591885441527446
57025,57025,99.00,303,46,349,0.8681948424068768,0.1318051575931232,Yes,0.8681948424068768
57026,57026,99.00,265,34,299,0.8862876254180602,0.11371237458193979,Yes,0.8862876254180602
57027,57027,99.00,345,34,379,0.9102902374670184,0.08970976253298153,Yes,0.9102902374670184
57028,57028,99.00,6,2,8,0.75,0.25,Yes,0.75
57029,57029,99.00,344,44,388,0.8865979381443299,0.1134020618556701,Yes,0.8865979381443299
57030,57030,99.00,175,68,243,0.720164609053498,0.27983539094650206,Yes,0.720164609053498
57031,57031,99.00,274,103,377,0.726790450928382,0.27320954907161804,Yes,0.726790450928382
57032,57032,99.00,111,34,145,0.7655172413793103,0.23448275862068965,Yes,0.7655172413793103
57033,57033,99.00,2,0,2,1.0,0.0,Yes,1.0
57034,57034,99.00,253,58,311,0.8135048231511254,0.1864951768488746,Yes,0.8135048231511254
57035,57035,99.00,215,35,250,0.86,0.14,Yes,0.86
57036,57036,80.00,195,31,226,0.8628318584070797,0.13716814159292035,Yes,0.8628318584070797
57037,57037,80.00,136,16,152,0.8947368421052632,0.10526315789473684,Yes,0.8947368421052632
57038,57038,99.00,250,25,275,0.9090909090909091,0.09090909090909091,Yes,0.9090909090909091
57039,57039,99.00,217,43,260,0.8346153846153846,0.16538461538461538,Yes,0.8346153846153846
57040,57040,99.00,232,40,272,0.8529411764705882,0.14705882352941177,Yes,0.8529411764705882
57041,57041,99.00,211,40,251,0.8406374501992032,0.1593625498007968,Yes,0.8406374501992032
57042,57042,99.00,186,40,226,0.8230088495575221,0.17699115044247787,Yes,0.8230088495575221
57043,57043,99.00,292,34,326,0.8957055214723927,0.10429447852760736,Yes,0.8957055214723927
57044,57044,99.00,169,37,206,0.8203883495145631,0.1796116504854369,Yes,0.8203883495145631
57045,57045,99.00,277,60,337,0.8219584569732937,0.17804154302670624,Yes,0.8219584569732937
57046,57046,99.00,2,0,2,1.0,0.0,Yes,1.0
57047,57047,0.00,11,2,13,0.8461538461538461,0.15384615384615385,Yes,0.8461538461538461
57048,57048,99.00,421,41,462,0.9112554112554112,0.08874458874458875,Yes,0.9112554112554112
57049,57049,99.00,206,26,232,0.8879310344827587,0.11206896551724138,Yes,0.8879310344827587
57050,57050,99.00,13,0,13,1.0,0.0,Yes,1.0
57051,57051,99.00,311,45,356,0.8735955056179775,0.12640449438202248,Yes,0.8735955056179775
57052,57052,99.00,1,0,1,1.0,0.0,Yes,1.0
57053,57053,99.00,7,0,7,1.0,0.0,Yes,1.0
57054,57054,99.00,227,40,267,0.850187265917603,0.149812734082397,Yes,0.850187265917603
57055,57055,99.00,296,59,355,0.8338028169014085,0.16619718309859155,Yes,0.8338028169014085
57056,57056,99.00,207,26,233,0.8884120171673819,0.11158798283261803,Yes,0.8884120171673819
57057,57057,99.00,163,31,194,0.8402061855670103,0.15979381443298968,Yes,0.8402061855670103
57058,57058,99.00,236,33,269,0.8773234200743495,0.12267657992565056,Yes,0.8773234200743495
57059,57059,99.00,340,26,366,0.9289617486338798,0.07103825136612021,Yes,0.9289617486338798
57060,57060,99.00,368,49,417,0.882494004796163,0.11750599520383694,Yes,0.882494004796163
57061,57061,0.00,35,2,37,0.9459459459459459,0.05405405405405406,Yes,0.9459459459459459
57062,57062,0.00,14,0,14,1.0,0.0,Yes,1.0
57063,57063,99.00,23,0,23,1.0,0.0,Yes,1.0
57064,57064,99.00,409,46,455,0.8989010989010989,0.1010989010989011,Yes,0.8989010989010989
57065,57065,99.00,22,1,23,0.9565217391304348,0.043478260869565216,Yes,0.9565217391304348
57066,57066,99.00,8,4,12,0.6666666666666666,0.3333333333333333,Yes,0.6666666666666666
57067,57067,99.00,332,53,385,0.8623376623376623,0.13766233766233765,Yes,0.8623376623376623
57068,57068,99.00,229,34,263,0.870722433460076,0.12927756653992395,Yes,0.870722433460076
57069,57069,99.00,269,26,295,0.911864406779661,0.08813559322033898,Yes,0.911864406779661
57070,57070,99.00,279,32,311,0.8971061093247589,0.10289389067524116,Yes,0.8971061093247589
57071,57071,99.00,17,0,17,1.0,0.0,Yes,1.0
57072,57072,99.00,211,29,240,0.8791666666666667,0.12083333333333333,Yes,0.8791666666666667
57073,57073,99.00,22,1,23,0.9565217391304348,0.043478260869565216,Yes,0.9565217391304348
57074,57074,99.00,246,21,267,0.9213483146067416,0.07865168539325842,Yes,0.9213483146067416
57075,57075,99.00,268,52,320,0.8375,0.1625,Yes,0.8375
57076,57076,99.00,468,73,541,0.8650646950092421,0.13493530499075784,Yes,0.8650646950092421
57077,57077,99.00,103,15,118,0.8728813559322034,0.1271186440677966,Yes,0.8728813559322034
57078,57078,99.00,12,1,13,0.9230769230769231,0.07692307692307693,Yes,0.9230769230769231
57079,57079,99.00,14,1,15,0.9333333333333333,0.06666666666666667,Yes,0.9333333333333333
57080,57080,99.00,376,48,424,0.8867924528301887,0.11320754716981132,Yes,0.8867924528301887
57081,57081,99.00,340,53,393,0.8651399491094147,0.13486005089058525,Yes,0.8651399491094147
57082,57082,99.00,14,0,14,1.0,0.0,Yes,1.0
57083,57083,99.00,120,26,146,0.821917808219178,0.1780821917808219,Yes,0.821917808219178
57084,57084,99.00,334,29,363,0.9201101928374655,0.07988980716253444,Yes,0.9201101928374655
57085,57085,30.00,236,45,281,0.8398576512455516,0.1601423487544484,Yes,0.8398576512455516
57086,57086,99.00,12,2,14,0.8571428571428571,0.14285714285714285,Yes,0.8571428571428571
57087,57087,30.00,310,55,365,0.8493150684931506,0.1506849315068493,Yes,0.8493150684931506
57088,57088,30.00,20,0,20,1.0,0.0,Yes,1.0
57089,57089,99.00,23,3,26,0.8846153846153846,0.11538461538461539,Yes,0.8846153846153846
57090,57090,99.00,169,70,239,0.7071129707112971,0.2928870292887029,Yes,0.7071129707112971
57091,57091,99.00,217,59,276,0.7862318840579711,0.213768115942029,Yes,0.7862318840579711
57092,57092,99.00,156,32,188,0.8297872340425532,0.1702127659574468,Yes,0.8297872340425532
57093,57093,99.00,120,28,148,0.8108108108108109,0.1891891891891892,Yes,0.8108108108108109
57094,57094,99.00,1,1,2,0.5,0.5,Tie,0.5
57095,57095,99.00,9,1,10,0.9,0.1,Yes,0.9
57096,57096,30.00,22,3,25,0.88,0.12,Yes,0.88
57097,57097,99.00,1,0,1,1.0,0.0,Yes,1.0
57098,57098,99.00,3,3,6,0.5,0.5,Tie,0.5
57099,57099,99.00,128,13,141,0.9078014184397163,0.09219858156028368,Yes,0.9078014184397163
57100,57100,99.00,7,0,7,1.0,0.0,Yes,1.0
57101,57101,99.00,324,50,374,0.8663101604278075,0.13368983957219252,Yes,0.8663101604278075
57102,57102,99.00,204,27,231,0.8831168831168831,0.11688311688311688,Yes,0.8831168831168831
57103,57103,0.00,25,1,26,0.9615384615384616,0.038461538461538464,Yes,0.9615384615384616
57104,57104,99.00,261,39,300,0.87,0.13,Yes,0.87
57105,57105,99.00,19,0,19,1.0,0.0,Yes,1.0
57106,57106,99.00,0,0,0,0,0,n/a,0
58001,58001,99.00,78,20,98,0.7959183673469388,0.20408163265306123,Yes,0.7959183673469388
58002,58002,99.00,183,44,227,0.8061674008810573,0.19383259911894274,Yes,0.8061674008810573
58003,58003,99.00,2,0,2,1.0,0.0,Yes,1.0
58004,58004,75.00,150,37,187,0.8021390374331551,0.19786096256684493,Yes,0.8021390374331551
58005,58005,75.00,140,28,168,0.8333333333333334,0.16666666666666666,Yes,0.8333333333333334
58006,58006,75.00,1,0,1,1.0,0.0,Yes,1.0
58007,58007,75.00,1,0,1,1.0,0.0,Yes,1.0
58008,58008,99.00,157,29,186,0.8440860215053764,0.15591397849462366,Yes,0.8440860215053764
58009,58009,99.00,119,47,166,0.7168674698795181,0.28313253012048195,Yes,0.7168674698795181
58010,58010,99.00,5,0,5,1.0,0.0,Yes,1.0
58011,58011,99.00,201,37,238,0.8445378151260504,0.15546218487394958,Yes,0.8445378151260504
58012,58012,99.00,135,31,166,0.8132530120481928,0.18674698795180722,Yes,0.8132530120481928
58013,58013,99.00,5,0,5,1.0,0.0,Yes,1.0
58014,58014,99.00,4,0,4,1.0,0.0,Yes,1.0
58015,58015,99.00,162,22,184,0.8804347826086957,0.11956521739130435,Yes,0.8804347826086957
58016,58016,99.00,70,16,86,0.813953488372093,0.18604651162790697,Yes,0.813953488372093
58017,58017,99.00,3,3,6,0.5,0.5,Tie,0.5
58018,58018,99.00,107,35,142,0.7535211267605634,0.24647887323943662,Yes,0.7535211267605634
58019,58019,99.00,166,43,209,0.7942583732057417,0.20574162679425836,Yes,0.7942583732057417
58020,58020,99.00,202,64,266,0.7593984962406015,0.24060150375939848,Yes,0.7593984962406015
58021,58021,99.00,124,41,165,0.7515151515151515,0.24848484848484848,Yes,0.7515151515151515
58022,58022,99.00,3,1,4,0.75,0.25,Yes,0.75
58023,58023,0.00,8,0,8,1.0,0.0,Yes,1.0
58024,58024,99.00,7,2,9,0.7777777777777778,0.2222222222222222,Yes,0.7777777777777778
58025,58025,99.00,159,32,191,0.8324607329842932,0.16753926701570682,Yes,0.8324607329842932
58026,58026,99.00,210,65,275,0.7636363636363637,0.23636363636363636,Yes,0.7636363636363637
58027,58027,99.00,122,39,161,0.7577639751552795,0.2422360248447205,Yes,0.7577639751552795
58028,58028,99.00,202,52,254,0.7952755905511811,0.2047244094488189,Yes,0.7952755905511811
58029,58029,99.00,9,0,9,1.0,0.0,Yes,1.0
58030,58030,99.00,156,51,207,0.7536231884057971,0.2463768115942029,Yes,0.7536231884057971
58031,58031,99.00,208,64,272,0.7647058823529411,0.23529411764705882,Yes,0.7647058823529411
58032,58032,99.00,2,0,2,1.0,0.0,Yes,1.0
58033,58033,0.00,5,5,10,0.5,0.5,Tie,0.5
58034,58034,0.00,8,1,9,0.8888888888888888,0.1111111111111111,Yes,0.8888888888888888
58035,58035,0.00,4,2,6,0.6666666666666666,0.3333333333333333,Yes,0.6666666666666666
58036,58036,99.00,5,1,6,0.8333333333333334,0.16666666666666666,Yes,0.8333333333333334
58037,58037,99.00,6,3,9,0.6666666666666666,0.3333333333333333,Yes,0.6666666666666666
58038,58038,99.00,185,45,230,0.8043478260869565,0.1956521739130435,Yes,0.8043478260869565
58039,58039,37.50,202,70,272,0.7426470588235294,0.25735294117647056,Yes,0.7426470588235294
58040,58040,99.00,2,1,3,0.6666666666666666,0.3333333333333333,Yes,0.6666666666666666
58041,58041,37.50,148,42,190,0.7789473684210526,0.22105263157894736,Yes,0.7789473684210526
58042,58042,37.50,8,2,10,0.8,0.2,Yes,0.8
58043,58043,99.00,200,54,254,0.7874015748031497,0.2125984251968504,Yes,0.7874015748031497
58044,58044,99.00,1,1,2,0.5,0.5,Tie,0.5
58045,58045,99.00,152,38,190,0.8,0.2,Yes,0.8
58046,58046,99.00,227,33,260,0.8730769230769231,0.12692307692307692,Yes,0.8730769230769231
58047,58047,0.00,6,0,6,1.0,0.0,Yes,1.0
58048,58048,0.00,5,0,5,1.0,0.0,Yes,1.0
58049,58049,37.50,20,4,24,0.8333333333333334,0.16666666666666666,Yes,0.8333333333333334
58050,58050,99.00,4,3,7,0.5714285714285714,0.42857142857142855,Yes,0.5714285714285714
58051,58051,99.00,83,13,96,0.8645833333333334,0.13541666666666666,Yes,0.8645833333333334
58052,58052,99.00,107,21,128,0.8359375,0.1640625,Yes,0.8359375
58053,58053,99.00,3,1,4,0.75,0.25,Yes,0.75
58054,58054,99.00,173,25,198,0.8737373737373737,0.12626262626262627,Yes,0.8737373737373737
58055,58055,99.00,159,29,188,0.8457446808510638,0.15425531914893617,Yes,0.8457446808510638
58056,58056,99.00,2,1,3,0.6666666666666666,0.3333333333333333,Yes,0.6666666666666666
58057,58057,50.00,91,20,111,0.8198198198198198,0.18018018018018017,Yes,0.8198198198198198
58058,58058,99.00,11,0,11,1.0,0.0,Yes,1.0
58059,58059,99.00,146,46,192,0.7604166666666666,0.23958333333333334,Yes,0.7604166666666666
58060,58060,99.00,6,3,9,0.6666666666666666,0.3333333333333333,Yes,0.6666666666666666
58061,58061,99.00,120,30,150,0.8,0.2,Yes,0.8
58062,58062,99.00,163,32,195,0.8358974358974359,0.1641025641025641,Yes,0.8358974358974359
58063,58063,99.00,3,0,3,1.0,0.0,Yes,1.0
58064,58064,99.00,139,43,182,0.7637362637362637,0.23626373626373626,Yes,0.7637362637362637
58065,58065,99.00,175,50,225,0.7777777777777778,0.2222222222222222,Yes,0.7777777777777778
58066,58066,99.00,120,9,129,0.9302325581395349,0.06976744186046512,Yes,0.9302325581395349
58067,58067,99.00,212,32,244,0.8688524590163934,0.13114754098360656,Yes,0.8688524590163934
58068,58068,99.00,172,32,204,0.8431372549019608,0.1568627450980392,Yes,0.8431372549019608
58069,58069,99.00,0,0,0,0,0,n/a,0
58070,58070,99.00,76,27,103,0.7378640776699029,0.2621359223300971,Yes,0.7378640776699029
58071,58071,99.00,101,31,132,0.7651515151515151,0.23484848484848486,Yes,0.7651515151515151
58072,58072,99.00,57,11,68,0.8382352941176471,0.16176470588235295,Yes,0.8382352941176471
58073,58073,99.00,38,7,45,0.8444444444444444,0.15555555555555556,Yes,0.8444444444444444
58074,58074,99.00,4,0,4,1.0,0.0,Yes,1.0
58075,58075,99.00,101,23,124,0.8145161290322581,0.18548387096774194,Yes,0.8145161290322581
58076,58076,99.00,116,21,137,0.8467153284671532,0.15328467153284672,Yes,0.8467153284671532
58077,58077,99.00,132,25,157,0.8407643312101911,0.1592356687898089,Yes,0.8407643312101911
58078,58078,99.00,214,55,269,0.7955390334572491,0.20446096654275092,Yes,0.7955390334572491
58079,58079,99.00,120,36,156,0.7692307692307693,0.23076923076923078,Yes,0.7692307692307693
58080,58080,99.00,216,44,260,0.8307692307692308,0.16923076923076924,Yes,0.8307692307692308
58081,58081,99.00,4,1,5,0.8,0.2,Yes,0.8
58082,58082,99.00,8,0,8,1.0,0.0,Yes,1.0
58083,58083,99.00,7,1,8,0.875,0.125,Yes,0.875
58084,58084,75.00,115,10,125,0.92,0.08,Yes,0.92
58085,58085,99.00,2,0,2,1.0,0.0,Yes,1.0
58086,58086,0.00,9,1,10,0.9,0.1,Yes,0.9
59001,59001,99.00,1,2,3,0.3333333333333333,0.6666666666666666,No,0.6666666666666666
59002,59002,99.00,2,1,3,0.6666666666666666,0.3333333333333333,Yes,0.6666666666666666
59003,59003,99.00,96,18,114,0.8421052631578947,0.15789473684210525,Yes,0.8421052631578947
59004,59004,99.00,131,26,157,0.8343949044585988,0.16560509554140126,Yes,0.8343949044585988
59005,59005,50.00,83,16,99,0.8383838383838383,0.16161616161616163,Yes,0.8383838383838383
59006,59006,50.00,141,27,168,0.8392857142857143,0.16071428571428573,Yes,0.8392857142857143
59007,59007,99.00,8,4,12,0.6666666666666666,0.3333333333333333,Yes,0.6666666666666666
59008,59008,99.00,187,33,220,0.85,0.15,Yes,0.85
59009,59009,99.00,0,4,4,0.0,1.0,No,1.0
59010,59010,99.00,121,28,149,0.8120805369127517,0.18791946308724833,Yes,0.8120805369127517
59011,59011,99.00,147,33,180,0.8166666666666667,0.18333333333333332,Yes,0.8166666666666667
59012,59012,99.00,145,37,182,0.7967032967032966,0.2032967032967033,Yes,0.7967032967032966
59013,59013,50.00,115,27,142,0.8098591549295775,0.19014084507042253,Yes,0.8098591549295775
59014,59014,50.00,110,19,129,0.8527131782945736,0.14728682170542637,Yes,0.8527131782945736
59015,59015,50.00,108,13,121,0.8925619834710744,0.10743801652892562,Yes,0.8925619834710744
59016,59016,99.00,266,75,341,0.7800586510263929,0.21994134897360704,Yes,0.7800586510263929
59017,59017,99.00,108,33,141,0.7659574468085106,0.23404255319148937,Yes,0.7659574468085106
59018,59018,99.00,169,39,208,0.8125,0.1875,Yes,0.8125
59019,59019,99.00,3,3,6,0.5,0.5,Tie,0.5
59020,59020,99.00,142,45,187,0.7593582887700535,0.24064171122994651,Yes,0.7593582887700535
59021,59021,99.00,129,27,156,0.8269230769230769,0.17307692307692307,Yes,0.8269230769230769
59022,59022,99.00,141,25,166,0.8493975903614458,0.15060240963855423,Yes,0.8493975903614458
59023,59023,99.00,100,24,124,0.8064516129032258,0.1935483870967742,Yes,0.8064516129032258
59024,59024,99.00,99,27,126,0.7857142857142857,0.21428571428571427,Yes,0.7857142857142857
59025,59025,50.00,210,50,260,0.8076923076923077,0.19230769230769232,Yes,0.8076923076923077
59026,59026,99.00,111,38,149,0.7449664429530202,0.2550335570469799,Yes,0.7449664429530202
59027,59027,99.00,212,63,275,0.7709090909090909,0.2290909090909091,Yes,0.7709090909090909
59028,59028,99.00,150,90,240,0.625,0.375,Yes,0.625
59029,59029,99.00,87,51,138,0.6304347826086957,0.3695652173913043,Yes,0.6304347826086957
59030,59030,99.00,3,1,4,0.75,0.25,Yes,0.75
59031,59031,99.00,5,3,8,0.625,0.375,Yes,0.625
59032,59032,99.00,3,0,3,1.0,0.0,Yes,1.0
59033,59033,99.00,127,208,335,0.37910447761194027,0.6208955223880597,No,0.6208955223880597
59034,59034,99.00,2,4,6,0.3333333333333333,0.6666666666666666,No,0.6666666666666666
59035,59035,99.00,97,137,234,0.41452991452991456,0.5854700854700855,No,0.5854700854700855
59036,59036,99.00,97,127,224,0.4330357142857143,0.5669642857142857,No,0.5669642857142857
59037,59037,99.00,89,91,180,0.49444444444444446,0.5055555555555555,No,0.5055555555555555
59038,59038,99.00,94,173,267,0.352059925093633,0.6479400749063671,No,0.6479400749063671
59039,59039,99.00,93,118,211,0.44075829383886256,0.5592417061611374,No,0.5592417061611374
59040,59040,99.00,90,117,207,0.43478260869565216,0.5652173913043478,No,0.5652173913043478
59041,59041,99.00,158,30,188,0.8404255319148937,0.1595744680851064,Yes,0.8404255319148937
59042,59042,99.00,108,225,333,0.32432432432432434,0.6756756756756757,No,0.6756756756756757
59043,59043,99.00,4,1,5,0.8,0.2,Yes,0.8
59044,59044,99.00,110,247,357,0.3081232492997199,0.6918767507002801,No,0.6918767507002801
59045,59045,99.00,3,4,7,0.42857142857142855,0.5714285714285714,No,0.5714285714285714
59046,59046,99.00,0,0,0,0,0,n/a,0
59047,59047,99.00,11,3,14,0.7857142857142857,0.21428571428571427,Yes,0.7857142857142857
59048,59048,99.00,0,1,1,0.0,1.0,No,1.0
59049,59049,99.00,7,0,7,1.0,0.0,Yes,1.0
59050,59050,99.00,97,48,145,0.6689655172413793,0.3310344827586207,Yes,0.6689655172413793
59051,59051,99.00,81,92,173,0.4682080924855491,0.5317919075144508,No,0.5317919075144508
59052,59052,99.00,57,65,122,0.4672131147540984,0.5327868852459017,No,0.5327868852459017
59053,59053,99.00,30,69,99,0.30303030303030304,0.696969696969697,No,0.696969696969697
59054,59054,99.00,56,61,117,0.47863247863247865,0.5213675213675214,No,0.5213675213675214
59055,59055,99.00,114,93,207,0.5507246376811594,0.4492753623188406,Yes,0.5507246376811594
59056,59056,99.00,97,23,120,0.8083333333333333,0.19166666666666668,Yes,0.8083333333333333
59057,59057,99.00,107,89,196,0.5459183673469388,0.45408163265306123,Yes,0.5459183673469388
59058,59058,99.00,58,34,92,0.6304347826086957,0.3695652173913043,Yes,0.6304347826086957
59059,59059,99.00,58,70,128,0.453125,0.546875,No,0.546875
59060,59060,99.00,1,6,7,0.14285714285714285,0.8571428571428571,No,0.8571428571428571
59061,59061,99.00,88,133,221,0.39819004524886875,0.6018099547511312,No,0.6018099547511312
59062,59062,99.00,0,2,2,0.0,1.0,No,1.0
59063,59063,99.00,137,36,173,0.791907514450867,0.20809248554913296,Yes,0.791907514450867
59064,59064,99.00,15,1,16,0.9375,0.0625,Yes,0.9375
59065,59065,99.00,12,5,17,0.7058823529411765,0.29411764705882354,Yes,0.7058823529411765
59066,59066,99.00,192,40,232,0.8275862068965517,0.1724137931034483,Yes,0.8275862068965517
59067,59067,85.71,13,2,15,0.8666666666666667,0.13333333333333333,Yes,0.8666666666666667
59068,59068,85.71,5,0,5,1.0,0.0,Yes,1.0
59069,59069,85.71,9,0,9,1.0,0.0,Yes,1.0
59070,59070,85.71,152,40,192,0.7916666666666666,0.20833333333333334,Yes,0.7916666666666666
59071,59071,99.00,138,46,184,0.75,0.25,Yes,0.75
59072,59072,99.00,181,68,249,0.7269076305220884,0.27309236947791166,Yes,0.7269076305220884
59073,59073,85.71,159,50,209,0.7607655502392344,0.23923444976076555,Yes,0.7607655502392344
59074,59074,85.71,90,26,116,0.7758620689655172,0.22413793103448276,Yes,0.7758620689655172
59075,59075,85.71,192,46,238,0.8067226890756303,0.19327731092436976,Yes,0.8067226890756303
59076,59076,99.00,7,1,8,0.875,0.125,Yes,0.875
59077,59077,99.00,6,3,9,0.6666666666666666,0.3333333333333333,Yes,0.6666666666666666
59078,59078,99.00,4,0,4,1.0,0.0,Yes,1.0
59079,59079,99.00,8,2,10,0.8,0.2,Yes,0.8
59080,59080,99.00,6,1,7,0.8571428571428571,0.14285714285714285,Yes,0.8571428571428571
59081,59081,85.71,5,2,7,0.7142857142857143,0.2857142857142857,Yes,0.7142857142857143
59082,59082,99.00,3,4,7,0.42857142857142855,0.5714285714285714,No,0.5714285714285714
59083,59083,99.00,68,39,107,0.6355140186915887,0.3644859813084112,Yes,0.6355140186915887
59084,59084,85.71,136,51,187,0.7272727272727273,0.2727272727272727,Yes,0.7272727272727273
59085,59085,50.00,17,1,18,0.9444444444444444,0.05555555555555555,Yes,0.9444444444444444
59086,59086,99.00,0,0,0,0,0,n/a,0
59087,59087,99.00,0,0,0,0,0,n/a,0
59088,59088,99.00,0,0,0,0,0,n/a,0
59089,59089,99.00,0,0,0,0,0,n/a,0
59090,59090,99.00,0,0,0,0,0,n/a,0
60001,60001,99.00,82,10,92,0.8913043478260869,0.10869565217391304,Yes,0.8913043478260869
60002,60002,99.00,117,27,144,0.8125,0.1875,Yes,0.8125
60003,60003,99.00,91,16,107,0.8504672897196262,0.14953271028037382,Yes,0.8504672897196262
60004,60004,99.00,4,0,4,1.0,0.0,Yes,1.0
60005,60005,99.00,173,50,223,0.7757847533632287,0.2242152466367713,Yes,0.7757847533632287
60006,60006,99.00,28,7,35,0.8,0.2,Yes,0.8
60007,60007,99.00,122,25,147,0.8299319727891157,0.17006802721088435,Yes,0.8299319727891157
60008,60008,99.00,118,29,147,0.8027210884353742,0.19727891156462585,Yes,0.8027210884353742
60009,60009,99.00,125,30,155,0.8064516129032258,0.1935483870967742,Yes,0.8064516129032258
60010,60010,99.00,72,22,94,0.7659574468085106,0.23404255319148937,Yes,0.7659574468085106
60011,60011,99.00,0,0,0,0,0,n/a,0
60012,60012,99.00,5,0,5,1.0,0.0,Yes,1.0
60013,60013,99.00,101,23,124,0.8145161290322581,0.18548387096774194,Yes,0.8145161290322581
60014,60014,99.00,144,34,178,0.8089887640449438,0.19101123595505617,Yes,0.8089887640449438
60015,60015,66.67,49,18,67,0.7313432835820896,0.26865671641791045,Yes,0.7313432835820896
60016,60016,99.00,0,0,0,0,0,n/a,0
60017,60017,99.00,180,55,235,0.7659574468085106,0.23404255319148937,Yes,0.7659574468085106
60018,60018,66.67,2,0,2,1.0,0.0,Yes,1.0
60019,60019,66.67,1,0,1,1.0,0.0,Yes,1.0
60020,60020,99.00,0,0,0,0,0,n/a,0
60021,60021,99.00,66,14,80,0.825,0.175,Yes,0.825
60022,60022,99.00,66,15,81,0.8148148148148148,0.18518518518518517,Yes,0.8148148148148148
60023,60023,99.00,0,0,0,0,0,n/a,0
60024,60024,99.00,56,13,69,0.8115942028985508,0.18840579710144928,Yes,0.8115942028985508
60025,60025,99.00,0,0,0,0,0,n/a,0
60026,60026,99.00,171,28,199,0.8592964824120602,0.1407035175879397,Yes,0.8592964824120602
60027,60027,99.00,162,31,193,0.8393782383419689,0.16062176165803108,Yes,0.8393782383419689
60028,60028,99.00,193,71,264,0.7310606060606061,0.2689393939393939,Yes,0.7310606060606061
60029,60029,99.00,79,28,107,0.7383177570093458,0.2616822429906542,Yes,0.7383177570093458
60030,60030,99.00,3,1,4,0.75,0.25,Yes,0.75
60031,60031,66.67,55,10,65,0.8461538461538461,0.15384615384615385,Yes,0.8461538461538461
60032,60032,99.00,78,20,98,0.7959183673469388,0.20408163265306123,Yes,0.7959183673469388
60033,60033,99.00,180,39,219,0.821917808219178,0.1780821917808219,Yes,0.821917808219178
60034,60034,99.00,99,19,118,0.8389830508474576,0.16101694915254236,Yes,0.8389830508474576
60035,60035,99.00,3,1,4,0.75,0.25,Yes,0.75
60036,60036,99.00,89,17,106,0.839622641509434,0.16037735849056603,Yes,0.839622641509434
60037,60037,99.00,3,2,5,0.6,0.4,Yes,0.6
60038,60038,99.00,9,1,10,0.9,0.1,Yes,0.9
60039,60039,66.67,62,12,74,0.8378378378378378,0.16216216216216217,Yes,0.8378378378378378
60040,60040,66.67,69,14,83,0.8313253012048193,0.1686746987951807,Yes,0.8313253012048193
60041,60041,66.67,80,20,100,0.8,0.2,Yes,0.8
60042,60042,99.00,98,12,110,0.8909090909090909,0.10909090909090909,Yes,0.8909090909090909
60043,60043,99.00,87,18,105,0.8285714285714286,0.17142857142857143,Yes,0.8285714285714286
60044,60044,99.00,9,2,11,0.8181818181818182,0.18181818181818182,Yes,0.8181818181818182
60045,60045,99.00,129,24,153,0.8431372549019608,0.1568627450980392,Yes,0.8431372549019608
60046,60046,99.00,140,39,179,0.7821229050279329,0.21787709497206703,Yes,0.7821229050279329
60047,60047,99.00,98,23,121,0.8099173553719008,0.19008264462809918,Yes,0.8099173553719008
60048,60048,66.67,4,2,6,0.6666666666666666,0.3333333333333333,Yes,0.6666666666666666
60049,60049,66.67,74,22,96,0.7708333333333334,0.22916666666666666,Yes,0.7708333333333334
60050,60050,66.67,0,0,0,0,0,n/a,0
60051,60051,66.67,78,37,115,0.6782608695652174,0.3217391304347826,Yes,0.6782608695652174
60052,60052,99.00,81,13,94,0.8617021276595744,0.13829787234042554,Yes,0.8617021276595744
60053,60053,99.00,119,17,136,0.875,0.125,Yes,0.875
60054,60054,99.00,156,31,187,0.8342245989304813,0.1657754010695187,Yes,0.8342245989304813
60055,60055,99.00,200,41,241,0.8298755186721992,0.17012448132780084,Yes,0.8298755186721992
60056,60056,99.00,152,30,182,0.8351648351648352,0.16483516483516483,Yes,0.8351648351648352
60057,60057,99.00,105,14,119,0.8823529411764706,0.11764705882352941,Yes,0.8823529411764706
60058,60058,99.00,66,10,76,0.868421052631579,0.13157894736842105,Yes,0.868421052631579
60059,60059,99.00,3,1,4,0.75,0.25,Yes,0.75
60060,60060,99.00,117,23,140,0.8357142857142857,0.16428571428571428,Yes,0.8357142857142857
60061,60061,99.00,7,0,7,1.0,0.0,Yes,1.0
60062,60062,99.00,110,27,137,0.8029197080291971,0.19708029197080293,Yes,0.8029197080291971
60063,60063,99.00,137,25,162,0.845679012345679,0.15432098765432098,Yes,0.845679012345679
60064,60064,99.00,3,2,5,0.6,0.4,Yes,0.6
60065,60065,99.00,134,19,153,0.8758169934640523,0.12418300653594772,Yes,0.8758169934640523
60066,60066,99.00,148,23,171,0.8654970760233918,0.13450292397660818,Yes,0.8654970760233918
60067,60067,99.00,0,0,0,0,0,n/a,0
60068,60068,99.00,3,0,3,1.0,0.0,Yes,1.0
60069,60069,99.00,2,1,3,0.6666666666666666,0.3333333333333333,Yes,0.6666666666666666
60070,60070,99.00,8,0,8,1.0,0.0,Yes,1.0
60071,60071,99.00,124,28,152,0.8157894736842105,0.18421052631578946,Yes,0.8157894736842105
60072,60072,99.00,169,14,183,0.9234972677595629,0.07650273224043716,Yes,0.9234972677595629
60073,60073,99.00,0,2,2,0.0,1.0,No,1.0
60074,60074,99.00,100,29,129,0.7751937984496124,0.2248062015503876,Yes,0.7751937984496124
60075,60075,99.00,132,39,171,0.7719298245614035,0.22807017543859648,Yes,0.7719298245614035
60076,60076,99.00,2,1,3,0.6666666666666666,0.3333333333333333,Yes,0.6666666666666666
60077,60077,99.00,5,0,5,1.0,0.0,Yes,1.0
60078,60078,99.00,193,51,244,0.7909836065573771,0.20901639344262296,Yes,0.7909836065573771
60079,60079,99.00,83,26,109,0.7614678899082569,0.23853211009174313,Yes,0.7614678899082569
60080,60080,99.00,102,24,126,0.8095238095238095,0.19047619047619047,Yes,0.8095238095238095
60081,60081,99.00,219,57,276,0.7934782608695652,0.20652173913043478,Yes,0.7934782608695652
60082,60082,99.00,237,38,275,0.8618181818181818,0.13818181818181818,Yes,0.8618181818181818
60083,60083,22.22,167,26,193,0.8652849740932642,0.13471502590673576,Yes,0.8652849740932642
60084,60084,22.22,20,2,22,0.9090909090909091,0.09090909090909091,Yes,0.9090909090909091
60085,60085,99.00,204,45,249,0.8192771084337349,0.18072289156626506,Yes,0.8192771084337349
60086,60086,22.22,227,59,286,0.7937062937062938,0.2062937062937063,Yes,0.7937062937062938
60087,60087,99.00,5,1,6,0.8333333333333334,0.16666666666666666,Yes,0.8333333333333334
60088,60088,99.00,71,30,101,0.7029702970297029,0.297029702970297,Yes,0.7029702970297029
60089,60089,99.00,3,0,3,1.0,0.0,Yes,1.0
60090,60090,99.00,4,0,4,1.0,0.0,Yes,1.0
60091,60091,66.67,66,26,92,0.717391304347826,0.2826086956521739,Yes,0.717391304347826
64001,64001,50.00,51,87,138,0.3695652173913043,0.6304347826086957,No,0.6304347826086957
64002,64002,50.00,69,136,205,0.33658536585365856,0.6634146341463415,No,0.6634146341463415
64003,64003,99.00,106,253,359,0.29526462395543174,0.7047353760445683,No,0.7047353760445683
64004,64004,99.00,4,3,7,0.5714285714285714,0.42857142857142855,Yes,0.5714285714285714
64005,64005,99.00,134,232,366,0.366120218579235,0.6338797814207651,No,0.6338797814207651
64006,64006,50.00,89,137,226,0.3938053097345133,0.6061946902654868,No,0.6061946902654868
64007,64007,50.00,86,153,239,0.3598326359832636,0.6401673640167364,No,0.6401673640167364
64008,64008,99.00,10,14,24,0.4166666666666667,0.5833333333333334,No,0.5833333333333334
64009,64009,99.00,92,201,293,0.31399317406143346,0.6860068259385665,No,0.6860068259385665
64010,64010,99.00,1,8,9,0.1111111111111111,0.8888888888888888,No,0.8888888888888888
64011,64011,99.00,103,152,255,0.403921568627451,0.596078431372549,No,0.596078431372549
64012,64012,99.00,4,3,7,0.5714285714285714,0.42857142857142855,Yes,0.5714285714285714
64013,64013,99.00,2,4,6,0.3333333333333333,0.6666666666666666,No,0.6666666666666666
64014,64014,99.00,124,251,375,0.33066666666666666,0.6693333333333333,No,0.6693333333333333
64015,64015,99.00,7,12,19,0.3684210526315789,0.631578947368421,No,0.631578947368421
64016,64016,57.14,146,204,350,0.41714285714285715,0.5828571428571429,No,0.5828571428571429
64017,64017,57.14,16,26,42,0.38095238095238093,0.6190476190476191,No,0.6190476190476191
64018,64018,99.00,72,58,130,0.5538461538461539,0.4461538461538462,Yes,0.5538461538461539
64019,64019,57.14,54,34,88,0.6136363636363636,0.38636363636363635,Yes,0.6136363636363636
64020,64020,99.00,59,75,134,0.44029850746268656,0.5597014925373134,No,0.5597014925373134
64021,64021,99.00,52,98,150,0.3466666666666667,0.6533333333333333,No,0.6533333333333333
64022,64022,57.14,121,232,353,0.34277620396600567,0.6572237960339944,No,0.6572237960339944
64023,64023,99.00,128,183,311,0.4115755627009646,0.5884244372990354,No,0.5884244372990354
64024,64024,99.00,125,133,258,0.4844961240310077,0.5155038759689923,No,0.5155038759689923
64025,64025,99.00,70,79,149,0.4697986577181208,0.5302013422818792,No,0.5302013422818792
64026,64026,99.00,5,3,8,0.625,0.375,Yes,0.625
64027,64027,99.00,56,81,137,0.40875912408759124,0.5912408759124088,No,0.5912408759124088
64028,64028,99.00,104,142,246,0.42276422764227645,0.5772357723577236,No,0.5772357723577236
64029,64029,99.00,8,7,15,0.5333333333333333,0.4666666666666667,Yes,0.5333333333333333
64030,64030,99.00,138,131,269,0.5130111524163569,0.48698884758364314,Yes,0.5130111524163569
64031,64031,99.00,8,2,10,0.8,0.2,Yes,0.8
64032,64032,99.00,128,149,277,0.4620938628158845,0.5379061371841155,No,0.5379061371841155
64033,64033,99.00,51,86,137,0.3722627737226277,0.6277372262773723,No,0.6277372262773723
64034,64034,99.00,6,6,12,0.5,0.5,Tie,0.5
64035,64035,99.00,64,88,152,0.42105263157894735,0.5789473684210527,No,0.5789473684210527
64036,64036,99.00,117,134,251,0.46613545816733065,0.5338645418326693,No,0.5338645418326693
64037,64037,99.00,105,150,255,0.4117647058823529,0.5882352941176471,No,0.5882352941176471
64038,64038,99.00,69,79,148,0.46621621621621623,0.5337837837837838,No,0.5337837837837838
64039,64039,99.00,4,3,7,0.5714285714285714,0.42857142857142855,Yes,0.5714285714285714
64040,64040,99.00,83,39,122,0.680327868852459,0.319672131147541,Yes,0.680327868852459
64041,64041,99.00,105,120,225,0.4666666666666667,0.5333333333333333,No,0.5333333333333333
64042,64042,99.00,55,62,117,0.4700854700854701,0.5299145299145299,No,0.5299145299145299
64043,64043,99.00,102,64,166,0.6144578313253012,0.3855421686746988,Yes,0.6144578313253012
64044,64044,99.00,69,47,116,0.5948275862068966,0.4051724137931034,Yes,0.5948275862068966
64045,64045,99.00,9,8,17,0.5294117647058824,0.47058823529411764,Yes,0.5294117647058824
64046,64046,99.00,9,12,21,0.42857142857142855,0.5714285714285714,No,0.5714285714285714
64047,64047,99.00,174,157,331,0.525679758308157,0.4743202416918429,Yes,0.525679758308157
64048,64048,99.00,62,134,196,0.3163265306122449,0.6836734693877551,No,0.6836734693877551
64049,64049,99.00,97,68,165,0.5878787878787879,0.4121212121212121,Yes,0.5878787878787879
64050,64050,99.00,5,2,7,0.7142857142857143,0.2857142857142857,Yes,0.7142857142857143
64051,64051,99.00,143,129,272,0.5257352941176471,0.4742647058823529,Yes,0.5257352941176471
64052,64052,99.00,7,2,9,0.7777777777777778,0.2222222222222222,Yes,0.7777777777777778
64053,64053,99.00,129,100,229,0.5633187772925764,0.4366812227074236,Yes,0.5633187772925764
64054,64054,99.00,75,131,206,0.3640776699029126,0.6359223300970874,No,0.6359223300970874
64055,64055,99.00,62,104,166,0.37349397590361444,0.6265060240963856,No,0.6265060240963856
64056,64056,57.14,16,20,36,0.4444444444444444,0.5555555555555556,No,0.5555555555555556
64057,64057,99.00,4,2,6,0.6666666666666666,0.3333333333333333,Yes,0.6666666666666666
64058,64058,50.00,54,108,162,0.3333333333333333,0.6666666666666666,No,0.6666666666666666
64059,64059,99.00,57,67,124,0.4596774193548387,0.5403225806451613,No,0.5403225806451613
64060,64060,99.00,3,7,10,0.3,0.7,No,0.7
64061,64061,99.00,4,4,8,0.5,0.5,Tie,0.5
64062,64062,99.00,77,80,157,0.49044585987261147,0.5095541401273885,No,0.5095541401273885
64063,64063,99.00,65,74,139,0.4676258992805755,0.5323741007194245,No,0.5323741007194245
64064,64064,99.00,0,0,0,0,0,n/a,0
64065,64065,99.00,0,0,0,0,0,n/a,0
64066,64066,99.00,0,0,0,0,0,n/a,0
64067,64067,99.00,0,0,0,0,0,n/a,0
64068,64068,99.00,0,0,0,0,0,n/a,0
64069,64069,99.00,0,0,0,0,0,n/a,0
64070,64070,99.00,0,0,0,0,0,n/a,0
64075,64075,99.00,122,71,193,0.6321243523316062,0.36787564766839376,Yes,0.6321243523316062
64076,64076,99.00,108,74,182,0.5934065934065934,0.4065934065934066,Yes,0.5934065934065934
64077,64077,99.00,147,76,223,0.6591928251121076,0.34080717488789236,Yes,0.6591928251121076
64078,64078,99.00,9,4,13,0.6923076923076923,0.3076923076923077,Yes,0.6923076923076923
64079,64079,99.00,220,119,339,0.6489675516224189,0.35103244837758113,Yes,0.6489675516224189
64080,64080,99.00,146,61,207,0.7053140096618358,0.2946859903381642,Yes,0.7053140096618358
64081,64081,99.00,2,2,4,0.5,0.5,Tie,0.5
64082,64082,99.00,1,0,1,1.0,0.0,Yes,1.0
64083,64083,99.00,125,89,214,0.5841121495327103,0.4158878504672897,Yes,0.5841121495327103
64084,64084,99.00,130,87,217,0.5990783410138248,0.4009216589861751,Yes,0.5990783410138248
64085,64085,99.00,14,4,18,0.7777777777777778,0.2222222222222222,Yes,0.7777777777777778
64086,64086,99.00,125,60,185,0.6756756756756757,0.32432432432432434,Yes,0.6756756756756757
64087,64087,99.00,136,53,189,0.7195767195767195,0.2804232804232804,Yes,0.7195767195767195
64088,64088,99.00,125,58,183,0.6830601092896175,0.31693989071038253,Yes,0.6830601092896175
64089,64089,33.33,92,147,239,0.38493723849372385,0.6150627615062761,No,0.6150627615062761
64090,64090,0.00,14,3,17,0.8235294117647058,0.17647058823529413,Yes,0.8235294117647058
64091,64091,33.33,9,11,20,0.45,0.55,No,0.55
64092,64092,99.00,150,102,252,0.5952380952380952,0.40476190476190477,Yes,0.5952380952380952
64093,64093,99.00,128,95,223,0.5739910313901345,0.4260089686098655,Yes,0.5739910313901345
64094,64094,99.00,0,0,0,0,0,n/a,0
64095,64095,99.00,0,0,0,0,0,n/a,0
64096,64096,33.33,0,0,0,0,0,n/a,0
64097,64097,99.00,0,0,0,0,0,n/a,0
64098,64098,33.33,0,0,0,0,0,n/a,0
64099,64099,33.33,0,0,0,0,0,n/a,0
23001,23001,99.00,70,308,378,0.18518518518518517,0.8148148148148148,No,0.8148148148148148
23002,23002,99.00,78,341,419,0.18615751789976134,0.8138424821002387,No,0.8138424821002387
23003,23003,99.00,93,332,425,0.2188235294117647,0.7811764705882352,No,0.7811764705882352
23004,23004,99.00,0,3,3,0.0,1.0,No,1.0
23005,23005,99.00,102,148,250,0.408,0.592,No,0.592
23006,23006,99.00,209,330,539,0.3877551020408163,0.6122448979591837,No,0.6122448979591837
23007,23007,99.00,10,11,21,0.47619047619047616,0.5238095238095238,No,0.5238095238095238
23008,23008,99.00,202,393,595,0.33949579831932775,0.6605042016806723,No,0.6605042016806723
23009,23009,99.00,7,19,26,0.2692307692307692,0.7307692307692307,No,0.7307692307692307
23010,23010,99.00,191,289,480,0.39791666666666664,0.6020833333333333,No,0.6020833333333333
23011,23011,99.00,111,156,267,0.4157303370786517,0.5842696629213483,No,0.5842696629213483
23012,23012,99.00,103,77,180,0.5722222222222222,0.42777777777777776,Yes,0.5722222222222222
23013,23013,99.00,112,130,242,0.4628099173553719,0.5371900826446281,No,0.5371900826446281
23014,23014,99.00,125,171,296,0.4222972972972973,0.5777027027027027,No,0.5777027027027027
23015,23015,99.00,163,78,241,0.6763485477178424,0.3236514522821577,Yes,0.6763485477178424
23016,23016,99.00,148,56,204,0.7254901960784313,0.27450980392156865,Yes,0.7254901960784313
23017,23017,99.00,201,78,279,0.7204301075268817,0.27956989247311825,Yes,0.7204301075268817
23018,23018,99.00,92,19,111,0.8288288288288288,0.17117117117117117,Yes,0.8288288288288288
23019,23019,99.00,156,77,233,0.6695278969957081,0.33047210300429186,Yes,0.6695278969957081
23020,23020,99.00,0,0,0,0,0,n/a,0
23021,23021,99.00,45,8,53,0.8490566037735849,0.1509433962264151,Yes,0.8490566037735849
23022,23022,99.00,0,0,0,0,0,n/a,0
23023,23023,99.00,153,52,205,0.7463414634146341,0.25365853658536586,Yes,0.7463414634146341
23024,23024,99.00,6,0,6,1.0,0.0,Yes,1.0
23025,23025,99.00,52,86,138,0.37681159420289856,0.6231884057971014,No,0.6231884057971014
23026,23026,99.00,89,39,128,0.6953125,0.3046875,Yes,0.6953125
23027,23027,99.00,55,227,282,0.1950354609929078,0.8049645390070922,No,0.8049645390070922
23028,23028,99.00,31,133,164,0.18902439024390244,0.8109756097560976,No,0.8109756097560976
23029,23029,99.00,90,83,173,0.5202312138728323,0.4797687861271676,Yes,0.5202312138728323
23030,23030,99.00,2,4,6,0.3333333333333333,0.6666666666666666,No,0.6666666666666666
23031,23031,99.00,103,194,297,0.3468013468013468,0.6531986531986532,No,0.6531986531986532
23032,23032,99.00,7,2,9,0.7777777777777778,0.2222222222222222,Yes,0.7777777777777778
23033,23033,99.00,177,48,225,0.7866666666666666,0.21333333333333335,Yes,0.7866666666666666
23034,23034,99.00,70,23,93,0.7526881720430108,0.24731182795698925,Yes,0.7526881720430108
23035,23035,99.00,4,3,7,0.5714285714285714,0.42857142857142855,Yes,0.5714285714285714
23036,23036,99.00,78,101,179,0.43575418994413406,0.5642458100558659,No,0.5642458100558659
23037,23037,99.00,151,113,264,0.571969696969697,0.42803030303030304,Yes,0.571969696969697
23038,23038,99.00,88,12,100,0.88,0.12,Yes,0.88
23039,23039,99.00,3,3,6,0.5,0.5,Tie,0.5
23040,23040,99.00,107,306,413,0.25907990314769974,0.7409200968523002,No,0.7409200968523002
23041,23041,99.00,2,11,13,0.15384615384615385,0.8461538461538461,No,0.8461538461538461
23042,23042,99.00,117,33,150,0.78,0.22,Yes,0.78
23043,23043,99.00,54,17,71,0.7605633802816901,0.23943661971830985,Yes,0.7605633802816901
23044,23044,99.00,105,199,304,0.34539473684210525,0.6546052631578947,No,0.6546052631578947
23045,23045,99.00,130,222,352,0.3693181818181818,0.6306818181818182,No,0.6306818181818182
23046,23046,99.00,2,4,6,0.3333333333333333,0.6666666666666666,No,0.6666666666666666
23047,23047,99.00,72,184,256,0.28125,0.71875,No,0.71875
23048,23048,99.00,3,0,3,1.0,0.0,Yes,1.0
23049,23049,99.00,80,155,235,0.3404255319148936,0.6595744680851063,No,0.6595744680851063
23050,23050,99.00,68,128,196,0.3469387755102041,0.6530612244897959,No,0.6530612244897959
23051,23051,99.00,70,151,221,0.3167420814479638,0.6832579185520362,No,0.6832579185520362
23052,23052,99.00,66,125,191,0.34554973821989526,0.6544502617801047,No,0.6544502617801047
23053,23053,99.00,88,76,164,0.5365853658536586,0.4634146341463415,Yes,0.5365853658536586
23054,23054,99.00,87,57,144,0.6041666666666666,0.3958333333333333,Yes,0.6041666666666666
23055,23055,99.00,56,44,100,0.56,0.44,Yes,0.56
23056,23056,99.00,66,32,98,0.673469387755102,0.32653061224489793,Yes,0.673469387755102
23057,23057,99.00,73,43,116,0.6293103448275862,0.3706896551724138,Yes,0.6293103448275862
23058,23058,99.00,83,49,132,0.6287878787878788,0.3712121212121212,Yes,0.6287878787878788
23059,23059,99.00,60,32,92,0.6521739130434783,0.34782608695652173,Yes,0.6521739130434783
23060,23060,99.00,110,73,183,0.6010928961748634,0.3989071038251366,Yes,0.6010928961748634
23061,23061,99.00,161,124,285,0.5649122807017544,0.43508771929824563,Yes,0.5649122807017544
23062,23062,99.00,195,178,373,0.5227882037533512,0.4772117962466488,Yes,0.5227882037533512
23063,23063,99.00,5,1,6,0.8333333333333334,0.16666666666666666,Yes,0.8333333333333334
23064,23064,99.00,154,159,313,0.49201277955271566,0.5079872204472844,No,0.5079872204472844
23065,23065,99.00,80,62,142,0.5633802816901409,0.43661971830985913,Yes,0.5633802816901409
23066,23066,99.00,3,1,4,0.75,0.25,Yes,0.75
23067,23067,99.00,98,28,126,0.7777777777777778,0.2222222222222222,Yes,0.7777777777777778
23068,23068,99.00,0,0,0,0,0,n/a,0
23069,23069,99.00,3,0,3,1.0,0.0,Yes,1.0
23070,23070,99.00,53,33,86,0.6162790697674418,0.38372093023255816,Yes,0.6162790697674418
23071,23071,99.00,0,0,0,0,0,n/a,0
23072,23072,99.00,0,0,0,0,0,n/a,0
23073,23073,99.00,0,0,0,0,0,n/a,0
23074,23074,99.00,0,0,0,0,0,n/a,0
23075,23075,99.00,0,0,0,0,0,n/a,0
23076,23076,99.00,0,0,0,0,0,n/a,0
23077,23077,99.00,0,0,0,0,0,n/a,0
23078,23078,99.00,0,0,0,0,0,n/a,0
23079,23079,99.00,0,0,0,0,0,n/a,0
23080,23080,99.00,0,0,0,0,0,n/a,0
23081,23081,99.00,0,0,0,0,0,n/a,0
23082,23082,99.00,0,0,0,0,0,n/a,0
23083,23083,99.00,0,0,0,0,0,n/a,0
23084,23084,99.00,3,1,4,0.75,0.25,Yes,0.75
23085,23085,99.00,8,7,15,0.5333333333333333,0.4666666666666667,Yes,0.5333333333333333
23086,23086,99.00,15,2,17,0.8823529411764706,0.11764705882352941,Yes,0.8823529411764706
23087,23087,99.00,9,6,15,0.6,0.4,Yes,0.6
23088,23088,99.00,3,3,6,0.5,0.5,Tie,0.5
23089,23089,99.00,5,1,6,0.8333333333333334,0.16666666666666666,Yes,0.8333333333333334
23090,23090,99.00,0,1,1,0.0,1.0,No,1.0
23091,23091,99.00,1,0,1,1.0,0.0,Yes,1.0
23092,23092,99.00,13,8,21,0.6190476190476191,0.38095238095238093,Yes,0.6190476190476191
23093,23093,99.00,0,0,0,0,0,n/a,0
24001,24001,99.00,5,5,10,0.5,0.5,Tie,0.5
24002,24002,99.00,192,117,309,0.6213592233009708,0.3786407766990291,Yes,0.6213592233009708
24003,24003,99.00,167,121,288,0.5798611111111112,0.4201388888888889,Yes,0.5798611111111112
24004,24004,99.00,10,4,14,0.7142857142857143,0.2857142857142857,Yes,0.7142857142857143
24005,24005,99.00,78,60,138,0.5652173913043478,0.43478260869565216,Yes,0.5652173913043478
24006,24006,99.00,129,107,236,0.5466101694915254,0.4533898305084746,Yes,0.5466101694915254
24007,24007,99.00,6,3,9,0.6666666666666666,0.3333333333333333,Yes,0.6666666666666666
24008,24008,99.00,23,8,31,0.7419354838709677,0.25806451612903225,Yes,0.7419354838709677
24009,24009,99.00,0,0,0,0,0,n/a,0
24010,24010,99.00,101,60,161,0.6273291925465838,0.37267080745341613,Yes,0.6273291925465838
24011,24011,99.00,2,1,3,0.6666666666666666,0.3333333333333333,Yes,0.6666666666666666
24012,24012,99.00,0,2,2,0.0,1.0,No,1.0
24013,24013,99.00,170,88,258,0.6589147286821705,0.34108527131782945,Yes,0.6589147286821705
24014,24014,99.00,11,3,14,0.7857142857142857,0.21428571428571427,Yes,0.7857142857142857
24015,24015,99.00,175,109,284,0.6161971830985915,0.38380281690140844,Yes,0.6161971830985915
24016,24016,99.00,135,104,239,0.5648535564853556,0.4351464435146444,Yes,0.5648535564853556
24017,24017,99.00,96,71,167,0.5748502994011976,0.4251497005988024,Yes,0.5748502994011976
24018,24018,99.00,4,1,5,0.8,0.2,Yes,0.8
24019,24019,99.00,205,156,361,0.5678670360110804,0.43213296398891965,Yes,0.5678670360110804
24020,24020,99.00,135,98,233,0.5793991416309013,0.4206008583690987,Yes,0.5793991416309013
24021,24021,99.00,120,73,193,0.6217616580310881,0.37823834196891193,Yes,0.6217616580310881
24022,24022,99.00,5,7,12,0.4166666666666667,0.5833333333333334,No,0.5833333333333334
24023,24023,99.00,2,0,2,1.0,0.0,Yes,1.0
24024,24024,99.00,172,144,316,0.5443037974683544,0.45569620253164556,Yes,0.5443037974683544
24025,24025,99.00,7,2,9,0.7777777777777778,0.2222222222222222,Yes,0.7777777777777778
24026,24026,99.00,43,15,58,0.7413793103448276,0.25862068965517243,Yes,0.7413793103448276
24027,24027,99.00,151,32,183,0.825136612021858,0.17486338797814208,Yes,0.825136612021858
24028,24028,99.00,179,106,285,0.6280701754385964,0.3719298245614035,Yes,0.6280701754385964
24029,24029,99.00,274,90,364,0.7527472527472527,0.24725274725274726,Yes,0.7527472527472527
24030,24030,99.00,10,2,12,0.8333333333333334,0.16666666666666666,Yes,0.8333333333333334
24031,24031,99.00,154,82,236,0.652542372881356,0.3474576271186441,Yes,0.652542372881356
24032,24032,99.00,0,0,0,0,0,n/a,0
24033,24033,99.00,78,75,153,0.5098039215686274,0.49019607843137253,Yes,0.5098039215686274
24034,24034,99.00,92,97,189,0.48677248677248675,0.5132275132275133,No,0.5132275132275133
24035,24035,99.00,4,0,4,1.0,0.0,Yes,1.0
24036,24036,99.00,141,57,198,0.7121212121212122,0.2878787878787879,Yes,0.7121212121212122
24037,24037,99.00,2,0,2,1.0,0.0,Yes,1.0
24038,24038,99.00,0,0,0,0,0,n/a,0
24039,24039,99.00,0,1,1,0.0,1.0,No,1.0
24040,24040,99.00,252,84,336,0.75,0.25,Yes,0.75
24041,24041,99.00,148,51,199,0.7437185929648241,0.2562814070351759,Yes,0.7437185929648241
24042,24042,99.00,0,0,0,0,0,n/a,0
24043,24043,99.00,116,21,137,0.8467153284671532,0.15328467153284672,Yes,0.8467153284671532
24044,24044,99.00,67,17,84,0.7976190476190477,0.20238095238095238,Yes,0.7976190476190477
24045,24045,99.00,157,60,217,0.7235023041474654,0.2764976958525346,Yes,0.7235023041474654
24046,24046,99.00,7,5,12,0.5833333333333334,0.4166666666666667,Yes,0.5833333333333334
24047,24047,99.00,0,0,0,0,0,n/a,0
24048,24048,99.00,0,1,1,0.0,1.0,No,1.0
24049,24049,99.00,225,116,341,0.6598240469208211,0.34017595307917886,Yes,0.6598240469208211
24050,24050,99.00,6,3,9,0.6666666666666666,0.3333333333333333,Yes,0.6666666666666666
24051,24051,99.00,74,35,109,0.6788990825688074,0.3211009174311927,Yes,0.6788990825688074
24052,24052,99.00,3,0,3,1.0,0.0,Yes,1.0
24053,24053,99.00,82,23,105,0.780952380952381,0.21904761904761905,Yes,0.780952380952381
24054,24054,99.00,76,19,95,0.8,0.2,Yes,0.8
24055,24055,99.00,131,25,156,0.8397435897435898,0.16025641025641027,Yes,0.8397435897435898
24056,24056,99.00,0,0,0,0,0,n/a,0
24057,24057,99.00,1,0,1,1.0,0.0,Yes,1.0
24058,24058,99.00,110,23,133,0.8270676691729323,0.17293233082706766,Yes,0.8270676691729323
24059,24059,99.00,95,60,155,0.6129032258064516,0.3870967741935484,Yes,0.6129032258064516
24060,24060,99.00,0,0,0,0,0,n/a,0
24061,24061,99.00,5,1,6,0.8333333333333334,0.16666666666666666,Yes,0.8333333333333334
24062,24062,99.00,0,0,0,0,0,n/a,0
24063,24063,99.00,1,1,2,0.5,0.5,Tie,0.5
24064,24064,99.00,94,31,125,0.752,0.248,Yes,0.752
24065,24065,0.00,0,0,0,0,0,n/a,0
24066,24066,0.00,1,1,2,0.5,0.5,Tie,0.5
24067,24067,99.00,107,55,162,0.6604938271604939,0.3395061728395062,Yes,0.6604938271604939
24068,24068,99.00,87,30,117,0.7435897435897436,0.2564102564102564,Yes,0.7435897435897436
24069,24069,99.00,1,0,1,1.0,0.0,Yes,1.0
24070,24070,99.00,38,13,51,0.7450980392156863,0.2549019607843137,Yes,0.7450980392156863
24071,24071,99.00,65,23,88,0.7386363636363636,0.26136363636363635,Yes,0.7386363636363636
24072,24072,99.00,105,20,125,0.84,0.16,Yes,0.84
24073,24073,99.00,58,18,76,0.7631578947368421,0.23684210526315788,Yes,0.7631578947368421
24074,24074,99.00,42,8,50,0.84,0.16,Yes,0.84
24075,24075,99.00,94,26,120,0.7833333333333333,0.21666666666666667,Yes,0.7833333333333333
24076,24076,99.00,66,24,90,0.7333333333333333,0.26666666666666666,Yes,0.7333333333333333
24077,24077,99.00,58,16,74,0.7837837837837838,0.21621621621621623,Yes,0.7837837837837838
24078,24078,99.00,111,27,138,0.8043478260869565,0.1956521739130435,Yes,0.8043478260869565
24079,24079,99.00,74,15,89,0.8314606741573034,0.16853932584269662,Yes,0.8314606741573034
24080,24080,99.00,0,0,0,0,0,n/a,0
24081,24081,99.00,0,0,0,0,0,n/a,0
24082,24082,99.00,0,0,0,0,0,n/a,0
24083,24083,99.00,0,0,0,0,0,n/a,0
24084,24084,99.00,175,131,306,0.5718954248366013,0.42810457516339867,Yes,0.5718954248366013
24085,24085,99.00,116,44,160,0.725,0.275,Yes,0.725
24086,24086,99.00,3,1,4,0.75,0.25,Yes,0.75
24087,24087,99.00,0,0,0,0,0,n/a,0
24088,24088,99.00,1,0,1,1.0,0.0,Yes,1.0
24089,24089,99.00,11,4,15,0.7333333333333333,0.26666666666666666,Yes,0.7333333333333333
24090,24090,99.00,0,0,0,0,0,n/a,0
24091,24091,99.00,103,42,145,0.7103448275862069,0.2896551724137931,Yes,0.7103448275862069
25001,25001,99.00,0,0,0,0,0,n/a,0
25002,25002,99.00,0,0,0,0,0,n/a,0
25003,25003,99.00,111,58,169,0.6568047337278107,0.3431952662721893,Yes,0.6568047337278107
25004,25004,99.00,93,36,129,0.7209302325581395,0.27906976744186046,Yes,0.7209302325581395
25005,25005,99.00,0,0,0,0,0,n/a,0
25006,25006,99.00,120,68,188,0.6382978723404256,0.3617021276595745,Yes,0.6382978723404256
25007,25007,99.00,117,123,240,0.4875,0.5125,No,0.5125
25008,25008,99.00,111,80,191,0.581151832460733,0.418848167539267,Yes,0.581151832460733
25009,25009,99.00,0,0,0,0,0,n/a,0
25010,25010,99.00,0,0,0,0,0,n/a,0
25011,25011,99.00,3,5,8,0.375,0.625,No,0.625
25012,25012,99.00,145,153,298,0.4865771812080537,0.5134228187919463,No,0.5134228187919463
25013,25013,99.00,78,59,137,0.5693430656934306,0.4306569343065693,Yes,0.5693430656934306
25014,25014,99.00,1,6,7,0.14285714285714285,0.8571428571428571,No,0.8571428571428571
25015,25015,99.00,3,0,3,1.0,0.0,Yes,1.0
25016,25016,99.00,166,93,259,0.640926640926641,0.3590733590733591,Yes,0.640926640926641
25017,25017,99.00,177,65,242,0.731404958677686,0.26859504132231404,Yes,0.731404958677686
25018,25018,99.00,12,1,13,0.9230769230769231,0.07692307692307693,Yes,0.9230769230769231
25019,25019,99.00,156,91,247,0.631578947368421,0.3684210526315789,Yes,0.631578947368421
25020,25020,99.00,102,42,144,0.7083333333333334,0.2916666666666667,Yes,0.7083333333333334
25021,25021,99.00,73,46,119,0.6134453781512605,0.3865546218487395,Yes,0.6134453781512605
25022,25022,99.00,148,92,240,0.6166666666666667,0.38333333333333336,Yes,0.6166666666666667
25023,25023,99.00,88,77,165,0.5333333333333333,0.4666666666666667,Yes,0.5333333333333333
25024,25024,99.00,89,38,127,0.7007874015748031,0.2992125984251969,Yes,0.7007874015748031
25025,25025,99.00,82,41,123,0.6666666666666666,0.3333333333333333,Yes,0.6666666666666666
25026,25026,99.00,0,0,0,0,0,n/a,0
25027,25027,99.00,164,149,313,0.5239616613418531,0.476038338658147,Yes,0.5239616613418531
25028,25028,99.00,118,95,213,0.5539906103286385,0.4460093896713615,Yes,0.5539906103286385
25029,25029,99.00,17,7,24,0.7083333333333334,0.2916666666666667,Yes,0.7083333333333334
25030,25030,99.00,139,100,239,0.5815899581589958,0.41841004184100417,Yes,0.5815899581589958
25031,25031,99.00,10,5,15,0.6666666666666666,0.3333333333333333,Yes,0.6666666666666666
25032,25032,99.00,5,1,6,0.8333333333333334,0.16666666666666666,Yes,0.8333333333333334
25033,25033,99.00,108,84,192,0.5625,0.4375,Yes,0.5625
25034,25034,99.00,73,84,157,0.46496815286624205,0.535031847133758,No,0.535031847133758
25035,25035,99.00,5,3,8,0.625,0.375,Yes,0.625
25036,25036,99.00,94,58,152,0.618421052631579,0.3815789473684211,Yes,0.618421052631579
25037,25037,99.00,110,72,182,0.6043956043956044,0.3956043956043956,Yes,0.6043956043956044
25038,25038,99.00,57,55,112,0.5089285714285714,0.49107142857142855,Yes,0.5089285714285714
25039,25039,99.00,148,104,252,0.5873015873015873,0.4126984126984127,Yes,0.5873015873015873
25040,25040,99.00,113,135,248,0.45564516129032256,0.5443548387096774,No,0.5443548387096774
25041,25041,99.00,3,0,3,1.0,0.0,Yes,1.0
25042,25042,99.00,0,4,4,0.0,1.0,No,1.0
25043,25043,99.00,119,68,187,0.6363636363636364,0.36363636363636365,Yes,0.6363636363636364
25044,25044,75.00,83,48,131,0.6335877862595419,0.366412213740458,Yes,0.6335877862595419
25045,25045,75.00,59,20,79,0.7468354430379747,0.25316455696202533,Yes,0.7468354430379747
25046,25046,75.00,60,29,89,0.6741573033707865,0.3258426966292135,Yes,0.6741573033707865
25047,25047,99.00,51,19,70,0.7285714285714285,0.2714285714285714,Yes,0.7285714285714285
25048,25048,99.00,49,31,80,0.6125,0.3875,Yes,0.6125
25049,25049,99.00,93,44,137,0.6788321167883211,0.32116788321167883,Yes,0.6788321167883211
25050,25050,99.00,45,22,67,0.6716417910447762,0.3283582089552239,Yes,0.6716417910447762
25051,25051,99.00,44,34,78,0.5641025641025641,0.4358974358974359,Yes,0.5641025641025641
25052,25052,99.00,105,41,146,0.7191780821917808,0.2808219178082192,Yes,0.7191780821917808
25053,25053,99.00,102,37,139,0.7338129496402878,0.26618705035971224,Yes,0.7338129496402878
25054,25054,99.00,127,44,171,0.7426900584795322,0.2573099415204678,Yes,0.7426900584795322
25055,25055,99.00,1,0,1,1.0,0.0,Yes,1.0
25056,25056,99.00,4,0,4,1.0,0.0,Yes,1.0
25057,25057,99.00,127,62,189,0.671957671957672,0.328042328042328,Yes,0.671957671957672
25058,25058,99.00,82,56,138,0.5942028985507246,0.4057971014492754,Yes,0.5942028985507246
25059,25059,99.00,85,49,134,0.6343283582089553,0.3656716417910448,Yes,0.6343283582089553
25060,25060,99.00,0,0,0,0,0,n/a,0
25061,25061,99.00,84,40,124,0.6774193548387096,0.3225806451612903,Yes,0.6774193548387096
25062,25062,99.00,144,70,214,0.6728971962616822,0.32710280373831774,Yes,0.6728971962616822
25063,25063,99.00,95,71,166,0.572289156626506,0.42771084337349397,Yes,0.572289156626506
25064,25064,99.00,9,1,10,0.9,0.1,Yes,0.9
25065,25065,99.00,12,3,15,0.8,0.2,Yes,0.8
25066,25066,99.00,0,1,1,0.0,1.0,No,1.0
25067,25067,99.00,0,0,0,0,0,n/a,0
25068,25068,99.00,5,0,5,1.0,0.0,Yes,1.0
25069,25069,99.00,3,0,3,1.0,0.0,Yes,1.0
25070,25070,99.00,5,0,5,1.0,0.0,Yes,1.0
25071,25071,99.00,2,1,3,0.6666666666666666,0.3333333333333333,Yes,0.6666666666666666
25072,25072,99.00,79,80,159,0.4968553459119497,0.5031446540880503,No,0.5031446540880503
25073,25073,99.00,4,3,7,0.5714285714285714,0.42857142857142855,Yes,0.5714285714285714
25074,25074,99.00,3,0,3,1.0,0.0,Yes,1.0
25075,25075,99.00,8,5,13,0.6153846153846154,0.38461538461538464,Yes,0.6153846153846154
25076,25076,99.00,3,2,5,0.6,0.4,Yes,0.6
25077,25077,99.00,1,5,6,0.16666666666666666,0.8333333333333334,No,0.8333333333333334
25078,25078,99.00,7,4,11,0.6363636363636364,0.36363636363636365,Yes,0.6363636363636364
25079,25079,99.00,1,0,1,1.0,0.0,Yes,1.0
26001,26001,99.00,4,5,9,0.4444444444444444,0.5555555555555556,No,0.5555555555555556
26002,26002,99.00,1,3,4,0.25,0.75,No,0.75
26003,26003,99.00,150,159,309,0.4854368932038835,0.5145631067961165,No,0.5145631067961165
26004,26004,99.00,125,111,236,0.5296610169491526,0.4703389830508475,Yes,0.5296610169491526
26005,26005,99.00,2,0,2,1.0,0.0,Yes,1.0
26006,26006,99.00,117,159,276,0.42391304347826086,0.5760869565217391,No,0.5760869565217391
26007,26007,99.00,9,1,10,0.9,0.1,Yes,0.9
26008,26008,99.00,111,110,221,0.502262443438914,0.497737556561086,Yes,0.502262443438914
26009,26009,99.00,133,113,246,0.540650406504065,0.45934959349593496,Yes,0.540650406504065
26010,26010,99.00,159,138,297,0.5353535353535354,0.46464646464646464,Yes,0.5353535353535354
26011,26011,99.00,170,221,391,0.43478260869565216,0.5652173913043478,No,0.5652173913043478
26012,26012,99.00,11,10,21,0.5238095238095238,0.47619047619047616,Yes,0.5238095238095238
26013,26013,99.00,81,88,169,0.47928994082840237,0.5207100591715976,No,0.5207100591715976
26014,26014,99.00,72,99,171,0.42105263157894735,0.5789473684210527,No,0.5789473684210527
26015,26015,99.00,113,113,226,0.5,0.5,Tie,0.5
26016,26016,99.00,128,98,226,0.5663716814159292,0.4336283185840708,Yes,0.5663716814159292
26017,26017,99.00,105,88,193,0.5440414507772021,0.45595854922279794,Yes,0.5440414507772021
26018,26018,99.00,80,104,184,0.43478260869565216,0.5652173913043478,No,0.5652173913043478
26019,26019,99.00,193,119,312,0.6185897435897436,0.3814102564102564,Yes,0.6185897435897436
26020,26020,99.00,21,13,34,0.6176470588235294,0.38235294117647056,Yes,0.6176470588235294
26021,26021,99.00,161,120,281,0.5729537366548043,0.42704626334519574,Yes,0.5729537366548043
26022,26022,99.00,173,115,288,0.6006944444444444,0.3993055555555556,Yes,0.6006944444444444
26023,26023,99.00,221,98,319,0.6927899686520376,0.3072100313479624,Yes,0.6927899686520376
26024,26024,99.00,26,9,35,0.7428571428571429,0.2571428571428571,Yes,0.7428571428571429
26025,26025,99.00,17,2,19,0.8947368421052632,0.10526315789473684,Yes,0.8947368421052632
26026,26026,99.00,200,114,314,0.6369426751592356,0.3630573248407643,Yes,0.6369426751592356
26027,26027,99.00,19,9,28,0.6785714285714286,0.32142857142857145,Yes,0.6785714285714286
26028,26028,99.00,102,110,212,0.4811320754716981,0.5188679245283019,No,0.5188679245283019
26029,26029,99.00,121,108,229,0.5283842794759825,0.47161572052401746,Yes,0.5283842794759825
26030,26030,99.00,136,125,261,0.5210727969348659,0.4789272030651341,Yes,0.5210727969348659
26031,26031,99.00,105,97,202,0.5198019801980198,0.4801980198019802,Yes,0.5198019801980198
26032,26032,99.00,89,77,166,0.536144578313253,0.463855421686747,Yes,0.536144578313253
26033,26033,99.00,121,80,201,0.6019900497512438,0.39800995024875624,Yes,0.6019900497512438
26034,26034,99.00,98,114,212,0.46226415094339623,0.5377358490566038,No,0.5377358490566038
26035,26035,99.00,77,86,163,0.4723926380368098,0.5276073619631901,No,0.5276073619631901
26036,26036,99.00,2,0,2,1.0,0.0,Yes,1.0
26037,26037,99.00,186,126,312,0.5961538461538461,0.40384615384615385,Yes,0.5961538461538461
26038,26038,99.00,1,2,3,0.3333333333333333,0.6666666666666666,No,0.6666666666666666
26039,26039,99.00,128,111,239,0.5355648535564853,0.46443514644351463,Yes,0.5355648535564853
26040,26040,99.00,145,71,216,0.6712962962962963,0.3287037037037037,Yes,0.6712962962962963
26041,26041,99.00,0,0,0,0,0,n/a,0
26042,26042,99.00,7,4,11,0.6363636363636364,0.36363636363636365,Yes,0.6363636363636364
26043,26043,99.00,2,1,3,0.6666666666666666,0.3333333333333333,Yes,0.6666666666666666
26044,26044,99.00,3,1,4,0.75,0.25,Yes,0.75
26045,26045,99.00,132,69,201,0.6567164179104478,0.34328358208955223,Yes,0.6567164179104478
26046,26046,99.00,268,154,422,0.6350710900473934,0.36492890995260663,Yes,0.6350710900473934
26047,26047,99.00,7,13,20,0.35,0.65,No,0.65
26048,26048,99.00,171,131,302,0.5662251655629139,0.4337748344370861,Yes,0.5662251655629139
26049,26049,99.00,7,4,11,0.6363636363636364,0.36363636363636365,Yes,0.6363636363636364
26050,26050,99.00,19,10,29,0.6551724137931034,0.3448275862068966,Yes,0.6551724137931034
26051,26051,99.00,3,4,7,0.42857142857142855,0.5714285714285714,No,0.5714285714285714
26052,26052,99.00,163,85,248,0.657258064516129,0.34274193548387094,Yes,0.657258064516129
26053,26053,99.00,156,108,264,0.5909090909090909,0.4090909090909091,Yes,0.5909090909090909
26054,26054,99.00,132,88,220,0.6,0.4,Yes,0.6
26055,26055,99.00,97,53,150,0.6466666666666666,0.35333333333333333,Yes,0.6466666666666666
26056,26056,99.00,6,1,7,0.8571428571428571,0.14285714285714285,Yes,0.8571428571428571
26057,26057,99.00,14,0,14,1.0,0.0,Yes,1.0
26058,26058,75.00,133,121,254,0.5236220472440944,0.4763779527559055,Yes,0.5236220472440944
26059,26059,99.00,5,6,11,0.45454545454545453,0.5454545454545454,No,0.5454545454545454
26060,26060,99.00,212,179,391,0.5421994884910486,0.4578005115089514,Yes,0.5421994884910486
26061,26061,75.00,72,78,150,0.48,0.52,No,0.52
26062,26062,75.00,69,52,121,0.5702479338842975,0.4297520661157025,Yes,0.5702479338842975
26063,26063,75.00,81,74,155,0.5225806451612903,0.4774193548387097,Yes,0.5225806451612903
26064,26064,75.00,11,8,19,0.5789473684210527,0.42105263157894735,Yes,0.5789473684210527
26065,26065,99.00,6,7,13,0.46153846153846156,0.5384615384615384,No,0.5384615384615384
26066,26066,99.00,154,152,306,0.5032679738562091,0.49673202614379086,Yes,0.5032679738562091
26067,26067,99.00,157,145,302,0.5198675496688742,0.48013245033112584,Yes,0.5198675496688742
26068,26068,99.00,156,142,298,0.5234899328859061,0.47651006711409394,Yes,0.5234899328859061
26069,26069,99.00,9,4,13,0.6923076923076923,0.3076923076923077,Yes,0.6923076923076923
26070,26070,99.00,168,161,329,0.5106382978723404,0.48936170212765956,Yes,0.5106382978723404
26071,26071,99.00,144,62,206,0.6990291262135923,0.30097087378640774,Yes,0.6990291262135923
26072,26072,99.00,18,6,24,0.75,0.25,Yes,0.75
26073,26073,99.00,255,117,372,0.6854838709677419,0.31451612903225806,Yes,0.6854838709677419
26074,26074,99.00,46,21,67,0.6865671641791045,0.31343283582089554,Yes,0.6865671641791045
26075,26075,99.00,145,109,254,0.5708661417322834,0.42913385826771655,Yes,0.5708661417322834
26076,26076,99.00,7,8,15,0.4666666666666667,0.5333333333333333,No,0.5333333333333333
26077,26077,99.00,0,0,0,0,0,n/a,0
26078,26078,99.00,0,0,0,0,0,n/a,0
26079,26079,99.00,4,2,6,0.6666666666666666,0.3333333333333333,Yes,0.6666666666666666
26080,26080,99.00,7,4,11,0.6363636363636364,0.36363636363636365,Yes,0.6363636363636364
26081,26081,99.00,8,1,9,0.8888888888888888,0.1111111111111111,Yes,0.8888888888888888
26082,26082,99.00,5,0,5,1.0,0.0,Yes,1.0
26083,26083,99.00,104,91,195,0.5333333333333333,0.4666666666666667,Yes,0.5333333333333333
26084,26084,99.00,5,2,7,0.7142857142857143,0.2857142857142857,Yes,0.7142857142857143
26085,26085,99.00,5,4,9,0.5555555555555556,0.4444444444444444,Yes,0.5555555555555556
27001,27001,99.00,97,229,326,0.29754601226993865,0.7024539877300614,No,0.7024539877300614
27002,27002,0.00,2,0,2,1.0,0.0,Yes,1.0
27003,27003,99.00,174,62,236,0.7372881355932204,0.2627118644067797,Yes,0.7372881355932204
27004,27004,99.00,7,2,9,0.7777777777777778,0.2222222222222222,Yes,0.7777777777777778
27005,27005,0.00,15,1,16,0.9375,0.0625,Yes,0.9375
27006,27006,99.00,284,144,428,0.6635514018691588,0.3364485981308411,Yes,0.6635514018691588
27007,27007,99.00,239,68,307,0.7785016286644951,0.22149837133550487,Yes,0.7785016286644951
27008,27008,99.00,233,83,316,0.7373417721518988,0.2626582278481013,Yes,0.7373417721518988
27009,27009,99.00,70,31,101,0.693069306930693,0.3069306930693069,Yes,0.693069306930693
27010,27010,99.00,0,0,0,0,0,n/a,0
27011,27011,99.00,7,0,7,1.0,0.0,Yes,1.0
27012,27012,99.00,96,33,129,0.7441860465116279,0.2558139534883721,Yes,0.7441860465116279
27013,27013,99.00,246,85,331,0.743202416918429,0.256797583081571,Yes,0.743202416918429
27014,27014,99.00,190,66,256,0.7421875,0.2578125,Yes,0.7421875
27015,27015,99.00,14,2,16,0.875,0.125,Yes,0.875
27016,27016,99.00,31,8,39,0.7948717948717948,0.20512820512820512,Yes,0.7948717948717948
27017,27017,99.00,4,1,5,0.8,0.2,Yes,0.8
27018,27018,99.00,0,1,1,0.0,1.0,No,1.0
27019,27019,99.00,10,6,16,0.625,0.375,Yes,0.625
27020,27020,99.00,234,86,320,0.73125,0.26875,Yes,0.73125
27021,27021,99.00,197,78,275,0.7163636363636363,0.28363636363636363,Yes,0.7163636363636363
27022,27022,99.00,13,10,23,0.5652173913043478,0.43478260869565216,Yes,0.5652173913043478
27023,27023,99.00,79,143,222,0.35585585585585583,0.6441441441441441,No,0.6441441441441441
27024,27024,99.00,9,6,15,0.6,0.4,Yes,0.6
27025,27025,99.00,129,298,427,0.30210772833723654,0.6978922716627635,No,0.6978922716627635
27026,27026,99.00,112,175,287,0.3902439024390244,0.6097560975609756,No,0.6097560975609756
27027,27027,99.00,109,194,303,0.35973597359735976,0.6402640264026402,No,0.6402640264026402
27028,27028,99.00,137,135,272,0.5036764705882353,0.4963235294117647,Yes,0.5036764705882353
27029,27029,99.00,0,0,0,0,0,n/a,0
27030,27030,99.00,93,151,244,0.38114754098360654,0.6188524590163934,No,0.6188524590163934
27031,27031,99.00,87,47,134,0.6492537313432836,0.35074626865671643,Yes,0.6492537313432836
27032,27032,99.00,0,0,0,0,0,n/a,0
27033,27033,99.00,1,0,1,1.0,0.0,Yes,1.0
27034,27034,99.00,4,1,5,0.8,0.2,Yes,0.8
27035,27035,99.00,104,29,133,0.7819548872180451,0.21804511278195488,Yes,0.7819548872180451
27036,27036,99.00,0,0,0,0,0,n/a,0
27037,27037,99.00,139,65,204,0.6813725490196079,0.31862745098039214,Yes,0.6813725490196079
27038,27038,99.00,130,69,199,0.6532663316582915,0.34673366834170855,Yes,0.6532663316582915
27039,27039,99.00,176,93,269,0.654275092936803,0.34572490706319703,Yes,0.654275092936803
27040,27040,99.00,3,0,3,1.0,0.0,Yes,1.0
27041,27041,99.00,105,35,140,0.75,0.25,Yes,0.75
27042,27042,99.00,167,101,268,0.6231343283582089,0.376865671641791,Yes,0.6231343283582089
27043,27043,99.00,4,1,5,0.8,0.2,Yes,0.8
27044,27044,99.00,6,0,6,1.0,0.0,Yes,1.0
27045,27045,99.00,97,62,159,0.610062893081761,0.389937106918239,Yes,0.610062893081761
27046,27046,99.00,81,50,131,0.6183206106870229,0.3816793893129771,Yes,0.6183206106870229
27047,27047,99.00,105,36,141,0.7446808510638298,0.2553191489361702,Yes,0.7446808510638298
27048,27048,99.00,0,2,2,0.0,1.0,No,1.0
27049,27049,99.00,5,1,6,0.8333333333333334,0.16666666666666666,Yes,0.8333333333333334
27050,27050,99.00,166,92,258,0.6434108527131783,0.35658914728682173,Yes,0.6434108527131783
27051,27051,99.00,78,112,190,0.4105263157894737,0.5894736842105263,No,0.5894736842105263
27052,27052,99.00,136,79,215,0.6325581395348837,0.3674418604651163,Yes,0.6325581395348837
27053,27053,99.00,110,52,162,0.6790123456790124,0.32098765432098764,Yes,0.6790123456790124
27054,27054,99.00,115,39,154,0.7467532467532467,0.2532467532467532,Yes,0.7467532467532467
27055,27055,99.00,81,36,117,0.6923076923076923,0.3076923076923077,Yes,0.6923076923076923
27056,27056,99.00,2,0,2,1.0,0.0,Yes,1.0
27057,27057,99.00,0,2,2,0.0,1.0,No,1.0
27058,27058,99.00,0,0,0,0,0,n/a,0
27059,27059,99.00,36,67,103,0.34951456310679613,0.6504854368932039,No,0.6504854368932039
27060,27060,99.00,2,0,2,1.0,0.0,Yes,1.0
27061,27061,99.00,96,72,168,0.5714285714285714,0.42857142857142855,Yes,0.5714285714285714
27062,27062,99.00,50,40,90,0.5555555555555556,0.4444444444444444,Yes,0.5555555555555556
27063,27063,99.00,52,33,85,0.611764705882353,0.38823529411764707,Yes,0.611764705882353
27064,27064,99.00,60,39,99,0.6060606060606061,0.3939393939393939,Yes,0.6060606060606061
27065,27065,99.00,77,56,133,0.5789473684210527,0.42105263157894735,Yes,0.5789473684210527
27066,27066,99.00,98,90,188,0.5212765957446809,0.4787234042553192,Yes,0.5212765957446809
27067,27067,99.00,115,104,219,0.5251141552511416,0.4748858447488584,Yes,0.5251141552511416
27068,27068,99.00,83,51,134,0.6194029850746269,0.3805970149253731,Yes,0.6194029850746269
27069,27069,99.00,0,0,0,0,0,n/a,0
27070,27070,99.00,0,0,0,0,0,n/a,0
27071,27071,99.00,0,0,0,0,0,n/a,0
27072,27072,99.00,0,0,0,0,0,n/a,0
27073,27073,99.00,0,0,0,0,0,n/a,0
27074,27074,99.00,0,0,0,0,0,n/a,0
27075,27075,99.00,0,0,0,0,0,n/a,0
27076,27076,99.00,0,0,0,0,0,n/a,0
27077,27077,99.00,0,0,0,0,0,n/a,0
27078,27078,99.00,0,0,0,0,0,n/a,0
27079,27079,99.00,122,72,194,0.6288659793814433,0.3711340206185567,Yes,0.6288659793814433
27080,27080,99.00,4,1,5,0.8,0.2,Yes,0.8
27081,27081,99.00,82,55,137,0.5985401459854015,0.40145985401459855,Yes,0.5985401459854015
27082,27082,0.00,3,0,3,1.0,0.0,Yes,1.0
27083,27083,0.00,11,6,17,0.6470588235294118,0.35294117647058826,Yes,0.6470588235294118
27084,27084,99.00,3,0,3,1.0,0.0,Yes,1.0
27085,27085,99.00,1,2,3,0.3333333333333333,0.6666666666666666,No,0.6666666666666666
27086,27086,99.00,127,44,171,0.7426900584795322,0.2573099415204678,Yes,0.7426900584795322
27087,27087,99.00,0,2,2,0.0,1.0,No,1.0
27088,27088,99.00,8,4,12,0.6666666666666666,0.3333333333333333,Yes,0.6666666666666666
27089,27089,99.00,0,5,5,0.0,1.0,No,1.0
28001,28001,99.00,145,71,216,0.6712962962962963,0.3287037037037037,Yes,0.6712962962962963
28002,28002,99.00,2,1,3,0.6666666666666666,0.3333333333333333,Yes,0.6666666666666666
28003,28003,99.00,155,114,269,0.5762081784386617,0.42379182156133827,Yes,0.5762081784386617
28004,28004,99.00,98,109,207,0.47342995169082125,0.5265700483091788,No,0.5265700483091788
28005,28005,99.00,2,1,3,0.6666666666666666,0.3333333333333333,Yes,0.6666666666666666
28006,28006,99.00,117,67,184,0.6358695652173914,0.3641304347826087,Yes,0.6358695652173914
28007,28007,99.00,8,0,8,1.0,0.0,Yes,1.0
28008,28008,99.00,2,2,4,0.5,0.5,Tie,0.5
28009,28009,99.00,10,2,12,0.8333333333333334,0.16666666666666666,Yes,0.8333333333333334
28010,28010,99.00,160,83,243,0.6584362139917695,0.34156378600823045,Yes,0.6584362139917695
28011,28011,99.00,10,4,14,0.7142857142857143,0.2857142857142857,Yes,0.7142857142857143
28012,28012,99.00,32,0,32,1.0,0.0,Yes,1.0
28013,28013,99.00,2,2,4,0.5,0.5,Tie,0.5
28014,28014,99.00,90,46,136,0.6617647058823529,0.3382352941176471,Yes,0.6617647058823529
28015,28015,99.00,103,107,210,0.49047619047619045,0.5095238095238095,No,0.5095238095238095
28016,28016,99.00,63,149,212,0.2971698113207547,0.7028301886792453,No,0.7028301886792453
28017,28017,99.00,123,184,307,0.4006514657980456,0.5993485342019544,No,0.5993485342019544
28018,28018,99.00,111,62,173,0.6416184971098265,0.3583815028901734,Yes,0.6416184971098265
28019,28019,99.00,253,121,374,0.6764705882352942,0.3235294117647059,Yes,0.6764705882352942
28020,28020,99.00,23,12,35,0.6571428571428571,0.34285714285714286,Yes,0.6571428571428571
28021,28021,99.00,2,0,2,1.0,0.0,Yes,1.0
28022,28022,99.00,304,145,449,0.6770601336302895,0.32293986636971045,Yes,0.6770601336302895
28023,28023,99.00,300,149,449,0.6681514476614699,0.33184855233853006,Yes,0.6681514476614699
28024,28024,99.00,19,5,24,0.7916666666666666,0.20833333333333334,Yes,0.7916666666666666
28025,28025,99.00,187,75,262,0.7137404580152672,0.2862595419847328,Yes,0.7137404580152672
28026,28026,99.00,183,63,246,0.7439024390243902,0.25609756097560976,Yes,0.7439024390243902
28027,28027,99.00,10,3,13,0.7692307692307693,0.23076923076923078,Yes,0.7692307692307693
28028,28028,99.00,250,135,385,0.6493506493506493,0.35064935064935066,Yes,0.6493506493506493
28029,28029,50.00,106,35,141,0.75177304964539,0.24822695035460993,Yes,0.75177304964539
28030,28030,50.00,111,59,170,0.6529411764705882,0.34705882352941175,Yes,0.6529411764705882
28031,28031,99.00,212,80,292,0.726027397260274,0.273972602739726,Yes,0.726027397260274
28032,28032,50.00,6,0,6,1.0,0.0,Yes,1.0
28033,28033,99.00,0,0,0,0,0,n/a,0
28034,28034,99.00,4,0,4,1.0,0.0,Yes,1.0
28035,28035,99.00,226,90,316,0.7151898734177216,0.2848101265822785,Yes,0.7151898734177216
28036,28036,99.00,243,77,320,0.759375,0.240625,Yes,0.759375
28037,28037,99.00,4,5,9,0.4444444444444444,0.5555555555555556,No,0.5555555555555556
28038,28038,99.00,228,120,348,0.6551724137931034,0.3448275862068966,Yes,0.6551724137931034
28039,28039,99.00,15,2,17,0.8823529411764706,0.11764705882352941,Yes,0.8823529411764706
28040,28040,99.00,120,35,155,0.7741935483870968,0.22580645161290322,Yes,0.7741935483870968
28041,28041,99.00,216,89,305,0.7081967213114754,0.29180327868852457,Yes,0.7081967213114754
28042,28042,99.00,210,90,300,0.7,0.3,Yes,0.7
28043,28043,99.00,153,76,229,0.6681222707423581,0.3318777292576419,Yes,0.6681222707423581
28044,28044,99.00,6,1,7,0.8571428571428571,0.14285714285714285,Yes,0.8571428571428571
28045,28045,99.00,3,3,6,0.5,0.5,Tie,0.5
28046,28046,99.00,110,35,145,0.7586206896551724,0.2413793103448276,Yes,0.7586206896551724
28047,28047,99.00,201,96,297,0.6767676767676768,0.32323232323232326,Yes,0.6767676767676768
28048,28048,99.00,241,117,358,0.6731843575418994,0.3268156424581006,Yes,0.6731843575418994
28049,28049,99.00,8,1,9,0.8888888888888888,0.1111111111111111,Yes,0.8888888888888888
28050,28050,99.00,159,78,237,0.6708860759493671,0.3291139240506329,Yes,0.6708860759493671
28051,28051,99.00,160,67,227,0.7048458149779736,0.29515418502202645,Yes,0.7048458149779736
28052,28052,99.00,1,0,1,1.0,0.0,Yes,1.0
28053,28053,99.00,4,3,7,0.5714285714285714,0.42857142857142855,Yes,0.5714285714285714
28054,28054,99.00,122,49,171,0.7134502923976608,0.28654970760233917,Yes,0.7134502923976608
28055,28055,99.00,2,0,2,1.0,0.0,Yes,1.0
28056,28056,99.00,141,43,184,0.7663043478260869,0.23369565217391305,Yes,0.7663043478260869
28057,28057,99.00,1,0,1,1.0,0.0,Yes,1.0
28058,28058,99.00,5,0,5,1.0,0.0,Yes,1.0
28059,28059,99.00,1,1,2,0.5,0.5,Tie,0.5
28060,28060,99.00,4,0,4,1.0,0.0,Yes,1.0
28061,28061,99.00,158,90,248,0.6370967741935484,0.3629032258064516,Yes,0.6370967741935484
28062,28062,99.00,178,67,245,0.726530612244898,0.27346938775510204,Yes,0.726530612244898
28063,28063,99.00,6,1,7,0.8571428571428571,0.14285714285714285,Yes,0.8571428571428571
28064,28064,99.00,140,90,230,0.6086956521739131,0.391304347826087,Yes,0.6086956521739131
28065,28065,99.00,117,62,179,0.6536312849162011,0.3463687150837989,Yes,0.6536312849162011
28066,28066,99.00,156,78,234,0.6666666666666666,0.3333333333333333,Yes,0.6666666666666666
28067,28067,99.00,154,80,234,0.6581196581196581,0.3418803418803419,Yes,0.6581196581196581
28068,28068,99.00,126,118,244,0.5163934426229508,0.48360655737704916,Yes,0.5163934426229508
28069,28069,99.00,135,95,230,0.5869565217391305,0.41304347826086957,Yes,0.5869565217391305
28070,28070,99.00,111,186,297,0.37373737373737376,0.6262626262626263,No,0.6262626262626263
28071,28071,99.00,75,112,187,0.40106951871657753,0.5989304812834224,No,0.5989304812834224
28072,28072,99.00,84,91,175,0.48,0.52,No,0.52
28073,28073,99.00,63,81,144,0.4375,0.5625,No,0.5625
28074,28074,99.00,2,4,6,0.3333333333333333,0.6666666666666666,No,0.6666666666666666
28075,28075,99.00,135,225,360,0.375,0.625,No,0.625
28076,28076,99.00,87,141,228,0.3815789473684211,0.618421052631579,No,0.618421052631579
28077,28077,99.00,75,111,186,0.4032258064516129,0.5967741935483871,No,0.5967741935483871
28078,28078,99.00,61,34,95,0.6421052631578947,0.35789473684210527,Yes,0.6421052631578947
28079,28079,99.00,0,0,0,0,0,n/a,0
28080,28080,99.00,5,3,8,0.625,0.375,Yes,0.625
28081,28081,99.00,11,3,14,0.7857142857142857,0.21428571428571427,Yes,0.7857142857142857
28082,28082,99.00,4,1,5,0.8,0.2,Yes,0.8
28083,28083,99.00,90,73,163,0.5521472392638037,0.44785276073619634,Yes,0.5521472392638037
28084,28084,99.00,9,1,10,0.9,0.1,Yes,0.9
28085,28085,99.00,0,0,0,0,0,n/a,0
28086,28086,99.00,3,1,4,0.75,0.25,Yes,0.75
28087,28087,99.00,10,2,12,0.8333333333333334,0.16666666666666666,Yes,0.8333333333333334
28088,28088,99.00,0,2,2,0.0,1.0,No,1.0
28089,28089,99.00,0,2,2,0.0,1.0,No,1.0
29001,29001,99.00,6,4,10,0.6,0.4,Yes,0.6
29002,29002,99.00,131,21,152,0.8618421052631579,0.13815789473684212,Yes,0.8618421052631579
29003,29003,99.00,166,20,186,0.8924731182795699,0.10752688172043011,Yes,0.8924731182795699
29004,29004,99.00,103,22,125,0.824,0.176,Yes,0.824
29005,29005,99.00,1,1,2,0.5,0.5,Tie,0.5
29006,29006,99.00,2,1,3,0.6666666666666666,0.3333333333333333,Yes,0.6666666666666666
29007,29007,99.00,1,0,1,1.0,0.0,Yes,1.0
29008,29008,99.00,2,1,3,0.6666666666666666,0.3333333333333333,Yes,0.6666666666666666
29009,29009,99.00,74,18,92,0.8043478260869565,0.1956521739130435,Yes,0.8043478260869565
29010,29010,99.00,52,7,59,0.8813559322033898,0.11864406779661017,Yes,0.8813559322033898
29011,29011,99.00,80,8,88,0.9090909090909091,0.09090909090909091,Yes,0.9090909090909091
29012,29012,99.00,89,31,120,0.7416666666666667,0.25833333333333336,Yes,0.7416666666666667
29013,29013,99.00,148,46,194,0.7628865979381443,0.23711340206185566,Yes,0.7628865979381443
29014,29014,99.00,2,0,2,1.0,0.0,Yes,1.0
29015,29015,99.00,75,11,86,0.872093023255814,0.12790697674418605,Yes,0.872093023255814
29016,29016,99.00,56,15,71,0.7887323943661971,0.2112676056338028,Yes,0.7887323943661971
29017,29017,99.00,131,30,161,0.8136645962732919,0.18633540372670807,Yes,0.8136645962732919
29018,29018,99.00,143,42,185,0.772972972972973,0.22702702702702704,Yes,0.772972972972973
29019,29019,99.00,5,3,8,0.625,0.375,Yes,0.625
29020,29020,99.00,6,2,8,0.75,0.25,Yes,0.75
29021,29021,99.00,3,1,4,0.75,0.25,Yes,0.75
29022,29022,99.00,10,0,10,1.0,0.0,Yes,1.0
29023,29023,80.00,140,63,203,0.6896551724137931,0.3103448275862069,Yes,0.6896551724137931
29024,29024,80.00,146,105,251,0.5816733067729084,0.41832669322709165,Yes,0.5816733067729084
29025,29025,80.00,147,73,220,0.6681818181818182,0.33181818181818185,Yes,0.6681818181818182
29026,29026,80.00,155,68,223,0.695067264573991,0.30493273542600896,Yes,0.695067264573991
29027,29027,0.00,7,2,9,0.7777777777777778,0.2222222222222222,Yes,0.7777777777777778
29028,29028,0.00,12,2,14,0.8571428571428571,0.14285714285714285,Yes,0.8571428571428571
29029,29029,99.00,116,44,160,0.725,0.275,Yes,0.725
29030,29030,99.00,149,44,193,0.772020725388601,0.22797927461139897,Yes,0.772020725388601
29031,29031,99.00,139,48,187,0.7433155080213903,0.25668449197860965,Yes,0.7433155080213903
29032,29032,99.00,131,46,177,0.7401129943502824,0.2598870056497175,Yes,0.7401129943502824
29033,29033,0.00,20,3,23,0.8695652173913043,0.13043478260869565,Yes,0.8695652173913043
29034,29034,0.00,6,4,10,0.6,0.4,Yes,0.6
29035,29035,99.00,97,42,139,0.697841726618705,0.302158273381295,Yes,0.697841726618705
29036,29036,99.00,108,20,128,0.84375,0.15625,Yes,0.84375
29037,29037,99.00,4,3,7,0.5714285714285714,0.42857142857142855,Yes,0.5714285714285714
29038,29038,99.00,147,25,172,0.8546511627906976,0.14534883720930233,Yes,0.8546511627906976
29039,29039,99.00,3,0,3,1.0,0.0,Yes,1.0
29040,29040,99.00,7,1,8,0.875,0.125,Yes,0.875
29041,29041,99.00,9,5,14,0.6428571428571429,0.35714285714285715,Yes,0.6428571428571429
29042,29042,99.00,176,39,215,0.8186046511627907,0.1813953488372093,Yes,0.8186046511627907
29043,29043,99.00,5,0,5,1.0,0.0,Yes,1.0
29044,29044,99.00,171,49,220,0.7772727272727272,0.22272727272727272,Yes,0.7772727272727272
29045,29045,99.00,216,60,276,0.782608695652174,0.21739130434782608,Yes,0.782608695652174
29046,29046,99.00,81,20,101,0.801980198019802,0.19801980198019803,Yes,0.801980198019802
29047,29047,99.00,166,47,213,0.7793427230046949,0.22065727699530516,Yes,0.7793427230046949
29048,29048,99.00,7,0,7,1.0,0.0,Yes,1.0
29049,29049,99.00,154,46,200,0.77,0.23,Yes,0.77
29050,29050,99.00,113,34,147,0.7687074829931972,0.23129251700680273,Yes,0.7687074829931972
29051,29051,99.00,247,73,320,0.771875,0.228125,Yes,0.771875
29052,29052,99.00,178,77,255,0.6980392156862745,0.30196078431372547,Yes,0.6980392156862745
29053,29053,99.00,5,1,6,0.8333333333333334,0.16666666666666666,Yes,0.8333333333333334
29054,29054,99.00,182,54,236,0.7711864406779662,0.2288135593220339,Yes,0.7711864406779662
29055,29055,99.00,136,50,186,0.7311827956989247,0.26881720430107525,Yes,0.7311827956989247
29056,29056,99.00,85,35,120,0.7083333333333334,0.2916666666666667,Yes,0.7083333333333334
29057,29057,99.00,125,44,169,0.7396449704142012,0.2603550295857988,Yes,0.7396449704142012
29058,29058,99.00,123,47,170,0.7235294117647059,0.27647058823529413,Yes,0.7235294117647059
29059,29059,99.00,141,73,214,0.6588785046728972,0.3411214953271028,Yes,0.6588785046728972
29060,29060,99.00,158,63,221,0.7149321266968326,0.2850678733031674,Yes,0.7149321266968326
29061,29061,99.00,165,62,227,0.7268722466960352,0.27312775330396477,Yes,0.7268722466960352
29062,29062,99.00,183,60,243,0.7530864197530864,0.24691358024691357,Yes,0.7530864197530864
29063,29063,99.00,157,62,219,0.7168949771689498,0.2831050228310502,Yes,0.7168949771689498
29064,29064,99.00,118,46,164,0.7195121951219512,0.2804878048780488,Yes,0.7195121951219512
29065,29065,99.00,128,49,177,0.7231638418079096,0.2768361581920904,Yes,0.7231638418079096
29066,29066,99.00,109,47,156,0.6987179487179487,0.30128205128205127,Yes,0.6987179487179487
29067,29067,99.00,110,51,161,0.6832298136645962,0.3167701863354037,Yes,0.6832298136645962
29068,29068,99.00,95,38,133,0.7142857142857143,0.2857142857142857,Yes,0.7142857142857143
29069,29069,99.00,3,1,4,0.75,0.25,Yes,0.75
29070,29070,99.00,6,1,7,0.8571428571428571,0.14285714285714285,Yes,0.8571428571428571
29071,29071,99.00,3,2,5,0.6,0.4,Yes,0.6
29072,29072,99.00,50,20,70,0.7142857142857143,0.2857142857142857,Yes,0.7142857142857143
29073,29073,99.00,2,0,2,1.0,0.0,Yes,1.0
29074,29074,99.00,8,0,8,1.0,0.0,Yes,1.0
29075,29075,0.00,2,3,5,0.4,0.6,No,0.6
29076,29076,99.00,103,43,146,0.7054794520547946,0.2945205479452055,Yes,0.7054794520547946
29077,29077,99.00,0,1,1,0.0,1.0,No,1.0
29078,29078,99.00,3,1,4,0.75,0.25,Yes,0.75
29079,29079,99.00,121,48,169,0.7159763313609467,0.28402366863905326,Yes,0.7159763313609467
29080,29080,99.00,6,0,6,1.0,0.0,Yes,1.0
30001,30001,99.00,6,1,7,0.8571428571428571,0.14285714285714285,Yes,0.8571428571428571
30002,30002,99.00,53,29,82,0.6463414634146342,0.35365853658536583,Yes,0.6463414634146342
30003,30003,99.00,1,0,1,1.0,0.0,Yes,1.0
30004,30004,99.00,68,110,178,0.38202247191011235,0.6179775280898876,No,0.6179775280898876
30005,30005,99.00,90,145,235,0.3829787234042553,0.6170212765957447,No,0.6170212765957447
30006,30006,99.00,98,135,233,0.4206008583690987,0.5793991416309013,No,0.5793991416309013
30007,30007,99.00,84,123,207,0.4057971014492754,0.5942028985507246,No,0.5942028985507246
30008,30008,99.00,135,108,243,0.5555555555555556,0.4444444444444444,Yes,0.5555555555555556
30009,30009,99.00,88,122,210,0.41904761904761906,0.580952380952381,No,0.580952380952381
30010,30010,99.00,127,114,241,0.5269709543568465,0.4730290456431535,Yes,0.5269709543568465
30011,30011,99.00,101,134,235,0.4297872340425532,0.5702127659574469,No,0.5702127659574469
30012,30012,99.00,71,116,187,0.37967914438502676,0.6203208556149733,No,0.6203208556149733
30013,30013,99.00,75,74,149,0.5033557046979866,0.4966442953020134,Yes,0.5033557046979866
30014,30014,99.00,73,92,165,0.44242424242424244,0.5575757575757576,No,0.5575757575757576
30015,30015,99.00,69,121,190,0.3631578947368421,0.6368421052631579,No,0.6368421052631579
30016,30016,99.00,54,57,111,0.4864864864864865,0.5135135135135135,No,0.5135135135135135
30017,30017,99.00,102,95,197,0.5177664974619289,0.48223350253807107,Yes,0.5177664974619289
30018,30018,99.00,98,106,204,0.4803921568627451,0.5196078431372549,No,0.5196078431372549
30019,30019,99.00,47,38,85,0.5529411764705883,0.4470588235294118,Yes,0.5529411764705883
30020,30020,99.00,9,2,11,0.8181818181818182,0.18181818181818182,Yes,0.8181818181818182
30021,30021,99.00,117,120,237,0.4936708860759494,0.5063291139240507,No,0.5063291139240507
30022,30022,99.00,2,1,3,0.6666666666666666,0.3333333333333333,Yes,0.6666666666666666
30023,30023,99.00,164,122,286,0.5734265734265734,0.42657342657342656,Yes,0.5734265734265734
30024,30024,99.00,146,105,251,0.5816733067729084,0.41832669322709165,Yes,0.5816733067729084
30025,30025,99.00,128,86,214,0.5981308411214953,0.40186915887850466,Yes,0.5981308411214953
30026,30026,99.00,55,73,128,0.4296875,0.5703125,No,0.5703125
30027,30027,99.00,141,121,262,0.5381679389312977,0.4618320610687023,Yes,0.5381679389312977
30028,30028,99.00,0,0,0,0,0,n/a,0
30029,30029,99.00,0,0,0,0,0,n/a,0
30030,30030,99.00,133,82,215,0.6186046511627907,0.3813953488372093,Yes,0.6186046511627907
30031,30031,99.00,5,0,5,1.0,0.0,Yes,1.0
30032,30032,99.00,0,1,1,0.0,1.0,No,1.0
30033,30033,99.00,4,0,4,1.0,0.0,Yes,1.0
30034,30034,99.00,0,0,0,0,0,n/a,0
30035,30035,99.00,0,0,0,0,0,n/a,0
30036,30036,99.00,0,2,2,0.0,1.0,No,1.0
30037,30037,99.00,5,1,6,0.8333333333333334,0.16666666666666666,Yes,0.8333333333333334
30038,30038,99.00,267,41,308,0.8668831168831169,0.1331168831168831,Yes,0.8668831168831169
30039,30039,99.00,128,91,219,0.5844748858447488,0.4155251141552511,Yes,0.5844748858447488
30040,30040,99.00,147,86,233,0.630901287553648,0.36909871244635195,Yes,0.630901287553648
30041,30041,99.00,111,43,154,0.7207792207792207,0.2792207792207792,Yes,0.7207792207792207
30042,30042,99.00,6,0,6,1.0,0.0,Yes,1.0
30043,30043,99.00,3,1,4,0.75,0.25,Yes,0.75
30044,30044,99.00,207,57,264,0.7840909090909091,0.2159090909090909,Yes,0.7840909090909091
30045,30045,99.00,73,31,104,0.7019230769230769,0.2980769230769231,Yes,0.7019230769230769
30046,30046,99.00,167,33,200,0.835,0.165,Yes,0.835
30047,30047,99.00,134,35,169,0.7928994082840237,0.20710059171597633,Yes,0.7928994082840237
30048,30048,99.00,187,130,317,0.5899053627760252,0.41009463722397477,Yes,0.5899053627760252
30049,30049,99.00,192,42,234,0.8205128205128205,0.1794871794871795,Yes,0.8205128205128205
30050,30050,80.00,236,52,288,0.8194444444444444,0.18055555555555555,Yes,0.8194444444444444
30051,30051,99.00,130,38,168,0.7738095238095238,0.2261904761904762,Yes,0.7738095238095238
30052,30052,99.00,90,22,112,0.8035714285714286,0.19642857142857142,Yes,0.8035714285714286
30053,30053,99.00,2,2,4,0.5,0.5,Tie,0.5
30054,30054,99.00,0,0,0,0,0,n/a,0
30055,30055,99.00,125,50,175,0.7142857142857143,0.2857142857142857,Yes,0.7142857142857143
30056,30056,99.00,30,9,39,0.7692307692307693,0.23076923076923078,Yes,0.7692307692307693
30057,30057,99.00,6,0,6,1.0,0.0,Yes,1.0
30058,30058,99.00,124,29,153,0.8104575163398693,0.1895424836601307,Yes,0.8104575163398693
30059,30059,99.00,88,29,117,0.7521367521367521,0.24786324786324787,Yes,0.7521367521367521
30060,30060,99.00,114,47,161,0.7080745341614907,0.2919254658385093,Yes,0.7080745341614907
30061,30061,99.00,299,143,442,0.6764705882352942,0.3235294117647059,Yes,0.6764705882352942
30062,30062,99.00,214,42,256,0.8359375,0.1640625,Yes,0.8359375
30063,30063,99.00,14,1,15,0.9333333333333333,0.06666666666666667,Yes,0.9333333333333333
30064,30064,99.00,7,0,7,1.0,0.0,Yes,1.0
30065,30065,99.00,279,116,395,0.7063291139240506,0.2936708860759494,Yes,0.7063291139240506
30066,30066,99.00,24,2,26,0.9230769230769231,0.07692307692307693,Yes,0.9230769230769231
30067,30067,99.00,162,35,197,0.8223350253807107,0.17766497461928935,Yes,0.8223350253807107
30068,30068,99.00,200,43,243,0.823045267489712,0.17695473251028807,Yes,0.823045267489712
30069,30069,99.00,266,49,315,0.8444444444444444,0.15555555555555556,Yes,0.8444444444444444
30070,30070,99.00,0,0,0,0,0,n/a,0
30071,30071,99.00,0,0,0,0,0,n/a,0
30072,30072,99.00,0,0,0,0,0,n/a,0
30073,30073,99.00,74,112,186,0.3978494623655914,0.6021505376344086,No,0.6021505376344086
30074,30074,99.00,0,0,0,0,0,n/a,0
30075,30075,99.00,2,0,2,1.0,0.0,Yes,1.0
30076,30076,99.00,172,45,217,0.7926267281105991,0.2073732718894009,Yes,0.7926267281105991
30077,30077,99.00,115,39,154,0.7467532467532467,0.2532467532467532,Yes,0.7467532467532467
30078,30078,99.00,23,3,26,0.8846153846153846,0.11538461538461539,Yes,0.8846153846153846
30079,30079,99.00,13,2,15,0.8666666666666667,0.13333333333333333,Yes,0.8666666666666667
30080,30080,80.00,5,1,6,0.8333333333333334,0.16666666666666666,Yes,0.8333333333333334
30081,30081,99.00,80,56,136,0.5882352941176471,0.4117647058823529,Yes,0.5882352941176471
30082,30082,99.00,147,56,203,0.7241379310344828,0.27586206896551724,Yes,0.7241379310344828
31001,31001,99.00,91,37,128,0.7109375,0.2890625,Yes,0.7109375
31002,31002,99.00,5,1,6,0.8333333333333334,0.16666666666666666,Yes,0.8333333333333334
31003,31003,99.00,60,24,84,0.7142857142857143,0.2857142857142857,Yes,0.7142857142857143
31004,31004,99.00,61,24,85,0.7176470588235294,0.2823529411764706,Yes,0.7176470588235294
31005,31005,99.00,60,21,81,0.7407407407407407,0.25925925925925924,Yes,0.7407407407407407
31006,31006,99.00,0,0,0,0,0,n/a,0
31007,31007,99.00,50,13,63,0.7936507936507936,0.20634920634920634,Yes,0.7936507936507936
31008,31008,99.00,43,27,70,0.6142857142857143,0.38571428571428573,Yes,0.6142857142857143
31009,31009,99.00,41,12,53,0.7735849056603774,0.22641509433962265,Yes,0.7735849056603774
31010,31010,99.00,95,12,107,0.8878504672897196,0.11214953271028037,Yes,0.8878504672897196
31011,31011,99.00,76,28,104,0.7307692307692307,0.2692307692307692,Yes,0.7307692307692307
31012,31012,99.00,56,13,69,0.8115942028985508,0.18840579710144928,Yes,0.8115942028985508
31013,31013,99.00,48,25,73,0.6575342465753424,0.3424657534246575,Yes,0.6575342465753424
31014,31014,99.00,71,15,86,0.8255813953488372,0.1744186046511628,Yes,0.8255813953488372
31015,31015,99.00,132,34,166,0.7951807228915663,0.20481927710843373,Yes,0.7951807228915663
31016,31016,99.00,4,3,7,0.5714285714285714,0.42857142857142855,Yes,0.5714285714285714
31017,31017,99.00,84,19,103,0.8155339805825242,0.18446601941747573,Yes,0.8155339805825242
31018,31018,99.00,88,30,118,0.7457627118644068,0.2542372881355932,Yes,0.7457627118644068
31019,31019,99.00,123,21,144,0.8541666666666666,0.14583333333333334,Yes,0.8541666666666666
31020,31020,99.00,1,0,1,1.0,0.0,Yes,1.0
31021,31021,99.00,104,30,134,0.7761194029850746,0.22388059701492538,Yes,0.7761194029850746
31022,31022,99.00,40,14,54,0.7407407407407407,0.25925925925925924,Yes,0.7407407407407407
31023,31023,99.00,114,44,158,0.7215189873417721,0.27848101265822783,Yes,0.7215189873417721
31024,31024,99.00,109,42,151,0.7218543046357616,0.2781456953642384,Yes,0.7218543046357616
31025,31025,99.00,80,31,111,0.7207207207207207,0.27927927927927926,Yes,0.7207207207207207
31026,31026,99.00,9,2,11,0.8181818181818182,0.18181818181818182,Yes,0.8181818181818182
31027,31027,99.00,4,7,11,0.36363636363636365,0.6363636363636364,No,0.6363636363636364
31028,31028,99.00,5,1,6,0.8333333333333334,0.16666666666666666,Yes,0.8333333333333334
31029,31029,99.00,5,0,5,1.0,0.0,Yes,1.0
31030,31030,99.00,0,0,0,0,0,n/a,0
31031,31031,99.00,1,0,1,1.0,0.0,Yes,1.0
31032,31032,99.00,97,28,125,0.776,0.224,Yes,0.776
31033,31033,99.00,6,2,8,0.75,0.25,Yes,0.75
31034,31034,99.00,146,43,189,0.7724867724867724,0.2275132275132275,Yes,0.7724867724867724
31035,31035,99.00,111,33,144,0.7708333333333334,0.22916666666666666,Yes,0.7708333333333334
31036,31036,99.00,99,32,131,0.7557251908396947,0.24427480916030533,Yes,0.7557251908396947
31037,31037,99.00,110,32,142,0.7746478873239436,0.22535211267605634,Yes,0.7746478873239436
31038,31038,99.00,265,53,318,0.8333333333333334,0.16666666666666666,Yes,0.8333333333333334
31039,31039,99.00,110,56,166,0.6626506024096386,0.3373493975903614,Yes,0.6626506024096386
31040,31040,99.00,121,39,160,0.75625,0.24375,Yes,0.75625
31041,31041,99.00,121,29,150,0.8066666666666666,0.19333333333333333,Yes,0.8066666666666666
31042,31042,99.00,177,55,232,0.7629310344827587,0.23706896551724138,Yes,0.7629310344827587
31043,31043,99.00,5,0,5,1.0,0.0,Yes,1.0
31044,31044,99.00,146,37,183,0.7978142076502732,0.20218579234972678,Yes,0.7978142076502732
31045,31045,99.00,208,55,263,0.7908745247148289,0.20912547528517111,Yes,0.7908745247148289
31046,31046,99.00,159,49,208,0.7644230769230769,0.23557692307692307,Yes,0.7644230769230769
31047,31047,99.00,117,30,147,0.7959183673469388,0.20408163265306123,Yes,0.7959183673469388
31048,31048,99.00,12,0,12,1.0,0.0,Yes,1.0
31049,31049,99.00,127,33,160,0.79375,0.20625,Yes,0.79375
31050,31050,99.00,1,1,2,0.5,0.5,Tie,0.5
31051,31051,99.00,98,23,121,0.8099173553719008,0.19008264462809918,Yes,0.8099173553719008
31052,31052,99.00,133,41,174,0.764367816091954,0.23563218390804597,Yes,0.764367816091954
31053,31053,99.00,92,29,121,0.7603305785123967,0.2396694214876033,Yes,0.7603305785123967
31054,31054,99.00,103,38,141,0.7304964539007093,0.2695035460992908,Yes,0.7304964539007093
31055,31055,99.00,118,32,150,0.7866666666666666,0.21333333333333335,Yes,0.7866666666666666
31056,31056,99.00,71,18,89,0.797752808988764,0.20224719101123595,Yes,0.797752808988764
31057,31057,99.00,90,28,118,0.7627118644067796,0.23728813559322035,Yes,0.7627118644067796
31058,31058,99.00,144,33,177,0.8135593220338984,0.1864406779661017,Yes,0.8135593220338984
31059,31059,99.00,68,16,84,0.8095238095238095,0.19047619047619047,Yes,0.8095238095238095
31060,31060,99.00,0,0,0,0,0,n/a,0
31061,31061,99.00,0,0,0,0,0,n/a,0
31062,31062,0.00,3,0,3,1.0,0.0,Yes,1.0
31063,31063,0.00,9,0,9,1.0,0.0,Yes,1.0
31064,31064,99.00,5,1,6,0.8333333333333334,0.16666666666666666,Yes,0.8333333333333334
31065,31065,99.00,0,0,0,0,0,n/a,0
31066,31066,99.00,0,0,0,0,0,n/a,0
31067,31067,99.00,0,0,0,0,0,n/a,0
31068,31068,99.00,0,0,0,0,0,n/a,0
31069,31069,99.00,0,0,0,0,0,n/a,0
31070,31070,99.00,0,0,0,0,0,n/a,0
31071,31071,99.00,0,0,0,0,0,n/a,0
31072,31072,99.00,0,0,0,0,0,n/a,0
31073,31073,99.00,0,0,0,0,0,n/a,0
31074,31074,99.00,0,0,0,0,0,n/a,0
31075,31075,99.00,0,0,0,0,0,n/a,0
31076,31076,99.00,0,0,0,0,0,n/a,0
31077,31077,99.00,0,0,0,0,0,n/a,0
31078,31078,99.00,85,23,108,0.7870370370370371,0.21296296296296297,Yes,0.7870370370370371
31079,31079,99.00,98,16,114,0.8596491228070176,0.14035087719298245,Yes,0.8596491228070176
31080,31080,99.00,0,0,0,0,0,n/a,0
31081,31081,99.00,1,1,2,0.5,0.5,Tie,0.5
31082,31082,99.00,74,21,95,0.7789473684210526,0.22105263157894736,Yes,0.7789473684210526
31083,31083,99.00,2,2,4,0.5,0.5,Tie,0.5
31084,31084,99.00,2,3,5,0.4,0.6,No,0.6
31085,31085,99.00,11,1,12,0.9166666666666666,0.08333333333333333,Yes,0.9166666666666666
31086,31086,99.00,115,24,139,0.8273381294964028,0.17266187050359713,Yes,0.8273381294964028
32001,32001,66.67,103,9,112,0.9196428571428571,0.08035714285714286,Yes,0.9196428571428571
32002,32002,66.67,1,0,1,1.0,0.0,Yes,1.0
32003,32003,99.00,137,33,170,0.8058823529411765,0.19411764705882353,Yes,0.8058823529411765
32004,32004,99.00,133,32,165,0.806060606060606,0.19393939393939394,Yes,0.806060606060606
32005,32005,66.67,110,16,126,0.873015873015873,0.12698412698412698,Yes,0.873015873015873
32006,32006,99.00,145,37,182,0.7967032967032966,0.2032967032967033,Yes,0.7967032967032966
32007,32007,66.67,1,0,1,1.0,0.0,Yes,1.0
32008,32008,66.67,0,0,0,0,0,n/a,0
32009,32009,99.00,0,0,0,0,0,n/a,0
32010,32010,99.00,0,0,0,0,0,n/a,0
32011,32011,99.00,151,23,174,0.867816091954023,0.13218390804597702,Yes,0.867816091954023
32012,32012,75.00,0,0,0,0,0,n/a,0
32013,32013,75.00,1,0,1,1.0,0.0,Yes,1.0
32014,32014,99.00,1,0,1,1.0,0.0,Yes,1.0
32015,32015,75.00,9,2,11,0.8181818181818182,0.18181818181818182,Yes,0.8181818181818182
32016,32016,75.00,119,18,137,0.8686131386861314,0.13138686131386862,Yes,0.8686131386861314
32017,32017,75.00,86,16,102,0.8431372549019608,0.1568627450980392,Yes,0.8431372549019608
32018,32018,75.00,53,11,64,0.828125,0.171875,Yes,0.828125
32019,32019,99.00,2,0,2,1.0,0.0,Yes,1.0
32020,32020,99.00,37,12,49,0.7551020408163265,0.24489795918367346,Yes,0.7551020408163265
32021,32021,75.00,78,15,93,0.8387096774193549,0.16129032258064516,Yes,0.8387096774193549
32022,32022,99.00,3,3,6,0.5,0.5,Tie,0.5
32023,32023,75.00,123,26,149,0.825503355704698,0.174496644295302,Yes,0.825503355704698
32024,32024,75.00,0,1,1,0.0,1.0,No,1.0
32025,32025,99.00,137,36,173,0.791907514450867,0.20809248554913296,Yes,0.791907514450867
32026,32026,75.00,4,3,7,0.5714285714285714,0.42857142857142855,Yes,0.5714285714285714
32027,32027,75.00,97,19,116,0.8362068965517241,0.16379310344827586,Yes,0.8362068965517241
32028,32028,99.00,148,37,185,0.8,0.2,Yes,0.8
32029,32029,83.33,88,33,121,0.7272727272727273,0.2727272727272727,Yes,0.7272727272727273
32030,32030,83.33,71,44,115,0.6173913043478261,0.3826086956521739,Yes,0.6173913043478261
32031,32031,99.00,78,24,102,0.7647058823529411,0.23529411764705882,Yes,0.7647058823529411
32032,32032,99.00,37,19,56,0.6607142857142857,0.3392857142857143,Yes,0.6607142857142857
32033,32033,83.33,98,32,130,0.7538461538461538,0.24615384615384617,Yes,0.7538461538461538
32034,32034,83.33,101,38,139,0.7266187050359713,0.2733812949640288,Yes,0.7266187050359713
32035,32035,83.33,81,21,102,0.7941176470588235,0.20588235294117646,Yes,0.7941176470588235
32036,32036,99.00,88,19,107,0.822429906542056,0.17757009345794392,Yes,0.822429906542056
32037,32037,99.00,147,46,193,0.7616580310880829,0.23834196891191708,Yes,0.7616580310880829
32038,32038,99.00,131,38,169,0.7751479289940828,0.22485207100591717,Yes,0.7751479289940828
32039,32039,99.00,109,22,131,0.8320610687022901,0.16793893129770993,Yes,0.8320610687022901
32040,32040,99.00,153,27,180,0.85,0.15,Yes,0.85
32041,32041,99.00,163,70,233,0.6995708154506438,0.30042918454935624,Yes,0.6995708154506438
32042,32042,99.00,100,35,135,0.7407407407407407,0.25925925925925924,Yes,0.7407407407407407
32043,32043,99.00,128,22,150,0.8533333333333334,0.14666666666666667,Yes,0.8533333333333334
32044,32044,99.00,0,1,1,0.0,1.0,No,1.0
32045,32045,99.00,183,44,227,0.8061674008810573,0.19383259911894274,Yes,0.8061674008810573
32046,32046,99.00,166,58,224,0.7410714285714286,0.25892857142857145,Yes,0.7410714285714286
32047,32047,99.00,138,54,192,0.71875,0.28125,Yes,0.71875
32048,32048,99.00,3,0,3,1.0,0.0,Yes,1.0
32049,32049,99.00,100,39,139,0.7194244604316546,0.2805755395683453,Yes,0.7194244604316546
32050,32050,99.00,102,31,133,0.7669172932330827,0.23308270676691728,Yes,0.7669172932330827
32051,32051,99.00,123,38,161,0.7639751552795031,0.2360248447204969,Yes,0.7639751552795031
32052,32052,99.00,100,31,131,0.7633587786259542,0.2366412213740458,Yes,0.7633587786259542
32053,32053,99.00,94,25,119,0.7899159663865546,0.21008403361344538,Yes,0.7899159663865546
32054,32054,99.00,197,62,259,0.7606177606177607,0.23938223938223938,Yes,0.7606177606177607
32055,32055,99.00,4,4,8,0.5,0.5,Tie,0.5
32056,32056,99.00,1,1,2,0.5,0.5,Tie,0.5
32057,32057,99.00,144,39,183,0.7868852459016393,0.21311475409836064,Yes,0.7868852459016393
32058,32058,99.00,141,43,184,0.7663043478260869,0.23369565217391305,Yes,0.7663043478260869
32059,32059,99.00,108,32,140,0.7714285714285715,0.22857142857142856,Yes,0.7714285714285715
32060,32060,99.00,188,73,261,0.7203065134099617,0.2796934865900383,Yes,0.7203065134099617
32061,32061,99.00,4,4,8,0.5,0.5,Tie,0.5
32062,32062,99.00,180,73,253,0.7114624505928854,0.2885375494071146,Yes,0.7114624505928854
32063,32063,99.00,244,98,342,0.7134502923976608,0.28654970760233917,Yes,0.7134502923976608
32064,32064,75.00,208,68,276,0.7536231884057971,0.2463768115942029,Yes,0.7536231884057971
32065,32065,75.00,42,12,54,0.7777777777777778,0.2222222222222222,Yes,0.7777777777777778
32066,32066,75.00,198,73,271,0.7306273062730627,0.2693726937269373,Yes,0.7306273062730627
32067,32067,75.00,51,21,72,0.7083333333333334,0.2916666666666667,Yes,0.7083333333333334
32068,32068,99.00,146,60,206,0.7087378640776699,0.2912621359223301,Yes,0.7087378640776699
32069,32069,99.00,281,104,385,0.7298701298701299,0.2701298701298701,Yes,0.7298701298701299
32070,32070,99.00,29,9,38,0.7631578947368421,0.23684210526315788,Yes,0.7631578947368421
32071,32071,75.00,97,41,138,0.7028985507246377,0.2971014492753623,Yes,0.7028985507246377
32072,32072,99.00,82,32,114,0.7192982456140351,0.2807017543859649,Yes,0.7192982456140351
32073,32073,0.00,17,7,24,0.7083333333333334,0.2916666666666667,Yes,0.7083333333333334
32074,32074,0.00,1,0,1,1.0,0.0,Yes,1.0
32075,32075,99.00,125,46,171,0.7309941520467836,0.26900584795321636,Yes,0.7309941520467836
32076,32076,99.00,0,0,0,0,0,n/a,0
32077,32077,75.00,79,17,96,0.8229166666666666,0.17708333333333334,Yes,0.8229166666666666
32078,32078,99.00,6,1,7,0.8571428571428571,0.14285714285714285,Yes,0.8571428571428571
32079,32079,99.00,153,86,239,0.6401673640167364,0.3598326359832636,Yes,0.6401673640167364
32080,32080,66.67,4,0,4,1.0,0.0,Yes,1.0
32081,32081,99.00,3,3,6,0.5,0.5,Tie,0.5
32082,32082,83.33,126,28,154,0.8181818181818182,0.18181818181818182,Yes,0.8181818181818182
32083,32083,83.33,7,0,7,1.0,0.0,Yes,1.0
32084,32084,99.00,7,1,8,0.875,0.125,Yes,0.875
33001,33001,99.00,86,60,146,0.589041095890411,0.410958904109589,Yes,0.589041095890411
33002,33002,99.00,82,72,154,0.5324675324675324,0.4675324675324675,Yes,0.5324675324675324
33003,33003,99.00,69,45,114,0.6052631578947368,0.39473684210526316,Yes,0.6052631578947368
33004,33004,99.00,163,155,318,0.5125786163522013,0.48742138364779874,Yes,0.5125786163522013
33005,33005,99.00,95,55,150,0.6333333333333333,0.36666666666666664,Yes,0.6333333333333333
33006,33006,99.00,100,86,186,0.5376344086021505,0.46236559139784944,Yes,0.5376344086021505
33007,33007,99.00,10,7,17,0.5882352941176471,0.4117647058823529,Yes,0.5882352941176471
33008,33008,99.00,99,87,186,0.532258064516129,0.46774193548387094,Yes,0.532258064516129
33009,33009,99.00,90,94,184,0.4891304347826087,0.5108695652173914,No,0.5108695652173914
33010,33010,99.00,154,86,240,0.6416666666666667,0.35833333333333334,Yes,0.6416666666666667
33011,33011,99.00,89,90,179,0.4972067039106145,0.5027932960893855,No,0.5027932960893855
33012,33012,99.00,7,0,7,1.0,0.0,Yes,1.0
33013,33013,99.00,93,34,127,0.7322834645669292,0.2677165354330709,Yes,0.7322834645669292
33014,33014,99.00,57,46,103,0.5533980582524272,0.44660194174757284,Yes,0.5533980582524272
33015,33015,99.00,88,58,146,0.6027397260273972,0.3972602739726027,Yes,0.6027397260273972
33016,33016,99.00,2,1,3,0.6666666666666666,0.3333333333333333,Yes,0.6666666666666666
33017,33017,99.00,96,55,151,0.6357615894039735,0.36423841059602646,Yes,0.6357615894039735
33018,33018,99.00,85,33,118,0.7203389830508474,0.2796610169491525,Yes,0.7203389830508474
33019,33019,99.00,95,31,126,0.753968253968254,0.24603174603174602,Yes,0.753968253968254
33020,33020,99.00,52,25,77,0.6753246753246753,0.3246753246753247,Yes,0.6753246753246753
33021,33021,99.00,92,22,114,0.8070175438596491,0.19298245614035087,Yes,0.8070175438596491
33022,33022,99.00,60,21,81,0.7407407407407407,0.25925925925925924,Yes,0.7407407407407407
33023,33023,99.00,60,16,76,0.7894736842105263,0.21052631578947367,Yes,0.7894736842105263
33024,33024,99.00,4,2,6,0.6666666666666666,0.3333333333333333,Yes,0.6666666666666666
33025,33025,99.00,91,18,109,0.8348623853211009,0.1651376146788991,Yes,0.8348623853211009
33026,33026,99.00,73,26,99,0.7373737373737373,0.26262626262626265,Yes,0.7373737373737373
33027,33027,99.00,149,43,192,0.7760416666666666,0.22395833333333334,Yes,0.7760416666666666
33028,33028,99.00,3,4,7,0.42857142857142855,0.5714285714285714,No,0.5714285714285714
33029,33029,99.00,192,72,264,0.7272727272727273,0.2727272727272727,Yes,0.7272727272727273
33030,33030,99.00,189,64,253,0.7470355731225297,0.25296442687747034,Yes,0.7470355731225297
33031,33031,99.00,105,46,151,0.695364238410596,0.304635761589404,Yes,0.695364238410596
33032,33032,99.00,102,57,159,0.6415094339622641,0.3584905660377358,Yes,0.6415094339622641
33033,33033,99.00,97,35,132,0.7348484848484849,0.26515151515151514,Yes,0.7348484848484849
33034,33034,99.00,92,35,127,0.7244094488188977,0.2755905511811024,Yes,0.7244094488188977
33035,33035,99.00,163,25,188,0.8670212765957447,0.13297872340425532,Yes,0.8670212765957447
33036,33036,99.00,100,37,137,0.7299270072992701,0.27007299270072993,Yes,0.7299270072992701
33037,33037,99.00,137,44,181,0.7569060773480663,0.2430939226519337,Yes,0.7569060773480663
33038,33038,99.00,121,31,152,0.7960526315789473,0.20394736842105263,Yes,0.7960526315789473
33039,33039,99.00,120,36,156,0.7692307692307693,0.23076923076923078,Yes,0.7692307692307693
33040,33040,99.00,102,36,138,0.7391304347826086,0.2608695652173913,Yes,0.7391304347826086
33041,33041,99.00,115,38,153,0.7516339869281046,0.24836601307189543,Yes,0.7516339869281046
33042,33042,99.00,94,47,141,0.6666666666666666,0.3333333333333333,Yes,0.6666666666666666
33043,33043,85.71,72,15,87,0.8275862068965517,0.1724137931034483,Yes,0.8275862068965517
33044,33044,99.00,132,43,175,0.7542857142857143,0.24571428571428572,Yes,0.7542857142857143
33045,33045,99.00,116,49,165,0.703030303030303,0.296969696969697,Yes,0.703030303030303
33046,33046,99.00,140,37,177,0.7909604519774012,0.20903954802259886,Yes,0.7909604519774012
33047,33047,85.71,196,65,261,0.7509578544061303,0.24904214559386972,Yes,0.7509578544061303
33048,33048,85.71,94,27,121,0.7768595041322314,0.2231404958677686,Yes,0.7768595041322314
33049,33049,99.00,163,45,208,0.7836538461538461,0.21634615384615385,Yes,0.7836538461538461
33050,33050,99.00,4,4,8,0.5,0.5,Tie,0.5
33051,33051,99.00,118,30,148,0.7972972972972973,0.20270270270270271,Yes,0.7972972972972973
33052,33052,85.71,104,24,128,0.8125,0.1875,Yes,0.8125
33053,33053,85.71,89,32,121,0.7355371900826446,0.2644628099173554,Yes,0.7355371900826446
33054,33054,85.71,109,61,170,0.6411764705882353,0.3588235294117647,Yes,0.6411764705882353
33055,33055,85.71,94,44,138,0.6811594202898551,0.3188405797101449,Yes,0.6811594202898551
33056,33056,57.14,144,58,202,0.7128712871287128,0.2871287128712871,Yes,0.7128712871287128
33057,33057,99.00,134,33,167,0.8023952095808383,0.19760479041916168,Yes,0.8023952095808383
33058,33058,99.00,121,48,169,0.7159763313609467,0.28402366863905326,Yes,0.7159763313609467
33059,33059,99.00,154,59,213,0.7230046948356808,0.27699530516431925,Yes,0.7230046948356808
33060,33060,99.00,130,40,170,0.7647058823529411,0.23529411764705882,Yes,0.7647058823529411
33061,33061,99.00,97,36,133,0.7293233082706767,0.2706766917293233,Yes,0.7293233082706767
33062,33062,99.00,101,66,167,0.6047904191616766,0.39520958083832336,Yes,0.6047904191616766
33063,33063,99.00,126,57,183,0.6885245901639344,0.3114754098360656,Yes,0.6885245901639344
33064,33064,99.00,147,58,205,0.7170731707317073,0.28292682926829266,Yes,0.7170731707317073
33065,33065,57.14,187,60,247,0.757085020242915,0.242914979757085,Yes,0.757085020242915
33066,33066,57.14,174,57,231,0.7532467532467533,0.24675324675324675,Yes,0.7532467532467533
33067,33067,57.14,134,50,184,0.7282608695652174,0.2717391304347826,Yes,0.7282608695652174
33068,33068,99.00,131,53,184,0.7119565217391305,0.28804347826086957,Yes,0.7119565217391305
33069,33069,57.14,136,59,195,0.6974358974358974,0.30256410256410254,Yes,0.6974358974358974
33070,33070,99.00,159,58,217,0.7327188940092166,0.2672811059907834,Yes,0.7327188940092166
33071,33071,99.00,179,57,236,0.7584745762711864,0.24152542372881355,Yes,0.7584745762711864
33072,33072,99.00,100,38,138,0.7246376811594203,0.2753623188405797,Yes,0.7246376811594203
33073,33073,85.71,108,26,134,0.8059701492537313,0.19402985074626866,Yes,0.8059701492537313
33074,33074,99.00,92,26,118,0.7796610169491526,0.22033898305084745,Yes,0.7796610169491526
33075,33075,99.00,87,56,143,0.6083916083916084,0.3916083916083916,Yes,0.6083916083916084
33076,33076,99.00,3,1,4,0.75,0.25,Yes,0.75
33077,33077,99.00,202,60,262,0.7709923664122137,0.22900763358778625,Yes,0.7709923664122137
33078,33078,99.00,101,53,154,0.6558441558441559,0.34415584415584416,Yes,0.6558441558441559
33079,33079,85.71,8,1,9,0.8888888888888888,0.1111111111111111,Yes,0.8888888888888888
34001,34001,99.00,78,17,95,0.8210526315789474,0.17894736842105263,Yes,0.8210526315789474
34002,34002,99.00,76,15,91,0.8351648351648352,0.16483516483516483,Yes,0.8351648351648352
34003,34003,99.00,58,7,65,0.8923076923076924,0.1076923076923077,Yes,0.8923076923076924
34004,34004,99.00,118,32,150,0.7866666666666666,0.21333333333333335,Yes,0.7866666666666666
34005,34005,99.00,61,7,68,0.8970588235294118,0.10294117647058823,Yes,0.8970588235294118
34006,34006,99.00,36,6,42,0.8571428571428571,0.14285714285714285,Yes,0.8571428571428571
34007,34007,99.00,5,0,5,1.0,0.0,Yes,1.0
34008,34008,99.00,133,33,166,0.8012048192771084,0.19879518072289157,Yes,0.8012048192771084
34009,34009,99.00,3,0,3,1.0,0.0,Yes,1.0
34010,34010,99.00,120,32,152,0.7894736842105263,0.21052631578947367,Yes,0.7894736842105263
34011,34011,99.00,137,43,180,0.7611111111111111,0.2388888888888889,Yes,0.7611111111111111
34012,34012,99.00,6,2,8,0.75,0.25,Yes,0.75
34013,34013,99.00,2,2,4,0.5,0.5,Tie,0.5
34014,34014,99.00,79,27,106,0.7452830188679245,0.25471698113207547,Yes,0.7452830188679245
34015,34015,99.00,133,37,170,0.7823529411764706,0.21764705882352942,Yes,0.7823529411764706
34016,34016,99.00,199,72,271,0.7343173431734318,0.2656826568265683,Yes,0.7343173431734318
34017,34017,99.00,17,2,19,0.8947368421052632,0.10526315789473684,Yes,0.8947368421052632
34018,34018,99.00,3,0,3,1.0,0.0,Yes,1.0
34019,34019,99.00,179,62,241,0.7427385892116183,0.2572614107883817,Yes,0.7427385892116183
34020,34020,99.00,154,50,204,0.7549019607843137,0.24509803921568626,Yes,0.7549019607843137
34021,34021,99.00,3,1,4,0.75,0.25,Yes,0.75
34022,34022,99.00,200,52,252,0.7936507936507936,0.20634920634920634,Yes,0.7936507936507936
34023,34023,99.00,114,36,150,0.76,0.24,Yes,0.76
34024,34024,99.00,382,74,456,0.8377192982456141,0.16228070175438597,Yes,0.8377192982456141
34025,34025,83.33,263,56,319,0.8244514106583072,0.1755485893416928,Yes,0.8244514106583072
34026,34026,83.33,124,24,148,0.8378378378378378,0.16216216216216217,Yes,0.8378378378378378
34027,34027,83.33,10,1,11,0.9090909090909091,0.09090909090909091,Yes,0.9090909090909091
34028,34028,99.00,150,40,190,0.7894736842105263,0.21052631578947367,Yes,0.7894736842105263
34029,34029,99.00,2,2,4,0.5,0.5,Tie,0.5
34030,34030,99.00,0,0,0,0,0,n/a,0
34031,34031,99.00,1,0,1,1.0,0.0,Yes,1.0
34032,34032,99.00,2,0,2,1.0,0.0,Yes,1.0
34033,34033,99.00,1,0,1,1.0,0.0,Yes,1.0
34034,34034,99.00,1,0,1,1.0,0.0,Yes,1.0
34035,34035,83.33,75,23,98,0.7653061224489796,0.23469387755102042,Yes,0.7653061224489796
34036,34036,83.33,78,27,105,0.7428571428571429,0.2571428571428571,Yes,0.7428571428571429
34037,34037,83.33,57,18,75,0.76,0.24,Yes,0.76
34038,34038,99.00,147,35,182,0.8076923076923077,0.19230769230769232,Yes,0.8076923076923077
34039,34039,99.00,113,39,152,0.743421052631579,0.2565789473684211,Yes,0.743421052631579
34040,34040,99.00,61,47,108,0.5648148148148148,0.4351851851851852,Yes,0.5648148148148148
34041,34041,99.00,59,45,104,0.5673076923076923,0.4326923076923077,Yes,0.5673076923076923
34042,34042,99.00,3,0,3,1.0,0.0,Yes,1.0
34043,34043,99.00,1,0,1,1.0,0.0,Yes,1.0
34044,34044,99.00,2,0,2,1.0,0.0,Yes,1.0
34045,34045,99.00,191,51,242,0.7892561983471075,0.21074380165289255,Yes,0.7892561983471075
34046,34046,99.00,84,8,92,0.9130434782608695,0.08695652173913043,Yes,0.9130434782608695
34047,34047,99.00,0,0,0,0,0,n/a,0
34048,34048,99.00,2,2,4,0.5,0.5,Tie,0.5
34049,34049,99.00,156,39,195,0.8,0.2,Yes,0.8
34050,34050,99.00,3,0,3,1.0,0.0,Yes,1.0
34051,34051,99.00,93,35,128,0.7265625,0.2734375,Yes,0.7265625
34052,34052,99.00,158,29,187,0.8449197860962567,0.15508021390374332,Yes,0.8449197860962567
34053,34053,99.00,0,0,0,0,0,n/a,0
34054,34054,99.00,0,0,0,0,0,n/a,0
34055,34055,99.00,0,0,0,0,0,n/a,0
34056,34056,99.00,0,0,0,0,0,n/a,0
34057,34057,99.00,0,0,0,0,0,n/a,0
34058,34058,99.00,0,0,0,0,0,n/a,0
34059,34059,99.00,0,0,0,0,0,n/a,0
34060,34060,99.00,166,27,193,0.8601036269430051,0.13989637305699482,Yes,0.8601036269430051
34061,34061,99.00,72,44,116,0.6206896551724138,0.3793103448275862,Yes,0.6206896551724138
34062,34062,99.00,2,0,2,1.0,0.0,Yes,1.0
34063,34063,83.33,235,41,276,0.8514492753623188,0.14855072463768115,Yes,0.8514492753623188
34064,34064,99.00,0,0,0,0,0,n/a,0
34065,34065,99.00,169,33,202,0.8366336633663366,0.16336633663366337,Yes,0.8366336633663366
34066,34066,99.00,200,38,238,0.8403361344537815,0.15966386554621848,Yes,0.8403361344537815
34067,34067,99.00,69,32,101,0.6831683168316832,0.31683168316831684,Yes,0.6831683168316832
34068,34068,99.00,10,1,11,0.9090909090909091,0.09090909090909091,Yes,0.9090909090909091
34069,34069,99.00,165,36,201,0.8208955223880597,0.1791044776119403,Yes,0.8208955223880597
34070,34070,99.00,1,0,1,1.0,0.0,Yes,1.0
34071,34071,99.00,0,0,0,0,0,n/a,0
34072,34072,99.00,273,99,372,0.7338709677419355,0.2661290322580645,Yes,0.7338709677419355
34073,34073,99.00,3,0,3,1.0,0.0,Yes,1.0
35001,35001,99.00,0,0,0,0,0,n/a,0
35002,35002,99.00,56,37,93,0.6021505376344086,0.3978494623655914,Yes,0.6021505376344086
35003,35003,99.00,112,56,168,0.6666666666666666,0.3333333333333333,Yes,0.6666666666666666
35004,35004,99.00,87,29,116,0.75,0.25,Yes,0.75
35005,35005,99.00,87,38,125,0.696,0.304,Yes,0.696
35006,35006,0.00,5,0,5,1.0,0.0,Yes,1.0
35007,35007,99.00,122,33,155,0.7870967741935484,0.2129032258064516,Yes,0.7870967741935484
35008,35008,99.00,3,0,3,1.0,0.0,Yes,1.0
35009,35009,99.00,127,44,171,0.7426900584795322,0.2573099415204678,Yes,0.7426900584795322
35010,35010,99.00,1,1,2,0.5,0.5,Tie,0.5
35011,35011,99.00,59,13,72,0.8194444444444444,0.18055555555555555,Yes,0.8194444444444444
35012,35012,99.00,158,33,191,0.8272251308900523,0.17277486910994763,Yes,0.8272251308900523
35013,35013,99.00,57,22,79,0.7215189873417721,0.27848101265822783,Yes,0.7215189873417721
35014,35014,99.00,3,0,3,1.0,0.0,Yes,1.0
35015,35015,99.00,103,26,129,0.7984496124031008,0.20155038759689922,Yes,0.7984496124031008
35016,35016,99.00,91,21,112,0.8125,0.1875,Yes,0.8125
35017,35017,99.00,100,28,128,0.78125,0.21875,Yes,0.78125
35018,35018,99.00,168,39,207,0.8115942028985508,0.18840579710144928,Yes,0.8115942028985508
35019,35019,99.00,5,0,5,1.0,0.0,Yes,1.0
35020,35020,55.56,138,58,196,0.7040816326530612,0.29591836734693877,Yes,0.7040816326530612
35021,35021,99.00,93,36,129,0.7209302325581395,0.27906976744186046,Yes,0.7209302325581395
35022,35022,99.00,106,17,123,0.8617886178861789,0.13821138211382114,Yes,0.8617886178861789
35023,35023,99.00,2,0,2,1.0,0.0,Yes,1.0
35024,35024,99.00,149,60,209,0.7129186602870813,0.28708133971291866,Yes,0.7129186602870813
35025,35025,99.00,133,21,154,0.8636363636363636,0.13636363636363635,Yes,0.8636363636363636
35026,35026,99.00,2,1,3,0.6666666666666666,0.3333333333333333,Yes,0.6666666666666666
35027,35027,99.00,135,60,195,0.6923076923076923,0.3076923076923077,Yes,0.6923076923076923
35028,35028,99.00,40,14,54,0.7407407407407407,0.25925925925925924,Yes,0.7407407407407407
35029,35029,99.00,0,0,0,0,0,n/a,0
35030,35030,99.00,0,0,0,0,0,n/a,0
35031,35031,99.00,0,0,0,0,0,n/a,0
35032,35032,99.00,81,23,104,0.7788461538461539,0.22115384615384615,Yes,0.7788461538461539
35033,35033,0.00,2,2,4,0.5,0.5,Tie,0.5
35034,35034,99.00,0,0,0,0,0,n/a,0
35035,35035,99.00,1,1,2,0.5,0.5,Tie,0.5
35036,35036,99.00,0,0,0,0,0,n/a,0
35037,35037,99.00,65,12,77,0.8441558441558441,0.15584415584415584,Yes,0.8441558441558441
35038,35038,99.00,118,52,170,0.6941176470588235,0.3058823529411765,Yes,0.6941176470588235
35039,35039,99.00,42,23,65,0.6461538461538462,0.35384615384615387,Yes,0.6461538461538462
35040,35040,99.00,0,0,0,0,0,n/a,0
35041,35041,99.00,113,26,139,0.8129496402877698,0.18705035971223022,Yes,0.8129496402877698
35042,35042,99.00,83,14,97,0.8556701030927835,0.14432989690721648,Yes,0.8556701030927835
35043,35043,99.00,76,16,92,0.8260869565217391,0.17391304347826086,Yes,0.8260869565217391
35044,35044,99.00,73,16,89,0.8202247191011236,0.1797752808988764,Yes,0.8202247191011236
35045,35045,99.00,5,3,8,0.625,0.375,Yes,0.625
35046,35046,55.56,78,23,101,0.7722772277227723,0.22772277227722773,Yes,0.7722772277227723
35047,35047,55.56,113,22,135,0.837037037037037,0.16296296296296298,Yes,0.837037037037037
35048,35048,55.56,112,44,156,0.717948717948718,0.28205128205128205,Yes,0.717948717948718
35049,35049,99.00,1,2,3,0.3333333333333333,0.6666666666666666,No,0.6666666666666666
35050,35050,99.00,95,41,136,0.6985294117647058,0.3014705882352941,Yes,0.6985294117647058
35051,35051,99.00,88,23,111,0.7927927927927928,0.2072072072072072,Yes,0.7927927927927928
35052,35052,55.56,82,27,109,0.7522935779816514,0.24770642201834864,Yes,0.7522935779816514
35053,35053,55.56,97,40,137,0.708029197080292,0.291970802919708,Yes,0.708029197080292
35054,35054,99.00,0,0,0,0,0,n/a,0
35055,35055,99.00,0,0,0,0,0,n/a,0
35056,35056,55.56,0,0,0,0,0,n/a,0
35057,35057,99.00,0,0,0,0,0,n/a,0
35058,35058,99.00,0,0,0,0,0,n/a,0
35059,35059,99.00,0,0,0,0,0,n/a,0
35060,35060,55.56,0,0,0,0,0,n/a,0
35061,35061,99.00,0,0,0,0,0,n/a,0
35062,35062,99.00,0,0,0,0,0,n/a,0
35063,35063,99.00,61,22,83,0.7349397590361446,0.26506024096385544,Yes,0.7349397590361446
35064,35064,99.00,5,0,5,1.0,0.0,Yes,1.0
35065,35065,99.00,57,24,81,0.7037037037037037,0.2962962962962963,Yes,0.7037037037037037
35066,35066,99.00,10,3,13,0.7692307692307693,0.23076923076923078,Yes,0.7692307692307693
36001,36001,99.00,315,92,407,0.773955773955774,0.22604422604422605,Yes,0.773955773955774
36002,36002,99.00,237,84,321,0.7383177570093458,0.2616822429906542,Yes,0.7383177570093458
36003,36003,99.00,21,5,26,0.8076923076923077,0.19230769230769232,Yes,0.8076923076923077
36004,36004,99.00,250,62,312,0.8012820512820513,0.1987179487179487,Yes,0.8012820512820513
36005,36005,99.00,65,4,69,0.9420289855072463,0.057971014492753624,Yes,0.9420289855072463
36006,36006,99.00,257,46,303,0.8481848184818482,0.15181518151815182,Yes,0.8481848184818482
36007,36007,99.00,25,0,25,1.0,0.0,Yes,1.0
36008,36008,99.00,315,71,386,0.8160621761658031,0.18393782383419688,Yes,0.8160621761658031
36009,36009,99.00,196,35,231,0.8484848484848485,0.15151515151515152,Yes,0.8484848484848485
36010,36010,99.00,143,16,159,0.89937106918239,0.10062893081761007,Yes,0.89937106918239
36011,36011,80.00,94,33,127,0.7401574803149606,0.25984251968503935,Yes,0.7401574803149606
36012,36012,80.00,146,27,173,0.8439306358381503,0.15606936416184972,Yes,0.8439306358381503
36013,36013,99.00,15,0,15,1.0,0.0,Yes,1.0
36014,36014,80.00,125,41,166,0.7530120481927711,0.2469879518072289,Yes,0.7530120481927711
36015,36015,80.00,138,32,170,0.8117647058823529,0.18823529411764706,Yes,0.8117647058823529
36016,36016,99.00,267,52,319,0.8369905956112853,0.16300940438871472,Yes,0.8369905956112853
36017,36017,99.00,8,0,8,1.0,0.0,Yes,1.0
36018,36018,99.00,310,63,373,0.8310991957104558,0.16890080428954424,Yes,0.8310991957104558
36019,36019,99.00,169,33,202,0.8366336633663366,0.16336633663366337,Yes,0.8366336633663366
36020,36020,99.00,28,11,39,0.717948717948718,0.28205128205128205,Yes,0.717948717948718
36021,36021,99.00,176,26,202,0.8712871287128713,0.12871287128712872,Yes,0.8712871287128713
36022,36022,99.00,241,65,306,0.7875816993464052,0.21241830065359477,Yes,0.7875816993464052
36023,36023,99.00,19,3,22,0.8636363636363636,0.13636363636363635,Yes,0.8636363636363636
36024,36024,99.00,15,1,16,0.9375,0.0625,Yes,0.9375
36025,36025,99.00,204,55,259,0.7876447876447876,0.21235521235521235,Yes,0.7876447876447876
36026,36026,99.00,28,4,32,0.875,0.125,Yes,0.875
36027,36027,99.00,147,36,183,0.8032786885245902,0.19672131147540983,Yes,0.8032786885245902
36028,36028,99.00,227,61,288,0.7881944444444444,0.21180555555555555,Yes,0.7881944444444444
36029,36029,99.00,7,3,10,0.7,0.3,Yes,0.7
36030,36030,99.00,203,59,262,0.7748091603053435,0.22519083969465647,Yes,0.7748091603053435
36031,36031,99.00,150,40,190,0.7894736842105263,0.21052631578947367,Yes,0.7894736842105263
36032,36032,99.00,198,78,276,0.717391304347826,0.2826086956521739,Yes,0.717391304347826
36033,36033,99.00,8,3,11,0.7272727272727273,0.2727272727272727,Yes,0.7272727272727273
36034,36034,99.00,267,59,326,0.8190184049079755,0.18098159509202455,Yes,0.8190184049079755
36035,36035,99.00,8,1,9,0.8888888888888888,0.1111111111111111,Yes,0.8888888888888888
36036,36036,99.00,327,81,408,0.8014705882352942,0.19852941176470587,Yes,0.8014705882352942
36037,36037,99.00,257,64,321,0.8006230529595015,0.19937694704049844,Yes,0.8006230529595015
36038,36038,99.00,277,78,355,0.780281690140845,0.21971830985915494,Yes,0.780281690140845
36039,36039,99.00,17,0,17,1.0,0.0,Yes,1.0
36040,36040,99.00,193,51,244,0.7909836065573771,0.20901639344262296,Yes,0.7909836065573771
36041,36041,99.00,191,61,252,0.7579365079365079,0.24206349206349206,Yes,0.7579365079365079
36042,36042,99.00,246,75,321,0.7663551401869159,0.2336448598130841,Yes,0.7663551401869159
36043,36043,99.00,2,2,4,0.5,0.5,Tie,0.5
36044,36044,99.00,0,0,0,0,0,n/a,0
36045,36045,80.00,138,27,165,0.8363636363636363,0.16363636363636364,Yes,0.8363636363636363
36046,36046,99.00,151,75,226,0.668141592920354,0.33185840707964603,Yes,0.668141592920354
36047,36047,99.00,4,4,8,0.5,0.5,Tie,0.5
36048,36048,99.00,141,87,228,0.618421052631579,0.3815789473684211,Yes,0.618421052631579
36049,36049,99.00,207,51,258,0.8023255813953488,0.19767441860465115,Yes,0.8023255813953488
36050,36050,99.00,1,0,1,1.0,0.0,Yes,1.0
36051,36051,99.00,1,0,1,1.0,0.0,Yes,1.0
36052,36052,99.00,186,37,223,0.8340807174887892,0.16591928251121077,Yes,0.8340807174887892
36053,36053,99.00,191,84,275,0.6945454545454546,0.3054545454545455,Yes,0.6945454545454546
36054,36054,99.00,103,76,179,0.5754189944134078,0.4245810055865922,Yes,0.5754189944134078
36055,36055,99.00,142,61,203,0.6995073891625616,0.30049261083743845,Yes,0.6995073891625616
36056,36056,99.00,192,52,244,0.7868852459016393,0.21311475409836064,Yes,0.7868852459016393
36057,36057,99.00,11,1,12,0.9166666666666666,0.08333333333333333,Yes,0.9166666666666666
36058,36058,99.00,11,0,11,1.0,0.0,Yes,1.0
36059,36059,99.00,250,89,339,0.7374631268436578,0.26253687315634217,Yes,0.7374631268436578
36060,36060,99.00,7,0,7,1.0,0.0,Yes,1.0
36061,36061,99.00,127,40,167,0.7604790419161677,0.23952095808383234,Yes,0.7604790419161677
36062,36062,99.00,4,1,5,0.8,0.2,Yes,0.8
36063,36063,99.00,166,49,215,0.772093023255814,0.22790697674418606,Yes,0.772093023255814
36064,36064,99.00,221,53,274,0.8065693430656934,0.19343065693430658,Yes,0.8065693430656934
36065,36065,99.00,8,0,8,1.0,0.0,Yes,1.0
36066,36066,99.00,201,38,239,0.8410041841004184,0.1589958158995816,Yes,0.8410041841004184
36067,36067,99.00,11,0,11,1.0,0.0,Yes,1.0
36068,36068,99.00,0,0,0,0,0,n/a,0
36069,36069,99.00,0,0,0,0,0,n/a,0
36070,36070,99.00,0,0,0,0,0,n/a,0
36071,36071,99.00,0,0,0,0,0,n/a,0
36072,36072,99.00,185,28,213,0.8685446009389671,0.13145539906103287,Yes,0.8685446009389671
36073,36073,99.00,322,49,371,0.8679245283018868,0.1320754716981132,Yes,0.8679245283018868
36074,36074,99.00,7,0,7,1.0,0.0,Yes,1.0
36075,36075,99.00,17,5,22,0.7727272727272727,0.22727272727272727,Yes,0.7727272727272727
36076,36076,99.00,161,30,191,0.8429319371727748,0.15706806282722513,Yes,0.8429319371727748
36077,36077,99.00,288,51,339,0.8495575221238938,0.1504424778761062,Yes,0.8495575221238938
36078,36078,99.00,9,0,9,1.0,0.0,Yes,1.0
36079,36079,99.00,7,1,8,0.875,0.125,Yes,0.875
36080,36080,99.00,6,0,6,1.0,0.0,Yes,1.0
36081,36081,99.00,262,70,332,0.7891566265060241,0.21084337349397592,Yes,0.7891566265060241
36082,36082,99.00,17,4,21,0.8095238095238095,0.19047619047619047,Yes,0.8095238095238095
36083,36083,99.00,1,0,1,1.0,0.0,Yes,1.0
37001,37001,99.00,116,33,149,0.7785234899328859,0.2214765100671141,Yes,0.7785234899328859
37002,37002,99.00,86,26,112,0.7678571428571429,0.23214285714285715,Yes,0.7678571428571429
37003,37003,99.00,102,13,115,0.8869565217391304,0.11304347826086956,Yes,0.8869565217391304
37004,37004,99.00,113,26,139,0.8129496402877698,0.18705035971223022,Yes,0.8129496402877698
37005,37005,80.00,130,13,143,0.9090909090909091,0.09090909090909091,Yes,0.9090909090909091
37006,37006,99.00,78,23,101,0.7722772277227723,0.22772277227722773,Yes,0.7722772277227723
37007,37007,50.00,40,19,59,0.6779661016949152,0.3220338983050847,Yes,0.6779661016949152
37008,37008,50.00,7,3,10,0.7,0.3,Yes,0.7
37009,37009,50.00,25,6,31,0.8064516129032258,0.1935483870967742,Yes,0.8064516129032258
37010,37010,99.00,9,2,11,0.8181818181818182,0.18181818181818182,Yes,0.8181818181818182
37011,37011,99.00,188,24,212,0.8867924528301887,0.11320754716981132,Yes,0.8867924528301887
37012,37012,99.00,147,27,174,0.8448275862068966,0.15517241379310345,Yes,0.8448275862068966
37013,37013,99.00,1,0,1,1.0,0.0,Yes,1.0
37014,37014,99.00,164,31,195,0.841025641025641,0.15897435897435896,Yes,0.841025641025641
37015,37015,99.00,2,1,3,0.6666666666666666,0.3333333333333333,Yes,0.6666666666666666
37016,37016,99.00,159,36,195,0.8153846153846154,0.18461538461538463,Yes,0.8153846153846154
37017,37017,99.00,2,0,2,1.0,0.0,Yes,1.0
37018,37018,99.00,164,22,186,0.8817204301075269,0.11827956989247312,Yes,0.8817204301075269
37019,37019,99.00,126,37,163,0.7730061349693251,0.22699386503067484,Yes,0.7730061349693251
37020,37020,99.00,10,2,12,0.8333333333333334,0.16666666666666666,Yes,0.8333333333333334
37021,37021,99.00,350,64,414,0.8454106280193237,0.15458937198067632,Yes,0.8454106280193237
37022,37022,99.00,243,46,289,0.8408304498269896,0.15916955017301038,Yes,0.8408304498269896
37023,37023,99.00,218,38,256,0.8515625,0.1484375,Yes,0.8515625
37024,37024,99.00,315,54,369,0.8536585365853658,0.14634146341463414,Yes,0.8536585365853658
37025,37025,99.00,3,0,3,1.0,0.0,Yes,1.0
37026,37026,99.00,0,0,0,0,0,n/a,0
37027,37027,80.00,235,50,285,0.8245614035087719,0.17543859649122806,Yes,0.8245614035087719
37028,37028,80.00,178,40,218,0.8165137614678899,0.1834862385321101,Yes,0.8165137614678899
37029,37029,80.00,157,30,187,0.839572192513369,0.16042780748663102,Yes,0.839572192513369
37030,37030,80.00,119,27,146,0.815068493150685,0.18493150684931506,Yes,0.815068493150685
37031,37031,99.00,8,1,9,0.8888888888888888,0.1111111111111111,Yes,0.8888888888888888
37032,37032,99.00,253,71,324,0.7808641975308642,0.2191358024691358,Yes,0.7808641975308642
37033,37033,99.00,13,2,15,0.8666666666666667,0.13333333333333333,Yes,0.8666666666666667
37034,37034,99.00,94,17,111,0.8468468468468469,0.15315315315315314,Yes,0.8468468468468469
37035,37035,99.00,102,30,132,0.7727272727272727,0.22727272727272727,Yes,0.7727272727272727
37036,37036,99.00,163,50,213,0.7652582159624414,0.2347417840375587,Yes,0.7652582159624414
37037,37037,99.00,174,43,217,0.8018433179723502,0.19815668202764977,Yes,0.8018433179723502
37038,37038,99.00,163,29,192,0.8489583333333334,0.15104166666666666,Yes,0.8489583333333334
37039,37039,99.00,255,87,342,0.7456140350877193,0.2543859649122807,Yes,0.7456140350877193
37040,37040,99.00,0,0,0,0,0,n/a,0
37041,37041,99.00,1,0,1,1.0,0.0,Yes,1.0
37042,37042,99.00,95,52,147,0.6462585034013606,0.35374149659863946,Yes,0.6462585034013606
37043,37043,99.00,0,1,1,0.0,1.0,No,1.0
37044,37044,99.00,6,2,8,0.75,0.25,Yes,0.75
37045,37045,99.00,95,42,137,0.6934306569343066,0.30656934306569344,Yes,0.6934306569343066
37046,37046,99.00,75,32,107,0.7009345794392523,0.29906542056074764,Yes,0.7009345794392523
37047,37047,99.00,87,31,118,0.7372881355932204,0.2627118644067797,Yes,0.7372881355932204
37048,37048,99.00,185,58,243,0.7613168724279835,0.23868312757201646,Yes,0.7613168724279835
37049,37049,99.00,120,39,159,0.7547169811320755,0.24528301886792453,Yes,0.7547169811320755
37050,37050,99.00,107,22,129,0.8294573643410853,0.17054263565891473,Yes,0.8294573643410853
37051,37051,99.00,0,0,0,0,0,n/a,0
37052,37052,99.00,111,38,149,0.7449664429530202,0.2550335570469799,Yes,0.7449664429530202
37053,37053,99.00,1,0,1,1.0,0.0,Yes,1.0
37054,37054,99.00,131,46,177,0.7401129943502824,0.2598870056497175,Yes,0.7401129943502824
37055,37055,99.00,1,0,1,1.0,0.0,Yes,1.0
37056,37056,99.00,201,24,225,0.8933333333333333,0.10666666666666667,Yes,0.8933333333333333
37057,37057,99.00,5,0,5,1.0,0.0,Yes,1.0
37058,37058,99.00,134,28,162,0.8271604938271605,0.1728395061728395,Yes,0.8271604938271605
37059,37059,99.00,126,29,155,0.8129032258064516,0.1870967741935484,Yes,0.8129032258064516
37060,37060,99.00,0,0,0,0,0,n/a,0
37061,37061,99.00,6,1,7,0.8571428571428571,0.14285714285714285,Yes,0.8571428571428571
37062,37062,99.00,67,42,109,0.6146788990825688,0.3853211009174312,Yes,0.6146788990825688
37063,37063,99.00,8,1,9,0.8888888888888888,0.1111111111111111,Yes,0.8888888888888888
37064,37064,99.00,20,3,23,0.8695652173913043,0.13043478260869565,Yes,0.8695652173913043
37065,37065,99.00,302,114,416,0.7259615384615384,0.27403846153846156,Yes,0.7259615384615384
37066,37066,99.00,0,0,0,0,0,n/a,0
37067,37067,99.00,1,0,1,1.0,0.0,Yes,1.0
37068,37068,99.00,153,38,191,0.8010471204188482,0.19895287958115182,Yes,0.8010471204188482
37069,37069,99.00,0,0,0,0,0,n/a,0
37070,37070,99.00,0,0,0,0,0,n/a,0
37071,37071,99.00,0,0,0,0,0,n/a,0
37072,37072,99.00,0,0,0,0,0,n/a,0
37073,37073,99.00,0,0,0,0,0,n/a,0
37074,37074,99.00,0,0,0,0,0,n/a,0
37075,37075,99.00,158,38,196,0.8061224489795918,0.19387755102040816,Yes,0.8061224489795918
37076,37076,99.00,7,3,10,0.7,0.3,Yes,0.7
37077,37077,99.00,140,30,170,0.8235294117647058,0.17647058823529413,Yes,0.8235294117647058
37078,37078,99.00,199,58,257,0.77431906614786,0.22568093385214008,Yes,0.77431906614786
37079,37079,99.00,182,33,215,0.8465116279069768,0.15348837209302327,Yes,0.8465116279069768
37080,37080,99.00,166,22,188,0.8829787234042553,0.11702127659574468,Yes,0.8829787234042553
37081,37081,99.00,203,38,241,0.8423236514522822,0.15767634854771784,Yes,0.8423236514522822
37082,37082,80.00,130,44,174,0.7471264367816092,0.25287356321839083,Yes,0.7471264367816092
37083,37083,99.00,194,44,238,0.8151260504201681,0.18487394957983194,Yes,0.8151260504201681
37084,37084,99.00,66,43,109,0.6055045871559633,0.3944954128440367,Yes,0.6055045871559633
37085,37085,99.00,8,3,11,0.7272727272727273,0.2727272727272727,Yes,0.7272727272727273
37086,37086,99.00,3,0,3,1.0,0.0,Yes,1.0
37087,37087,99.00,224,50,274,0.8175182481751825,0.18248175182481752,Yes,0.8175182481751825
37088,37088,99.00,11,0,11,1.0,0.0,Yes,1.0
38001,38001,99.00,70,15,85,0.8235294117647058,0.17647058823529413,Yes,0.8235294117647058
38002,38002,99.00,5,1,6,0.8333333333333334,0.16666666666666666,Yes,0.8333333333333334
38003,38003,99.00,97,5,102,0.9509803921568627,0.049019607843137254,Yes,0.9509803921568627
38004,38004,99.00,137,30,167,0.8203592814371258,0.17964071856287425,Yes,0.8203592814371258
38005,38005,99.00,106,18,124,0.8548387096774194,0.14516129032258066,Yes,0.8548387096774194
38006,38006,99.00,117,21,138,0.8478260869565217,0.15217391304347827,Yes,0.8478260869565217
38007,38007,99.00,78,19,97,0.8041237113402062,0.1958762886597938,Yes,0.8041237113402062
38008,38008,99.00,160,75,235,0.6808510638297872,0.3191489361702128,Yes,0.6808510638297872
38009,38009,99.00,70,46,116,0.603448275862069,0.39655172413793105,Yes,0.603448275862069
38010,38010,99.00,4,4,8,0.5,0.5,Tie,0.5
38011,38011,99.00,128,89,217,0.5898617511520737,0.41013824884792627,Yes,0.5898617511520737
38012,38012,99.00,1,1,2,0.5,0.5,Tie,0.5
38013,38013,99.00,5,1,6,0.8333333333333334,0.16666666666666666,Yes,0.8333333333333334
38014,38014,99.00,144,90,234,0.6153846153846154,0.38461538461538464,Yes,0.6153846153846154
38015,38015,99.00,5,1,6,0.8333333333333334,0.16666666666666666,Yes,0.8333333333333334
38016,38016,99.00,81,82,163,0.49693251533742333,0.5030674846625767,No,0.5030674846625767
38017,38017,99.00,72,81,153,0.47058823529411764,0.5294117647058824,No,0.5294117647058824
38018,38018,99.00,68,69,137,0.49635036496350365,0.5036496350364964,No,0.5036496350364964
38019,38019,99.00,8,1,9,0.8888888888888888,0.1111111111111111,Yes,0.8888888888888888
38020,38020,99.00,3,1,4,0.75,0.25,Yes,0.75
38021,38021,60.00,0,0,0,0,0,n/a,0
38022,38022,99.00,147,88,235,0.625531914893617,0.37446808510638296,Yes,0.625531914893617
38023,38023,60.00,142,52,194,0.7319587628865979,0.26804123711340205,Yes,0.7319587628865979
38024,38024,60.00,95,21,116,0.8189655172413793,0.1810344827586207,Yes,0.8189655172413793
38025,38025,60.00,1,0,1,1.0,0.0,Yes,1.0
38026,38026,99.00,80,40,120,0.6666666666666666,0.3333333333333333,Yes,0.6666666666666666
38027,38027,99.00,109,27,136,0.8014705882352942,0.19852941176470587,Yes,0.8014705882352942
38028,38028,99.00,114,83,197,0.5786802030456852,0.4213197969543147,Yes,0.5786802030456852
38029,38029,99.00,0,1,1,0.0,1.0,No,1.0
38030,38030,99.00,59,14,73,0.8082191780821918,0.1917808219178082,Yes,0.8082191780821918
38031,38031,99.00,95,43,138,0.6884057971014492,0.3115942028985507,Yes,0.6884057971014492
38032,38032,99.00,124,27,151,0.8211920529801324,0.17880794701986755,Yes,0.8211920529801324
38033,38033,99.00,90,33,123,0.7317073170731707,0.2682926829268293,Yes,0.7317073170731707
38034,38034,0.00,1,0,1,1.0,0.0,Yes,1.0
38035,38035,99.00,0,0,0,0,0,n/a,0
38036,38036,99.00,3,0,3,1.0,0.0,Yes,1.0
38037,38037,99.00,80,31,111,0.7207207207207207,0.27927927927927926,Yes,0.7207207207207207
38038,38038,99.00,61,24,85,0.7176470588235294,0.2823529411764706,Yes,0.7176470588235294
38039,38039,99.00,4,2,6,0.6666666666666666,0.3333333333333333,Yes,0.6666666666666666
38040,38040,99.00,56,14,70,0.8,0.2,Yes,0.8
38041,38041,99.00,84,26,110,0.7636363636363637,0.23636363636363636,Yes,0.7636363636363637
38042,38042,99.00,70,23,93,0.7526881720430108,0.24731182795698925,Yes,0.7526881720430108
38043,38043,99.00,64,32,96,0.6666666666666666,0.3333333333333333,Yes,0.6666666666666666
38044,38044,99.00,4,1,5,0.8,0.2,Yes,0.8
38045,38045,99.00,1,1,2,0.5,0.5,Tie,0.5
38046,38046,99.00,2,4,6,0.3333333333333333,0.6666666666666666,No,0.6666666666666666
38047,38047,99.00,126,58,184,0.6847826086956522,0.31521739130434784,Yes,0.6847826086956522
38048,38048,0.00,1,0,1,1.0,0.0,Yes,1.0
38049,38049,0.00,3,1,4,0.75,0.25,Yes,0.75
38050,38050,99.00,3,1,4,0.75,0.25,Yes,0.75
38051,38051,60.00,126,57,183,0.6885245901639344,0.3114754098360656,Yes,0.6885245901639344
38052,38052,60.00,1,0,1,1.0,0.0,Yes,1.0
38053,38053,60.00,0,0,0,0,0,n/a,0
38054,38054,60.00,83,44,127,0.6535433070866141,0.3464566929133858,Yes,0.6535433070866141
38055,38055,99.00,68,47,115,0.591304347826087,0.40869565217391307,Yes,0.591304347826087
38056,38056,99.00,96,33,129,0.7441860465116279,0.2558139534883721,Yes,0.7441860465116279
38057,38057,99.00,91,37,128,0.7109375,0.2890625,Yes,0.7109375
38058,38058,99.00,105,28,133,0.7894736842105263,0.21052631578947367,Yes,0.7894736842105263
38059,38059,0.00,4,2,6,0.6666666666666666,0.3333333333333333,Yes,0.6666666666666666
38060,38060,60.00,0,0,0,0,0,n/a,0
38061,38061,99.00,0,0,0,0,0,n/a,0
38062,38062,99.00,124,12,136,0.9117647058823529,0.08823529411764706,Yes,0.9117647058823529
38063,38063,99.00,60,22,82,0.7317073170731707,0.2682926829268293,Yes,0.7317073170731707
38064,38064,99.00,89,15,104,0.8557692307692307,0.14423076923076922,Yes,0.8557692307692307
38065,38065,99.00,2,0,2,1.0,0.0,Yes,1.0
38066,38066,99.00,2,2,4,0.5,0.5,Tie,0.5
38067,38067,99.00,2,1,3,0.6666666666666666,0.3333333333333333,Yes,0.6666666666666666
38068,38068,99.00,1,0,1,1.0,0.0,Yes,1.0
38069,38069,99.00,5,1,6,0.8333333333333334,0.16666666666666666,Yes,0.8333333333333334
38070,38070,99.00,56,20,76,0.7368421052631579,0.2631578947368421,Yes,0.7368421052631579
38071,38071,0.00,1,1,2,0.5,0.5,Tie,0.5
39001,39001,99.00,116,32,148,0.7837837837837838,0.21621621621621623,Yes,0.7837837837837838
39002,39002,99.00,88,20,108,0.8148148148148148,0.18518518518518517,Yes,0.8148148148148148
39003,39003,99.00,113,42,155,0.7290322580645161,0.2709677419354839,Yes,0.7290322580645161
39004,39004,99.00,87,15,102,0.8529411764705882,0.14705882352941177,Yes,0.8529411764705882
39005,39005,99.00,88,32,120,0.7333333333333333,0.26666666666666666,Yes,0.7333333333333333
39006,39006,99.00,2,0,2,1.0,0.0,Yes,1.0
39007,39007,99.00,163,33,196,0.8316326530612245,0.1683673469387755,Yes,0.8316326530612245
39008,39008,99.00,0,0,0,0,0,n/a,0
39009,39009,99.00,84,17,101,0.8316831683168316,0.16831683168316833,Yes,0.8316831683168316
39010,39010,99.00,129,19,148,0.8716216216216216,0.12837837837837837,Yes,0.8716216216216216
39011,39011,99.00,54,19,73,0.7397260273972602,0.2602739726027397,Yes,0.7397260273972602
39012,39012,99.00,48,21,69,0.6956521739130435,0.30434782608695654,Yes,0.6956521739130435
39013,39013,99.00,84,14,98,0.8571428571428571,0.14285714285714285,Yes,0.8571428571428571
39014,39014,99.00,54,12,66,0.8181818181818182,0.18181818181818182,Yes,0.8181818181818182
39015,39015,20.00,27,5,32,0.84375,0.15625,Yes,0.84375
39016,39016,20.00,21,2,23,0.9130434782608695,0.08695652173913043,Yes,0.9130434782608695
39017,39017,20.00,17,4,21,0.8095238095238095,0.19047619047619047,Yes,0.8095238095238095
39018,39018,99.00,129,42,171,0.7543859649122807,0.24561403508771928,Yes,0.7543859649122807
39019,39019,99.00,276,46,322,0.8571428571428571,0.14285714285714285,Yes,0.8571428571428571
39020,39020,99.00,0,0,0,0,0,n/a,0
39021,39021,99.00,0,0,0,0,0,n/a,0
39022,39022,99.00,1,1,2,0.5,0.5,Tie,0.5
39023,39023,20.00,23,5,28,0.8214285714285714,0.17857142857142858,Yes,0.8214285714285714
39024,39024,99.00,59,25,84,0.7023809523809523,0.2976190476190476,Yes,0.7023809523809523
39025,39025,99.00,59,22,81,0.7283950617283951,0.2716049382716049,Yes,0.7283950617283951
39026,39026,20.00,2,0,2,1.0,0.0,Yes,1.0
39027,39027,20.00,3,0,3,1.0,0.0,Yes,1.0
39028,39028,20.00,0,0,0,0,0,n/a,0
39029,39029,99.00,54,19,73,0.7397260273972602,0.2602739726027397,Yes,0.7397260273972602
39030,39030,99.00,114,29,143,0.7972027972027972,0.20279720279720279,Yes,0.7972027972027972
39031,39031,99.00,85,34,119,0.7142857142857143,0.2857142857142857,Yes,0.7142857142857143
39032,39032,99.00,0,0,0,0,0,n/a,0
39033,39033,99.00,4,1,5,0.8,0.2,Yes,0.8
39034,39034,99.00,67,17,84,0.7976190476190477,0.20238095238095238,Yes,0.7976190476190477
39035,39035,99.00,1,0,1,1.0,0.0,Yes,1.0
39036,39036,99.00,0,0,0,0,0,n/a,0
39037,39037,99.00,91,17,108,0.8425925925925926,0.1574074074074074,Yes,0.8425925925925926
39038,39038,99.00,4,0,4,1.0,0.0,Yes,1.0
39039,39039,99.00,0,0,0,0,0,n/a,0
39040,39040,99.00,0,0,0,0,0,n/a,0
39041,39041,99.00,3,0,3,1.0,0.0,Yes,1.0
39042,39042,99.00,0,0,0,0,0,n/a,0
39043,39043,99.00,149,32,181,0.8232044198895028,0.17679558011049723,Yes,0.8232044198895028
39044,39044,99.00,7,0,7,1.0,0.0,Yes,1.0
39045,39045,99.00,417,74,491,0.8492871690427699,0.15071283095723015,Yes,0.8492871690427699
39046,39046,99.00,7,0,7,1.0,0.0,Yes,1.0
39047,39047,99.00,213,39,252,0.8452380952380952,0.15476190476190477,Yes,0.8452380952380952
39048,39048,99.00,121,19,140,0.8642857142857143,0.1357142857142857,Yes,0.8642857142857143
39049,39049,99.00,90,11,101,0.8910891089108911,0.10891089108910891,Yes,0.8910891089108911
39050,39050,99.00,1,0,1,1.0,0.0,Yes,1.0
39051,39051,99.00,206,37,243,0.8477366255144033,0.1522633744855967,Yes,0.8477366255144033
39052,39052,99.00,0,0,0,0,0,n/a,0
39053,39053,99.00,1,0,1,1.0,0.0,Yes,1.0
39054,39054,99.00,3,0,3,1.0,0.0,Yes,1.0
39055,39055,99.00,3,0,3,1.0,0.0,Yes,1.0
39056,39056,99.00,201,34,235,0.8553191489361702,0.14468085106382977,Yes,0.8553191489361702
40001,40001,99.00,4,5,9,0.4444444444444444,0.5555555555555556,No,0.5555555555555556
40002,40002,99.00,123,106,229,0.537117903930131,0.462882096069869,Yes,0.537117903930131
40003,40003,99.00,4,2,6,0.6666666666666666,0.3333333333333333,Yes,0.6666666666666666
40004,40004,99.00,143,156,299,0.4782608695652174,0.5217391304347826,No,0.5217391304347826
40005,40005,99.00,117,136,253,0.4624505928853755,0.5375494071146245,No,0.5375494071146245
40006,40006,99.00,90,102,192,0.46875,0.53125,No,0.53125
40007,40007,99.00,7,3,10,0.7,0.3,Yes,0.7
40008,40008,99.00,7,1,8,0.875,0.125,Yes,0.875
40009,40009,99.00,141,115,256,0.55078125,0.44921875,Yes,0.55078125
40010,40010,99.00,0,0,0,0,0,n/a,0
40011,40011,99.00,2,0,2,1.0,0.0,Yes,1.0
40012,40012,99.00,0,0,0,0,0,n/a,0
40013,40013,99.00,141,105,246,0.573170731707317,0.4268292682926829,Yes,0.573170731707317
40014,40014,99.00,2,1,3,0.6666666666666666,0.3333333333333333,Yes,0.6666666666666666
40015,40015,99.00,131,73,204,0.6421568627450981,0.35784313725490197,Yes,0.6421568627450981
40016,40016,99.00,163,71,234,0.6965811965811965,0.3034188034188034,Yes,0.6965811965811965
40017,40017,99.00,4,3,7,0.5714285714285714,0.42857142857142855,Yes,0.5714285714285714
40018,40018,99.00,0,1,1,0.0,1.0,No,1.0
40019,40019,99.00,75,23,98,0.7653061224489796,0.23469387755102042,Yes,0.7653061224489796
40020,40020,99.00,109,31,140,0.7785714285714286,0.22142857142857142,Yes,0.7785714285714286
40021,40021,99.00,79,31,110,0.7181818181818181,0.2818181818181818,Yes,0.7181818181818181
40022,40022,99.00,121,33,154,0.7857142857142857,0.21428571428571427,Yes,0.7857142857142857
40023,40023,99.00,111,51,162,0.6851851851851852,0.3148148148148148,Yes,0.6851851851851852
40024,40024,99.00,3,1,4,0.75,0.25,Yes,0.75
40025,40025,99.00,69,24,93,0.7419354838709677,0.25806451612903225,Yes,0.7419354838709677
40026,40026,99.00,109,54,163,0.6687116564417178,0.3312883435582822,Yes,0.6687116564417178
40027,40027,99.00,102,49,151,0.6754966887417219,0.32450331125827814,Yes,0.6754966887417219
40028,40028,99.00,4,0,4,1.0,0.0,Yes,1.0
40029,40029,99.00,3,2,5,0.6,0.4,Yes,0.6
40030,40030,99.00,115,57,172,0.6686046511627907,0.3313953488372093,Yes,0.6686046511627907
40031,40031,99.00,102,43,145,0.7034482758620689,0.296551724137931,Yes,0.7034482758620689
40032,40032,99.00,96,41,137,0.7007299270072993,0.29927007299270075,Yes,0.7007299270072993
40033,40033,99.00,11,3,14,0.7857142857142857,0.21428571428571427,Yes,0.7857142857142857
40034,40034,99.00,119,39,158,0.7531645569620253,0.2468354430379747,Yes,0.7531645569620253
40035,40035,99.00,77,23,100,0.77,0.23,Yes,0.77
40036,40036,99.00,120,41,161,0.7453416149068323,0.2546583850931677,Yes,0.7453416149068323
40037,40037,99.00,84,33,117,0.717948717948718,0.28205128205128205,Yes,0.717948717948718
40038,40038,99.00,5,1,6,0.8333333333333334,0.16666666666666666,Yes,0.8333333333333334
40039,40039,99.00,99,30,129,0.7674418604651163,0.23255813953488372,Yes,0.7674418604651163
40040,40040,99.00,101,28,129,0.7829457364341085,0.21705426356589147,Yes,0.7829457364341085
40041,40041,99.00,1,1,2,0.5,0.5,Tie,0.5
40042,40042,99.00,4,1,5,0.8,0.2,Yes,0.8
40043,40043,99.00,50,20,70,0.7142857142857143,0.2857142857142857,Yes,0.7142857142857143
40044,40044,99.00,3,2,5,0.6,0.4,Yes,0.6
40045,40045,99.00,58,9,67,0.8656716417910447,0.13432835820895522,Yes,0.8656716417910447
40046,40046,99.00,45,17,62,0.7258064516129032,0.27419354838709675,Yes,0.7258064516129032
40047,40047,99.00,6,1,7,0.8571428571428571,0.14285714285714285,Yes,0.8571428571428571
40048,40048,99.00,154,86,240,0.6416666666666667,0.35833333333333334,Yes,0.6416666666666667
40049,40049,99.00,2,0,2,1.0,0.0,Yes,1.0
40050,40050,99.00,119,37,156,0.7628205128205128,0.23717948717948717,Yes,0.7628205128205128
40051,40051,99.00,93,26,119,0.7815126050420168,0.2184873949579832,Yes,0.7815126050420168
40052,40052,99.00,1,0,1,1.0,0.0,Yes,1.0
40053,40053,99.00,2,1,3,0.6666666666666666,0.3333333333333333,Yes,0.6666666666666666
40054,40054,99.00,0,0,0,0,0,n/a,0
40055,40055,99.00,0,0,0,0,0,n/a,0
40056,40056,99.00,7,0,7,1.0,0.0,Yes,1.0
40057,40057,99.00,86,34,120,0.7166666666666667,0.2833333333333333,Yes,0.7166666666666667
40058,40058,99.00,6,1,7,0.8571428571428571,0.14285714285714285,Yes,0.8571428571428571
40059,40059,99.00,2,0,2,1.0,0.0,Yes,1.0
40060,40060,99.00,58,24,82,0.7073170731707317,0.2926829268292683,Yes,0.7073170731707317
61001,61001,99.00,166,52,218,0.7614678899082569,0.23853211009174313,Yes,0.7614678899082569
61002,61002,99.00,188,60,248,0.7580645161290323,0.24193548387096775,Yes,0.7580645161290323
61003,61003,99.00,213,79,292,0.7294520547945206,0.2705479452054795,Yes,0.7294520547945206
61004,61004,99.00,217,71,288,0.7534722222222222,0.2465277777777778,Yes,0.7534722222222222
61005,61005,99.00,9,1,10,0.9,0.1,Yes,0.9
61006,61006,99.00,90,64,154,0.5844155844155844,0.4155844155844156,Yes,0.5844155844155844
61007,61007,99.00,80,26,106,0.7547169811320755,0.24528301886792453,Yes,0.7547169811320755
61008,61008,99.00,153,36,189,0.8095238095238095,0.19047619047619047,Yes,0.8095238095238095
61009,61009,99.00,318,145,463,0.6868250539956804,0.31317494600431967,Yes,0.6868250539956804
61010,61010,99.00,126,51,177,0.711864406779661,0.288135593220339,Yes,0.711864406779661
61011,61011,99.00,11,2,13,0.8461538461538461,0.15384615384615385,Yes,0.8461538461538461
61012,61012,99.00,213,179,392,0.5433673469387755,0.45663265306122447,Yes,0.5433673469387755
61013,61013,99.00,110,69,179,0.6145251396648045,0.3854748603351955,Yes,0.6145251396648045
61014,61014,99.00,126,100,226,0.5575221238938053,0.4424778761061947,Yes,0.5575221238938053
61015,61015,99.00,100,61,161,0.6211180124223602,0.37888198757763975,Yes,0.6211180124223602
61016,61016,99.00,95,33,128,0.7421875,0.2578125,Yes,0.7421875
61017,61017,75.00,104,30,134,0.7761194029850746,0.22388059701492538,Yes,0.7761194029850746
61018,61018,99.00,177,201,378,0.46825396825396826,0.5317460317460317,No,0.5317460317460317
61019,61019,75.00,129,69,198,0.6515151515151515,0.3484848484848485,Yes,0.6515151515151515
61020,61020,75.00,107,78,185,0.5783783783783784,0.42162162162162165,Yes,0.5783783783783784
61021,61021,99.00,119,39,158,0.7531645569620253,0.2468354430379747,Yes,0.7531645569620253
61022,61022,99.00,114,52,166,0.6867469879518072,0.3132530120481928,Yes,0.6867469879518072
61023,61023,99.00,90,51,141,0.6382978723404256,0.3617021276595745,Yes,0.6382978723404256
61024,61024,99.00,85,89,174,0.4885057471264368,0.5114942528735632,No,0.5114942528735632
61025,61025,99.00,86,73,159,0.5408805031446541,0.4591194968553459,Yes,0.5408805031446541
61026,61026,50.00,103,35,138,0.7463768115942029,0.2536231884057971,Yes,0.7463768115942029
61027,61027,50.00,107,32,139,0.7697841726618705,0.2302158273381295,Yes,0.7697841726618705
61028,61028,99.00,141,90,231,0.6103896103896104,0.38961038961038963,Yes,0.6103896103896104
61029,61029,99.00,14,4,18,0.7777777777777778,0.2222222222222222,Yes,0.7777777777777778
61030,61030,99.00,81,78,159,0.5094339622641509,0.49056603773584906,Yes,0.5094339622641509
61031,61031,50.00,89,38,127,0.7007874015748031,0.2992125984251969,Yes,0.7007874015748031
61032,61032,50.00,85,19,104,0.8173076923076923,0.18269230769230768,Yes,0.8173076923076923
61033,61033,62.50,97,42,139,0.697841726618705,0.302158273381295,Yes,0.697841726618705
61034,61034,99.00,168,282,450,0.37333333333333335,0.6266666666666667,No,0.6266666666666667
61035,61035,99.00,131,177,308,0.4253246753246753,0.5746753246753247,No,0.5746753246753247
61036,61036,99.00,6,7,13,0.46153846153846156,0.5384615384615384,No,0.5384615384615384
61037,61037,57.14,237,188,425,0.5576470588235294,0.4423529411764706,Yes,0.5576470588235294
61038,61038,57.14,142,173,315,0.4507936507936508,0.5492063492063493,No,0.5492063492063493
61039,61039,57.14,24,22,46,0.5217391304347826,0.4782608695652174,Yes,0.5217391304347826
61040,61040,57.14,190,233,423,0.4491725768321513,0.5508274231678487,No,0.5508274231678487
61041,61041,99.00,5,4,9,0.5555555555555556,0.4444444444444444,Yes,0.5555555555555556
61042,61042,99.00,137,194,331,0.41389728096676737,0.5861027190332326,No,0.5861027190332326
61043,61043,99.00,192,248,440,0.43636363636363634,0.5636363636363636,No,0.5636363636363636
61044,61044,99.00,180,246,426,0.4225352112676056,0.5774647887323944,No,0.5774647887323944
61045,61045,99.00,3,2,5,0.6,0.4,Yes,0.6
61046,61046,99.00,2,1,3,0.6666666666666666,0.3333333333333333,Yes,0.6666666666666666
61047,61047,99.00,2,0,2,1.0,0.0,Yes,1.0
61048,61048,99.00,164,263,427,0.3840749414519906,0.6159250585480094,No,0.6159250585480094
61049,61049,99.00,156,58,214,0.7289719626168224,0.27102803738317754,Yes,0.7289719626168224
61050,61050,99.00,146,52,198,0.7373737373737373,0.26262626262626265,Yes,0.7373737373737373
61051,61051,99.00,23,4,27,0.8518518518518519,0.14814814814814814,Yes,0.8518518518518519
61052,61052,99.00,128,71,199,0.6432160804020101,0.35678391959798994,Yes,0.6432160804020101
61053,61053,99.00,96,25,121,0.7933884297520661,0.2066115702479339,Yes,0.7933884297520661
61054,61054,99.00,63,24,87,0.7241379310344828,0.27586206896551724,Yes,0.7241379310344828
61055,61055,99.00,109,30,139,0.7841726618705036,0.2158273381294964,Yes,0.7841726618705036
61056,61056,99.00,89,27,116,0.7672413793103449,0.23275862068965517,Yes,0.7672413793103449
61057,61057,99.00,107,72,179,0.5977653631284916,0.4022346368715084,Yes,0.5977653631284916
61058,61058,62.50,151,31,182,0.8296703296703297,0.17032967032967034,Yes,0.8296703296703297
61059,61059,62.50,9,0,9,1.0,0.0,Yes,1.0
61060,61060,62.50,90,45,135,0.6666666666666666,0.3333333333333333,Yes,0.6666666666666666
61061,61061,62.50,84,17,101,0.8316831683168316,0.16831683168316833,Yes,0.8316831683168316
61062,61062,99.00,80,87,167,0.47904191616766467,0.5209580838323353,No,0.5209580838323353
61063,61063,99.00,25,22,47,0.5319148936170213,0.46808510638297873,Yes,0.5319148936170213
61064,61064,99.00,7,2,9,0.7777777777777778,0.2222222222222222,Yes,0.7777777777777778
61065,61065,99.00,113,46,159,0.710691823899371,0.2893081761006289,Yes,0.710691823899371
61066,61066,99.00,122,71,193,0.6321243523316062,0.36787564766839376,Yes,0.6321243523316062
61067,61067,99.00,98,51,149,0.6577181208053692,0.3422818791946309,Yes,0.6577181208053692
61068,61068,99.00,98,42,140,0.7,0.3,Yes,0.7
61069,61069,99.00,78,28,106,0.7358490566037735,0.2641509433962264,Yes,0.7358490566037735
61070,61070,99.00,83,18,101,0.8217821782178217,0.1782178217821782,Yes,0.8217821782178217
61071,61071,99.00,6,3,9,0.6666666666666666,0.3333333333333333,Yes,0.6666666666666666
61072,61072,57.14,23,11,34,0.6764705882352942,0.3235294117647059,Yes,0.6764705882352942
61073,61073,62.50,89,18,107,0.8317757009345794,0.16822429906542055,Yes,0.8317757009345794
61074,61074,99.00,7,1,8,0.875,0.125,Yes,0.875
61075,61075,99.00,79,34,113,0.6991150442477876,0.3008849557522124,Yes,0.6991150442477876
61076,61076,99.00,112,76,188,0.5957446808510638,0.40425531914893614,Yes,0.5957446808510638
61077,61077,99.00,10,1,11,0.9090909090909091,0.09090909090909091,Yes,0.9090909090909091
61078,61078,99.00,7,1,8,0.875,0.125,Yes,0.875
61079,61079,99.00,0,0,0,0,0,n/a,0
62001,62001,99.00,57,144,201,0.2835820895522388,0.7164179104477612,No,0.7164179104477612
62002,62002,99.00,90,193,283,0.31802120141342755,0.6819787985865724,No,0.6819787985865724
62003,62003,57.14,100,162,262,0.3816793893129771,0.6183206106870229,No,0.6183206106870229
62004,62004,99.00,67,150,217,0.3087557603686636,0.6912442396313364,No,0.6912442396313364
62005,62005,57.14,53,122,175,0.3028571428571429,0.6971428571428572,No,0.6971428571428572
62006,62006,99.00,72,132,204,0.35294117647058826,0.6470588235294118,No,0.6470588235294118
62007,62007,57.14,59,162,221,0.2669683257918552,0.7330316742081447,No,0.7330316742081447
62008,62008,0.00,6,10,16,0.375,0.625,No,0.625
62009,62009,50.00,15,27,42,0.35714285714285715,0.6428571428571429,No,0.6428571428571429
62010,62010,57.14,7,19,26,0.2692307692307692,0.7307692307692307,No,0.7307692307692307
62011,62011,0.00,11,5,16,0.6875,0.3125,Yes,0.6875
62012,62012,99.00,98,147,245,0.4,0.6,No,0.6
62013,62013,99.00,104,172,276,0.37681159420289856,0.6231884057971014,No,0.6231884057971014
62014,62014,99.00,2,2,4,0.5,0.5,Tie,0.5
62015,62015,99.00,98,195,293,0.33447098976109213,0.6655290102389079,No,0.6655290102389079
62016,62016,99.00,109,179,288,0.3784722222222222,0.6215277777777778,No,0.6215277777777778
62017,62017,99.00,3,4,7,0.42857142857142855,0.5714285714285714,No,0.5714285714285714
62018,62018,99.00,3,1,4,0.75,0.25,Yes,0.75
62019,62019,99.00,4,4,8,0.5,0.5,Tie,0.5
62020,62020,66.67,111,202,313,0.3546325878594249,0.645367412140575,No,0.645367412140575
62021,62021,66.67,92,185,277,0.33212996389891697,0.6678700361010831,No,0.6678700361010831
62022,62022,66.67,110,237,347,0.3170028818443804,0.6829971181556196,No,0.6829971181556196
62023,62023,66.67,7,16,23,0.30434782608695654,0.6956521739130435,No,0.6956521739130435
62024,62024,66.67,9,12,21,0.42857142857142855,0.5714285714285714,No,0.5714285714285714
62025,62025,66.67,9,16,25,0.36,0.64,No,0.64
62026,62026,99.00,77,100,177,0.4350282485875706,0.5649717514124294,No,0.5649717514124294
62027,62027,99.00,68,149,217,0.31336405529953915,0.6866359447004609,No,0.6866359447004609
62028,62028,99.00,54,117,171,0.3157894736842105,0.6842105263157895,No,0.6842105263157895
62029,62029,0.00,6,0,6,1.0,0.0,Yes,1.0
62030,62030,0.00,10,5,15,0.6666666666666666,0.3333333333333333,Yes,0.6666666666666666
62031,62031,0.00,13,14,27,0.48148148148148145,0.5185185185185185,No,0.5185185185185185
62032,62032,99.00,52,122,174,0.2988505747126437,0.7011494252873564,No,0.7011494252873564
62033,62033,99.00,64,115,179,0.3575418994413408,0.6424581005586593,No,0.6424581005586593
62034,62034,99.00,62,128,190,0.3263157894736842,0.6736842105263158,No,0.6736842105263158
62035,62035,99.00,134,231,365,0.36712328767123287,0.6328767123287671,No,0.6328767123287671
62036,62036,99.00,6,12,18,0.3333333333333333,0.6666666666666666,No,0.6666666666666666
62037,62037,99.00,84,160,244,0.3442622950819672,0.6557377049180327,No,0.6557377049180327
62038,62038,99.00,96,171,267,0.3595505617977528,0.6404494382022472,No,0.6404494382022472
62039,62039,99.00,69,172,241,0.2863070539419087,0.7136929460580913,No,0.7136929460580913
62040,62040,99.00,63,133,196,0.32142857142857145,0.6785714285714286,No,0.6785714285714286
62041,62041,99.00,65,144,209,0.31100478468899523,0.6889952153110048,No,0.6889952153110048
62042,62042,99.00,96,126,222,0.43243243243243246,0.5675675675675675,No,0.5675675675675675
62043,62043,99.00,79,134,213,0.37089201877934275,0.6291079812206573,No,0.6291079812206573
62044,62044,99.00,94,222,316,0.2974683544303797,0.7025316455696202,No,0.7025316455696202
62045,62045,99.00,3,6,9,0.3333333333333333,0.6666666666666666,No,0.6666666666666666
62046,62046,99.00,69,137,206,0.33495145631067963,0.6650485436893204,No,0.6650485436893204
62047,62047,99.00,104,223,327,0.3180428134556575,0.6819571865443425,No,0.6819571865443425
62048,62048,99.00,62,96,158,0.3924050632911392,0.6075949367088608,No,0.6075949367088608
62049,62049,99.00,79,158,237,0.3333333333333333,0.6666666666666666,No,0.6666666666666666
62050,62050,99.00,92,151,243,0.3786008230452675,0.6213991769547325,No,0.6213991769547325
62051,62051,99.00,57,122,179,0.31843575418994413,0.6815642458100558,No,0.6815642458100558
62052,62052,99.00,80,139,219,0.365296803652968,0.634703196347032,No,0.634703196347032
62053,62053,99.00,78,138,216,0.3611111111111111,0.6388888888888888,No,0.6388888888888888
62054,62054,99.00,58,109,167,0.3473053892215569,0.6526946107784432,No,0.6526946107784432
62055,62055,99.00,79,134,213,0.37089201877934275,0.6291079812206573,No,0.6291079812206573
62056,62056,99.00,70,107,177,0.3954802259887006,0.6045197740112994,No,0.6045197740112994
62057,62057,99.00,58,126,184,0.31521739130434784,0.6847826086956522,No,0.6847826086956522
62058,62058,99.00,74,120,194,0.38144329896907214,0.6185567010309279,No,0.6185567010309279
62059,62059,99.00,53,105,158,0.33544303797468356,0.6645569620253164,No,0.6645569620253164
62060,62060,99.00,85,136,221,0.38461538461538464,0.6153846153846154,No,0.6153846153846154
62061,62061,99.00,85,150,235,0.3617021276595745,0.6382978723404256,No,0.6382978723404256
62062,62062,99.00,68,131,199,0.3417085427135678,0.6582914572864321,No,0.6582914572864321
62063,62063,99.00,130,198,328,0.39634146341463417,0.6036585365853658,No,0.6036585365853658
62064,62064,99.00,57,54,111,0.5135135135135135,0.4864864864864865,Yes,0.5135135135135135
62065,62065,99.00,84,163,247,0.340080971659919,0.659919028340081,No,0.659919028340081
62066,62066,99.00,143,231,374,0.38235294117647056,0.6176470588235294,No,0.6176470588235294
62067,62067,99.00,136,239,375,0.3626666666666667,0.6373333333333333,No,0.6373333333333333
62068,62068,99.00,140,218,358,0.39106145251396646,0.6089385474860335,No,0.6089385474860335
62069,62069,99.00,10,16,26,0.38461538461538464,0.6153846153846154,No,0.6153846153846154
62070,62070,99.00,36,63,99,0.36363636363636365,0.6363636363636364,No,0.6363636363636364
62071,62071,99.00,10,9,19,0.5263157894736842,0.47368421052631576,Yes,0.5263157894736842
62072,62072,99.00,63,83,146,0.4315068493150685,0.5684931506849316,No,0.5684931506849316
62073,62073,99.00,8,8,16,0.5,0.5,Tie,0.5
62074,62074,99.00,73,174,247,0.29554655870445345,0.7044534412955465,No,0.7044534412955465
62075,62075,66.67,71,89,160,0.44375,0.55625,No,0.55625
62076,62076,57.14,61,127,188,0.324468085106383,0.675531914893617,No,0.675531914893617
62077,62077,99.00,55,141,196,0.28061224489795916,0.7193877551020408,No,0.7193877551020408
62078,62078,0.00,0,7,7,0.0,1.0,No,1.0
62079,62079,99.00,83,184,267,0.31086142322097376,0.6891385767790262,No,0.6891385767790262
62080,62080,99.00,59,83,142,0.4154929577464789,0.5845070422535211,No,0.5845070422535211
62081,62081,99.00,51,104,155,0.32903225806451614,0.6709677419354839,No,0.6709677419354839
62082,62082,99.00,12,7,19,0.631578947368421,0.3684210526315789,Yes,0.631578947368421
62083,62083,66.67,52,108,160,0.325,0.675,No,0.675
62084,62084,99.00,74,136,210,0.3523809523809524,0.6476190476190476,No,0.6476190476190476
62085,62085,99.00,3,4,7,0.42857142857142855,0.5714285714285714,No,0.5714285714285714
62086,62086,99.00,0,2,2,0.0,1.0,No,1.0
62087,62087,99.00,0,0,0,0,0,n/a,0
62088,62088,99.00,0,0,0,0,0,n/a,0
63001,63001,99.00,124,198,322,0.38509316770186336,0.6149068322981367,No,0.6149068322981367
63002,63002,99.00,78,83,161,0.484472049689441,0.515527950310559,No,0.515527950310559
63003,63003,99.00,8,4,12,0.6666666666666666,0.3333333333333333,Yes,0.6666666666666666
63004,63004,99.00,46,102,148,0.3108108108108108,0.6891891891891891,No,0.6891891891891891
63005,63005,99.00,89,194,283,0.31448763250883394,0.6855123674911661,No,0.6855123674911661
63006,63006,99.00,4,9,13,0.3076923076923077,0.6923076923076923,No,0.6923076923076923
63007,63007,0.00,2,2,4,0.5,0.5,Tie,0.5
63008,63008,99.00,71,73,144,0.4930555555555556,0.5069444444444444,No,0.5069444444444444
63009,63009,99.00,7,7,14,0.5,0.5,Tie,0.5
63010,63010,99.00,102,77,179,0.5698324022346368,0.4301675977653631,Yes,0.5698324022346368
63011,63011,99.00,127,124,251,0.5059760956175299,0.4940239043824701,Yes,0.5059760956175299
63012,63012,99.00,3,1,4,0.75,0.25,Yes,0.75
63013,63013,99.00,84,88,172,0.4883720930232558,0.5116279069767442,No,0.5116279069767442
63014,63014,99.00,63,55,118,0.5338983050847458,0.4661016949152542,Yes,0.5338983050847458
63015,63015,99.00,66,83,149,0.4429530201342282,0.5570469798657718,No,0.5570469798657718
63016,63016,99.00,111,111,222,0.5,0.5,Tie,0.5
63017,63017,99.00,1,0,1,1.0,0.0,Yes,1.0
63018,63018,99.00,135,205,340,0.39705882352941174,0.6029411764705882,No,0.6029411764705882
63019,63019,99.00,2,3,5,0.4,0.6,No,0.6
63020,63020,99.00,53,84,137,0.38686131386861317,0.6131386861313869,No,0.6131386861313869
63021,63021,99.00,46,59,105,0.4380952380952381,0.5619047619047619,No,0.5619047619047619
63022,63022,99.00,72,77,149,0.48322147651006714,0.5167785234899329,No,0.5167785234899329
63023,63023,99.00,53,70,123,0.43089430894308944,0.5691056910569106,No,0.5691056910569106
63024,63024,99.00,112,150,262,0.42748091603053434,0.5725190839694656,No,0.5725190839694656
63025,63025,99.00,2,5,7,0.2857142857142857,0.7142857142857143,No,0.7142857142857143
63026,63026,99.00,68,124,192,0.3541666666666667,0.6458333333333334,No,0.6458333333333334
63027,63027,99.00,102,140,242,0.4214876033057851,0.5785123966942148,No,0.5785123966942148
63028,63028,99.00,2,3,5,0.4,0.6,No,0.6
63029,63029,99.00,112,202,314,0.35668789808917195,0.643312101910828,No,0.643312101910828
63030,63030,99.00,71,67,138,0.5144927536231884,0.4855072463768116,Yes,0.5144927536231884
63031,63031,99.00,118,82,200,0.59,0.41,Yes,0.59
63032,63032,99.00,72,78,150,0.48,0.52,No,0.52
63033,63033,99.00,84,146,230,0.3652173913043478,0.6347826086956522,No,0.6347826086956522
63034,63034,99.00,58,115,173,0.3352601156069364,0.6647398843930635,No,0.6647398843930635
63035,63035,99.00,87,159,246,0.35365853658536583,0.6463414634146342,No,0.6463414634146342
63036,63036,99.00,114,143,257,0.44357976653696496,0.556420233463035,No,0.556420233463035
63037,63037,99.00,115,78,193,0.5958549222797928,0.40414507772020725,Yes,0.5958549222797928
63038,63038,99.00,117,47,164,0.7134146341463414,0.2865853658536585,Yes,0.7134146341463414
63039,63039,99.00,67,26,93,0.7204301075268817,0.27956989247311825,Yes,0.7204301075268817
63040,63040,99.00,1,3,4,0.25,0.75,No,0.75
63041,63041,50.00,61,16,77,0.7922077922077922,0.2077922077922078,Yes,0.7922077922077922
63042,63042,99.00,63,20,83,0.7590361445783133,0.24096385542168675,Yes,0.7590361445783133
63043,63043,99.00,95,40,135,0.7037037037037037,0.2962962962962963,Yes,0.7037037037037037
63044,63044,99.00,99,35,134,0.7388059701492538,0.26119402985074625,Yes,0.7388059701492538
63045,63045,99.00,85,14,99,0.8585858585858586,0.1414141414141414,Yes,0.8585858585858586
63046,63046,99.00,148,194,342,0.4327485380116959,0.5672514619883041,No,0.5672514619883041
63047,63047,99.00,2,6,8,0.25,0.75,No,0.75
63048,63048,99.00,57,104,161,0.35403726708074534,0.6459627329192547,No,0.6459627329192547
63049,63049,99.00,157,184,341,0.4604105571847507,0.5395894428152492,No,0.5395894428152492
63050,63050,99.00,66,90,156,0.4230769230769231,0.5769230769230769,No,0.5769230769230769
63051,63051,99.00,2,8,10,0.2,0.8,No,0.8
63052,63052,99.00,113,102,215,0.5255813953488372,0.4744186046511628,Yes,0.5255813953488372
63053,63053,99.00,88,85,173,0.5086705202312138,0.4913294797687861,Yes,0.5086705202312138
63054,63054,99.00,93,78,171,0.543859649122807,0.45614035087719296,Yes,0.543859649122807
63055,63055,99.00,64,80,144,0.4444444444444444,0.5555555555555556,No,0.5555555555555556
63056,63056,99.00,0,2,2,0.0,1.0,No,1.0
63057,63057,99.00,134,203,337,0.39762611275964393,0.6023738872403561,No,0.6023738872403561
63058,63058,99.00,62,106,168,0.36904761904761907,0.6309523809523809,No,0.6309523809523809
63059,63059,99.00,161,175,336,0.4791666666666667,0.5208333333333334,No,0.5208333333333334
63060,63060,99.00,3,4,7,0.42857142857142855,0.5714285714285714,No,0.5714285714285714
63061,63061,57.14,115,111,226,0.5088495575221239,0.4911504424778761,Yes,0.5088495575221239
63062,63062,99.00,150,146,296,0.5067567567567568,0.49324324324324326,Yes,0.5067567567567568
63063,63063,99.00,114,164,278,0.41007194244604317,0.5899280575539568,No,0.5899280575539568
63064,63064,99.00,195,308,503,0.38767395626242546,0.6123260437375746,No,0.6123260437375746
63065,63065,99.00,106,128,234,0.452991452991453,0.5470085470085471,No,0.5470085470085471
63066,63066,99.00,4,4,8,0.5,0.5,Tie,0.5
63067,63067,99.00,103,162,265,0.3886792452830189,0.6113207547169811,No,0.6113207547169811
63068,63068,99.00,1,1,2,0.5,0.5,Tie,0.5
63069,63069,99.00,3,7,10,0.3,0.7,No,0.7
63070,63070,99.00,1,4,5,0.2,0.8,No,0.8
63071,63071,99.00,74,19,93,0.7956989247311828,0.20430107526881722,Yes,0.7956989247311828
63072,63072,99.00,101,117,218,0.463302752293578,0.536697247706422,No,0.536697247706422
63073,63073,99.00,70,88,158,0.4430379746835443,0.5569620253164557,No,0.5569620253164557
63074,63074,99.00,6,3,9,0.6666666666666666,0.3333333333333333,Yes,0.6666666666666666
63075,63075,99.00,35,21,56,0.625,0.375,Yes,0.625
63076,63076,99.00,74,96,170,0.43529411764705883,0.5647058823529412,No,0.5647058823529412
63077,63077,99.00,59,58,117,0.5042735042735043,0.49572649572649574,Yes,0.5042735042735043
63078,63078,99.00,3,1,4,0.75,0.25,Yes,0.75
63079,63079,99.00,5,5,10,0.5,0.5,Tie,0.5
63080,63080,99.00,79,49,128,0.6171875,0.3828125,Yes,0.6171875
63081,63081,99.00,1,1,2,0.5,0.5,Tie,0.5
63082,63082,99.00,102,127,229,0.44541484716157204,0.5545851528384279,No,0.5545851528384279
63083,63083,99.00,115,115,230,0.5,0.5,Tie,0.5
63084,63084,99.00,74,69,143,0.5174825174825175,0.4825174825174825,Yes,0.5174825174825175
63085,63085,0.00,4,1,5,0.8,0.2,Yes,0.8
63086,63086,99.00,0,0,0,0,0,n/a,0
63087,63087,99.00,0,0,0,0,0,n/a,0
63088,63088,99.00,0,0,0,0,0,n/a,0
63089,63089,99.00,0,0,0,0,0,n/a,0
63090,63090,99.00,0,0,0,0,0,n/a,0
