ED,Reported As,Reporting,Yes,No,Total Votes,p_Yes,p_No,winner,winner_p
65001,65001,99.00,128,36,164,0.7804878048780488,0.21951219512195122,Yes,0.7804878048780488
65002,65002,99.00,124,30,154,0.8051948051948052,0.19480519480519481,Yes,0.8051948051948052
65003,65003,75.00,185,38,223,0.8295964125560538,0.17040358744394618,Yes,0.8295964125560538
65004,65004,99.00,81,17,98,0.826530612244898,0.17346938775510204,Yes,0.826530612244898
65005,65005,75.00,0,0,0,0,0,n/a,0
65006,65006,99.00,273,87,360,0.7583333333333333,0.24166666666666667,Yes,0.7583333333333333
65007,65007,99.00,5,0,5,1.0,0.0,Yes,1.0
65008,65008,99.00,192,51,243,0.7901234567901234,0.20987654320987653,Yes,0.7901234567901234
65009,65009,99.00,131,30,161,0.8136645962732919,0.18633540372670807,Yes,0.8136645962732919
65010,65010,99.00,140,21,161,0.8695652173913043,0.13043478260869565,Yes,0.8695652173913043
65011,65011,99.00,3,0,3,1.0,0.0,Yes,1.0
65012,65012,99.00,101,26,127,0.7952755905511811,0.2047244094488189,Yes,0.7952755905511811
65013,65013,99.00,5,1,6,0.8333333333333334,0.16666666666666666,Yes,0.8333333333333334
65014,65014,99.00,260,62,322,0.8074534161490683,0.19254658385093168,Yes,0.8074534161490683
65015,65015,99.00,211,48,259,0.8146718146718147,0.18532818532818532,Yes,0.8146718146718147
65016,65016,99.00,141,37,178,0.7921348314606742,0.20786516853932585,Yes,0.7921348314606742
65017,65017,99.00,10,0,10,1.0,0.0,Yes,1.0
65018,65018,99.00,95,35,130,0.7307692307692307,0.2692307692307692,Yes,0.7307692307692307
65019,65019,99.00,82,25,107,0.7663551401869159,0.2336448598130841,Yes,0.7663551401869159
65020,65020,99.00,4,0,4,1.0,0.0,Yes,1.0
65021,65021,99.00,130,23,153,0.8496732026143791,0.1503267973856209,Yes,0.8496732026143791
65022,65022,99.00,142,36,178,0.797752808988764,0.20224719101123595,Yes,0.797752808988764
65023,65023,99.00,130,19,149,0.87248322147651,0.12751677852348994,Yes,0.87248322147651
65024,65024,99.00,89,16,105,0.8476190476190476,0.1523809523809524,Yes,0.8476190476190476
65025,65025,99.00,3,2,5,0.6,0.4,Yes,0.6
65026,65026,99.00,5,0,5,1.0,0.0,Yes,1.0
65027,65027,99.00,148,45,193,0.7668393782383419,0.23316062176165803,Yes,0.7668393782383419
65028,65028,99.00,8,1,9,0.8888888888888888,0.1111111111111111,Yes,0.8888888888888888
65029,65029,99.00,8,1,9,0.8888888888888888,0.1111111111111111,Yes,0.8888888888888888
65030,65030,99.00,251,41,292,0.8595890410958904,0.1404109589041096,Yes,0.8595890410958904
65031,65031,99.00,5,0,5,1.0,0.0,Yes,1.0
65032,65032,99.00,85,15,100,0.85,0.15,Yes,0.85
65033,65033,99.00,90,18,108,0.8333333333333334,0.16666666666666666,Yes,0.8333333333333334
65034,65034,99.00,7,2,9,0.7777777777777778,0.2222222222222222,Yes,0.7777777777777778
65035,65035,99.00,49,17,66,0.7424242424242424,0.25757575757575757,Yes,0.7424242424242424
65036,65036,99.00,108,30,138,0.782608695652174,0.21739130434782608,Yes,0.782608695652174
65037,65037,99.00,42,7,49,0.8571428571428571,0.14285714285714285,Yes,0.8571428571428571
65038,65038,99.00,7,2,9,0.7777777777777778,0.2222222222222222,Yes,0.7777777777777778
65039,65039,99.00,150,37,187,0.8021390374331551,0.19786096256684493,Yes,0.8021390374331551
65040,65040,33.33,112,24,136,0.8235294117647058,0.17647058823529413,Yes,0.8235294117647058
65041,65041,33.33,25,2,27,0.9259259259259259,0.07407407407407407,Yes,0.9259259259259259
65042,65042,99.00,21,2,23,0.9130434782608695,0.08695652173913043,Yes,0.9130434782608695
65043,65043,33.33,105,27,132,0.7954545454545454,0.20454545454545456,Yes,0.7954545454545454
65044,65044,0.00,23,1,24,0.9583333333333334,0.041666666666666664,Yes,0.9583333333333334
65045,65045,99.00,178,67,245,0.726530612244898,0.27346938775510204,Yes,0.726530612244898
65046,65046,99.00,164,52,216,0.7592592592592593,0.24074074074074073,Yes,0.7592592592592593
65047,65047,99.00,150,43,193,0.7772020725388601,0.22279792746113988,Yes,0.7772020725388601
65048,65048,0.00,14,4,18,0.7777777777777778,0.2222222222222222,Yes,0.7777777777777778
65049,65049,99.00,231,46,277,0.8339350180505415,0.16606498194945848,Yes,0.8339350180505415
65050,65050,99.00,8,0,8,1.0,0.0,Yes,1.0
65051,65051,0.00,12,0,12,1.0,0.0,Yes,1.0
65052,65052,99.00,155,38,193,0.8031088082901554,0.19689119170984457,Yes,0.8031088082901554
65053,65053,50.00,82,14,96,0.8541666666666666,0.14583333333333334,Yes,0.8541666666666666
65054,65054,99.00,136,47,183,0.7431693989071039,0.2568306010928962,Yes,0.7431693989071039
65055,65055,50.00,8,0,8,1.0,0.0,Yes,1.0
65056,65056,99.00,69,21,90,0.7666666666666667,0.23333333333333334,Yes,0.7666666666666667
65057,65057,50.00,132,36,168,0.7857142857142857,0.21428571428571427,Yes,0.7857142857142857
65058,65058,99.00,186,35,221,0.8416289592760181,0.1583710407239819,Yes,0.8416289592760181
65059,65059,99.00,175,36,211,0.8293838862559242,0.17061611374407584,Yes,0.8293838862559242
65060,65060,99.00,2,1,3,0.6666666666666666,0.3333333333333333,Yes,0.6666666666666666
65061,65061,99.00,166,32,198,0.8383838383838383,0.16161616161616163,Yes,0.8383838383838383
65062,65062,99.00,5,0,5,1.0,0.0,Yes,1.0
65063,65063,99.00,145,24,169,0.8579881656804734,0.14201183431952663,Yes,0.8579881656804734
65064,65064,99.00,132,24,156,0.8461538461538461,0.15384615384615385,Yes,0.8461538461538461
65065,65065,99.00,4,4,8,0.5,0.5,Tie,0.5
65066,65066,99.00,2,0,2,1.0,0.0,Yes,1.0
65067,65067,99.00,3,0,3,1.0,0.0,Yes,1.0
65068,65068,99.00,255,46,301,0.8471760797342193,0.15282392026578073,Yes,0.8471760797342193
65069,65069,99.00,12,0,12,1.0,0.0,Yes,1.0
65070,65070,99.00,0,0,0,0,0,n/a,0
65071,65071,99.00,168,20,188,0.8936170212765957,0.10638297872340426,Yes,0.8936170212765957
65072,65072,99.00,154,32,186,0.8279569892473119,0.17204301075268819,Yes,0.8279569892473119
65073,65073,66.67,90,8,98,0.9183673469387755,0.08163265306122448,Yes,0.9183673469387755
65074,65074,99.00,5,0,5,1.0,0.0,Yes,1.0
65075,65075,66.67,3,1,4,0.75,0.25,Yes,0.75
65076,65076,66.67,74,9,83,0.891566265060241,0.10843373493975904,Yes,0.891566265060241
65077,65077,99.00,167,31,198,0.8434343434343434,0.15656565656565657,Yes,0.8434343434343434
65078,65078,99.00,180,19,199,0.9045226130653267,0.09547738693467336,Yes,0.9045226130653267
65079,65079,99.00,309,47,356,0.8679775280898876,0.13202247191011235,Yes,0.8679775280898876
65080,65080,99.00,159,33,192,0.828125,0.171875,Yes,0.828125
65081,65081,99.00,126,23,149,0.8456375838926175,0.15436241610738255,Yes,0.8456375838926175
65082,65082,99.00,0,0,0,0,0,n/a,0
65083,65083,33.33,6,0,6,1.0,0.0,Yes,1.0
65084,65084,99.00,0,0,0,0,0,n/a,0
65085,65085,75.00,179,36,215,0.8325581395348837,0.16744186046511628,Yes,0.8325581395348837
65086,65086,75.00,4,0,4,1.0,0.0,Yes,1.0
65087,65087,99.00,100,19,119,0.8403361344537815,0.15966386554621848,Yes,0.8403361344537815
65088,65088,99.00,129,26,155,0.832258064516129,0.16774193548387098,Yes,0.832258064516129
65089,65089,99.00,2,1,3,0.6666666666666666,0.3333333333333333,Yes,0.6666666666666666
65090,65090,99.00,8,1,9,0.8888888888888888,0.1111111111111111,Yes,0.8888888888888888
65091,65091,99.00,152,23,175,0.8685714285714285,0.13142857142857142,Yes,0.8685714285714285
65092,65092,99.00,2,0,2,1.0,0.0,Yes,1.0
65093,65093,99.00,4,0,4,1.0,0.0,Yes,1.0
65094,65094,99.00,0,0,0,0,0,n/a,0
65095,65095,99.00,0,0,0,0,0,n/a,0
65096,65096,99.00,0,0,0,0,0,n/a,0
65097,65097,99.00,0,0,0,0,0,n/a,0
65098,65098,99.00,0,0,0,0,0,n/a,0
65099,65099,66.67,3,0,3,1.0,0.0,Yes,1.0
66001,66001,99.00,150,23,173,0.8670520231213873,0.1329479768786127,Yes,0.8670520231213873
66002,66002,99.00,3,1,4,0.75,0.25,Yes,0.75
66003,66003,99.00,210,40,250,0.84,0.16,Yes,0.84
66004,66004,99.00,82,11,93,0.8817204301075269,0.11827956989247312,Yes,0.8817204301075269
66005,66005,99.00,224,41,265,0.8452830188679246,0.15471698113207547,Yes,0.8452830188679246
66006,66006,99.00,7,2,9,0.7777777777777778,0.2222222222222222,Yes,0.7777777777777778
66007,66007,99.00,8,0,8,1.0,0.0,Yes,1.0
66008,66008,99.00,187,36,223,0.8385650224215246,0.16143497757847533,Yes,0.8385650224215246
66009,66009,99.00,168,21,189,0.8888888888888888,0.1111111111111111,Yes,0.8888888888888888
66010,66010,99.00,137,13,150,0.9133333333333333,0.08666666666666667,Yes,0.9133333333333333
66011,66011,99.00,175,25,200,0.875,0.125,Yes,0.875
66012,66012,99.00,111,25,136,0.8161764705882353,0.18382352941176472,Yes,0.8161764705882353
66013,66013,99.00,209,22,231,0.9047619047619048,0.09523809523809523,Yes,0.9047619047619048
66014,66014,99.00,152,11,163,0.9325153374233128,0.06748466257668712,Yes,0.9325153374233128
66015,66015,99.00,12,1,13,0.9230769230769231,0.07692307692307693,Yes,0.9230769230769231
66016,66016,99.00,2,0,2,1.0,0.0,Yes,1.0
66017,66017,99.00,0,0,0,0,0,n/a,0
66018,66018,99.00,9,0,9,1.0,0.0,Yes,1.0
66019,66019,99.00,12,1,13,0.9230769230769231,0.07692307692307693,Yes,0.9230769230769231
66020,66020,99.00,158,18,176,0.8977272727272727,0.10227272727272728,Yes,0.8977272727272727
66021,66021,99.00,274,35,309,0.8867313915857605,0.11326860841423948,Yes,0.8867313915857605
66022,66022,99.00,240,44,284,0.8450704225352113,0.15492957746478872,Yes,0.8450704225352113
66023,66023,99.00,316,30,346,0.9132947976878613,0.08670520231213873,Yes,0.9132947976878613
66024,66024,99.00,12,3,15,0.8,0.2,Yes,0.8
66025,66025,99.00,7,0,7,1.0,0.0,Yes,1.0
66026,66026,99.00,214,22,236,0.9067796610169492,0.09322033898305085,Yes,0.9067796610169492
66027,66027,99.00,5,0,5,1.0,0.0,Yes,1.0
66028,66028,99.00,144,15,159,0.9056603773584906,0.09433962264150944,Yes,0.9056603773584906
66029,66029,99.00,12,1,13,0.9230769230769231,0.07692307692307693,Yes,0.9230769230769231
66030,66030,99.00,162,23,185,0.8756756756756757,0.12432432432432433,Yes,0.8756756756756757
66031,66031,99.00,10,0,10,1.0,0.0,Yes,1.0
66032,66032,99.00,245,28,273,0.8974358974358975,0.10256410256410256,Yes,0.8974358974358975
66033,66033,99.00,8,1,9,0.8888888888888888,0.1111111111111111,Yes,0.8888888888888888
66034,66034,99.00,13,0,13,1.0,0.0,Yes,1.0
66035,66035,99.00,289,31,320,0.903125,0.096875,Yes,0.903125
66036,66036,99.00,198,18,216,0.9166666666666666,0.08333333333333333,Yes,0.9166666666666666
66037,66037,99.00,143,24,167,0.8562874251497006,0.1437125748502994,Yes,0.8562874251497006
66038,66038,99.00,237,22,259,0.915057915057915,0.08494208494208494,Yes,0.915057915057915
66039,66039,33.33,64,6,70,0.9142857142857143,0.08571428571428572,Yes,0.9142857142857143
66040,66040,99.00,0,0,0,0,0,n/a,0
66041,66041,99.00,7,3,10,0.7,0.3,Yes,0.7
66042,66042,99.00,4,0,4,1.0,0.0,Yes,1.0
66043,66043,99.00,87,13,100,0.87,0.13,Yes,0.87
66044,66044,99.00,246,30,276,0.8913043478260869,0.10869565217391304,Yes,0.8913043478260869
66045,66045,99.00,264,38,302,0.8741721854304636,0.12582781456953643,Yes,0.8741721854304636
66046,66046,99.00,12,2,14,0.8571428571428571,0.14285714285714285,Yes,0.8571428571428571
66047,66047,87.50,250,29,279,0.8960573476702509,0.1039426523297491,Yes,0.8960573476702509
66048,66048,99.00,181,28,209,0.8660287081339713,0.1339712918660287,Yes,0.8660287081339713
66049,66049,99.00,144,17,161,0.8944099378881988,0.10559006211180125,Yes,0.8944099378881988
66050,66050,99.00,370,52,422,0.8767772511848341,0.12322274881516587,Yes,0.8767772511848341
66051,66051,99.00,50,7,57,0.8771929824561403,0.12280701754385964,Yes,0.8771929824561403
66052,66052,99.00,33,3,36,0.9166666666666666,0.08333333333333333,Yes,0.9166666666666666
66053,66053,99.00,37,3,40,0.925,0.075,Yes,0.925
66054,66054,99.00,318,50,368,0.8641304347826086,0.1358695652173913,Yes,0.8641304347826086
66055,66055,99.00,233,29,262,0.8893129770992366,0.11068702290076336,Yes,0.8893129770992366
66056,66056,99.00,43,2,45,0.9555555555555556,0.044444444444444446,Yes,0.9555555555555556
66057,66057,33.33,175,22,197,0.8883248730964467,0.1116751269035533,Yes,0.8883248730964467
66058,66058,87.50,15,1,16,0.9375,0.0625,Yes,0.9375
66059,66059,87.50,44,3,47,0.9361702127659575,0.06382978723404255,Yes,0.9361702127659575
66060,66060,87.50,27,5,32,0.84375,0.15625,Yes,0.84375
66061,66061,87.50,295,30,325,0.9076923076923077,0.09230769230769231,Yes,0.9076923076923077
66062,66062,87.50,18,1,19,0.9473684210526315,0.05263157894736842,Yes,0.9473684210526315
66063,66063,87.50,229,33,262,0.8740458015267175,0.12595419847328243,Yes,0.8740458015267175
66064,66064,87.50,14,3,17,0.8235294117647058,0.17647058823529413,Yes,0.8235294117647058
66065,66065,99.00,123,14,137,0.8978102189781022,0.10218978102189781,Yes,0.8978102189781022
66066,66066,99.00,18,3,21,0.8571428571428571,0.14285714285714285,Yes,0.8571428571428571
66067,66067,99.00,241,43,284,0.8485915492957746,0.15140845070422534,Yes,0.8485915492957746
66068,66068,99.00,142,29,171,0.8304093567251462,0.1695906432748538,Yes,0.8304093567251462
66069,66069,99.00,13,1,14,0.9285714285714286,0.07142857142857142,Yes,0.9285714285714286
66070,66070,99.00,4,0,4,1.0,0.0,Yes,1.0
66071,66071,99.00,313,31,344,0.9098837209302325,0.09011627906976744,Yes,0.9098837209302325
66072,66072,99.00,8,2,10,0.8,0.2,Yes,0.8
66073,66073,99.00,186,20,206,0.9029126213592233,0.0970873786407767,Yes,0.9029126213592233
66074,66074,99.00,16,0,16,1.0,0.0,Yes,1.0
66075,66075,99.00,258,29,287,0.8989547038327527,0.10104529616724739,Yes,0.8989547038327527
66076,66076,87.50,227,32,259,0.8764478764478765,0.12355212355212356,Yes,0.8764478764478765
66077,66077,99.00,333,39,372,0.8951612903225806,0.10483870967741936,Yes,0.8951612903225806
66078,66078,99.00,347,52,399,0.8696741854636592,0.13032581453634084,Yes,0.8696741854636592
66079,66079,99.00,340,30,370,0.918918918918919,0.08108108108108109,Yes,0.918918918918919
66080,66080,99.00,27,2,29,0.9310344827586207,0.06896551724137931,Yes,0.9310344827586207
66081,66081,99.00,394,34,428,0.9205607476635514,0.0794392523364486,Yes,0.9205607476635514
66082,66082,99.00,15,1,16,0.9375,0.0625,Yes,0.9375
66083,66083,99.00,20,3,23,0.8695652173913043,0.13043478260869565,Yes,0.8695652173913043
66084,66084,99.00,362,42,404,0.8960396039603961,0.10396039603960396,Yes,0.8960396039603961
66085,66085,87.50,295,33,328,0.899390243902439,0.10060975609756098,Yes,0.899390243902439
66086,66086,87.50,177,16,193,0.917098445595855,0.08290155440414508,Yes,0.917098445595855
66087,66087,87.50,211,19,230,0.9173913043478261,0.08260869565217391,Yes,0.9173913043478261
66088,66088,99.00,317,35,352,0.9005681818181818,0.09943181818181818,Yes,0.9005681818181818
66089,66089,99.00,15,3,18,0.8333333333333334,0.16666666666666666,Yes,0.8333333333333334
66090,66090,99.00,219,37,256,0.85546875,0.14453125,Yes,0.85546875
66091,66091,99.00,164,36,200,0.82,0.18,Yes,0.82
66092,66092,99.00,0,0,0,0,0,n/a,0
66093,66093,87.50,0,0,0,0,0,n/a,0
66094,66094,99.00,0,0,0,0,0,n/a,0
66095,66095,87.50,0,0,0,0,0,n/a,0
66096,66096,99.00,13,0,13,1.0,0.0,Yes,1.0
66097,66097,99.00,19,1,20,0.95,0.05,Yes,0.95
66098,66098,99.00,250,44,294,0.8503401360544217,0.14965986394557823,Yes,0.8503401360544217
66099,66099,99.00,113,23,136,0.8308823529411765,0.16911764705882354,Yes,0.8308823529411765
66100,66100,99.00,6,0,6,1.0,0.0,Yes,1.0
66101,66101,99.00,20,1,21,0.9523809523809523,0.047619047619047616,Yes,0.9523809523809523
66102,66102,99.00,6,4,10,0.6,0.4,Yes,0.6
66103,66103,99.00,12,0,12,1.0,0.0,Yes,1.0
66104,66104,99.00,3,0,3,1.0,0.0,Yes,1.0
66105,66105,99.00,13,1,14,0.9285714285714286,0.07142857142857142,Yes,0.9285714285714286
66106,66106,99.00,161,28,189,0.8518518518518519,0.14814814814814814,Yes,0.8518518518518519
67001,67001,80.00,211,49,260,0.8115384615384615,0.18846153846153846,Yes,0.8115384615384615
67002,67002,99.00,242,38,280,0.8642857142857143,0.1357142857142857,Yes,0.8642857142857143
67003,67003,80.00,1,2,3,0.3333333333333333,0.6666666666666666,No,0.6666666666666666
67004,67004,99.00,18,1,19,0.9473684210526315,0.05263157894736842,Yes,0.9473684210526315
67005,67005,99.00,291,27,318,0.9150943396226415,0.08490566037735849,Yes,0.9150943396226415
67006,67006,99.00,222,39,261,0.8505747126436781,0.14942528735632185,Yes,0.8505747126436781
67007,67007,99.00,8,1,9,0.8888888888888888,0.1111111111111111,Yes,0.8888888888888888
67008,67008,99.00,265,30,295,0.8983050847457628,0.1016949152542373,Yes,0.8983050847457628
67009,67009,99.00,9,4,13,0.6923076923076923,0.3076923076923077,Yes,0.6923076923076923
67010,67010,99.00,230,34,264,0.8712121212121212,0.12878787878787878,Yes,0.8712121212121212
67011,67011,99.00,184,30,214,0.8598130841121495,0.14018691588785046,Yes,0.8598130841121495
67012,67012,99.00,13,1,14,0.9285714285714286,0.07142857142857142,Yes,0.9285714285714286
67013,67013,99.00,270,36,306,0.8823529411764706,0.11764705882352941,Yes,0.8823529411764706
67014,67014,99.00,237,39,276,0.8586956521739131,0.14130434782608695,Yes,0.8586956521739131
67015,67015,99.00,37,6,43,0.8604651162790697,0.13953488372093023,Yes,0.8604651162790697
67016,67016,99.00,40,1,41,0.975609756097561,0.024390243902439025,Yes,0.975609756097561
67017,67017,99.00,26,5,31,0.8387096774193549,0.16129032258064516,Yes,0.8387096774193549
67018,67018,99.00,215,33,248,0.8669354838709677,0.13306451612903225,Yes,0.8669354838709677
67019,67019,99.00,118,20,138,0.855072463768116,0.14492753623188406,Yes,0.855072463768116
67020,67020,99.00,158,20,178,0.8876404494382022,0.11235955056179775,Yes,0.8876404494382022
67021,67021,99.00,11,2,13,0.8461538461538461,0.15384615384615385,Yes,0.8461538461538461
67022,67022,99.00,17,1,18,0.9444444444444444,0.05555555555555555,Yes,0.9444444444444444
67023,67023,99.00,201,40,241,0.8340248962655602,0.16597510373443983,Yes,0.8340248962655602
67024,67024,80.00,109,19,128,0.8515625,0.1484375,Yes,0.8515625
67025,67025,99.00,118,38,156,0.7564102564102564,0.24358974358974358,Yes,0.7564102564102564
67026,67026,99.00,7,3,10,0.7,0.3,Yes,0.7
67027,67027,99.00,205,35,240,0.8541666666666666,0.14583333333333334,Yes,0.8541666666666666
67028,67028,80.00,124,23,147,0.8435374149659864,0.1564625850340136,Yes,0.8435374149659864
67029,67029,80.00,90,21,111,0.8108108108108109,0.1891891891891892,Yes,0.8108108108108109
67030,67030,99.00,93,22,115,0.808695652173913,0.19130434782608696,Yes,0.808695652173913
67031,67031,99.00,273,63,336,0.8125,0.1875,Yes,0.8125
67032,67032,80.00,184,43,227,0.8105726872246696,0.1894273127753304,Yes,0.8105726872246696
67033,67033,99.00,220,24,244,0.9016393442622951,0.09836065573770492,Yes,0.9016393442622951
67034,67034,80.00,152,20,172,0.8837209302325582,0.11627906976744186,Yes,0.8837209302325582
67035,67035,80.00,23,2,25,0.92,0.08,Yes,0.92
67036,67036,99.00,6,2,8,0.75,0.25,Yes,0.75
67037,67037,99.00,164,21,185,0.8864864864864865,0.11351351351351352,Yes,0.8864864864864865
67038,67038,99.00,204,45,249,0.8192771084337349,0.18072289156626506,Yes,0.8192771084337349
67039,67039,99.00,6,1,7,0.8571428571428571,0.14285714285714285,Yes,0.8571428571428571
67040,67040,99.00,14,0,14,1.0,0.0,Yes,1.0
67041,67041,99.00,302,40,342,0.8830409356725146,0.11695906432748537,Yes,0.8830409356725146
67042,67042,99.00,350,50,400,0.875,0.125,Yes,0.875
67043,67043,99.00,602,110,712,0.8455056179775281,0.1544943820224719,Yes,0.8455056179775281
67044,67044,99.00,182,44,226,0.8053097345132744,0.19469026548672566,Yes,0.8053097345132744
67045,67045,99.00,9,1,10,0.9,0.1,Yes,0.9
67046,67046,99.00,26,4,30,0.8666666666666667,0.13333333333333333,Yes,0.8666666666666667
67047,67047,99.00,189,37,226,0.8362831858407079,0.16371681415929204,Yes,0.8362831858407079
67048,67048,99.00,11,0,11,1.0,0.0,Yes,1.0
67049,67049,99.00,331,45,376,0.8803191489361702,0.1196808510638298,Yes,0.8803191489361702
67050,67050,99.00,241,29,270,0.8925925925925926,0.10740740740740741,Yes,0.8925925925925926
67051,67051,80.00,126,19,145,0.8689655172413793,0.1310344827586207,Yes,0.8689655172413793
67052,67052,99.00,25,0,25,1.0,0.0,Yes,1.0
67053,67053,99.00,224,34,258,0.8682170542635659,0.13178294573643412,Yes,0.8682170542635659
67054,67054,99.00,213,37,250,0.852,0.148,Yes,0.852
67055,67055,99.00,5,1,6,0.8333333333333334,0.16666666666666666,Yes,0.8333333333333334
67056,67056,99.00,170,23,193,0.8808290155440415,0.11917098445595854,Yes,0.8808290155440415
67057,67057,99.00,167,31,198,0.8434343434343434,0.15656565656565657,Yes,0.8434343434343434
67058,67058,99.00,16,1,17,0.9411764705882353,0.058823529411764705,Yes,0.9411764705882353
67059,67059,99.00,239,36,275,0.8690909090909091,0.13090909090909092,Yes,0.8690909090909091
67060,67060,99.00,299,52,351,0.8518518518518519,0.14814814814814814,Yes,0.8518518518518519
67061,67061,99.00,311,58,369,0.8428184281842819,0.15718157181571815,Yes,0.8428184281842819
67062,67062,99.00,8,3,11,0.7272727272727273,0.2727272727272727,Yes,0.7272727272727273
67063,67063,99.00,5,2,7,0.7142857142857143,0.2857142857142857,Yes,0.7142857142857143
67064,67064,99.00,373,39,412,0.9053398058252428,0.09466019417475728,Yes,0.9053398058252428
67065,67065,99.00,12,1,13,0.9230769230769231,0.07692307692307693,Yes,0.9230769230769231
67066,67066,99.00,307,45,352,0.8721590909090909,0.1278409090909091,Yes,0.8721590909090909
67067,67067,99.00,319,44,363,0.8787878787878788,0.12121212121212122,Yes,0.8787878787878788
67068,67068,99.00,317,35,352,0.9005681818181818,0.09943181818181818,Yes,0.9005681818181818
67069,67069,99.00,15,0,15,1.0,0.0,Yes,1.0
67070,67070,99.00,13,1,14,0.9285714285714286,0.07142857142857142,Yes,0.9285714285714286
67071,67071,99.00,329,32,361,0.9113573407202216,0.0886426592797784,Yes,0.9113573407202216
67072,67072,99.00,299,37,336,0.8898809523809523,0.11011904761904762,Yes,0.8898809523809523
67073,67073,99.00,12,2,14,0.8571428571428571,0.14285714285714285,Yes,0.8571428571428571
67074,67074,99.00,183,43,226,0.8097345132743363,0.1902654867256637,Yes,0.8097345132743363
67075,67075,99.00,319,42,361,0.8836565096952909,0.11634349030470914,Yes,0.8836565096952909
67076,67076,99.00,23,4,27,0.8518518518518519,0.14814814814814814,Yes,0.8518518518518519
67077,67077,99.00,342,45,387,0.8837209302325582,0.11627906976744186,Yes,0.8837209302325582
67078,67078,99.00,10,0,10,1.0,0.0,Yes,1.0
67079,67079,99.00,15,0,15,1.0,0.0,Yes,1.0
67080,67080,99.00,200,34,234,0.8547008547008547,0.1452991452991453,Yes,0.8547008547008547
67081,67081,99.00,310,58,368,0.842391304347826,0.15760869565217392,Yes,0.842391304347826
67082,67082,99.00,15,3,18,0.8333333333333334,0.16666666666666666,Yes,0.8333333333333334
67083,67083,99.00,26,2,28,0.9285714285714286,0.07142857142857142,Yes,0.9285714285714286
67084,67084,99.00,233,40,273,0.8534798534798534,0.14652014652014653,Yes,0.8534798534798534
67085,67085,99.00,319,40,359,0.8885793871866295,0.11142061281337047,Yes,0.8885793871866295
67086,67086,99.00,23,2,25,0.92,0.08,Yes,0.92
67087,67087,99.00,185,19,204,0.9068627450980392,0.09313725490196079,Yes,0.9068627450980392
67088,67088,99.00,285,54,339,0.8407079646017699,0.1592920353982301,Yes,0.8407079646017699
67089,67089,99.00,17,2,19,0.8947368421052632,0.10526315789473684,Yes,0.8947368421052632
67090,67090,99.00,177,23,200,0.885,0.115,Yes,0.885
67091,67091,99.00,432,53,485,0.8907216494845361,0.10927835051546392,Yes,0.8907216494845361
67092,67092,99.00,10,1,11,0.9090909090909091,0.09090909090909091,Yes,0.9090909090909091
67093,67093,99.00,361,40,401,0.9002493765586035,0.09975062344139651,Yes,0.9002493765586035
67094,67094,99.00,20,2,22,0.9090909090909091,0.09090909090909091,Yes,0.9090909090909091
67095,67095,99.00,10,1,11,0.9090909090909091,0.09090909090909091,Yes,0.9090909090909091
67096,67096,99.00,286,38,324,0.8827160493827161,0.11728395061728394,Yes,0.8827160493827161
67097,67097,99.00,6,1,7,0.8571428571428571,0.14285714285714285,Yes,0.8571428571428571
67098,67098,99.00,325,48,373,0.871313672922252,0.128686327077748,Yes,0.871313672922252
67099,67099,99.00,393,55,448,0.8772321428571429,0.12276785714285714,Yes,0.8772321428571429
67100,67100,80.00,1,0,1,1.0,0.0,Yes,1.0
67101,67101,80.00,107,17,124,0.8629032258064516,0.13709677419354838,Yes,0.8629032258064516
67102,67102,99.00,0,0,0,0,0,n/a,0
67103,67103,80.00,0,0,0,0,0,n/a,0
67104,67104,99.00,0,0,0,0,0,n/a,0
67105,67105,99.00,7,0,7,1.0,0.0,Yes,1.0
67106,67106,99.00,227,29,256,0.88671875,0.11328125,Yes,0.88671875
67107,67107,99.00,6,1,7,0.8571428571428571,0.14285714285714285,Yes,0.8571428571428571
67108,67108,99.00,151,31,182,0.8296703296703297,0.17032967032967034,Yes,0.8296703296703297
67109,67109,99.00,174,32,206,0.8446601941747572,0.1553398058252427,Yes,0.8446601941747572
67110,67110,99.00,96,17,113,0.8495575221238938,0.1504424778761062,Yes,0.8495575221238938
67111,67111,80.00,2,0,2,1.0,0.0,Yes,1.0
67112,67112,99.00,24,4,28,0.8571428571428571,0.14285714285714285,Yes,0.8571428571428571
67113,67113,99.00,67,2,69,0.9710144927536232,0.028985507246376812,Yes,0.9710144927536232
67114,67114,99.00,16,4,20,0.8,0.2,Yes,0.8
68001,68001,99.00,158,45,203,0.7783251231527094,0.22167487684729065,Yes,0.7783251231527094
68002,68002,99.00,1,1,2,0.5,0.5,Tie,0.5
68003,68003,99.00,191,54,245,0.7795918367346939,0.22040816326530613,Yes,0.7795918367346939
68004,68004,99.00,148,35,183,0.8087431693989071,0.1912568306010929,Yes,0.8087431693989071
68005,68005,99.00,160,32,192,0.8333333333333334,0.16666666666666666,Yes,0.8333333333333334
68006,68006,99.00,3,0,3,1.0,0.0,Yes,1.0
68007,68007,99.00,264,67,331,0.797583081570997,0.20241691842900303,Yes,0.797583081570997
68008,68008,99.00,225,57,282,0.7978723404255319,0.20212765957446807,Yes,0.7978723404255319
68009,68009,99.00,6,0,6,1.0,0.0,Yes,1.0
68010,68010,99.00,16,1,17,0.9411764705882353,0.058823529411764705,Yes,0.9411764705882353
68011,68011,99.00,150,27,177,0.847457627118644,0.15254237288135594,Yes,0.847457627118644
68012,68012,99.00,4,0,4,1.0,0.0,Yes,1.0
68013,68013,99.00,2,0,2,1.0,0.0,Yes,1.0
68014,68014,99.00,8,0,8,1.0,0.0,Yes,1.0
68015,68015,99.00,187,22,209,0.8947368421052632,0.10526315789473684,Yes,0.8947368421052632
68016,68016,99.00,93,38,131,0.7099236641221374,0.2900763358778626,Yes,0.7099236641221374
68017,68017,99.00,78,21,99,0.7878787878787878,0.21212121212121213,Yes,0.7878787878787878
68018,68018,99.00,2,0,2,1.0,0.0,Yes,1.0
68019,68019,99.00,5,0,5,1.0,0.0,Yes,1.0
68020,68020,99.00,5,0,5,1.0,0.0,Yes,1.0
68021,68021,99.00,55,7,62,0.8870967741935484,0.11290322580645161,Yes,0.8870967741935484
68022,68022,99.00,107,16,123,0.8699186991869918,0.13008130081300814,Yes,0.8699186991869918
68023,68023,99.00,136,18,154,0.8831168831168831,0.11688311688311688,Yes,0.8831168831168831
68024,68024,99.00,7,0,7,1.0,0.0,Yes,1.0
68025,68025,99.00,142,22,164,0.8658536585365854,0.13414634146341464,Yes,0.8658536585365854
68026,68026,99.00,128,25,153,0.8366013071895425,0.16339869281045752,Yes,0.8366013071895425
68027,68027,99.00,6,0,6,1.0,0.0,Yes,1.0
68028,68028,36.36,102,12,114,0.8947368421052632,0.10526315789473684,Yes,0.8947368421052632
68029,68029,99.00,3,0,3,1.0,0.0,Yes,1.0
68030,68030,36.36,13,4,17,0.7647058823529411,0.23529411764705882,Yes,0.7647058823529411
68031,68031,36.36,132,34,166,0.7951807228915663,0.20481927710843373,Yes,0.7951807228915663
68032,68032,36.36,12,2,14,0.8571428571428571,0.14285714285714285,Yes,0.8571428571428571
68033,68033,36.36,157,17,174,0.9022988505747126,0.09770114942528736,Yes,0.9022988505747126
68034,68034,99.00,186,46,232,0.8017241379310345,0.19827586206896552,Yes,0.8017241379310345
68035,68035,99.00,176,31,207,0.8502415458937198,0.1497584541062802,Yes,0.8502415458937198
68036,68036,99.00,84,22,106,0.7924528301886793,0.20754716981132076,Yes,0.7924528301886793
68037,68037,99.00,127,36,163,0.7791411042944786,0.22085889570552147,Yes,0.7791411042944786
68038,68038,99.00,93,15,108,0.8611111111111112,0.1388888888888889,Yes,0.8611111111111112
68039,68039,99.00,154,28,182,0.8461538461538461,0.15384615384615385,Yes,0.8461538461538461
68040,68040,99.00,8,2,10,0.8,0.2,Yes,0.8
68041,68041,99.00,146,35,181,0.8066298342541437,0.19337016574585636,Yes,0.8066298342541437
68042,68042,99.00,221,37,258,0.8565891472868217,0.1434108527131783,Yes,0.8565891472868217
68043,68043,99.00,8,2,10,0.8,0.2,Yes,0.8
68044,68044,99.00,4,1,5,0.8,0.2,Yes,0.8
68045,68045,99.00,2,0,2,1.0,0.0,Yes,1.0
68046,68046,99.00,126,24,150,0.84,0.16,Yes,0.84
68047,68047,99.00,85,23,108,0.7870370370370371,0.21296296296296297,Yes,0.7870370370370371
68048,68048,99.00,0,0,0,0,0,n/a,0
68049,68049,99.00,39,17,56,0.6964285714285714,0.30357142857142855,Yes,0.6964285714285714
68050,68050,99.00,156,46,202,0.7722772277227723,0.22772277227722773,Yes,0.7722772277227723
68051,68051,99.00,3,0,3,1.0,0.0,Yes,1.0
68052,68052,66.67,182,55,237,0.7679324894514767,0.2320675105485232,Yes,0.7679324894514767
68053,68053,66.67,5,0,5,1.0,0.0,Yes,1.0
68054,68054,99.00,124,22,146,0.8493150684931506,0.1506849315068493,Yes,0.8493150684931506
68055,68055,99.00,145,15,160,0.90625,0.09375,Yes,0.90625
68056,68056,99.00,99,18,117,0.8461538461538461,0.15384615384615385,Yes,0.8461538461538461
68057,68057,99.00,5,0,5,1.0,0.0,Yes,1.0
68058,68058,66.67,117,35,152,0.7697368421052632,0.23026315789473684,Yes,0.7697368421052632
68059,68059,99.00,1,0,1,1.0,0.0,Yes,1.0
68060,68060,66.67,73,26,99,0.7373737373737373,0.26262626262626265,Yes,0.7373737373737373
68061,68061,99.00,120,35,155,0.7741935483870968,0.22580645161290322,Yes,0.7741935483870968
68062,68062,66.67,3,0,3,1.0,0.0,Yes,1.0
68063,68063,99.00,161,33,194,0.8298969072164949,0.17010309278350516,Yes,0.8298969072164949
68064,68064,99.00,2,2,4,0.5,0.5,Tie,0.5
68065,68065,99.00,76,28,104,0.7307692307692307,0.2692307692307692,Yes,0.7307692307692307
68066,68066,99.00,57,21,78,0.7307692307692307,0.2692307692307692,Yes,0.7307692307692307
68067,68067,99.00,0,0,0,0,0,n/a,0
68068,68068,99.00,91,18,109,0.8348623853211009,0.1651376146788991,Yes,0.8348623853211009
68069,68069,99.00,4,1,5,0.8,0.2,Yes,0.8
68070,68070,99.00,0,0,0,0,0,n/a,0
68071,68071,99.00,127,34,161,0.7888198757763976,0.2111801242236025,Yes,0.7888198757763976
68072,68072,99.00,174,26,200,0.87,0.13,Yes,0.87
68073,68073,99.00,4,2,6,0.6666666666666666,0.3333333333333333,Yes,0.6666666666666666
68074,68074,99.00,6,2,8,0.75,0.25,Yes,0.75
68075,68075,99.00,146,21,167,0.874251497005988,0.12574850299401197,Yes,0.874251497005988
68076,68076,99.00,2,2,4,0.5,0.5,Tie,0.5
68077,68077,99.00,3,1,4,0.75,0.25,Yes,0.75
68078,68078,99.00,11,3,14,0.7857142857142857,0.21428571428571427,Yes,0.7857142857142857
68079,68079,99.00,115,21,136,0.8455882352941176,0.15441176470588236,Yes,0.8455882352941176
68080,68080,99.00,219,30,249,0.8795180722891566,0.12048192771084337,Yes,0.8795180722891566
68081,68081,99.00,45,3,48,0.9375,0.0625,Yes,0.9375
68082,68082,99.00,193,35,228,0.8464912280701754,0.15350877192982457,Yes,0.8464912280701754
68083,68083,99.00,117,25,142,0.823943661971831,0.176056338028169,Yes,0.823943661971831
68084,68084,99.00,114,24,138,0.8260869565217391,0.17391304347826086,Yes,0.8260869565217391
68085,68085,99.00,74,15,89,0.8314606741573034,0.16853932584269662,Yes,0.8314606741573034
68086,68086,99.00,65,9,74,0.8783783783783784,0.12162162162162163,Yes,0.8783783783783784
68087,68087,99.00,3,1,4,0.75,0.25,Yes,0.75
68088,68088,99.00,1,0,1,1.0,0.0,Yes,1.0
68089,68089,99.00,99,31,130,0.7615384615384615,0.23846153846153847,Yes,0.7615384615384615
68090,68090,99.00,82,28,110,0.7454545454545455,0.2545454545454545,Yes,0.7454545454545455
68091,68091,99.00,0,0,0,0,0,n/a,0
68092,68092,99.00,100,29,129,0.7751937984496124,0.2248062015503876,Yes,0.7751937984496124
68093,68093,99.00,167,37,204,0.8186274509803921,0.18137254901960784,Yes,0.8186274509803921
68094,68094,99.00,15,1,16,0.9375,0.0625,Yes,0.9375
68095,68095,36.36,0,0,0,0,0,n/a,0
68096,68096,99.00,173,34,207,0.8357487922705314,0.1642512077294686,Yes,0.8357487922705314
68097,68097,99.00,108,32,140,0.7714285714285715,0.22857142857142856,Yes,0.7714285714285715
68098,68098,36.36,45,22,67,0.6716417910447762,0.3283582089552239,Yes,0.6716417910447762
68099,68099,99.00,0,0,0,0,0,n/a,0
68100,68100,99.00,0,0,0,0,0,n/a,0
68101,68101,36.36,0,0,0,0,0,n/a,0
68102,68102,99.00,0,0,0,0,0,n/a,0
68103,68103,36.36,0,0,0,0,0,n/a,0
68104,68104,36.36,0,0,0,0,0,n/a,0
68105,68105,99.00,0,0,0,0,0,n/a,0
68106,68106,99.00,0,0,0,0,0,n/a,0
68107,68107,99.00,0,0,0,0,0,n/a,0
68108,68108,99.00,1,0,1,1.0,0.0,Yes,1.0
68109,68109,99.00,1,0,1,1.0,0.0,Yes,1.0
68110,68110,99.00,5,1,6,0.8333333333333334,0.16666666666666666,Yes,0.8333333333333334
68111,68111,99.00,5,1,6,0.8333333333333334,0.16666666666666666,Yes,0.8333333333333334
68112,68112,99.00,184,35,219,0.8401826484018264,0.1598173515981735,Yes,0.8401826484018264
68113,68113,99.00,0,0,0,0,0,n/a,0
68114,68114,36.36,3,3,6,0.5,0.5,Tie,0.5
68115,68115,99.00,2,0,2,1.0,0.0,Yes,1.0
69001,69001,99.00,8,1,9,0.8888888888888888,0.1111111111111111,Yes,0.8888888888888888
69002,69002,99.00,7,1,8,0.875,0.125,Yes,0.875
69003,69003,99.00,277,29,306,0.9052287581699346,0.09477124183006536,Yes,0.9052287581699346
69004,69004,99.00,25,3,28,0.8928571428571429,0.10714285714285714,Yes,0.8928571428571429
69005,69005,99.00,12,0,12,1.0,0.0,Yes,1.0
69006,69006,99.00,201,25,226,0.8893805309734514,0.11061946902654868,Yes,0.8893805309734514
69007,69007,99.00,267,40,307,0.8697068403908795,0.13029315960912052,Yes,0.8697068403908795
69008,69008,99.00,13,2,15,0.8666666666666667,0.13333333333333333,Yes,0.8666666666666667
69009,69009,99.00,281,33,314,0.8949044585987261,0.10509554140127389,Yes,0.8949044585987261
69010,69010,99.00,282,37,319,0.8840125391849529,0.11598746081504702,Yes,0.8840125391849529
69011,69011,99.00,23,9,32,0.71875,0.28125,Yes,0.71875
69012,69012,99.00,84,6,90,0.9333333333333333,0.06666666666666667,Yes,0.9333333333333333
69013,69013,99.00,215,25,240,0.8958333333333334,0.10416666666666667,Yes,0.8958333333333334
69014,69014,99.00,12,1,13,0.9230769230769231,0.07692307692307693,Yes,0.9230769230769231
69015,69015,99.00,184,24,208,0.8846153846153846,0.11538461538461539,Yes,0.8846153846153846
69016,69016,99.00,122,27,149,0.8187919463087249,0.18120805369127516,Yes,0.8187919463087249
69017,69017,99.00,154,13,167,0.9221556886227545,0.07784431137724551,Yes,0.9221556886227545
69018,69018,99.00,217,25,242,0.8966942148760331,0.10330578512396695,Yes,0.8966942148760331
69019,69019,99.00,12,2,14,0.8571428571428571,0.14285714285714285,Yes,0.8571428571428571
69020,69020,99.00,277,69,346,0.8005780346820809,0.1994219653179191,Yes,0.8005780346820809
69021,69021,99.00,318,42,360,0.8833333333333333,0.11666666666666667,Yes,0.8833333333333333
69022,69022,99.00,362,40,402,0.900497512437811,0.09950248756218906,Yes,0.900497512437811
69023,69023,99.00,284,38,322,0.8819875776397516,0.11801242236024845,Yes,0.8819875776397516
69024,69024,99.00,193,22,215,0.8976744186046511,0.10232558139534884,Yes,0.8976744186046511
69025,69025,99.00,20,4,24,0.8333333333333334,0.16666666666666666,Yes,0.8333333333333334
69026,69026,99.00,55,2,57,0.9649122807017544,0.03508771929824561,Yes,0.9649122807017544
69027,69027,99.00,27,1,28,0.9642857142857143,0.03571428571428571,Yes,0.9642857142857143
69028,69028,99.00,9,2,11,0.8181818181818182,0.18181818181818182,Yes,0.8181818181818182
69029,69029,99.00,394,49,443,0.8893905191873589,0.11060948081264109,Yes,0.8893905191873589
69030,69030,99.00,44,5,49,0.8979591836734694,0.10204081632653061,Yes,0.8979591836734694
69031,69031,99.00,29,0,29,1.0,0.0,Yes,1.0
69032,69032,99.00,376,52,428,0.8785046728971962,0.12149532710280374,Yes,0.8785046728971962
69033,69033,99.00,238,40,278,0.8561151079136691,0.14388489208633093,Yes,0.8561151079136691
69034,69034,99.00,220,34,254,0.8661417322834646,0.13385826771653545,Yes,0.8661417322834646
69035,69035,99.00,17,1,18,0.9444444444444444,0.05555555555555555,Yes,0.9444444444444444
69036,69036,99.00,2,0,2,1.0,0.0,Yes,1.0
69037,69037,99.00,213,23,236,0.902542372881356,0.09745762711864407,Yes,0.902542372881356
69038,69038,99.00,19,5,24,0.7916666666666666,0.20833333333333334,Yes,0.7916666666666666
69039,69039,99.00,317,61,378,0.8386243386243386,0.16137566137566137,Yes,0.8386243386243386
69040,69040,99.00,367,36,403,0.9106699751861043,0.08933002481389578,Yes,0.9106699751861043
69041,69041,99.00,31,4,35,0.8857142857142857,0.11428571428571428,Yes,0.8857142857142857
69042,69042,99.00,280,40,320,0.875,0.125,Yes,0.875
69043,69043,99.00,203,25,228,0.8903508771929824,0.10964912280701754,Yes,0.8903508771929824
69044,69044,99.00,295,37,332,0.8885542168674698,0.11144578313253012,Yes,0.8885542168674698
69045,69045,99.00,403,39,442,0.9117647058823529,0.08823529411764706,Yes,0.9117647058823529
69046,69046,99.00,316,61,377,0.8381962864721485,0.16180371352785147,Yes,0.8381962864721485
69047,69047,99.00,26,1,27,0.9629629629629629,0.037037037037037035,Yes,0.9629629629629629
69048,69048,99.00,45,0,45,1.0,0.0,Yes,1.0
69049,69049,47.06,217,22,239,0.9079497907949791,0.09205020920502092,Yes,0.9079497907949791
69050,69050,47.06,313,45,358,0.8743016759776536,0.12569832402234637,Yes,0.8743016759776536
69051,69051,47.06,27,3,30,0.9,0.1,Yes,0.9
69052,69052,47.06,172,26,198,0.8686868686868687,0.13131313131313133,Yes,0.8686868686868687
69053,69053,47.06,11,3,14,0.7857142857142857,0.21428571428571427,Yes,0.7857142857142857
69054,69054,47.06,197,43,240,0.8208333333333333,0.17916666666666667,Yes,0.8208333333333333
69055,69055,99.00,234,33,267,0.8764044943820225,0.12359550561797752,Yes,0.8764044943820225
69056,69056,47.06,5,2,7,0.7142857142857143,0.2857142857142857,Yes,0.7142857142857143
69057,69057,47.06,91,33,124,0.7338709677419355,0.2661290322580645,Yes,0.7338709677419355
69058,69058,47.06,23,2,25,0.92,0.08,Yes,0.92
69059,69059,47.06,16,2,18,0.8888888888888888,0.1111111111111111,Yes,0.8888888888888888
69060,69060,47.06,275,27,302,0.9105960264900662,0.08940397350993377,Yes,0.9105960264900662
69061,69061,47.06,323,31,354,0.9124293785310734,0.08757062146892655,Yes,0.9124293785310734
69062,69062,99.00,346,35,381,0.9081364829396326,0.09186351706036745,Yes,0.9081364829396326
69063,69063,99.00,317,39,356,0.8904494382022472,0.10955056179775281,Yes,0.8904494382022472
69064,69064,99.00,236,19,255,0.9254901960784314,0.07450980392156863,Yes,0.9254901960784314
69065,69065,99.00,49,6,55,0.8909090909090909,0.10909090909090909,Yes,0.8909090909090909
69066,69066,99.00,3,1,4,0.75,0.25,Yes,0.75
69067,69067,99.00,212,28,240,0.8833333333333333,0.11666666666666667,Yes,0.8833333333333333
69068,69068,99.00,14,1,15,0.9333333333333333,0.06666666666666667,Yes,0.9333333333333333
69069,69069,99.00,280,33,313,0.8945686900958466,0.10543130990415335,Yes,0.8945686900958466
69070,69070,99.00,142,18,160,0.8875,0.1125,Yes,0.8875
69071,69071,99.00,10,1,11,0.9090909090909091,0.09090909090909091,Yes,0.9090909090909091
69072,69072,75.00,194,22,216,0.8981481481481481,0.10185185185185185,Yes,0.8981481481481481
69073,69073,75.00,171,22,193,0.8860103626943006,0.11398963730569948,Yes,0.8860103626943006
69074,69074,99.00,10,2,12,0.8333333333333334,0.16666666666666666,Yes,0.8333333333333334
69075,69075,99.00,174,32,206,0.8446601941747572,0.1553398058252427,Yes,0.8446601941747572
69076,69076,99.00,8,0,8,1.0,0.0,Yes,1.0
69077,69077,75.00,30,4,34,0.8823529411764706,0.11764705882352941,Yes,0.8823529411764706
69078,69078,75.00,116,18,134,0.8656716417910447,0.13432835820895522,Yes,0.8656716417910447
69079,69079,75.00,23,3,26,0.8846153846153846,0.11538461538461539,Yes,0.8846153846153846
69080,69080,99.00,179,38,217,0.8248847926267281,0.17511520737327188,Yes,0.8248847926267281
69081,69081,99.00,306,43,349,0.8767908309455588,0.12320916905444126,Yes,0.8767908309455588
69082,69082,99.00,146,21,167,0.874251497005988,0.12574850299401197,Yes,0.874251497005988
69083,69083,99.00,5,0,5,1.0,0.0,Yes,1.0
69084,69084,75.00,179,16,195,0.9179487179487179,0.08205128205128205,Yes,0.9179487179487179
69085,69085,75.00,28,2,30,0.9333333333333333,0.06666666666666667,Yes,0.9333333333333333
69086,69086,75.00,54,6,60,0.9,0.1,Yes,0.9
69087,69087,75.00,27,3,30,0.9,0.1,Yes,0.9
69088,69088,75.00,14,0,14,1.0,0.0,Yes,1.0
69089,69089,50.00,107,15,122,0.8770491803278688,0.12295081967213115,Yes,0.8770491803278688
69090,69090,75.00,260,20,280,0.9285714285714286,0.07142857142857142,Yes,0.9285714285714286
69091,69091,75.00,26,3,29,0.896551724137931,0.10344827586206896,Yes,0.896551724137931
69092,69092,75.00,294,25,319,0.9216300940438872,0.07836990595611286,Yes,0.9216300940438872
69093,69093,99.00,312,25,337,0.9258160237388724,0.07418397626112759,Yes,0.9258160237388724
69094,69094,99.00,233,28,261,0.89272030651341,0.10727969348659004,Yes,0.89272030651341
69095,69095,99.00,205,25,230,0.8913043478260869,0.10869565217391304,Yes,0.8913043478260869
69096,69096,99.00,173,22,195,0.8871794871794871,0.11282051282051282,Yes,0.8871794871794871
69097,69097,99.00,8,2,10,0.8,0.2,Yes,0.8
69098,69098,99.00,12,0,12,1.0,0.0,Yes,1.0
69099,69099,99.00,337,31,368,0.9157608695652174,0.08423913043478261,Yes,0.9157608695652174
69100,69100,99.00,228,45,273,0.8351648351648352,0.16483516483516483,Yes,0.8351648351648352
69101,69101,99.00,62,31,93,0.6666666666666666,0.3333333333333333,Yes,0.6666666666666666
69102,69102,99.00,148,31,179,0.8268156424581006,0.17318435754189945,Yes,0.8268156424581006
69103,69103,47.06,0,0,0,0,0,n/a,0
69104,69104,99.00,0,0,0,0,0,n/a,0
69105,69105,99.00,0,0,0,0,0,n/a,0
69106,69106,47.06,0,0,0,0,0,n/a,0
69107,69107,99.00,0,0,0,0,0,n/a,0
69108,69108,99.00,3,0,3,1.0,0.0,Yes,1.0
69109,69109,99.00,11,0,11,1.0,0.0,Yes,1.0
69110,69110,75.00,22,2,24,0.9166666666666666,0.08333333333333333,Yes,0.9166666666666666
69111,69111,99.00,23,2,25,0.92,0.08,Yes,0.92
69112,69112,47.06,30,2,32,0.9375,0.0625,Yes,0.9375
69113,69113,99.00,11,1,12,0.9166666666666666,0.08333333333333333,Yes,0.9166666666666666
69114,69114,47.06,8,5,13,0.6153846153846154,0.38461538461538464,Yes,0.6153846153846154
69115,69115,99.00,286,30,316,0.9050632911392406,0.0949367088607595,Yes,0.9050632911392406
70001,70001,99.00,7,2,9,0.7777777777777778,0.2222222222222222,Yes,0.7777777777777778
70002,70002,99.00,190,39,229,0.8296943231441049,0.1703056768558952,Yes,0.8296943231441049
70003,70003,99.00,4,0,4,1.0,0.0,Yes,1.0
70004,70004,99.00,188,34,222,0.8468468468468469,0.15315315315315314,Yes,0.8468468468468469
70005,70005,99.00,8,0,8,1.0,0.0,Yes,1.0
70006,70006,99.00,11,1,12,0.9166666666666666,0.08333333333333333,Yes,0.9166666666666666
70007,70007,99.00,293,49,342,0.8567251461988304,0.14327485380116958,Yes,0.8567251461988304
70008,70008,99.00,240,38,278,0.8633093525179856,0.1366906474820144,Yes,0.8633093525179856
70009,70009,99.00,307,62,369,0.8319783197831978,0.16802168021680217,Yes,0.8319783197831978
70010,70010,99.00,6,1,7,0.8571428571428571,0.14285714285714285,Yes,0.8571428571428571
70011,70011,99.00,159,32,191,0.8324607329842932,0.16753926701570682,Yes,0.8324607329842932
70012,70012,99.00,143,29,172,0.8313953488372093,0.1686046511627907,Yes,0.8313953488372093
70013,70013,99.00,1,1,2,0.5,0.5,Tie,0.5
70014,70014,99.00,135,27,162,0.8333333333333334,0.16666666666666666,Yes,0.8333333333333334
70015,70015,99.00,5,0,5,1.0,0.0,Yes,1.0
70016,70016,99.00,13,3,16,0.8125,0.1875,Yes,0.8125
70017,70017,99.00,216,22,238,0.907563025210084,0.09243697478991597,Yes,0.907563025210084
70018,70018,99.00,7,2,9,0.7777777777777778,0.2222222222222222,Yes,0.7777777777777778
70019,70019,99.00,341,54,395,0.8632911392405064,0.13670886075949368,Yes,0.8632911392405064
70020,70020,99.00,234,45,279,0.8387096774193549,0.16129032258064516,Yes,0.8387096774193549
70021,70021,99.00,186,33,219,0.8493150684931506,0.1506849315068493,Yes,0.8493150684931506
70022,70022,99.00,278,48,326,0.852760736196319,0.147239263803681,Yes,0.852760736196319
70023,70023,99.00,296,33,329,0.8996960486322189,0.10030395136778116,Yes,0.8996960486322189
70024,70024,99.00,201,35,236,0.8516949152542372,0.1483050847457627,Yes,0.8516949152542372
70025,70025,99.00,79,28,107,0.7383177570093458,0.2616822429906542,Yes,0.7383177570093458
70026,70026,99.00,185,33,218,0.8486238532110092,0.15137614678899083,Yes,0.8486238532110092
70027,70027,99.00,128,28,156,0.8205128205128205,0.1794871794871795,Yes,0.8205128205128205
70028,70028,99.00,224,37,261,0.8582375478927203,0.1417624521072797,Yes,0.8582375478927203
70029,70029,99.00,13,1,14,0.9285714285714286,0.07142857142857142,Yes,0.9285714285714286
70030,70030,99.00,0,0,0,0,0,n/a,0
70031,70031,99.00,132,40,172,0.7674418604651163,0.23255813953488372,Yes,0.7674418604651163
70032,70032,99.00,5,2,7,0.7142857142857143,0.2857142857142857,Yes,0.7142857142857143
70033,70033,99.00,119,16,135,0.8814814814814815,0.11851851851851852,Yes,0.8814814814814815
70034,70034,50.00,133,29,162,0.8209876543209876,0.17901234567901234,Yes,0.8209876543209876
70035,70035,50.00,196,16,212,0.9245283018867925,0.07547169811320754,Yes,0.9245283018867925
70036,70036,99.00,150,29,179,0.8379888268156425,0.16201117318435754,Yes,0.8379888268156425
70037,70037,99.00,115,28,143,0.8041958041958042,0.1958041958041958,Yes,0.8041958041958042
70038,70038,99.00,115,26,141,0.8156028368794326,0.18439716312056736,Yes,0.8156028368794326
70039,70039,99.00,4,0,4,1.0,0.0,Yes,1.0
70040,70040,50.00,206,40,246,0.8373983739837398,0.16260162601626016,Yes,0.8373983739837398
70041,70041,50.00,216,42,258,0.8372093023255814,0.16279069767441862,Yes,0.8372093023255814
70042,70042,50.00,198,36,234,0.8461538461538461,0.15384615384615385,Yes,0.8461538461538461
70043,70043,50.00,171,24,195,0.8769230769230769,0.12307692307692308,Yes,0.8769230769230769
70044,70044,50.00,189,39,228,0.8289473684210527,0.17105263157894737,Yes,0.8289473684210527
70045,70045,50.00,125,35,160,0.78125,0.21875,Yes,0.78125
70046,70046,99.00,350,81,431,0.8120649651972158,0.18793503480278423,Yes,0.8120649651972158
70047,70047,99.00,6,0,6,1.0,0.0,Yes,1.0
70048,70048,99.00,174,36,210,0.8285714285714286,0.17142857142857143,Yes,0.8285714285714286
70049,70049,99.00,3,1,4,0.75,0.25,Yes,0.75
70050,70050,99.00,286,44,330,0.8666666666666667,0.13333333333333333,Yes,0.8666666666666667
70051,70051,99.00,12,1,13,0.9230769230769231,0.07692307692307693,Yes,0.9230769230769231
70052,70052,99.00,195,34,229,0.851528384279476,0.14847161572052403,Yes,0.851528384279476
70053,70053,99.00,340,75,415,0.8192771084337349,0.18072289156626506,Yes,0.8192771084337349
70054,70054,99.00,18,6,24,0.75,0.25,Yes,0.75
70055,70055,99.00,243,58,301,0.8073089700996677,0.19269102990033224,Yes,0.8073089700996677
70056,70056,99.00,11,1,12,0.9166666666666666,0.08333333333333333,Yes,0.9166666666666666
70057,70057,99.00,10,3,13,0.7692307692307693,0.23076923076923078,Yes,0.7692307692307693
70058,70058,99.00,170,48,218,0.7798165137614679,0.22018348623853212,Yes,0.7798165137614679
70059,70059,99.00,6,2,8,0.75,0.25,Yes,0.75
70060,70060,99.00,98,38,136,0.7205882352941176,0.27941176470588236,Yes,0.7205882352941176
70061,70061,99.00,2,0,2,1.0,0.0,Yes,1.0
70062,70062,99.00,224,19,243,0.9218106995884774,0.07818930041152264,Yes,0.9218106995884774
70063,70063,99.00,126,21,147,0.8571428571428571,0.14285714285714285,Yes,0.8571428571428571
70064,70064,99.00,1,1,2,0.5,0.5,Tie,0.5
70065,70065,99.00,195,27,222,0.8783783783783784,0.12162162162162163,Yes,0.8783783783783784
70066,70066,99.00,130,29,159,0.8176100628930818,0.18238993710691823,Yes,0.8176100628930818
70067,70067,50.00,7,0,7,1.0,0.0,Yes,1.0
70068,70068,99.00,158,17,175,0.9028571428571428,0.09714285714285714,Yes,0.9028571428571428
70069,70069,85.71,99,20,119,0.8319327731092437,0.16806722689075632,Yes,0.8319327731092437
70070,70070,99.00,2,0,2,1.0,0.0,Yes,1.0
70071,70071,99.00,220,34,254,0.8661417322834646,0.13385826771653545,Yes,0.8661417322834646
70072,70072,99.00,0,0,0,0,0,n/a,0
70073,70073,99.00,143,25,168,0.8511904761904762,0.1488095238095238,Yes,0.8511904761904762
70074,70074,99.00,332,45,377,0.8806366047745358,0.11936339522546419,Yes,0.8806366047745358
70075,70075,99.00,6,2,8,0.75,0.25,Yes,0.75
70076,70076,99.00,217,65,282,0.7695035460992907,0.23049645390070922,Yes,0.7695035460992907
70077,70077,99.00,132,35,167,0.7904191616766467,0.20958083832335328,Yes,0.7904191616766467
70078,70078,99.00,1,0,1,1.0,0.0,Yes,1.0
70079,70079,99.00,3,0,3,1.0,0.0,Yes,1.0
70080,70080,85.71,70,6,76,0.9210526315789473,0.07894736842105263,Yes,0.9210526315789473
70081,70081,99.00,113,23,136,0.8308823529411765,0.16911764705882354,Yes,0.8308823529411765
70082,70082,85.71,3,0,3,1.0,0.0,Yes,1.0
70083,70083,85.71,168,38,206,0.8155339805825242,0.18446601941747573,Yes,0.8155339805825242
70084,70084,99.00,3,0,3,1.0,0.0,Yes,1.0
70085,70085,99.00,281,55,336,0.8363095238095238,0.1636904761904762,Yes,0.8363095238095238
70086,70086,85.71,1,0,1,1.0,0.0,Yes,1.0
70087,70087,85.71,2,0,2,1.0,0.0,Yes,1.0
70088,70088,85.71,176,20,196,0.8979591836734694,0.10204081632653061,Yes,0.8979591836734694
70089,70089,99.00,14,0,14,1.0,0.0,Yes,1.0
70090,70090,85.71,11,3,14,0.7857142857142857,0.21428571428571427,Yes,0.7857142857142857
70091,70091,99.00,275,47,322,0.8540372670807453,0.14596273291925466,Yes,0.8540372670807453
70092,70092,99.00,286,33,319,0.896551724137931,0.10344827586206896,Yes,0.896551724137931
70093,70093,99.00,9,0,9,1.0,0.0,Yes,1.0
70094,70094,85.71,0,0,0,0,0,n/a,0
70095,70095,85.71,0,0,0,0,0,n/a,0
70096,70096,85.71,0,0,0,0,0,n/a,0
70097,70097,85.71,0,0,0,0,0,n/a,0
70098,70098,99.00,142,27,169,0.8402366863905325,0.15976331360946747,Yes,0.8402366863905325
70099,70099,85.71,158,32,190,0.8315789473684211,0.16842105263157894,Yes,0.8315789473684211
70100,70100,99.00,224,44,268,0.835820895522388,0.16417910447761194,Yes,0.835820895522388
70101,70101,99.00,12,1,13,0.9230769230769231,0.07692307692307693,Yes,0.9230769230769231
70102,70102,99.00,9,4,13,0.6923076923076923,0.3076923076923077,Yes,0.6923076923076923
70103,70103,99.00,4,1,5,0.8,0.2,Yes,0.8
70104,70104,99.00,3,0,3,1.0,0.0,Yes,1.0
70105,70105,99.00,12,1,13,0.9230769230769231,0.07692307692307693,Yes,0.9230769230769231
70106,70106,99.00,8,0,8,1.0,0.0,Yes,1.0
70107,70107,99.00,9,0,9,1.0,0.0,Yes,1.0
70108,70108,99.00,204,32,236,0.864406779661017,0.13559322033898305,Yes,0.864406779661017
70109,70109,85.71,2,0,2,1.0,0.0,Yes,1.0
70110,70110,99.00,4,2,6,0.6666666666666666,0.3333333333333333,Yes,0.6666666666666666
70111,70111,99.00,4,0,4,1.0,0.0,Yes,1.0
71001,71001,99.00,123,23,146,0.8424657534246576,0.15753424657534246,Yes,0.8424657534246576
71002,71002,99.00,81,20,101,0.801980198019802,0.19801980198019803,Yes,0.801980198019802
71003,71003,99.00,5,0,5,1.0,0.0,Yes,1.0
71004,71004,99.00,139,24,163,0.852760736196319,0.147239263803681,Yes,0.852760736196319
71005,71005,99.00,168,22,190,0.8842105263157894,0.11578947368421053,Yes,0.8842105263157894
71006,71006,99.00,118,20,138,0.855072463768116,0.14492753623188406,Yes,0.855072463768116
71007,71007,99.00,4,0,4,1.0,0.0,Yes,1.0
71008,71008,99.00,236,37,273,0.8644688644688645,0.13553113553113552,Yes,0.8644688644688645
71009,71009,99.00,16,0,16,1.0,0.0,Yes,1.0
71010,71010,99.00,183,43,226,0.8097345132743363,0.1902654867256637,Yes,0.8097345132743363
71011,71011,99.00,96,13,109,0.8807339449541285,0.11926605504587157,Yes,0.8807339449541285
71012,71012,99.00,198,47,245,0.8081632653061225,0.19183673469387755,Yes,0.8081632653061225
71013,71013,99.00,177,28,205,0.8634146341463415,0.13658536585365855,Yes,0.8634146341463415
71014,71014,99.00,13,2,15,0.8666666666666667,0.13333333333333333,Yes,0.8666666666666667
71015,71015,99.00,5,0,5,1.0,0.0,Yes,1.0
71016,71016,99.00,77,27,104,0.7403846153846154,0.25961538461538464,Yes,0.7403846153846154
71017,71017,99.00,5,3,8,0.625,0.375,Yes,0.625
71018,71018,99.00,194,47,241,0.8049792531120332,0.1950207468879668,Yes,0.8049792531120332
71019,71019,99.00,238,53,291,0.8178694158075601,0.18213058419243985,Yes,0.8178694158075601
71020,71020,99.00,203,57,260,0.7807692307692308,0.21923076923076923,Yes,0.7807692307692308
71021,71021,99.00,13,0,13,1.0,0.0,Yes,1.0
71022,71022,99.00,218,37,255,0.8549019607843137,0.1450980392156863,Yes,0.8549019607843137
71023,71023,99.00,125,21,146,0.8561643835616438,0.14383561643835616,Yes,0.8561643835616438
71024,71024,99.00,277,35,312,0.8878205128205128,0.11217948717948718,Yes,0.8878205128205128
71025,71025,99.00,94,15,109,0.8623853211009175,0.13761467889908258,Yes,0.8623853211009175
71026,71026,99.00,237,29,266,0.8909774436090225,0.10902255639097744,Yes,0.8909774436090225
71027,71027,99.00,13,0,13,1.0,0.0,Yes,1.0
71028,71028,99.00,94,16,110,0.8545454545454545,0.14545454545454545,Yes,0.8545454545454545
71029,71029,99.00,10,1,11,0.9090909090909091,0.09090909090909091,Yes,0.9090909090909091
71030,71030,99.00,233,27,260,0.8961538461538462,0.10384615384615385,Yes,0.8961538461538462
71031,71031,99.00,291,33,324,0.8981481481481481,0.10185185185185185,Yes,0.8981481481481481
71032,71032,99.00,281,47,328,0.8567073170731707,0.14329268292682926,Yes,0.8567073170731707
71033,71033,99.00,153,18,171,0.8947368421052632,0.10526315789473684,Yes,0.8947368421052632
71034,71034,99.00,6,1,7,0.8571428571428571,0.14285714285714285,Yes,0.8571428571428571
71035,71035,99.00,3,0,3,1.0,0.0,Yes,1.0
71036,71036,99.00,227,35,262,0.8664122137404581,0.13358778625954199,Yes,0.8664122137404581
71037,71037,99.00,3,0,3,1.0,0.0,Yes,1.0
71038,71038,99.00,83,10,93,0.8924731182795699,0.10752688172043011,Yes,0.8924731182795699
71039,71039,99.00,3,0,3,1.0,0.0,Yes,1.0
71040,71040,99.00,5,0,5,1.0,0.0,Yes,1.0
71041,71041,99.00,360,39,399,0.9022556390977443,0.09774436090225563,Yes,0.9022556390977443
71042,71042,99.00,239,43,282,0.8475177304964538,0.1524822695035461,Yes,0.8475177304964538
71043,71043,99.00,141,20,161,0.8757763975155279,0.12422360248447205,Yes,0.8757763975155279
71044,71044,99.00,8,1,9,0.8888888888888888,0.1111111111111111,Yes,0.8888888888888888
71045,71045,99.00,185,30,215,0.8604651162790697,0.13953488372093023,Yes,0.8604651162790697
71046,71046,99.00,99,17,116,0.853448275862069,0.14655172413793102,Yes,0.853448275862069
71047,71047,99.00,297,49,346,0.8583815028901735,0.1416184971098266,Yes,0.8583815028901735
71048,71048,99.00,131,22,153,0.8562091503267973,0.1437908496732026,Yes,0.8562091503267973
71049,71049,99.00,58,17,75,0.7733333333333333,0.22666666666666666,Yes,0.7733333333333333
71050,71050,99.00,1,0,1,1.0,0.0,Yes,1.0
71051,71051,99.00,1,0,1,1.0,0.0,Yes,1.0
71052,71052,99.00,91,21,112,0.8125,0.1875,Yes,0.8125
71053,71053,99.00,5,0,5,1.0,0.0,Yes,1.0
71054,71054,99.00,1,0,1,1.0,0.0,Yes,1.0
71055,71055,99.00,104,14,118,0.8813559322033898,0.11864406779661017,Yes,0.8813559322033898
71056,71056,99.00,1,0,1,1.0,0.0,Yes,1.0
71057,71057,99.00,181,30,211,0.8578199052132701,0.14218009478672985,Yes,0.8578199052132701
71058,71058,99.00,50,8,58,0.8620689655172413,0.13793103448275862,Yes,0.8620689655172413
71059,71059,99.00,121,13,134,0.9029850746268657,0.09701492537313433,Yes,0.9029850746268657
71060,71060,99.00,125,16,141,0.8865248226950354,0.11347517730496454,Yes,0.8865248226950354
71061,71061,99.00,4,0,4,1.0,0.0,Yes,1.0
71062,71062,99.00,97,20,117,0.8290598290598291,0.17094017094017094,Yes,0.8290598290598291
71063,71063,99.00,183,15,198,0.9242424242424242,0.07575757575757576,Yes,0.9242424242424242
71064,71064,99.00,4,1,5,0.8,0.2,Yes,0.8
71065,71065,99.00,136,26,162,0.8395061728395061,0.16049382716049382,Yes,0.8395061728395061
71066,71066,99.00,174,16,190,0.9157894736842105,0.08421052631578947,Yes,0.9157894736842105
71067,71067,99.00,131,20,151,0.8675496688741722,0.13245033112582782,Yes,0.8675496688741722
71068,71068,99.00,103,32,135,0.762962962962963,0.23703703703703705,Yes,0.762962962962963
71069,71069,99.00,3,0,3,1.0,0.0,Yes,1.0
71070,71070,99.00,186,30,216,0.8611111111111112,0.1388888888888889,Yes,0.8611111111111112
71071,71071,99.00,12,1,13,0.9230769230769231,0.07692307692307693,Yes,0.9230769230769231
71072,71072,99.00,232,38,270,0.8592592592592593,0.14074074074074075,Yes,0.8592592592592593
71073,71073,99.00,12,1,13,0.9230769230769231,0.07692307692307693,Yes,0.9230769230769231
71074,71074,99.00,278,25,303,0.9174917491749175,0.08250825082508251,Yes,0.9174917491749175
71075,71075,99.00,283,39,322,0.8788819875776398,0.12111801242236025,Yes,0.8788819875776398
71076,71076,99.00,2,1,3,0.6666666666666666,0.3333333333333333,Yes,0.6666666666666666
71077,71077,99.00,496,51,547,0.906764168190128,0.09323583180987204,Yes,0.906764168190128
71078,71078,99.00,10,2,12,0.8333333333333334,0.16666666666666666,Yes,0.8333333333333334
71079,71079,99.00,434,47,481,0.9022869022869023,0.09771309771309772,Yes,0.9022869022869023
71080,71080,99.00,4,0,4,1.0,0.0,Yes,1.0
71081,71081,99.00,337,62,399,0.8446115288220551,0.15538847117794485,Yes,0.8446115288220551
71082,71082,99.00,10,0,10,1.0,0.0,Yes,1.0
71083,71083,99.00,339,41,380,0.8921052631578947,0.10789473684210527,Yes,0.8921052631578947
71084,71084,99.00,8,0,8,1.0,0.0,Yes,1.0
71085,71085,99.00,380,46,426,0.892018779342723,0.107981220657277,Yes,0.892018779342723
71086,71086,99.00,0,0,0,0,0,n/a,0
71087,71087,99.00,117,32,149,0.785234899328859,0.21476510067114093,Yes,0.785234899328859
71088,71088,99.00,0,0,0,0,0,n/a,0
71089,71089,99.00,125,34,159,0.7861635220125787,0.2138364779874214,Yes,0.7861635220125787
71090,71090,99.00,61,29,90,0.6777777777777778,0.32222222222222224,Yes,0.6777777777777778
71091,71091,99.00,0,0,0,0,0,n/a,0
71092,71092,99.00,3,0,3,1.0,0.0,Yes,1.0
71093,71093,99.00,5,0,5,1.0,0.0,Yes,1.0
71094,71094,99.00,0,0,0,0,0,n/a,0
71095,71095,99.00,0,0,0,0,0,n/a,0
71096,71096,99.00,0,0,0,0,0,n/a,0
71097,71097,99.00,9,2,11,0.8181818181818182,0.18181818181818182,Yes,0.8181818181818182
71098,71098,99.00,7,0,7,1.0,0.0,Yes,1.0
71099,71099,99.00,5,0,5,1.0,0.0,Yes,1.0
71100,71100,99.00,2,0,2,1.0,0.0,Yes,1.0
71101,71101,99.00,0,0,0,0,0,n/a,0
71102,71102,99.00,8,1,9,0.8888888888888888,0.1111111111111111,Yes,0.8888888888888888
71103,71103,99.00,183,24,207,0.8840579710144928,0.11594202898550725,Yes,0.8840579710144928
71104,71104,99.00,2,0,2,1.0,0.0,Yes,1.0
71105,71105,99.00,196,21,217,0.9032258064516129,0.0967741935483871,Yes,0.9032258064516129
71106,71106,99.00,4,1,5,0.8,0.2,Yes,0.8
71107,71107,99.00,244,35,279,0.8745519713261649,0.12544802867383512,Yes,0.8745519713261649
71108,71108,99.00,0,0,0,0,0,n/a,0
71109,71109,99.00,133,52,185,0.7189189189189189,0.2810810810810811,Yes,0.7189189189189189
72001,72001,99.00,87,20,107,0.8130841121495327,0.18691588785046728,Yes,0.8130841121495327
72002,72002,99.00,137,21,158,0.8670886075949367,0.13291139240506328,Yes,0.8670886075949367
72003,72003,99.00,55,13,68,0.8088235294117647,0.19117647058823528,Yes,0.8088235294117647
72004,72004,99.00,96,18,114,0.8421052631578947,0.15789473684210525,Yes,0.8421052631578947
72005,72005,99.00,4,0,4,1.0,0.0,Yes,1.0
72006,72006,99.00,0,0,0,0,0,n/a,0
72007,72007,99.00,53,15,68,0.7794117647058824,0.22058823529411764,Yes,0.7794117647058824
72008,72008,99.00,3,2,5,0.6,0.4,Yes,0.6
72009,72009,99.00,53,13,66,0.803030303030303,0.19696969696969696,Yes,0.803030303030303
72010,72010,99.00,113,20,133,0.849624060150376,0.15037593984962405,Yes,0.849624060150376
72011,72011,99.00,2,2,4,0.5,0.5,Tie,0.5
72012,72012,99.00,45,6,51,0.8823529411764706,0.11764705882352941,Yes,0.8823529411764706
72013,72013,99.00,93,16,109,0.8532110091743119,0.14678899082568808,Yes,0.8532110091743119
72014,72014,99.00,7,0,7,1.0,0.0,Yes,1.0
72015,72015,99.00,132,18,150,0.88,0.12,Yes,0.88
72016,72016,99.00,0,0,0,0,0,n/a,0
72017,72017,99.00,201,35,236,0.8516949152542372,0.1483050847457627,Yes,0.8516949152542372
72018,72018,99.00,12,0,12,1.0,0.0,Yes,1.0
72019,72019,99.00,256,49,305,0.839344262295082,0.16065573770491803,Yes,0.839344262295082
72020,72020,99.00,126,28,154,0.8181818181818182,0.18181818181818182,Yes,0.8181818181818182
72021,72021,99.00,111,11,122,0.9098360655737705,0.09016393442622951,Yes,0.9098360655737705
72022,72022,99.00,66,14,80,0.825,0.175,Yes,0.825
72023,72023,99.00,123,20,143,0.8601398601398601,0.13986013986013987,Yes,0.8601398601398601
72024,72024,33.33,63,13,76,0.8289473684210527,0.17105263157894737,Yes,0.8289473684210527
72025,72025,33.33,1,0,1,1.0,0.0,Yes,1.0
72026,72026,99.00,111,18,129,0.8604651162790697,0.13953488372093023,Yes,0.8604651162790697
72027,72027,33.33,8,1,9,0.8888888888888888,0.1111111111111111,Yes,0.8888888888888888
72028,72028,99.00,5,2,7,0.7142857142857143,0.2857142857142857,Yes,0.7142857142857143
72029,72029,99.00,148,31,179,0.8268156424581006,0.17318435754189945,Yes,0.8268156424581006
72030,72030,33.33,100,12,112,0.8928571428571429,0.10714285714285714,Yes,0.8928571428571429
72031,72031,99.00,64,20,84,0.7619047619047619,0.23809523809523808,Yes,0.7619047619047619
72032,72032,0.00,10,3,13,0.7692307692307693,0.23076923076923078,Yes,0.7692307692307693
72033,72033,99.00,4,0,4,1.0,0.0,Yes,1.0
72034,72034,33.33,4,0,4,1.0,0.0,Yes,1.0
72035,72035,33.33,74,15,89,0.8314606741573034,0.16853932584269662,Yes,0.8314606741573034
72036,72036,0.00,13,0,13,1.0,0.0,Yes,1.0
72037,72037,99.00,7,1,8,0.875,0.125,Yes,0.875
72038,72038,99.00,177,19,196,0.9030612244897959,0.09693877551020408,Yes,0.9030612244897959
72039,72039,80.00,6,2,8,0.75,0.25,Yes,0.75
72040,72040,80.00,185,18,203,0.9113300492610837,0.08866995073891626,Yes,0.9113300492610837
72041,72041,99.00,256,54,310,0.8258064516129032,0.17419354838709677,Yes,0.8258064516129032
72042,72042,99.00,143,13,156,0.9166666666666666,0.08333333333333333,Yes,0.9166666666666666
72043,72043,80.00,98,12,110,0.8909090909090909,0.10909090909090909,Yes,0.8909090909090909
72044,72044,80.00,114,13,127,0.8976377952755905,0.10236220472440945,Yes,0.8976377952755905
72045,72045,80.00,5,1,6,0.8333333333333334,0.16666666666666666,Yes,0.8333333333333334
72046,72046,80.00,160,30,190,0.8421052631578947,0.15789473684210525,Yes,0.8421052631578947
72047,72047,99.00,231,40,271,0.8523985239852399,0.14760147601476015,Yes,0.8523985239852399
72048,72048,99.00,64,13,77,0.8311688311688312,0.16883116883116883,Yes,0.8311688311688312
72049,72049,99.00,140,15,155,0.9032258064516129,0.0967741935483871,Yes,0.9032258064516129
72050,72050,99.00,76,17,93,0.8172043010752689,0.1827956989247312,Yes,0.8172043010752689
72051,72051,99.00,2,1,3,0.6666666666666666,0.3333333333333333,Yes,0.6666666666666666
72052,72052,99.00,58,17,75,0.7733333333333333,0.22666666666666666,Yes,0.7733333333333333
72053,72053,99.00,113,25,138,0.8188405797101449,0.18115942028985507,Yes,0.8188405797101449
72054,72054,99.00,1,2,3,0.3333333333333333,0.6666666666666666,No,0.6666666666666666
72055,72055,99.00,91,14,105,0.8666666666666667,0.13333333333333333,Yes,0.8666666666666667
72056,72056,99.00,117,20,137,0.8540145985401459,0.145985401459854,Yes,0.8540145985401459
72057,72057,99.00,10,1,11,0.9090909090909091,0.09090909090909091,Yes,0.9090909090909091
72058,72058,99.00,396,41,437,0.9061784897025171,0.09382151029748284,Yes,0.9061784897025171
72059,72059,99.00,4,0,4,1.0,0.0,Yes,1.0
72060,72060,99.00,216,30,246,0.8780487804878049,0.12195121951219512,Yes,0.8780487804878049
72061,72061,99.00,2,2,4,0.5,0.5,Tie,0.5
72062,72062,99.00,6,0,6,1.0,0.0,Yes,1.0
72063,72063,99.00,130,26,156,0.8333333333333334,0.16666666666666666,Yes,0.8333333333333334
72064,72064,99.00,284,37,321,0.8847352024922118,0.11526479750778816,Yes,0.8847352024922118
72065,72065,99.00,96,21,117,0.8205128205128205,0.1794871794871795,Yes,0.8205128205128205
72066,72066,99.00,405,51,456,0.8881578947368421,0.1118421052631579,Yes,0.8881578947368421
72067,72067,99.00,8,1,9,0.8888888888888888,0.1111111111111111,Yes,0.8888888888888888
72068,72068,99.00,316,37,353,0.8951841359773371,0.1048158640226629,Yes,0.8951841359773371
72069,72069,99.00,207,26,233,0.8884120171673819,0.11158798283261803,Yes,0.8884120171673819
72070,72070,99.00,153,29,182,0.8406593406593407,0.15934065934065933,Yes,0.8406593406593407
72071,72071,99.00,74,25,99,0.7474747474747475,0.25252525252525254,Yes,0.7474747474747475
72072,72072,99.00,0,0,0,0,0,n/a,0
72073,72073,99.00,6,2,8,0.75,0.25,Yes,0.75
72074,72074,0.00,1,0,1,1.0,0.0,Yes,1.0
72075,72075,0.00,6,0,6,1.0,0.0,Yes,1.0
72076,72076,80.00,4,0,4,1.0,0.0,Yes,1.0
72077,72077,99.00,82,7,89,0.9213483146067416,0.07865168539325842,Yes,0.9213483146067416
72078,72078,99.00,2,0,2,1.0,0.0,Yes,1.0
72079,72079,99.00,2,0,2,1.0,0.0,Yes,1.0
72080,72080,99.00,0,0,0,0,0,n/a,0
72081,72081,99.00,0,0,0,0,0,n/a,0
72082,72082,99.00,0,0,0,0,0,n/a,0
72083,72083,99.00,0,0,0,0,0,n/a,0
72084,72084,99.00,0,0,0,0,0,n/a,0
72085,72085,99.00,0,0,0,0,0,n/a,0
72086,72086,99.00,53,12,65,0.8153846153846154,0.18461538461538463,Yes,0.8153846153846154
72087,72087,33.33,56,14,70,0.8,0.2,Yes,0.8
72088,72088,33.33,3,0,3,1.0,0.0,Yes,1.0
72089,72089,99.00,2,1,3,0.6666666666666666,0.3333333333333333,Yes,0.6666666666666666
72090,72090,99.00,7,0,7,1.0,0.0,Yes,1.0
72091,72091,99.00,6,2,8,0.75,0.25,Yes,0.75
72092,72092,99.00,2,0,2,1.0,0.0,Yes,1.0
72093,72093,99.00,159,19,178,0.8932584269662921,0.10674157303370786,Yes,0.8932584269662921
72094,72094,99.00,117,21,138,0.8478260869565217,0.15217391304347827,Yes,0.8478260869565217
72095,72095,99.00,2,0,2,1.0,0.0,Yes,1.0
72096,72096,99.00,0,0,0,0,0,n/a,0
72097,72097,99.00,26,3,29,0.896551724137931,0.10344827586206896,Yes,0.896551724137931
73001,73001,53.85,157,17,174,0.9022988505747126,0.09770114942528736,Yes,0.9022988505747126
73002,73002,53.85,18,6,24,0.75,0.25,Yes,0.75
73003,73003,53.85,166,28,194,0.8556701030927835,0.14432989690721648,Yes,0.8556701030927835
73004,73004,99.00,177,43,220,0.8045454545454546,0.19545454545454546,Yes,0.8045454545454546
73005,73005,99.00,29,5,34,0.8529411764705882,0.14705882352941177,Yes,0.8529411764705882
73006,73006,99.00,102,22,124,0.8225806451612904,0.1774193548387097,Yes,0.8225806451612904
73007,73007,99.00,177,47,224,0.7901785714285714,0.20982142857142858,Yes,0.7901785714285714
73008,73008,99.00,1,1,2,0.5,0.5,Tie,0.5
73009,73009,53.85,135,38,173,0.7803468208092486,0.21965317919075145,Yes,0.7803468208092486
73010,73010,53.85,183,27,210,0.8714285714285714,0.12857142857142856,Yes,0.8714285714285714
73011,73011,53.85,191,25,216,0.8842592592592593,0.11574074074074074,Yes,0.8842592592592593
73012,73012,99.00,153,32,185,0.827027027027027,0.17297297297297298,Yes,0.827027027027027
73013,73013,50.00,114,17,131,0.8702290076335878,0.1297709923664122,Yes,0.8702290076335878
73014,73014,91.67,163,27,190,0.8578947368421053,0.14210526315789473,Yes,0.8578947368421053
73015,73015,91.67,9,2,11,0.8181818181818182,0.18181818181818182,Yes,0.8181818181818182
73016,73016,99.00,146,35,181,0.8066298342541437,0.19337016574585636,Yes,0.8066298342541437
73017,73017,99.00,3,1,4,0.75,0.25,Yes,0.75
73018,73018,99.00,21,0,21,1.0,0.0,Yes,1.0
73019,73019,99.00,86,16,102,0.8431372549019608,0.1568627450980392,Yes,0.8431372549019608
73020,73020,99.00,0,0,0,0,0,n/a,0
73021,73021,99.00,179,33,212,0.8443396226415094,0.15566037735849056,Yes,0.8443396226415094
73022,73022,99.00,22,4,26,0.8461538461538461,0.15384615384615385,Yes,0.8461538461538461
73023,73023,99.00,228,41,269,0.8475836431226765,0.1524163568773234,Yes,0.8475836431226765
73024,73024,0.00,8,1,9,0.8888888888888888,0.1111111111111111,Yes,0.8888888888888888
73025,73025,99.00,17,4,21,0.8095238095238095,0.19047619047619047,Yes,0.8095238095238095
73026,73026,99.00,210,48,258,0.813953488372093,0.18604651162790697,Yes,0.813953488372093
73027,73027,91.67,16,1,17,0.9411764705882353,0.058823529411764705,Yes,0.9411764705882353
73028,73028,91.67,158,45,203,0.7783251231527094,0.22167487684729065,Yes,0.7783251231527094
73029,73029,91.67,215,41,256,0.83984375,0.16015625,Yes,0.83984375
73030,73030,99.00,197,47,244,0.8073770491803278,0.19262295081967212,Yes,0.8073770491803278
73031,73031,99.00,21,4,25,0.84,0.16,Yes,0.84
73032,73032,91.67,11,0,11,1.0,0.0,Yes,1.0
73033,73033,91.67,134,25,159,0.8427672955974843,0.15723270440251572,Yes,0.8427672955974843
73034,73034,91.67,9,1,10,0.9,0.1,Yes,0.9
73035,73035,91.67,223,71,294,0.7585034013605442,0.24149659863945577,Yes,0.7585034013605442
73036,73036,91.67,217,50,267,0.8127340823970037,0.18726591760299627,Yes,0.8127340823970037
73037,73037,91.67,8,2,10,0.8,0.2,Yes,0.8
73038,73038,91.67,109,23,132,0.8257575757575758,0.17424242424242425,Yes,0.8257575757575758
73039,73039,91.67,118,23,141,0.8368794326241135,0.16312056737588654,Yes,0.8368794326241135
73040,73040,91.67,3,2,5,0.6,0.4,Yes,0.6
73041,73041,91.67,255,45,300,0.85,0.15,Yes,0.85
73042,73042,99.00,5,2,7,0.7142857142857143,0.2857142857142857,Yes,0.7142857142857143
73043,73043,99.00,118,32,150,0.7866666666666666,0.21333333333333335,Yes,0.7866666666666666
73044,73044,99.00,13,4,17,0.7647058823529411,0.23529411764705882,Yes,0.7647058823529411
73045,73045,99.00,53,20,73,0.726027397260274,0.273972602739726,Yes,0.726027397260274
73046,73046,99.00,34,13,47,0.723404255319149,0.2765957446808511,Yes,0.723404255319149
73047,73047,91.67,116,25,141,0.8226950354609929,0.1773049645390071,Yes,0.8226950354609929
73048,73048,91.67,10,0,10,1.0,0.0,Yes,1.0
73049,73049,50.00,80,14,94,0.851063829787234,0.14893617021276595,Yes,0.851063829787234
73050,73050,99.00,154,29,183,0.8415300546448088,0.15846994535519127,Yes,0.8415300546448088
73051,73051,99.00,90,26,116,0.7758620689655172,0.22413793103448276,Yes,0.7758620689655172
73052,73052,99.00,11,3,14,0.7857142857142857,0.21428571428571427,Yes,0.7857142857142857
73053,73053,99.00,160,33,193,0.8290155440414507,0.17098445595854922,Yes,0.8290155440414507
73054,73054,99.00,180,45,225,0.8,0.2,Yes,0.8
73055,73055,99.00,25,1,26,0.9615384615384616,0.038461538461538464,Yes,0.9615384615384616
73056,73056,99.00,93,37,130,0.7153846153846154,0.2846153846153846,Yes,0.7153846153846154
73057,73057,99.00,179,38,217,0.8248847926267281,0.17511520737327188,Yes,0.8248847926267281
73058,73058,99.00,15,2,17,0.8823529411764706,0.11764705882352941,Yes,0.8823529411764706
73059,73059,99.00,34,4,38,0.8947368421052632,0.10526315789473684,Yes,0.8947368421052632
73060,73060,99.00,23,5,28,0.8214285714285714,0.17857142857142858,Yes,0.8214285714285714
73061,73061,99.00,141,34,175,0.8057142857142857,0.19428571428571428,Yes,0.8057142857142857
73062,73062,99.00,151,27,178,0.848314606741573,0.15168539325842698,Yes,0.848314606741573
73063,73063,99.00,112,25,137,0.8175182481751825,0.18248175182481752,Yes,0.8175182481751825
73064,73064,99.00,38,9,47,0.8085106382978723,0.19148936170212766,Yes,0.8085106382978723
73065,73065,46.67,233,50,283,0.823321554770318,0.17667844522968199,Yes,0.823321554770318
73066,73066,99.00,29,7,36,0.8055555555555556,0.19444444444444445,Yes,0.8055555555555556
73067,73067,99.00,161,34,195,0.8256410256410256,0.17435897435897435,Yes,0.8256410256410256
73068,73068,46.67,167,33,200,0.835,0.165,Yes,0.835
73069,73069,46.67,151,33,184,0.8206521739130435,0.1793478260869565,Yes,0.8206521739130435
73070,73070,46.67,40,1,41,0.975609756097561,0.024390243902439025,Yes,0.975609756097561
73071,73071,99.00,144,47,191,0.7539267015706806,0.24607329842931938,Yes,0.7539267015706806
73072,73072,99.00,6,0,6,1.0,0.0,Yes,1.0
73073,73073,99.00,16,2,18,0.8888888888888888,0.1111111111111111,Yes,0.8888888888888888
73074,73074,99.00,260,56,316,0.8227848101265823,0.17721518987341772,Yes,0.8227848101265823
73075,73075,90.00,160,30,190,0.8421052631578947,0.15789473684210525,Yes,0.8421052631578947
73076,73076,0.00,18,5,23,0.782608695652174,0.21739130434782608,Yes,0.782608695652174
73077,73077,99.00,182,45,227,0.801762114537445,0.19823788546255505,Yes,0.801762114537445
73078,73078,0.00,23,3,26,0.8846153846153846,0.11538461538461539,Yes,0.8846153846153846
73079,73079,0.00,23,6,29,0.7931034482758621,0.20689655172413793,Yes,0.7931034482758621
73080,73080,0.00,18,1,19,0.9473684210526315,0.05263157894736842,Yes,0.9473684210526315
73081,73081,0.00,14,0,14,1.0,0.0,Yes,1.0
73082,73082,0.00,18,2,20,0.9,0.1,Yes,0.9
73083,73083,0.00,21,6,27,0.7777777777777778,0.2222222222222222,Yes,0.7777777777777778
73084,73084,0.00,15,0,15,1.0,0.0,Yes,1.0
73085,73085,0.00,17,2,19,0.8947368421052632,0.10526315789473684,Yes,0.8947368421052632
73086,73086,0.00,18,1,19,0.9473684210526315,0.05263157894736842,Yes,0.9473684210526315
73087,73087,0.00,13,0,13,1.0,0.0,Yes,1.0
73088,73088,99.00,183,43,226,0.8097345132743363,0.1902654867256637,Yes,0.8097345132743363
73089,73089,50.00,7,1,8,0.875,0.125,Yes,0.875
73090,73090,99.00,385,89,474,0.8122362869198312,0.1877637130801688,Yes,0.8122362869198312
73091,73091,99.00,6,0,6,1.0,0.0,Yes,1.0
73092,73092,0.00,3,0,3,1.0,0.0,Yes,1.0
73093,73093,99.00,306,51,357,0.8571428571428571,0.14285714285714285,Yes,0.8571428571428571
73094,73094,99.00,6,0,6,1.0,0.0,Yes,1.0
73095,73095,0.00,23,2,25,0.92,0.08,Yes,0.92
73096,73096,99.00,18,1,19,0.9473684210526315,0.05263157894736842,Yes,0.9473684210526315
73097,73097,0.00,16,1,17,0.9411764705882353,0.058823529411764705,Yes,0.9411764705882353
73098,73098,0.00,15,3,18,0.8333333333333334,0.16666666666666666,Yes,0.8333333333333334
73099,73099,90.00,18,3,21,0.8571428571428571,0.14285714285714285,Yes,0.8571428571428571
73100,73100,91.67,148,37,185,0.8,0.2,Yes,0.8
73101,73101,91.67,4,2,6,0.6666666666666666,0.3333333333333333,Yes,0.6666666666666666
73102,73102,99.00,161,53,214,0.7523364485981309,0.24766355140186916,Yes,0.7523364485981309
73103,73103,99.00,11,1,12,0.9166666666666666,0.08333333333333333,Yes,0.9166666666666666
73104,73104,99.00,212,62,274,0.7737226277372263,0.22627737226277372,Yes,0.7737226277372263
73105,73105,99.00,19,5,24,0.7916666666666666,0.20833333333333334,Yes,0.7916666666666666
73106,73106,99.00,124,17,141,0.8794326241134752,0.12056737588652482,Yes,0.8794326241134752
73107,73107,99.00,105,14,119,0.8823529411764706,0.11764705882352941,Yes,0.8823529411764706
74001,74001,99.00,33,6,39,0.8461538461538461,0.15384615384615385,Yes,0.8461538461538461
74002,74002,66.67,73,18,91,0.8021978021978022,0.1978021978021978,Yes,0.8021978021978022
74003,74003,66.67,3,0,3,1.0,0.0,Yes,1.0
74004,74004,66.67,0,0,0,0,0,n/a,0
74005,74005,66.67,66,21,87,0.7586206896551724,0.2413793103448276,Yes,0.7586206896551724
74006,74006,99.00,1,0,1,1.0,0.0,Yes,1.0
74007,74007,66.67,109,21,130,0.8384615384615385,0.16153846153846155,Yes,0.8384615384615385
74008,74008,99.00,140,25,165,0.8484848484848485,0.15151515151515152,Yes,0.8484848484848485
74009,74009,99.00,2,0,2,1.0,0.0,Yes,1.0
74010,74010,99.00,190,12,202,0.9405940594059405,0.0594059405940594,Yes,0.9405940594059405
74011,74011,99.00,78,20,98,0.7959183673469388,0.20408163265306123,Yes,0.7959183673469388
74012,74012,99.00,1,0,1,1.0,0.0,Yes,1.0
74013,74013,99.00,119,13,132,0.9015151515151515,0.09848484848484848,Yes,0.9015151515151515
74014,74014,99.00,70,24,94,0.7446808510638298,0.2553191489361702,Yes,0.7446808510638298
74015,74015,99.00,5,2,7,0.7142857142857143,0.2857142857142857,Yes,0.7142857142857143
74016,74016,99.00,8,0,8,1.0,0.0,Yes,1.0
74017,74017,99.00,75,9,84,0.8928571428571429,0.10714285714285714,Yes,0.8928571428571429
74018,74018,99.00,0,0,0,0,0,n/a,0
74019,74019,99.00,284,63,347,0.8184438040345822,0.18155619596541786,Yes,0.8184438040345822
74020,74020,99.00,6,1,7,0.8571428571428571,0.14285714285714285,Yes,0.8571428571428571
74021,74021,99.00,169,12,181,0.9337016574585635,0.06629834254143646,Yes,0.9337016574585635
74022,74022,99.00,262,33,295,0.888135593220339,0.11186440677966102,Yes,0.888135593220339
74023,74023,99.00,156,14,170,0.9176470588235294,0.08235294117647059,Yes,0.9176470588235294
74024,74024,99.00,3,2,5,0.6,0.4,Yes,0.6
74025,74025,99.00,70,15,85,0.8235294117647058,0.17647058823529413,Yes,0.8235294117647058
74026,74026,99.00,2,0,2,1.0,0.0,Yes,1.0
74027,74027,99.00,85,34,119,0.7142857142857143,0.2857142857142857,Yes,0.7142857142857143
74028,74028,99.00,0,0,0,0,0,n/a,0
74029,74029,99.00,83,20,103,0.8058252427184466,0.1941747572815534,Yes,0.8058252427184466
74030,74030,99.00,2,1,3,0.6666666666666666,0.3333333333333333,Yes,0.6666666666666666
74031,74031,99.00,156,46,202,0.7722772277227723,0.22772277227722773,Yes,0.7722772277227723
74032,74032,99.00,269,37,306,0.8790849673202614,0.12091503267973856,Yes,0.8790849673202614
74033,74033,99.00,182,25,207,0.8792270531400966,0.12077294685990338,Yes,0.8792270531400966
74034,74034,99.00,171,13,184,0.9293478260869565,0.07065217391304347,Yes,0.9293478260869565
74035,74035,99.00,125,27,152,0.8223684210526315,0.17763157894736842,Yes,0.8223684210526315
74036,74036,99.00,72,8,80,0.9,0.1,Yes,0.9
74037,74037,99.00,7,1,8,0.875,0.125,Yes,0.875
74038,74038,99.00,6,2,8,0.75,0.25,Yes,0.75
74039,74039,99.00,277,68,345,0.8028985507246377,0.19710144927536233,Yes,0.8028985507246377
74040,74040,99.00,189,51,240,0.7875,0.2125,Yes,0.7875
74041,74041,99.00,187,39,226,0.827433628318584,0.17256637168141592,Yes,0.827433628318584
74042,74042,99.00,23,0,23,1.0,0.0,Yes,1.0
74043,74043,99.00,396,81,477,0.8301886792452831,0.16981132075471697,Yes,0.8301886792452831
74044,74044,99.00,24,4,28,0.8571428571428571,0.14285714285714285,Yes,0.8571428571428571
74045,74045,99.00,210,42,252,0.8333333333333334,0.16666666666666666,Yes,0.8333333333333334
74046,74046,99.00,302,46,348,0.867816091954023,0.13218390804597702,Yes,0.867816091954023
74047,74047,99.00,196,45,241,0.8132780082987552,0.18672199170124482,Yes,0.8132780082987552
74048,74048,99.00,22,4,26,0.8461538461538461,0.15384615384615385,Yes,0.8461538461538461
74049,74049,99.00,324,66,390,0.8307692307692308,0.16923076923076924,Yes,0.8307692307692308
74050,74050,99.00,11,2,13,0.8461538461538461,0.15384615384615385,Yes,0.8461538461538461
74051,74051,99.00,312,81,393,0.7938931297709924,0.20610687022900764,Yes,0.7938931297709924
74052,74052,99.00,12,2,14,0.8571428571428571,0.14285714285714285,Yes,0.8571428571428571
74053,74053,99.00,110,14,124,0.8870967741935484,0.11290322580645161,Yes,0.8870967741935484
74054,74054,99.00,273,32,305,0.8950819672131147,0.10491803278688525,Yes,0.8950819672131147
74055,74055,99.00,53,8,61,0.8688524590163934,0.13114754098360656,Yes,0.8688524590163934
74056,74056,33.33,144,19,163,0.8834355828220859,0.1165644171779141,Yes,0.8834355828220859
74057,74057,99.00,182,36,218,0.8348623853211009,0.1651376146788991,Yes,0.8348623853211009
74058,74058,99.00,52,2,54,0.9629629629629629,0.037037037037037035,Yes,0.9629629629629629
74059,74059,99.00,203,29,232,0.875,0.125,Yes,0.875
74060,74060,33.33,131,20,151,0.8675496688741722,0.13245033112582782,Yes,0.8675496688741722
74061,74061,99.00,235,43,278,0.8453237410071942,0.15467625899280577,Yes,0.8453237410071942
74062,74062,80.00,212,35,247,0.8582995951417004,0.1417004048582996,Yes,0.8582995951417004
74063,74063,80.00,15,1,16,0.9375,0.0625,Yes,0.9375
74064,74064,80.00,209,31,240,0.8708333333333333,0.12916666666666668,Yes,0.8708333333333333
74065,74065,80.00,10,1,11,0.9090909090909091,0.09090909090909091,Yes,0.9090909090909091
74066,74066,80.00,218,29,247,0.8825910931174089,0.11740890688259109,Yes,0.8825910931174089
74067,74067,99.00,248,55,303,0.8184818481848185,0.18151815181518152,Yes,0.8184818481848185
74068,74068,99.00,29,2,31,0.9354838709677419,0.06451612903225806,Yes,0.9354838709677419
74069,74069,99.00,68,15,83,0.8192771084337349,0.18072289156626506,Yes,0.8192771084337349
74070,74070,99.00,170,37,207,0.821256038647343,0.178743961352657,Yes,0.821256038647343
74071,74071,99.00,12,1,13,0.9230769230769231,0.07692307692307693,Yes,0.9230769230769231
74072,74072,99.00,188,38,226,0.831858407079646,0.168141592920354,Yes,0.831858407079646
74073,74073,99.00,152,32,184,0.8260869565217391,0.17391304347826086,Yes,0.8260869565217391
74074,74074,99.00,12,0,12,1.0,0.0,Yes,1.0
74075,74075,99.00,27,6,33,0.8181818181818182,0.18181818181818182,Yes,0.8181818181818182
74076,74076,99.00,301,53,354,0.8502824858757062,0.1497175141242938,Yes,0.8502824858757062
74077,74077,99.00,14,3,17,0.8235294117647058,0.17647058823529413,Yes,0.8235294117647058
74078,74078,99.00,193,22,215,0.8976744186046511,0.10232558139534884,Yes,0.8976744186046511
74079,74079,99.00,211,43,254,0.8307086614173228,0.16929133858267717,Yes,0.8307086614173228
74080,74080,99.00,7,1,8,0.875,0.125,Yes,0.875
74081,74081,99.00,7,0,7,1.0,0.0,Yes,1.0
74082,74082,53.85,35,1,36,0.9722222222222222,0.027777777777777776,Yes,0.9722222222222222
74083,74083,99.00,344,48,392,0.8775510204081632,0.12244897959183673,Yes,0.8775510204081632
74084,74084,99.00,45,7,52,0.8653846153846154,0.1346153846153846,Yes,0.8653846153846154
74085,74085,99.00,7,2,9,0.7777777777777778,0.2222222222222222,Yes,0.7777777777777778
74086,74086,99.00,5,1,6,0.8333333333333334,0.16666666666666666,Yes,0.8333333333333334
74087,74087,99.00,202,46,248,0.8145161290322581,0.18548387096774194,Yes,0.8145161290322581
74088,74088,99.00,302,56,358,0.8435754189944135,0.1564245810055866,Yes,0.8435754189944135
74089,74089,99.00,12,4,16,0.75,0.25,Yes,0.75
74090,74090,99.00,133,24,157,0.8471337579617835,0.15286624203821655,Yes,0.8471337579617835
74091,74091,99.00,192,26,218,0.8807339449541285,0.11926605504587157,Yes,0.8807339449541285
74092,74092,99.00,23,3,26,0.8846153846153846,0.11538461538461539,Yes,0.8846153846153846
74093,74093,99.00,0,0,0,0,0,n/a,0
74094,74094,99.00,0,0,0,0,0,n/a,0
74095,74095,99.00,0,0,0,0,0,n/a,0
74096,74096,99.00,0,0,0,0,0,n/a,0
74097,74097,99.00,0,0,0,0,0,n/a,0
74098,74098,80.00,18,4,22,0.8181818181818182,0.18181818181818182,Yes,0.8181818181818182
74099,74099,99.00,15,2,17,0.8823529411764706,0.11764705882352941,Yes,0.8823529411764706
74100,74100,99.00,7,1,8,0.875,0.125,Yes,0.875
74101,74101,53.85,220,28,248,0.8870967741935484,0.11290322580645161,Yes,0.8870967741935484
74102,74102,53.85,21,8,29,0.7241379310344828,0.27586206896551724,Yes,0.7241379310344828
74103,74103,99.00,20,4,24,0.8333333333333334,0.16666666666666666,Yes,0.8333333333333334
74104,74104,99.00,135,25,160,0.84375,0.15625,Yes,0.84375
74105,74105,99.00,249,27,276,0.9021739130434783,0.09782608695652174,Yes,0.9021739130434783
74106,74106,99.00,10,0,10,1.0,0.0,Yes,1.0
74107,74107,99.00,17,1,18,0.9444444444444444,0.05555555555555555,Yes,0.9444444444444444
75001,75001,33.33,249,34,283,0.8798586572438163,0.12014134275618374,Yes,0.8798586572438163
75002,75002,99.00,245,39,284,0.8626760563380281,0.13732394366197184,Yes,0.8626760563380281
75003,75003,99.00,104,10,114,0.9122807017543859,0.08771929824561403,Yes,0.9122807017543859
75004,75004,99.00,32,3,35,0.9142857142857143,0.08571428571428572,Yes,0.9142857142857143
75005,75005,33.33,25,0,25,1.0,0.0,Yes,1.0
75006,75006,33.33,305,41,346,0.8815028901734104,0.11849710982658959,Yes,0.8815028901734104
75007,75007,99.00,171,24,195,0.8769230769230769,0.12307692307692308,Yes,0.8769230769230769
75008,75008,99.00,178,15,193,0.9222797927461139,0.07772020725388601,Yes,0.9222797927461139
75009,75009,99.00,115,17,132,0.8712121212121212,0.12878787878787878,Yes,0.8712121212121212
75010,75010,99.00,147,19,166,0.8855421686746988,0.1144578313253012,Yes,0.8855421686746988
75011,75011,99.00,131,11,142,0.9225352112676056,0.07746478873239436,Yes,0.9225352112676056
75012,75012,99.00,143,28,171,0.8362573099415205,0.16374269005847952,Yes,0.8362573099415205
75013,75013,99.00,229,25,254,0.9015748031496063,0.0984251968503937,Yes,0.9015748031496063
75014,75014,99.00,54,8,62,0.8709677419354839,0.12903225806451613,Yes,0.8709677419354839
75015,75015,99.00,221,24,245,0.9020408163265307,0.09795918367346938,Yes,0.9020408163265307
75016,75016,99.00,11,0,11,1.0,0.0,Yes,1.0
75017,75017,99.00,145,16,161,0.9006211180124224,0.09937888198757763,Yes,0.9006211180124224
75018,75018,99.00,6,0,6,1.0,0.0,Yes,1.0
75019,75019,99.00,279,33,312,0.8942307692307693,0.10576923076923077,Yes,0.8942307692307693
75020,75020,99.00,12,0,12,1.0,0.0,Yes,1.0
75021,75021,99.00,11,0,11,1.0,0.0,Yes,1.0
75022,75022,99.00,250,41,291,0.8591065292096219,0.140893470790378,Yes,0.8591065292096219
75023,75023,99.00,295,31,326,0.9049079754601227,0.0950920245398773,Yes,0.9049079754601227
75024,75024,99.00,11,0,11,1.0,0.0,Yes,1.0
75025,75025,99.00,311,33,344,0.9040697674418605,0.09593023255813954,Yes,0.9040697674418605
75026,75026,99.00,9,0,9,1.0,0.0,Yes,1.0
75027,75027,33.33,25,4,29,0.8620689655172413,0.13793103448275862,Yes,0.8620689655172413
75028,75028,99.00,162,23,185,0.8756756756756757,0.12432432432432433,Yes,0.8756756756756757
75029,75029,99.00,81,14,95,0.8526315789473684,0.14736842105263157,Yes,0.8526315789473684
75030,75030,99.00,17,3,20,0.85,0.15,Yes,0.85
75031,75031,99.00,113,20,133,0.849624060150376,0.15037593984962405,Yes,0.849624060150376
75032,75032,99.00,158,30,188,0.8404255319148937,0.1595744680851064,Yes,0.8404255319148937
75033,75033,99.00,219,36,255,0.8588235294117647,0.1411764705882353,Yes,0.8588235294117647
75034,75034,99.00,68,9,77,0.8831168831168831,0.11688311688311688,Yes,0.8831168831168831
75035,75035,99.00,9,0,9,1.0,0.0,Yes,1.0
75036,75036,99.00,118,21,139,0.8489208633093526,0.1510791366906475,Yes,0.8489208633093526
75037,75037,99.00,157,22,179,0.8770949720670391,0.12290502793296089,Yes,0.8770949720670391
75038,75038,99.00,417,50,467,0.892933618843683,0.10706638115631692,Yes,0.892933618843683
75039,75039,99.00,9,1,10,0.9,0.1,Yes,0.9
75040,75040,99.00,147,29,176,0.8352272727272727,0.16477272727272727,Yes,0.8352272727272727
75041,75041,99.00,5,0,5,1.0,0.0,Yes,1.0
75042,75042,99.00,2,0,2,1.0,0.0,Yes,1.0
75043,75043,99.00,306,41,347,0.8818443804034583,0.11815561959654179,Yes,0.8818443804034583
75044,75044,99.00,255,38,293,0.8703071672354948,0.1296928327645051,Yes,0.8703071672354948
75045,75045,99.00,208,31,239,0.8702928870292888,0.1297071129707113,Yes,0.8702928870292888
75046,75046,99.00,1,0,1,1.0,0.0,Yes,1.0
75047,75047,99.00,6,1,7,0.8571428571428571,0.14285714285714285,Yes,0.8571428571428571
75048,75048,99.00,214,41,255,0.8392156862745098,0.1607843137254902,Yes,0.8392156862745098
75049,75049,99.00,134,21,155,0.864516129032258,0.13548387096774195,Yes,0.864516129032258
75050,75050,99.00,69,14,83,0.8313253012048193,0.1686746987951807,Yes,0.8313253012048193
75051,75051,99.00,118,12,130,0.9076923076923077,0.09230769230769231,Yes,0.9076923076923077
75052,75052,99.00,27,2,29,0.9310344827586207,0.06896551724137931,Yes,0.9310344827586207
75053,75053,53.85,182,26,208,0.875,0.125,Yes,0.875
75054,75054,53.85,34,7,41,0.8292682926829268,0.17073170731707318,Yes,0.8292682926829268
75055,75055,53.85,27,3,30,0.9,0.1,Yes,0.9
75056,75056,99.00,196,32,228,0.8596491228070176,0.14035087719298245,Yes,0.8596491228070176
75057,75057,99.00,4,1,5,0.8,0.2,Yes,0.8
75058,75058,99.00,88,12,100,0.88,0.12,Yes,0.88
75059,75059,80.00,218,34,252,0.8650793650793651,0.1349206349206349,Yes,0.8650793650793651
75060,75060,99.00,11,2,13,0.8461538461538461,0.15384615384615385,Yes,0.8461538461538461
75061,75061,99.00,0,0,0,0,0,n/a,0
75062,75062,99.00,168,25,193,0.8704663212435233,0.12953367875647667,Yes,0.8704663212435233
75063,75063,99.00,106,23,129,0.8217054263565892,0.17829457364341086,Yes,0.8217054263565892
75064,75064,80.00,11,3,14,0.7857142857142857,0.21428571428571427,Yes,0.7857142857142857
75065,75065,99.00,49,13,62,0.7903225806451613,0.20967741935483872,Yes,0.7903225806451613
75066,75066,99.00,277,46,323,0.8575851393188855,0.14241486068111456,Yes,0.8575851393188855
75067,75067,99.00,113,23,136,0.8308823529411765,0.16911764705882354,Yes,0.8308823529411765
75068,75068,99.00,15,5,20,0.75,0.25,Yes,0.75
75069,75069,99.00,128,15,143,0.8951048951048951,0.1048951048951049,Yes,0.8951048951048951
75070,75070,99.00,194,27,221,0.8778280542986425,0.12217194570135746,Yes,0.8778280542986425
75071,75071,99.00,427,53,480,0.8895833333333333,0.11041666666666666,Yes,0.8895833333333333
75072,75072,99.00,383,36,419,0.9140811455847255,0.08591885441527446,Yes,0.9140811455847255
75073,75073,99.00,128,18,146,0.8767123287671232,0.1232876712328767,Yes,0.8767123287671232
75074,75074,99.00,79,12,91,0.8681318681318682,0.13186813186813187,Yes,0.8681318681318682
75075,75075,99.00,74,14,88,0.8409090909090909,0.1590909090909091,Yes,0.8409090909090909
75076,75076,99.00,10,2,12,0.8333333333333334,0.16666666666666666,Yes,0.8333333333333334
75077,75077,99.00,12,2,14,0.8571428571428571,0.14285714285714285,Yes,0.8571428571428571
75078,75078,99.00,13,3,16,0.8125,0.1875,Yes,0.8125
75079,75079,99.00,15,0,15,1.0,0.0,Yes,1.0
75080,75080,99.00,22,2,24,0.9166666666666666,0.08333333333333333,Yes,0.9166666666666666
75081,75081,99.00,8,0,8,1.0,0.0,Yes,1.0
75082,75082,99.00,303,33,336,0.9017857142857143,0.09821428571428571,Yes,0.9017857142857143
75083,75083,99.00,229,30,259,0.8841698841698842,0.11583011583011583,Yes,0.8841698841698842
75084,75084,99.00,6,0,6,1.0,0.0,Yes,1.0
75085,75085,99.00,17,0,17,1.0,0.0,Yes,1.0
75086,75086,99.00,2,3,5,0.4,0.6,No,0.6
75087,75087,99.00,192,34,226,0.8495575221238938,0.1504424778761062,Yes,0.8495575221238938
75088,75088,99.00,5,2,7,0.7142857142857143,0.2857142857142857,Yes,0.7142857142857143
75089,75089,99.00,10,1,11,0.9090909090909091,0.09090909090909091,Yes,0.9090909090909091
75090,75090,99.00,9,3,12,0.75,0.25,Yes,0.75
75091,75091,99.00,141,28,169,0.834319526627219,0.16568047337278108,Yes,0.834319526627219
75092,75092,99.00,108,34,142,0.7605633802816901,0.23943661971830985,Yes,0.7605633802816901
75093,75093,99.00,77,5,82,0.9390243902439024,0.06097560975609756,Yes,0.9390243902439024
75094,75094,99.00,8,2,10,0.8,0.2,Yes,0.8
75095,75095,99.00,4,0,4,1.0,0.0,Yes,1.0
75096,75096,99.00,15,6,21,0.7142857142857143,0.2857142857142857,Yes,0.7142857142857143
75097,75097,99.00,230,38,268,0.8582089552238806,0.1417910447761194,Yes,0.8582089552238806
75098,75098,99.00,27,3,30,0.9,0.1,Yes,0.9
75099,75099,99.00,224,34,258,0.8682170542635659,0.13178294573643412,Yes,0.8682170542635659
75100,75100,99.00,23,3,26,0.8846153846153846,0.11538461538461539,Yes,0.8846153846153846
75101,75101,99.00,0,0,0,0,0,n/a,0
75102,75102,99.00,0,0,0,0,0,n/a,0
75103,75103,99.00,0,0,0,0,0,n/a,0
75104,75104,99.00,0,0,0,0,0,n/a,0
75105,75105,99.00,0,0,0,0,0,n/a,0
75106,75106,99.00,0,0,0,0,0,n/a,0
75107,75107,99.00,22,2,24,0.9166666666666666,0.08333333333333333,Yes,0.9166666666666666
75108,75108,99.00,157,24,181,0.8674033149171271,0.13259668508287292,Yes,0.8674033149171271
75109,75109,99.00,11,0,11,1.0,0.0,Yes,1.0
75110,75110,99.00,17,1,18,0.9444444444444444,0.05555555555555555,Yes,0.9444444444444444
75111,75111,99.00,232,25,257,0.9027237354085603,0.09727626459143969,Yes,0.9027237354085603
75112,75112,99.00,304,41,345,0.881159420289855,0.11884057971014493,Yes,0.881159420289855
75113,75113,99.00,3,0,3,1.0,0.0,Yes,1.0
75114,75114,99.00,8,1,9,0.8888888888888888,0.1111111111111111,Yes,0.8888888888888888
75115,75115,99.00,236,42,278,0.8489208633093526,0.1510791366906475,Yes,0.8489208633093526
76001,76001,99.00,245,44,289,0.8477508650519031,0.1522491349480969,Yes,0.8477508650519031
76002,76002,99.00,153,34,187,0.8181818181818182,0.18181818181818182,Yes,0.8181818181818182
76003,76003,99.00,12,1,13,0.9230769230769231,0.07692307692307693,Yes,0.9230769230769231
76004,76004,99.00,14,3,17,0.8235294117647058,0.17647058823529413,Yes,0.8235294117647058
76005,76005,99.00,10,2,12,0.8333333333333334,0.16666666666666666,Yes,0.8333333333333334
76006,76006,99.00,185,56,241,0.7676348547717843,0.23236514522821577,Yes,0.7676348547717843
76007,76007,99.00,178,49,227,0.7841409691629956,0.21585903083700442,Yes,0.7841409691629956
76008,76008,99.00,11,4,15,0.7333333333333333,0.26666666666666666,Yes,0.7333333333333333
76009,76009,99.00,134,33,167,0.8023952095808383,0.19760479041916168,Yes,0.8023952095808383
76010,76010,99.00,208,46,254,0.8188976377952756,0.18110236220472442,Yes,0.8188976377952756
76011,76011,99.00,13,5,18,0.7222222222222222,0.2777777777777778,Yes,0.7222222222222222
76012,76012,99.00,174,32,206,0.8446601941747572,0.1553398058252427,Yes,0.8446601941747572
76013,76013,99.00,26,1,27,0.9629629629629629,0.037037037037037035,Yes,0.9629629629629629
76014,76014,99.00,168,39,207,0.8115942028985508,0.18840579710144928,Yes,0.8115942028985508
76015,76015,99.00,26,2,28,0.9285714285714286,0.07142857142857142,Yes,0.9285714285714286
76016,76016,99.00,339,55,394,0.8604060913705583,0.13959390862944163,Yes,0.8604060913705583
76017,76017,99.00,12,2,14,0.8571428571428571,0.14285714285714285,Yes,0.8571428571428571
76018,76018,99.00,18,1,19,0.9473684210526315,0.05263157894736842,Yes,0.9473684210526315
76019,76019,0.00,19,2,21,0.9047619047619048,0.09523809523809523,Yes,0.9047619047619048
76020,76020,99.00,213,58,271,0.7859778597785978,0.2140221402214022,Yes,0.7859778597785978
76021,76021,99.00,260,62,322,0.8074534161490683,0.19254658385093168,Yes,0.8074534161490683
76022,76022,0.00,9,1,10,0.9,0.1,Yes,0.9
76023,76023,0.00,11,2,13,0.8461538461538461,0.15384615384615385,Yes,0.8461538461538461
76024,76024,0.00,32,3,35,0.9142857142857143,0.08571428571428572,Yes,0.9142857142857143
76025,76025,0.00,44,8,52,0.8461538461538461,0.15384615384615385,Yes,0.8461538461538461
76026,76026,0.00,34,2,36,0.9444444444444444,0.05555555555555555,Yes,0.9444444444444444
76027,76027,0.00,24,4,28,0.8571428571428571,0.14285714285714285,Yes,0.8571428571428571
76028,76028,0.00,42,5,47,0.8936170212765957,0.10638297872340426,Yes,0.8936170212765957
76029,76029,99.00,82,27,109,0.7522935779816514,0.24770642201834864,Yes,0.7522935779816514
76030,76030,46.67,38,4,42,0.9047619047619048,0.09523809523809523,Yes,0.9047619047619048
76031,76031,0.00,16,10,26,0.6153846153846154,0.38461538461538464,Yes,0.6153846153846154
76032,76032,0.00,17,3,20,0.85,0.15,Yes,0.85
76033,76033,99.00,204,49,253,0.8063241106719368,0.19367588932806323,Yes,0.8063241106719368
76034,76034,0.00,73,10,83,0.8795180722891566,0.12048192771084337,Yes,0.8795180722891566
76035,76035,0.00,14,3,17,0.8235294117647058,0.17647058823529413,Yes,0.8235294117647058
76036,76036,99.00,10,4,14,0.7142857142857143,0.2857142857142857,Yes,0.7142857142857143
76037,76037,46.67,239,65,304,0.7861842105263158,0.2138157894736842,Yes,0.7861842105263158
76038,76038,46.67,43,5,48,0.8958333333333334,0.10416666666666667,Yes,0.8958333333333334
76039,76039,46.67,228,48,276,0.8260869565217391,0.17391304347826086,Yes,0.8260869565217391
76040,76040,0.00,23,3,26,0.8846153846153846,0.11538461538461539,Yes,0.8846153846153846
76041,76041,0.00,21,1,22,0.9545454545454546,0.045454545454545456,Yes,0.9545454545454546
76042,76042,0.00,35,4,39,0.8974358974358975,0.10256410256410256,Yes,0.8974358974358975
76043,76043,0.00,20,1,21,0.9523809523809523,0.047619047619047616,Yes,0.9523809523809523
76044,76044,0.00,14,5,19,0.7368421052631579,0.2631578947368421,Yes,0.7368421052631579
76045,76045,0.00,20,2,22,0.9090909090909091,0.09090909090909091,Yes,0.9090909090909091
76046,76046,46.67,60,4,64,0.9375,0.0625,Yes,0.9375
76047,76047,46.67,159,36,195,0.8153846153846154,0.18461538461538463,Yes,0.8153846153846154
76048,76048,90.00,232,57,289,0.8027681660899654,0.1972318339100346,Yes,0.8027681660899654
76049,76049,0.00,35,6,41,0.8536585365853658,0.14634146341463414,Yes,0.8536585365853658
76050,76050,0.00,17,3,20,0.85,0.15,Yes,0.85
76051,76051,0.00,38,8,46,0.8260869565217391,0.17391304347826086,Yes,0.8260869565217391
76052,76052,90.00,232,59,291,0.7972508591065293,0.2027491408934708,Yes,0.7972508591065293
76053,76053,90.00,18,4,22,0.8181818181818182,0.18181818181818182,Yes,0.8181818181818182
76054,76054,90.00,148,30,178,0.8314606741573034,0.16853932584269662,Yes,0.8314606741573034
76055,76055,99.00,199,41,240,0.8291666666666667,0.17083333333333334,Yes,0.8291666666666667
76056,76056,90.00,12,4,16,0.75,0.25,Yes,0.75
76057,76057,90.00,278,57,335,0.8298507462686567,0.1701492537313433,Yes,0.8298507462686567
76058,76058,0.00,27,2,29,0.9310344827586207,0.06896551724137931,Yes,0.9310344827586207
76059,76059,90.00,23,12,35,0.6571428571428571,0.34285714285714286,Yes,0.6571428571428571
76060,76060,90.00,242,51,293,0.825938566552901,0.17406143344709898,Yes,0.825938566552901
76061,76061,90.00,15,4,19,0.7894736842105263,0.21052631578947367,Yes,0.7894736842105263
76062,76062,90.00,215,41,256,0.83984375,0.16015625,Yes,0.83984375
76063,76063,90.00,17,3,20,0.85,0.15,Yes,0.85
76064,76064,0.00,15,2,17,0.8823529411764706,0.11764705882352941,Yes,0.8823529411764706
76065,76065,99.00,201,40,241,0.8340248962655602,0.16597510373443983,Yes,0.8340248962655602
76066,76066,0.00,19,2,21,0.9047619047619048,0.09523809523809523,Yes,0.9047619047619048
76067,76067,99.00,293,53,346,0.846820809248555,0.1531791907514451,Yes,0.846820809248555
76068,76068,0.00,23,9,32,0.71875,0.28125,Yes,0.71875
76069,76069,99.00,33,5,38,0.868421052631579,0.13157894736842105,Yes,0.868421052631579
76070,76070,0.00,17,6,23,0.7391304347826086,0.2608695652173913,Yes,0.7391304347826086
76071,76071,0.00,25,4,29,0.8620689655172413,0.13793103448275862,Yes,0.8620689655172413
76072,76072,0.00,39,5,44,0.8863636363636364,0.11363636363636363,Yes,0.8863636363636364
76073,76073,0.00,9,0,9,1.0,0.0,Yes,1.0
76074,76074,0.00,14,1,15,0.9333333333333333,0.06666666666666667,Yes,0.9333333333333333
76075,76075,0.00,16,5,21,0.7619047619047619,0.23809523809523808,Yes,0.7619047619047619
76076,76076,99.00,178,27,205,0.8682926829268293,0.13170731707317074,Yes,0.8682926829268293
76077,76077,0.00,28,0,28,1.0,0.0,Yes,1.0
76078,76078,99.00,7,2,9,0.7777777777777778,0.2222222222222222,Yes,0.7777777777777778
76079,76079,99.00,260,58,318,0.8176100628930818,0.18238993710691823,Yes,0.8176100628930818
76080,76080,99.00,261,44,305,0.8557377049180328,0.14426229508196722,Yes,0.8557377049180328
76081,76081,99.00,5,0,5,1.0,0.0,Yes,1.0
76082,76082,99.00,108,15,123,0.8780487804878049,0.12195121951219512,Yes,0.8780487804878049
76083,76083,99.00,337,49,386,0.8730569948186528,0.12694300518134716,Yes,0.8730569948186528
76084,76084,99.00,8,1,9,0.8888888888888888,0.1111111111111111,Yes,0.8888888888888888
76085,76085,99.00,200,44,244,0.819672131147541,0.18032786885245902,Yes,0.819672131147541
76086,76086,99.00,7,1,8,0.875,0.125,Yes,0.875
76087,76087,99.00,54,3,57,0.9473684210526315,0.05263157894736842,Yes,0.9473684210526315
76088,76088,46.67,56,16,72,0.7777777777777778,0.2222222222222222,Yes,0.7777777777777778
76089,76089,90.00,197,37,234,0.8418803418803419,0.1581196581196581,Yes,0.8418803418803419
76090,76090,0.00,0,0,0,0,0,n/a,0
76091,76091,99.00,0,0,0,0,0,n/a,0
76092,76092,99.00,0,0,0,0,0,n/a,0
76093,76093,99.00,0,0,0,0,0,n/a,0
76094,76094,0.00,0,0,0,0,0,n/a,0
76095,76095,99.00,0,0,0,0,0,n/a,0
76096,76096,99.00,0,0,0,0,0,n/a,0
76097,76097,0.00,0,0,0,0,0,n/a,0
76098,76098,99.00,0,0,0,0,0,n/a,0
76099,76099,90.00,28,0,28,1.0,0.0,Yes,1.0
76100,76100,0.00,29,2,31,0.9354838709677419,0.06451612903225806,Yes,0.9354838709677419
76101,76101,99.00,29,4,33,0.8787878787878788,0.12121212121212122,Yes,0.8787878787878788
76102,76102,99.00,14,5,19,0.7368421052631579,0.2631578947368421,Yes,0.7368421052631579
76103,76103,0.00,8,1,9,0.8888888888888888,0.1111111111111111,Yes,0.8888888888888888
77001,77001,99.00,2,0,2,1.0,0.0,Yes,1.0
77002,77002,99.00,69,19,88,0.7840909090909091,0.2159090909090909,Yes,0.7840909090909091
77003,77003,99.00,124,32,156,0.7948717948717948,0.20512820512820512,Yes,0.7948717948717948
77004,77004,99.00,1,1,2,0.5,0.5,Tie,0.5
77005,77005,99.00,113,33,146,0.773972602739726,0.22602739726027396,Yes,0.773972602739726
77006,77006,99.00,60,18,78,0.7692307692307693,0.23076923076923078,Yes,0.7692307692307693
77007,77007,99.00,83,12,95,0.8736842105263158,0.12631578947368421,Yes,0.8736842105263158
77008,77008,99.00,52,10,62,0.8387096774193549,0.16129032258064516,Yes,0.8387096774193549
77009,77009,99.00,67,13,80,0.8375,0.1625,Yes,0.8375
77010,77010,99.00,155,44,199,0.7788944723618091,0.22110552763819097,Yes,0.7788944723618091
77011,77011,99.00,37,21,58,0.6379310344827587,0.3620689655172414,Yes,0.6379310344827587
77012,77012,99.00,102,29,131,0.7786259541984732,0.22137404580152673,Yes,0.7786259541984732
77013,77013,99.00,0,0,0,0,0,n/a,0
77014,77014,99.00,108,33,141,0.7659574468085106,0.23404255319148937,Yes,0.7659574468085106
77015,77015,99.00,0,0,0,0,0,n/a,0
77016,77016,99.00,82,21,103,0.7961165048543689,0.20388349514563106,Yes,0.7961165048543689
77017,77017,99.00,95,16,111,0.8558558558558559,0.14414414414414414,Yes,0.8558558558558559
77018,77018,0.00,3,0,3,1.0,0.0,Yes,1.0
77019,77019,99.00,79,13,92,0.8586956521739131,0.14130434782608695,Yes,0.8586956521739131
77020,77020,99.00,1,0,1,1.0,0.0,Yes,1.0
77021,77021,99.00,83,18,101,0.8217821782178217,0.1782178217821782,Yes,0.8217821782178217
77022,77022,99.00,94,18,112,0.8392857142857143,0.16071428571428573,Yes,0.8392857142857143
77023,77023,99.00,74,16,90,0.8222222222222222,0.17777777777777778,Yes,0.8222222222222222
77024,77024,99.00,1,0,1,1.0,0.0,Yes,1.0
77025,77025,99.00,114,26,140,0.8142857142857143,0.18571428571428572,Yes,0.8142857142857143
77026,77026,99.00,0,0,0,0,0,n/a,0
77027,77027,99.00,62,23,85,0.7294117647058823,0.27058823529411763,Yes,0.7294117647058823
77028,77028,99.00,98,26,124,0.7903225806451613,0.20967741935483872,Yes,0.7903225806451613
77029,77029,99.00,4,0,4,1.0,0.0,Yes,1.0
77030,77030,99.00,0,0,0,0,0,n/a,0
77031,77031,99.00,58,15,73,0.7945205479452054,0.2054794520547945,Yes,0.7945205479452054
77032,77032,0.00,1,0,1,1.0,0.0,Yes,1.0
77033,77033,0.00,0,0,0,0,0,n/a,0
77034,77034,0.00,0,0,0,0,0,n/a,0
77035,77035,0.00,1,0,1,1.0,0.0,Yes,1.0
77036,77036,0.00,2,0,2,1.0,0.0,Yes,1.0
77037,77037,99.00,92,22,114,0.8070175438596491,0.19298245614035087,Yes,0.8070175438596491
77038,77038,99.00,1,0,1,1.0,0.0,Yes,1.0
77039,77039,99.00,115,18,133,0.8646616541353384,0.13533834586466165,Yes,0.8646616541353384
77040,77040,99.00,0,2,2,0.0,1.0,No,1.0
77041,77041,99.00,2,0,2,1.0,0.0,Yes,1.0
77042,77042,99.00,92,39,131,0.7022900763358778,0.29770992366412213,Yes,0.7022900763358778
77043,77043,99.00,75,13,88,0.8522727272727273,0.14772727272727273,Yes,0.8522727272727273
77044,77044,99.00,100,24,124,0.8064516129032258,0.1935483870967742,Yes,0.8064516129032258
77045,77045,99.00,84,23,107,0.7850467289719626,0.21495327102803738,Yes,0.7850467289719626
77046,77046,99.00,0,0,0,0,0,n/a,0
77047,77047,99.00,134,33,167,0.8023952095808383,0.19760479041916168,Yes,0.8023952095808383
77048,77048,99.00,123,28,151,0.8145695364238411,0.18543046357615894,Yes,0.8145695364238411
77049,77049,55.56,142,33,175,0.8114285714285714,0.18857142857142858,Yes,0.8114285714285714
77050,77050,99.00,144,29,173,0.8323699421965318,0.1676300578034682,Yes,0.8323699421965318
77051,77051,99.00,2,0,2,1.0,0.0,Yes,1.0
77052,77052,99.00,9,3,12,0.75,0.25,Yes,0.75
77053,77053,99.00,128,16,144,0.8888888888888888,0.1111111111111111,Yes,0.8888888888888888
77054,77054,99.00,42,11,53,0.7924528301886793,0.20754716981132076,Yes,0.7924528301886793
77055,77055,99.00,93,33,126,0.7380952380952381,0.2619047619047619,Yes,0.7380952380952381
77056,77056,99.00,3,0,3,1.0,0.0,Yes,1.0
77057,77057,99.00,6,0,6,1.0,0.0,Yes,1.0
77058,77058,99.00,217,45,262,0.8282442748091603,0.1717557251908397,Yes,0.8282442748091603
77059,77059,55.56,7,3,10,0.7,0.3,Yes,0.7
77060,77060,55.56,11,5,16,0.6875,0.3125,Yes,0.6875
77061,77061,55.56,131,26,157,0.8343949044585988,0.16560509554140126,Yes,0.8343949044585988
77062,77062,99.00,75,12,87,0.8620689655172413,0.13793103448275862,Yes,0.8620689655172413
77063,77063,99.00,2,1,3,0.6666666666666666,0.3333333333333333,Yes,0.6666666666666666
77064,77064,99.00,2,0,2,1.0,0.0,Yes,1.0
77065,77065,99.00,57,12,69,0.8260869565217391,0.17391304347826086,Yes,0.8260869565217391
77066,77066,99.00,128,28,156,0.8205128205128205,0.1794871794871795,Yes,0.8205128205128205
77067,77067,99.00,0,0,0,0,0,n/a,0
77068,77068,99.00,54,17,71,0.7605633802816901,0.23943661971830985,Yes,0.7605633802816901
77069,77069,55.56,0,0,0,0,0,n/a,0
77070,77070,99.00,0,0,0,0,0,n/a,0
77071,77071,99.00,119,35,154,0.7727272727272727,0.22727272727272727,Yes,0.7727272727272727
77072,77072,55.56,15,0,15,1.0,0.0,Yes,1.0
77073,77073,55.56,0,0,0,0,0,n/a,0
77074,77074,99.00,0,1,1,0.0,1.0,No,1.0
77075,77075,99.00,1,1,2,0.5,0.5,Tie,0.5
77076,77076,99.00,78,23,101,0.7722772277227723,0.22772277227722773,Yes,0.7722772277227723
77077,77077,99.00,0,0,0,0,0,n/a,0
77078,77078,99.00,57,11,68,0.8382352941176471,0.16176470588235295,Yes,0.8382352941176471
77079,77079,99.00,0,0,0,0,0,n/a,0
77080,77080,99.00,1,0,1,1.0,0.0,Yes,1.0
77081,77081,99.00,1,0,1,1.0,0.0,Yes,1.0
77082,77082,99.00,7,0,7,1.0,0.0,Yes,1.0
78001,78001,99.00,2,2,4,0.5,0.5,Tie,0.5
78002,78002,99.00,115,16,131,0.8778625954198473,0.12213740458015267,Yes,0.8778625954198473
78003,78003,99.00,111,21,132,0.8409090909090909,0.1590909090909091,Yes,0.8409090909090909
78004,78004,99.00,1,0,1,1.0,0.0,Yes,1.0
78005,78005,99.00,122,28,150,0.8133333333333334,0.18666666666666668,Yes,0.8133333333333334
78006,78006,99.00,125,44,169,0.7396449704142012,0.2603550295857988,Yes,0.7396449704142012
78007,78007,20.00,67,10,77,0.8701298701298701,0.12987012987012986,Yes,0.8701298701298701
78008,78008,99.00,118,24,142,0.8309859154929577,0.16901408450704225,Yes,0.8309859154929577
78009,78009,20.00,9,0,9,1.0,0.0,Yes,1.0
78010,78010,0.00,0,0,0,0,0,n/a,0
78011,78011,0.00,0,0,0,0,0,n/a,0
78012,78012,99.00,86,22,108,0.7962962962962963,0.2037037037037037,Yes,0.7962962962962963
78013,78013,99.00,82,24,106,0.7735849056603774,0.22641509433962265,Yes,0.7735849056603774
78014,78014,99.00,64,13,77,0.8311688311688312,0.16883116883116883,Yes,0.8311688311688312
78015,78015,99.00,51,13,64,0.796875,0.203125,Yes,0.796875
78016,78016,83.33,103,21,124,0.8306451612903226,0.1693548387096774,Yes,0.8306451612903226
78017,78017,99.00,0,0,0,0,0,n/a,0
78018,78018,99.00,68,29,97,0.7010309278350515,0.29896907216494845,Yes,0.7010309278350515
78019,78019,99.00,53,15,68,0.7794117647058824,0.22058823529411764,Yes,0.7794117647058824
78020,78020,99.00,62,12,74,0.8378378378378378,0.16216216216216217,Yes,0.8378378378378378
78021,78021,99.00,4,2,6,0.6666666666666666,0.3333333333333333,Yes,0.6666666666666666
78022,78022,99.00,3,1,4,0.75,0.25,Yes,0.75
78023,78023,99.00,57,10,67,0.8507462686567164,0.14925373134328357,Yes,0.8507462686567164
78024,78024,99.00,61,13,74,0.8243243243243243,0.17567567567567569,Yes,0.8243243243243243
78025,78025,99.00,2,1,3,0.6666666666666666,0.3333333333333333,Yes,0.6666666666666666
78026,78026,99.00,2,0,2,1.0,0.0,Yes,1.0
78027,78027,99.00,129,26,155,0.832258064516129,0.16774193548387098,Yes,0.832258064516129
78028,78028,83.33,0,0,0,0,0,n/a,0
78029,78029,99.00,90,16,106,0.8490566037735849,0.1509433962264151,Yes,0.8490566037735849
78030,78030,99.00,3,0,3,1.0,0.0,Yes,1.0
78031,78031,83.33,96,44,140,0.6857142857142857,0.3142857142857143,Yes,0.6857142857142857
78032,78032,83.33,2,1,3,0.6666666666666666,0.3333333333333333,Yes,0.6666666666666666
78033,78033,99.00,161,46,207,0.7777777777777778,0.2222222222222222,Yes,0.7777777777777778
78034,78034,99.00,98,29,127,0.7716535433070866,0.2283464566929134,Yes,0.7716535433070866
78035,78035,83.33,2,0,2,1.0,0.0,Yes,1.0
78036,78036,83.33,40,13,53,0.7547169811320755,0.24528301886792453,Yes,0.7547169811320755
78037,78037,20.00,78,17,95,0.8210526315789474,0.17894736842105263,Yes,0.8210526315789474
78038,78038,83.33,54,34,88,0.6136363636363636,0.38636363636363635,Yes,0.6136363636363636
78039,78039,20.00,7,0,7,1.0,0.0,Yes,1.0
78040,78040,99.00,166,33,199,0.8341708542713567,0.1658291457286432,Yes,0.8341708542713567
78041,78041,99.00,98,47,145,0.6758620689655173,0.32413793103448274,Yes,0.6758620689655173
78042,78042,99.00,0,0,0,0,0,n/a,0
78043,78043,99.00,83,22,105,0.7904761904761904,0.20952380952380953,Yes,0.7904761904761904
78044,78044,99.00,93,18,111,0.8378378378378378,0.16216216216216217,Yes,0.8378378378378378
78045,78045,99.00,2,1,3,0.6666666666666666,0.3333333333333333,Yes,0.6666666666666666
78046,78046,99.00,5,1,6,0.8333333333333334,0.16666666666666666,Yes,0.8333333333333334
78047,78047,99.00,85,19,104,0.8173076923076923,0.18269230769230768,Yes,0.8173076923076923
78048,78048,99.00,285,56,341,0.8357771260997068,0.16422287390029325,Yes,0.8357771260997068
78049,78049,99.00,10,0,10,1.0,0.0,Yes,1.0
78050,78050,99.00,94,15,109,0.8623853211009175,0.13761467889908258,Yes,0.8623853211009175
78051,78051,99.00,0,0,0,0,0,n/a,0
78052,78052,99.00,88,25,113,0.7787610619469026,0.22123893805309736,Yes,0.7787610619469026
78053,78053,99.00,55,16,71,0.7746478873239436,0.22535211267605634,Yes,0.7746478873239436
78054,78054,99.00,1,0,1,1.0,0.0,Yes,1.0
78055,78055,20.00,0,0,0,0,0,n/a,0
78056,78056,20.00,0,0,0,0,0,n/a,0
78057,78057,99.00,0,0,0,0,0,n/a,0
78058,78058,20.00,0,0,0,0,0,n/a,0
78059,78059,99.00,104,26,130,0.8,0.2,Yes,0.8
78060,78060,99.00,104,30,134,0.7761194029850746,0.22388059701492538,Yes,0.7761194029850746
78061,78061,83.33,129,29,158,0.8164556962025317,0.18354430379746836,Yes,0.8164556962025317
78062,78062,20.00,3,2,5,0.6,0.4,Yes,0.6
78063,78063,99.00,0,0,0,0,0,n/a,0
78064,78064,0.00,0,0,0,0,0,n/a,0
78065,78065,99.00,65,24,89,0.7303370786516854,0.2696629213483146,Yes,0.7303370786516854
78066,78066,99.00,3,3,6,0.5,0.5,Tie,0.5
78067,78067,83.33,2,1,3,0.6666666666666666,0.3333333333333333,Yes,0.6666666666666666
78068,78068,99.00,0,2,2,0.0,1.0,No,1.0
78069,78069,99.00,2,1,3,0.6666666666666666,0.3333333333333333,Yes,0.6666666666666666
78070,78070,99.00,1,0,1,1.0,0.0,Yes,1.0
78071,78071,99.00,2,2,4,0.5,0.5,Tie,0.5
78072,78072,99.00,3,1,4,0.75,0.25,Yes,0.75
78073,78073,99.00,3,0,3,1.0,0.0,Yes,1.0
79001,79001,99.00,72,23,95,0.7578947368421053,0.24210526315789474,Yes,0.7578947368421053
79002,79002,99.00,4,0,4,1.0,0.0,Yes,1.0
79003,79003,99.00,60,16,76,0.7894736842105263,0.21052631578947367,Yes,0.7894736842105263
79004,79004,99.00,111,23,134,0.8283582089552238,0.17164179104477612,Yes,0.8283582089552238
79005,79005,99.00,2,0,2,1.0,0.0,Yes,1.0
79006,79006,99.00,33,14,47,0.7021276595744681,0.2978723404255319,Yes,0.7021276595744681
79007,79007,99.00,64,24,88,0.7272727272727273,0.2727272727272727,Yes,0.7272727272727273
79008,79008,99.00,70,38,108,0.6481481481481481,0.35185185185185186,Yes,0.6481481481481481
79009,79009,99.00,1,0,1,1.0,0.0,Yes,1.0
79010,79010,99.00,58,20,78,0.7435897435897436,0.2564102564102564,Yes,0.7435897435897436
79011,79011,99.00,2,0,2,1.0,0.0,Yes,1.0
79012,79012,99.00,0,0,0,0,0,n/a,0
79013,79013,99.00,96,19,115,0.8347826086956521,0.16521739130434782,Yes,0.8347826086956521
79014,79014,66.67,2,0,2,1.0,0.0,Yes,1.0
79015,79015,66.67,66,27,93,0.7096774193548387,0.2903225806451613,Yes,0.7096774193548387
79016,79016,66.67,101,21,122,0.8278688524590164,0.1721311475409836,Yes,0.8278688524590164
79017,79017,99.00,110,32,142,0.7746478873239436,0.22535211267605634,Yes,0.7746478873239436
79018,79018,66.67,1,0,1,1.0,0.0,Yes,1.0
79019,79019,99.00,5,0,5,1.0,0.0,Yes,1.0
79020,79020,99.00,79,31,110,0.7181818181818181,0.2818181818181818,Yes,0.7181818181818181
79021,79021,99.00,0,0,0,0,0,n/a,0
79022,79022,99.00,123,33,156,0.7884615384615384,0.21153846153846154,Yes,0.7884615384615384
79023,79023,99.00,119,28,147,0.8095238095238095,0.19047619047619047,Yes,0.8095238095238095
79024,79024,99.00,2,0,2,1.0,0.0,Yes,1.0
79025,79025,37.50,39,8,47,0.8297872340425532,0.1702127659574468,Yes,0.8297872340425532
79026,79026,37.50,41,11,52,0.7884615384615384,0.21153846153846154,Yes,0.7884615384615384
79027,79027,37.50,44,19,63,0.6984126984126984,0.30158730158730157,Yes,0.6984126984126984
79028,79028,37.50,47,10,57,0.8245614035087719,0.17543859649122806,Yes,0.8245614035087719
79029,79029,99.00,27,2,29,0.9310344827586207,0.06896551724137931,Yes,0.9310344827586207
79030,79030,99.00,139,37,176,0.7897727272727273,0.21022727272727273,Yes,0.7897727272727273
79031,79031,99.00,2,0,2,1.0,0.0,Yes,1.0
79032,79032,99.00,1,1,2,0.5,0.5,Tie,0.5
79033,79033,99.00,70,28,98,0.7142857142857143,0.2857142857142857,Yes,0.7142857142857143
79034,79034,99.00,2,0,2,1.0,0.0,Yes,1.0
79035,79035,99.00,112,39,151,0.7417218543046358,0.2582781456953642,Yes,0.7417218543046358
79036,79036,99.00,107,31,138,0.7753623188405797,0.2246376811594203,Yes,0.7753623188405797
79037,79037,99.00,0,0,0,0,0,n/a,0
79038,79038,0.00,0,0,0,0,0,n/a,0
79039,79039,0.00,0,0,0,0,0,n/a,0
79040,79040,99.00,167,37,204,0.8186274509803921,0.18137254901960784,Yes,0.8186274509803921
79041,79041,0.00,0,1,1,0.0,1.0,No,1.0
79042,79042,99.00,104,24,128,0.8125,0.1875,Yes,0.8125
79043,79043,99.00,61,13,74,0.8243243243243243,0.17567567567567569,Yes,0.8243243243243243
79044,79044,99.00,56,23,79,0.7088607594936709,0.2911392405063291,Yes,0.7088607594936709
79045,79045,99.00,2,0,2,1.0,0.0,Yes,1.0
79046,79046,99.00,79,33,112,0.7053571428571429,0.29464285714285715,Yes,0.7053571428571429
79047,79047,99.00,0,1,1,0.0,1.0,No,1.0
79048,79048,99.00,50,10,60,0.8333333333333334,0.16666666666666666,Yes,0.8333333333333334
79049,79049,99.00,78,39,117,0.6666666666666666,0.3333333333333333,Yes,0.6666666666666666
79050,79050,99.00,113,30,143,0.7902097902097902,0.2097902097902098,Yes,0.7902097902097902
79051,79051,99.00,2,0,2,1.0,0.0,Yes,1.0
79052,79052,99.00,3,0,3,1.0,0.0,Yes,1.0
79053,79053,99.00,149,41,190,0.7842105263157895,0.21578947368421053,Yes,0.7842105263157895
79054,79054,99.00,55,18,73,0.7534246575342466,0.2465753424657534,Yes,0.7534246575342466
79055,79055,99.00,71,20,91,0.7802197802197802,0.21978021978021978,Yes,0.7802197802197802
79056,79056,99.00,105,35,140,0.75,0.25,Yes,0.75
79057,79057,99.00,140,40,180,0.7777777777777778,0.2222222222222222,Yes,0.7777777777777778
79058,79058,99.00,49,11,60,0.8166666666666667,0.18333333333333332,Yes,0.8166666666666667
79059,79059,99.00,4,0,4,1.0,0.0,Yes,1.0
79060,79060,99.00,3,0,3,1.0,0.0,Yes,1.0
79061,79061,99.00,94,22,116,0.8103448275862069,0.1896551724137931,Yes,0.8103448275862069
79062,79062,99.00,61,21,82,0.7439024390243902,0.25609756097560976,Yes,0.7439024390243902
79063,79063,99.00,53,11,64,0.828125,0.171875,Yes,0.828125
79064,79064,99.00,37,14,51,0.7254901960784313,0.27450980392156865,Yes,0.7254901960784313
79065,79065,99.00,0,0,0,0,0,n/a,0
79066,79066,99.00,72,21,93,0.7741935483870968,0.22580645161290322,Yes,0.7741935483870968
79067,79067,99.00,88,13,101,0.8712871287128713,0.12871287128712872,Yes,0.8712871287128713
79068,79068,99.00,167,49,216,0.7731481481481481,0.22685185185185186,Yes,0.7731481481481481
79069,79069,99.00,374,109,483,0.7743271221532091,0.22567287784679088,Yes,0.7743271221532091
79070,79070,99.00,68,23,91,0.7472527472527473,0.25274725274725274,Yes,0.7472527472527473
79071,79071,99.00,1,2,3,0.3333333333333333,0.6666666666666666,No,0.6666666666666666
79072,79072,99.00,115,37,152,0.756578947368421,0.24342105263157895,Yes,0.756578947368421
79073,79073,99.00,5,0,5,1.0,0.0,Yes,1.0
79074,79074,99.00,0,0,0,0,0,n/a,0
79075,79075,99.00,82,16,98,0.8367346938775511,0.16326530612244897,Yes,0.8367346938775511
79076,79076,99.00,7,0,7,1.0,0.0,Yes,1.0
79077,79077,99.00,1,0,1,1.0,0.0,Yes,1.0
79078,79078,99.00,1,0,1,1.0,0.0,Yes,1.0
79079,79079,99.00,1,0,1,1.0,0.0,Yes,1.0
79080,79080,99.00,0,0,0,0,0,n/a,0
79081,79081,99.00,0,0,0,0,0,n/a,0
79082,79082,99.00,0,0,0,0,0,n/a,0
79083,79083,99.00,0,1,1,0.0,1.0,No,1.0
79084,79084,99.00,127,24,151,0.8410596026490066,0.15894039735099338,Yes,0.8410596026490066
79085,79085,99.00,1,0,1,1.0,0.0,Yes,1.0
79086,79086,99.00,86,27,113,0.7610619469026548,0.23893805309734514,Yes,0.7610619469026548
79087,79087,99.00,0,0,0,0,0,n/a,0
79088,79088,99.00,0,0,0,0,0,n/a,0
79089,79089,99.00,3,1,4,0.75,0.25,Yes,0.75
79090,79090,99.00,19,0,19,1.0,0.0,Yes,1.0
80001,80001,99.00,141,107,248,0.5685483870967742,0.4314516129032258,Yes,0.5685483870967742
80002,80002,99.00,5,0,5,1.0,0.0,Yes,1.0
80003,80003,99.00,6,2,8,0.75,0.25,Yes,0.75
80004,80004,99.00,69,36,105,0.6571428571428571,0.34285714285714286,Yes,0.6571428571428571
80005,80005,99.00,2,0,2,1.0,0.0,Yes,1.0
80006,80006,99.00,129,63,192,0.671875,0.328125,Yes,0.671875
80007,80007,99.00,0,0,0,0,0,n/a,0
80008,80008,99.00,3,2,5,0.6,0.4,Yes,0.6
80009,80009,99.00,112,46,158,0.7088607594936709,0.2911392405063291,Yes,0.7088607594936709
80010,80010,99.00,1,0,1,1.0,0.0,Yes,1.0
80011,80011,99.00,86,54,140,0.6142857142857143,0.38571428571428573,Yes,0.6142857142857143
80012,80012,99.00,1,0,1,1.0,0.0,Yes,1.0
80013,80013,99.00,120,29,149,0.8053691275167785,0.19463087248322147,Yes,0.8053691275167785
80014,80014,99.00,119,26,145,0.8206896551724138,0.1793103448275862,Yes,0.8206896551724138
80015,80015,99.00,160,54,214,0.7476635514018691,0.2523364485981308,Yes,0.7476635514018691
80016,80016,99.00,9,1,10,0.9,0.1,Yes,0.9
80017,80017,99.00,125,46,171,0.7309941520467836,0.26900584795321636,Yes,0.7309941520467836
80018,80018,99.00,2,0,2,1.0,0.0,Yes,1.0
80019,80019,99.00,3,0,3,1.0,0.0,Yes,1.0
80020,80020,99.00,9,2,11,0.8181818181818182,0.18181818181818182,Yes,0.8181818181818182
80021,80021,99.00,134,44,178,0.7528089887640449,0.24719101123595505,Yes,0.7528089887640449
80022,80022,99.00,5,0,5,1.0,0.0,Yes,1.0
80023,80023,99.00,138,25,163,0.8466257668711656,0.15337423312883436,Yes,0.8466257668711656
80024,80024,99.00,1,2,3,0.3333333333333333,0.6666666666666666,No,0.6666666666666666
80025,80025,99.00,140,46,186,0.7526881720430108,0.24731182795698925,Yes,0.7526881720430108
80026,80026,99.00,170,49,219,0.776255707762557,0.2237442922374429,Yes,0.776255707762557
80027,80027,99.00,1,0,1,1.0,0.0,Yes,1.0
80028,80028,99.00,1,0,1,1.0,0.0,Yes,1.0
80029,80029,99.00,1,0,1,1.0,0.0,Yes,1.0
80030,80030,99.00,114,71,185,0.6162162162162163,0.3837837837837838,Yes,0.6162162162162163
80031,80031,75.00,119,59,178,0.6685393258426966,0.33146067415730335,Yes,0.6685393258426966
80032,80032,75.00,3,1,4,0.75,0.25,Yes,0.75
80033,80033,75.00,62,34,96,0.6458333333333334,0.3541666666666667,Yes,0.6458333333333334
80034,80034,75.00,5,2,7,0.7142857142857143,0.2857142857142857,Yes,0.7142857142857143
80035,80035,99.00,10,0,10,1.0,0.0,Yes,1.0
80036,80036,99.00,112,35,147,0.7619047619047619,0.23809523809523808,Yes,0.7619047619047619
80037,80037,33.33,82,30,112,0.7321428571428571,0.26785714285714285,Yes,0.7321428571428571
80038,80038,99.00,167,42,209,0.7990430622009569,0.20095693779904306,Yes,0.7990430622009569
80039,80039,99.00,4,0,4,1.0,0.0,Yes,1.0
80040,80040,33.33,3,3,6,0.5,0.5,Tie,0.5
80041,80041,99.00,80,33,113,0.7079646017699115,0.2920353982300885,Yes,0.7079646017699115
80042,80042,99.00,71,23,94,0.7553191489361702,0.24468085106382978,Yes,0.7553191489361702
80043,80043,33.33,86,26,112,0.7678571428571429,0.23214285714285715,Yes,0.7678571428571429
80044,80044,33.33,3,0,3,1.0,0.0,Yes,1.0
80045,80045,99.00,64,34,98,0.6530612244897959,0.3469387755102041,Yes,0.6530612244897959
80046,80046,99.00,86,25,111,0.7747747747747747,0.22522522522522523,Yes,0.7747747747747747
80047,80047,99.00,1,2,3,0.3333333333333333,0.6666666666666666,No,0.6666666666666666
80048,80048,99.00,140,37,177,0.7909604519774012,0.20903954802259886,Yes,0.7909604519774012
80049,80049,99.00,0,0,0,0,0,n/a,0
80050,80050,99.00,2,0,2,1.0,0.0,Yes,1.0
80051,80051,99.00,2,0,2,1.0,0.0,Yes,1.0
80052,80052,99.00,110,24,134,0.8208955223880597,0.1791044776119403,Yes,0.8208955223880597
80053,80053,99.00,4,0,4,1.0,0.0,Yes,1.0
80054,80054,99.00,0,0,0,0,0,n/a,0
80055,80055,99.00,96,28,124,0.7741935483870968,0.22580645161290322,Yes,0.7741935483870968
80056,80056,99.00,62,12,74,0.8378378378378378,0.16216216216216217,Yes,0.8378378378378378
80057,80057,99.00,0,0,0,0,0,n/a,0
80058,80058,99.00,76,14,90,0.8444444444444444,0.15555555555555556,Yes,0.8444444444444444
80059,80059,99.00,2,0,2,1.0,0.0,Yes,1.0
80060,80060,99.00,66,21,87,0.7586206896551724,0.2413793103448276,Yes,0.7586206896551724
80061,80061,99.00,0,0,0,0,0,n/a,0
80062,80062,99.00,3,0,3,1.0,0.0,Yes,1.0
80063,80063,99.00,142,28,170,0.8352941176470589,0.16470588235294117,Yes,0.8352941176470589
80064,80064,99.00,1,0,1,1.0,0.0,Yes,1.0
80065,80065,99.00,106,28,134,0.7910447761194029,0.208955223880597,Yes,0.7910447761194029
80066,80066,75.00,0,2,2,0.0,1.0,No,1.0
80067,80067,75.00,137,42,179,0.7653631284916201,0.2346368715083799,Yes,0.7653631284916201
80068,80068,75.00,4,0,4,1.0,0.0,Yes,1.0
80069,80069,75.00,0,1,1,0.0,1.0,No,1.0
80070,80070,99.00,1,0,1,1.0,0.0,Yes,1.0
80071,80071,99.00,141,46,187,0.7540106951871658,0.24598930481283424,Yes,0.7540106951871658
80072,80072,99.00,0,0,0,0,0,n/a,0
80073,80073,99.00,0,0,0,0,0,n/a,0
80074,80074,99.00,99,21,120,0.825,0.175,Yes,0.825
80075,80075,99.00,0,0,0,0,0,n/a,0
80076,80076,99.00,59,14,73,0.8082191780821918,0.1917808219178082,Yes,0.8082191780821918
80077,80077,99.00,2,1,3,0.6666666666666666,0.3333333333333333,Yes,0.6666666666666666
80078,80078,99.00,163,38,201,0.8109452736318408,0.1890547263681592,Yes,0.8109452736318408
80079,80079,99.00,2,1,3,0.6666666666666666,0.3333333333333333,Yes,0.6666666666666666
80080,80080,99.00,86,19,105,0.819047619047619,0.18095238095238095,Yes,0.819047619047619
80081,80081,99.00,100,23,123,0.8130081300813008,0.18699186991869918,Yes,0.8130081300813008
80082,80082,83.33,2,0,2,1.0,0.0,Yes,1.0
80083,80083,99.00,161,45,206,0.7815533980582524,0.21844660194174756,Yes,0.7815533980582524
80084,80084,99.00,5,0,5,1.0,0.0,Yes,1.0
80085,80085,99.00,108,25,133,0.8120300751879699,0.18796992481203006,Yes,0.8120300751879699
80086,80086,99.00,0,0,0,0,0,n/a,0
80087,80087,99.00,0,0,0,0,0,n/a,0
80088,80088,99.00,0,0,0,0,0,n/a,0
80089,80089,33.33,0,0,0,0,0,n/a,0
80090,80090,99.00,0,0,0,0,0,n/a,0
80091,80091,99.00,0,0,0,0,0,n/a,0
80092,80092,99.00,0,0,0,0,0,n/a,0
80093,80093,99.00,0,0,0,0,0,n/a,0
80094,80094,99.00,91,17,108,0.8425925925925926,0.1574074074074074,Yes,0.8425925925925926
80095,80095,99.00,56,26,82,0.6829268292682927,0.3170731707317073,Yes,0.6829268292682927
81001,81001,99.00,4,0,4,1.0,0.0,Yes,1.0
81002,81002,99.00,104,31,135,0.7703703703703704,0.22962962962962963,Yes,0.7703703703703704
81003,81003,99.00,76,28,104,0.7307692307692307,0.2692307692307692,Yes,0.7307692307692307
81004,81004,99.00,1,1,2,0.5,0.5,Tie,0.5
81005,81005,99.00,2,1,3,0.6666666666666666,0.3333333333333333,Yes,0.6666666666666666
81006,81006,99.00,89,36,125,0.712,0.288,Yes,0.712
81007,81007,99.00,65,13,78,0.8333333333333334,0.16666666666666666,Yes,0.8333333333333334
81008,81008,99.00,65,18,83,0.7831325301204819,0.21686746987951808,Yes,0.7831325301204819
81009,81009,99.00,1,0,1,1.0,0.0,Yes,1.0
81010,81010,99.00,1,1,2,0.5,0.5,Tie,0.5
81011,81011,83.33,1,0,1,1.0,0.0,Yes,1.0
81012,81012,99.00,163,49,212,0.7688679245283019,0.23113207547169812,Yes,0.7688679245283019
81013,81013,99.00,1,0,1,1.0,0.0,Yes,1.0
81014,81014,99.00,206,61,267,0.7715355805243446,0.22846441947565543,Yes,0.7715355805243446
81015,81015,99.00,20,2,22,0.9090909090909091,0.09090909090909091,Yes,0.9090909090909091
81016,81016,99.00,0,0,0,0,0,n/a,0
81017,81017,83.33,120,23,143,0.8391608391608392,0.16083916083916083,Yes,0.8391608391608392
81018,81018,83.33,4,3,7,0.5714285714285714,0.42857142857142855,Yes,0.5714285714285714
81019,81019,83.33,83,18,101,0.8217821782178217,0.1782178217821782,Yes,0.8217821782178217
81020,81020,99.00,75,21,96,0.78125,0.21875,Yes,0.78125
81021,81021,99.00,134,27,161,0.8322981366459627,0.16770186335403728,Yes,0.8322981366459627
81022,81022,99.00,7,3,10,0.7,0.3,Yes,0.7
81023,81023,99.00,176,37,213,0.8262910798122066,0.17370892018779344,Yes,0.8262910798122066
81024,81024,99.00,1,1,2,0.5,0.5,Tie,0.5
81025,81025,99.00,229,95,324,0.7067901234567902,0.2932098765432099,Yes,0.7067901234567902
81026,81026,99.00,2,1,3,0.6666666666666666,0.3333333333333333,Yes,0.6666666666666666
81027,81027,99.00,0,1,1,0.0,1.0,No,1.0
81028,81028,99.00,76,37,113,0.672566371681416,0.3274336283185841,Yes,0.672566371681416
81029,81029,99.00,2,0,2,1.0,0.0,Yes,1.0
81030,81030,99.00,200,126,326,0.6134969325153374,0.38650306748466257,Yes,0.6134969325153374
81031,81031,99.00,4,2,6,0.6666666666666666,0.3333333333333333,Yes,0.6666666666666666
81032,81032,99.00,4,2,6,0.6666666666666666,0.3333333333333333,Yes,0.6666666666666666
81033,81033,99.00,225,76,301,0.7475083056478405,0.25249169435215946,Yes,0.7475083056478405
81034,81034,99.00,7,0,7,1.0,0.0,Yes,1.0
81035,81035,99.00,200,31,231,0.8658008658008658,0.1341991341991342,Yes,0.8658008658008658
81036,81036,99.00,5,5,10,0.5,0.5,Tie,0.5
81037,81037,99.00,101,25,126,0.8015873015873016,0.1984126984126984,Yes,0.8015873015873016
81038,81038,99.00,77,16,93,0.8279569892473119,0.17204301075268819,Yes,0.8279569892473119
81039,81039,50.00,2,1,3,0.6666666666666666,0.3333333333333333,Yes,0.6666666666666666
81040,81040,50.00,134,40,174,0.7701149425287356,0.22988505747126436,Yes,0.7701149425287356
81041,81041,50.00,159,39,198,0.803030303030303,0.19696969696969696,Yes,0.803030303030303
81042,81042,50.00,3,1,4,0.75,0.25,Yes,0.75
81043,81043,50.00,169,41,210,0.8047619047619048,0.19523809523809524,Yes,0.8047619047619048
81044,81044,50.00,10,0,10,1.0,0.0,Yes,1.0
81045,81045,50.00,3,1,4,0.75,0.25,Yes,0.75
81046,81046,50.00,5,1,6,0.8333333333333334,0.16666666666666666,Yes,0.8333333333333334
81047,81047,99.00,272,68,340,0.8,0.2,Yes,0.8
81048,81048,99.00,194,40,234,0.8290598290598291,0.17094017094017094,Yes,0.8290598290598291
81049,81049,99.00,254,66,320,0.79375,0.20625,Yes,0.79375
81050,81050,99.00,21,4,25,0.84,0.16,Yes,0.84
81051,81051,99.00,8,2,10,0.8,0.2,Yes,0.8
81052,81052,99.00,6,1,7,0.8571428571428571,0.14285714285714285,Yes,0.8571428571428571
81053,81053,99.00,154,45,199,0.7738693467336684,0.22613065326633167,Yes,0.7738693467336684
81054,81054,99.00,119,24,143,0.8321678321678322,0.16783216783216784,Yes,0.8321678321678322
81055,81055,99.00,24,6,30,0.8,0.2,Yes,0.8
81056,81056,99.00,185,65,250,0.74,0.26,Yes,0.74
81057,81057,99.00,8,2,10,0.8,0.2,Yes,0.8
81058,81058,99.00,187,37,224,0.8348214285714286,0.16517857142857142,Yes,0.8348214285714286
81059,81059,99.00,12,1,13,0.9230769230769231,0.07692307692307693,Yes,0.9230769230769231
81060,81060,99.00,275,78,353,0.7790368271954674,0.22096317280453256,Yes,0.7790368271954674
81061,81061,99.00,5,0,5,1.0,0.0,Yes,1.0
81062,81062,99.00,9,1,10,0.9,0.1,Yes,0.9
81063,81063,99.00,10,1,11,0.9090909090909091,0.09090909090909091,Yes,0.9090909090909091
81064,81064,99.00,330,59,389,0.8483290488431876,0.15167095115681234,Yes,0.8483290488431876
81065,81065,99.00,274,73,347,0.7896253602305475,0.21037463976945245,Yes,0.7896253602305475
81066,81066,99.00,10,0,10,1.0,0.0,Yes,1.0
81067,81067,99.00,16,1,17,0.9411764705882353,0.058823529411764705,Yes,0.9411764705882353
81068,81068,99.00,340,71,411,0.8272506082725061,0.17274939172749393,Yes,0.8272506082725061
81069,81069,99.00,9,1,10,0.9,0.1,Yes,0.9
81070,81070,99.00,3,0,3,1.0,0.0,Yes,1.0
81071,81071,99.00,256,55,311,0.8231511254019293,0.17684887459807075,Yes,0.8231511254019293
81072,81072,99.00,19,6,25,0.76,0.24,Yes,0.76
81073,81073,99.00,339,84,423,0.8014184397163121,0.19858156028368795,Yes,0.8014184397163121
81074,81074,99.00,255,61,316,0.8069620253164557,0.1930379746835443,Yes,0.8069620253164557
81075,81075,99.00,15,1,16,0.9375,0.0625,Yes,0.9375
81076,81076,99.00,4,1,5,0.8,0.2,Yes,0.8
81077,81077,99.00,18,2,20,0.9,0.1,Yes,0.9
81078,81078,99.00,187,44,231,0.8095238095238095,0.19047619047619047,Yes,0.8095238095238095
81079,81079,99.00,13,3,16,0.8125,0.1875,Yes,0.8125
81080,81080,99.00,160,29,189,0.8465608465608465,0.15343915343915343,Yes,0.8465608465608465
81081,81081,99.00,232,53,285,0.8140350877192982,0.18596491228070175,Yes,0.8140350877192982
81082,81082,99.00,4,1,5,0.8,0.2,Yes,0.8
81083,81083,99.00,289,47,336,0.8601190476190477,0.13988095238095238,Yes,0.8601190476190477
81084,81084,99.00,12,4,16,0.75,0.25,Yes,0.75
81085,81085,99.00,322,97,419,0.7684964200477327,0.2315035799522673,Yes,0.7684964200477327
81086,81086,99.00,7,2,9,0.7777777777777778,0.2222222222222222,Yes,0.7777777777777778
81087,81087,50.00,258,42,300,0.86,0.14,Yes,0.86
81088,81088,99.00,9,0,9,1.0,0.0,Yes,1.0
81089,81089,50.00,4,1,5,0.8,0.2,Yes,0.8
81090,81090,50.00,13,2,15,0.8666666666666667,0.13333333333333333,Yes,0.8666666666666667
81091,81091,99.00,82,12,94,0.8723404255319149,0.1276595744680851,Yes,0.8723404255319149
81092,81092,99.00,90,18,108,0.8333333333333334,0.16666666666666666,Yes,0.8333333333333334
81093,81093,99.00,2,1,3,0.6666666666666666,0.3333333333333333,Yes,0.6666666666666666
81094,81094,99.00,75,28,103,0.7281553398058253,0.27184466019417475,Yes,0.7281553398058253
81095,81095,99.00,1,0,1,1.0,0.0,Yes,1.0
81096,81096,99.00,2,3,5,0.4,0.6,No,0.6
81097,81097,99.00,157,38,195,0.8051282051282052,0.19487179487179487,Yes,0.8051282051282052
81098,81098,99.00,1,2,3,0.3333333333333333,0.6666666666666666,No,0.6666666666666666
81099,81099,99.00,67,16,83,0.8072289156626506,0.1927710843373494,Yes,0.8072289156626506
81100,81100,99.00,60,20,80,0.75,0.25,Yes,0.75
81101,81101,99.00,0,0,0,0,0,n/a,0
81102,81102,99.00,0,0,0,0,0,n/a,0
81103,81103,99.00,0,0,0,0,0,n/a,0
81104,81104,99.00,0,0,0,0,0,n/a,0
81105,81105,83.33,0,0,0,0,0,n/a,0
81106,81106,99.00,0,0,0,0,0,n/a,0
81107,81107,99.00,1,0,1,1.0,0.0,Yes,1.0
82001,82001,42.86,164,150,314,0.5222929936305732,0.47770700636942676,Yes,0.5222929936305732
82002,82002,42.86,20,7,27,0.7407407407407407,0.25925925925925924,Yes,0.7407407407407407
82003,82003,99.00,50,37,87,0.5747126436781609,0.42528735632183906,Yes,0.5747126436781609
82004,82004,99.00,9,4,13,0.6923076923076923,0.3076923076923077,Yes,0.6923076923076923
82005,82005,99.00,158,138,296,0.5337837837837838,0.46621621621621623,Yes,0.5337837837837838
82006,82006,42.86,131,71,202,0.6485148514851485,0.35148514851485146,Yes,0.6485148514851485
82007,82007,42.86,15,11,26,0.5769230769230769,0.4230769230769231,Yes,0.5769230769230769
82008,82008,99.00,103,27,130,0.7923076923076923,0.2076923076923077,Yes,0.7923076923076923
82009,82009,99.00,152,75,227,0.6696035242290749,0.3303964757709251,Yes,0.6696035242290749
82010,82010,99.00,11,2,13,0.8461538461538461,0.15384615384615385,Yes,0.8461538461538461
82011,82011,99.00,47,34,81,0.5802469135802469,0.41975308641975306,Yes,0.5802469135802469
82012,82012,99.00,64,14,78,0.8205128205128205,0.1794871794871795,Yes,0.8205128205128205
82013,82013,99.00,88,25,113,0.7787610619469026,0.22123893805309736,Yes,0.7787610619469026
82014,82014,99.00,0,0,0,0,0,n/a,0
82015,82015,99.00,4,1,5,0.8,0.2,Yes,0.8
82016,82016,99.00,141,64,205,0.6878048780487804,0.3121951219512195,Yes,0.6878048780487804
82017,82017,99.00,7,2,9,0.7777777777777778,0.2222222222222222,Yes,0.7777777777777778
82018,82018,99.00,69,37,106,0.6509433962264151,0.3490566037735849,Yes,0.6509433962264151
82019,82019,99.00,5,3,8,0.625,0.375,Yes,0.625
82020,82020,99.00,107,63,170,0.6294117647058823,0.37058823529411766,Yes,0.6294117647058823
82021,82021,99.00,116,65,181,0.6408839779005525,0.35911602209944754,Yes,0.6408839779005525
82022,82022,99.00,6,1,7,0.8571428571428571,0.14285714285714285,Yes,0.8571428571428571
82023,82023,0.00,3,1,4,0.75,0.25,Yes,0.75
82024,82024,99.00,66,22,88,0.75,0.25,Yes,0.75
82025,82025,99.00,2,2,4,0.5,0.5,Tie,0.5
82026,82026,99.00,0,0,0,0,0,n/a,0
82027,82027,0.00,0,0,0,0,0,n/a,0
82028,82028,99.00,85,18,103,0.8252427184466019,0.17475728155339806,Yes,0.8252427184466019
82029,82029,99.00,0,0,0,0,0,n/a,0
82030,82030,99.00,168,30,198,0.8484848484848485,0.15151515151515152,Yes,0.8484848484848485
82031,82031,99.00,3,0,3,1.0,0.0,Yes,1.0
82032,82032,99.00,130,67,197,0.6598984771573604,0.3401015228426396,Yes,0.6598984771573604
82033,82033,99.00,9,1,10,0.9,0.1,Yes,0.9
82034,82034,99.00,2,0,2,1.0,0.0,Yes,1.0
82035,82035,99.00,141,64,205,0.6878048780487804,0.3121951219512195,Yes,0.6878048780487804
82036,82036,99.00,86,43,129,0.6666666666666666,0.3333333333333333,Yes,0.6666666666666666
82037,82037,99.00,86,24,110,0.7818181818181819,0.21818181818181817,Yes,0.7818181818181819
82038,82038,99.00,136,69,205,0.6634146341463415,0.33658536585365856,Yes,0.6634146341463415
82039,82039,99.00,2,1,3,0.6666666666666666,0.3333333333333333,Yes,0.6666666666666666
82040,82040,99.00,90,65,155,0.5806451612903226,0.41935483870967744,Yes,0.5806451612903226
82041,82041,99.00,135,105,240,0.5625,0.4375,Yes,0.5625
82042,82042,99.00,147,116,263,0.55893536121673,0.44106463878326996,Yes,0.55893536121673
82043,82043,99.00,6,4,10,0.6,0.4,Yes,0.6
82044,82044,99.00,3,5,8,0.375,0.625,No,0.625
82045,82045,99.00,5,2,7,0.7142857142857143,0.2857142857142857,Yes,0.7142857142857143
82046,82046,99.00,2,1,3,0.6666666666666666,0.3333333333333333,Yes,0.6666666666666666
82047,82047,50.00,45,39,84,0.5357142857142857,0.4642857142857143,Yes,0.5357142857142857
82048,82048,50.00,5,2,7,0.7142857142857143,0.2857142857142857,Yes,0.7142857142857143
82049,82049,50.00,32,33,65,0.49230769230769234,0.5076923076923077,No,0.5076923076923077
82050,82050,99.00,50,27,77,0.6493506493506493,0.35064935064935066,Yes,0.6493506493506493
82051,82051,99.00,138,50,188,0.7340425531914894,0.26595744680851063,Yes,0.7340425531914894
82052,82052,99.00,137,87,224,0.6116071428571429,0.38839285714285715,Yes,0.6116071428571429
82053,82053,99.00,5,0,5,1.0,0.0,Yes,1.0
82054,82054,75.00,0,0,0,0,0,n/a,0
82055,82055,99.00,0,0,0,0,0,n/a,0
82056,82056,99.00,52,16,68,0.7647058823529411,0.23529411764705882,Yes,0.7647058823529411
82057,82057,99.00,104,65,169,0.6153846153846154,0.38461538461538464,Yes,0.6153846153846154
82058,82058,99.00,3,1,4,0.75,0.25,Yes,0.75
82059,82059,50.00,15,4,19,0.7894736842105263,0.21052631578947367,Yes,0.7894736842105263
82060,82060,66.67,132,74,206,0.6407766990291263,0.3592233009708738,Yes,0.6407766990291263
82061,82061,66.67,1,0,1,1.0,0.0,Yes,1.0
82062,82062,66.67,109,61,170,0.6411764705882353,0.3588235294117647,Yes,0.6411764705882353
82063,82063,66.67,3,0,3,1.0,0.0,Yes,1.0
82064,82064,99.00,112,26,138,0.8115942028985508,0.18840579710144928,Yes,0.8115942028985508
82065,82065,0.00,13,2,15,0.8666666666666667,0.13333333333333333,Yes,0.8666666666666667
82066,82066,99.00,258,77,335,0.7701492537313432,0.2298507462686567,Yes,0.7701492537313432
82067,82067,99.00,10,1,11,0.9090909090909091,0.09090909090909091,Yes,0.9090909090909091
82068,82068,99.00,15,1,16,0.9375,0.0625,Yes,0.9375
82069,82069,99.00,259,85,344,0.752906976744186,0.24709302325581395,Yes,0.752906976744186
82070,82070,99.00,5,3,8,0.625,0.375,Yes,0.625
82071,82071,66.67,224,44,268,0.835820895522388,0.16417910447761194,Yes,0.835820895522388
82072,82072,66.67,3,2,5,0.6,0.4,Yes,0.6
82073,82073,66.67,4,1,5,0.8,0.2,Yes,0.8
82074,82074,66.67,168,42,210,0.8,0.2,Yes,0.8
82075,82075,66.67,3,0,3,1.0,0.0,Yes,1.0
82076,82076,66.67,6,2,8,0.75,0.25,Yes,0.75
82077,82077,99.00,11,0,11,1.0,0.0,Yes,1.0
82078,82078,0.00,8,4,12,0.6666666666666666,0.3333333333333333,Yes,0.6666666666666666
82079,82079,0.00,14,2,16,0.875,0.125,Yes,0.875
82080,82080,42.86,182,33,215,0.8465116279069768,0.15348837209302327,Yes,0.8465116279069768
82081,82081,42.86,22,1,23,0.9565217391304348,0.043478260869565216,Yes,0.9565217391304348
82082,82082,0.00,9,1,10,0.9,0.1,Yes,0.9
82083,82083,0.00,5,1,6,0.8333333333333334,0.16666666666666666,Yes,0.8333333333333334
82084,82084,0.00,12,2,14,0.8571428571428571,0.14285714285714285,Yes,0.8571428571428571
82085,82085,0.00,11,4,15,0.7333333333333333,0.26666666666666666,Yes,0.7333333333333333
82086,82086,0.00,15,2,17,0.8823529411764706,0.11764705882352941,Yes,0.8823529411764706
82087,82087,0.00,7,3,10,0.7,0.3,Yes,0.7
82088,82088,99.00,216,47,263,0.8212927756653993,0.17870722433460076,Yes,0.8212927756653993
82089,82089,0.00,20,6,26,0.7692307692307693,0.23076923076923078,Yes,0.7692307692307693
82090,82090,99.00,166,33,199,0.8341708542713567,0.1658291457286432,Yes,0.8341708542713567
82091,82091,99.00,2,0,2,1.0,0.0,Yes,1.0
82092,82092,99.00,224,61,285,0.7859649122807018,0.21403508771929824,Yes,0.7859649122807018
82093,82093,0.00,11,1,12,0.9166666666666666,0.08333333333333333,Yes,0.9166666666666666
82094,82094,0.00,16,4,20,0.8,0.2,Yes,0.8
82095,82095,99.00,11,5,16,0.6875,0.3125,Yes,0.6875
82096,82096,99.00,4,3,7,0.5714285714285714,0.42857142857142855,Yes,0.5714285714285714
82097,82097,99.00,13,3,16,0.8125,0.1875,Yes,0.8125
82098,82098,99.00,232,61,293,0.7918088737201365,0.20819112627986347,Yes,0.7918088737201365
82099,82099,0.00,25,5,30,0.8333333333333334,0.16666666666666666,Yes,0.8333333333333334
82100,82100,99.00,9,3,12,0.75,0.25,Yes,0.75
82101,82101,0.00,24,10,34,0.7058823529411765,0.29411764705882354,Yes,0.7058823529411765
82102,82102,42.86,234,56,290,0.8068965517241379,0.19310344827586207,Yes,0.8068965517241379
82103,82103,42.86,23,3,26,0.8846153846153846,0.11538461538461539,Yes,0.8846153846153846
82104,82104,42.86,43,8,51,0.8431372549019608,0.1568627450980392,Yes,0.8431372549019608
82105,82105,0.00,17,8,25,0.68,0.32,Yes,0.68
82106,82106,0.00,0,0,0,0,0,n/a,0
82107,82107,99.00,1,0,1,1.0,0.0,Yes,1.0
82108,82108,99.00,0,0,0,0,0,n/a,0
82109,82109,0.00,3,0,3,1.0,0.0,Yes,1.0
82110,82110,75.00,0,0,0,0,0,n/a,0
82111,82111,99.00,0,0,0,0,0,n/a,0
82112,82112,99.00,0,0,0,0,0,n/a,0
82113,82113,99.00,0,0,0,0,0,n/a,0
82114,82114,99.00,0,0,0,0,0,n/a,0
82115,82115,66.67,0,0,0,0,0,n/a,0
82116,82116,99.00,0,0,0,0,0,n/a,0
82117,82117,99.00,0,0,0,0,0,n/a,0
82118,82118,99.00,0,0,0,0,0,n/a,0
82119,82119,99.00,2,2,4,0.5,0.5,Tie,0.5
83001,83001,99.00,218,53,271,0.8044280442804428,0.19557195571955718,Yes,0.8044280442804428
83002,83002,99.00,0,0,0,0,0,n/a,0
83003,83003,99.00,0,1,1,0.0,1.0,No,1.0
83004,83004,99.00,135,47,182,0.7417582417582418,0.25824175824175827,Yes,0.7417582417582418
83005,83005,99.00,0,0,0,0,0,n/a,0
83006,83006,99.00,153,36,189,0.8095238095238095,0.19047619047619047,Yes,0.8095238095238095
83007,83007,99.00,5,4,9,0.5555555555555556,0.4444444444444444,Yes,0.5555555555555556
83008,83008,99.00,199,56,255,0.7803921568627451,0.2196078431372549,Yes,0.7803921568627451
83009,83009,99.00,1,1,2,0.5,0.5,Tie,0.5
83010,83010,99.00,195,70,265,0.7358490566037735,0.2641509433962264,Yes,0.7358490566037735
83011,83011,99.00,139,26,165,0.8424242424242424,0.15757575757575756,Yes,0.8424242424242424
83012,83012,99.00,0,0,0,0,0,n/a,0
83013,83013,99.00,115,35,150,0.7666666666666667,0.23333333333333334,Yes,0.7666666666666667
83014,83014,99.00,1,0,1,1.0,0.0,Yes,1.0
83015,83015,99.00,7,1,8,0.875,0.125,Yes,0.875
83016,83016,99.00,166,39,205,0.8097560975609757,0.1902439024390244,Yes,0.8097560975609757
83017,83017,99.00,153,28,181,0.8453038674033149,0.15469613259668508,Yes,0.8453038674033149
83018,83018,99.00,1,0,1,1.0,0.0,Yes,1.0
83019,83019,99.00,4,0,4,1.0,0.0,Yes,1.0
83020,83020,99.00,1,2,3,0.3333333333333333,0.6666666666666666,No,0.6666666666666666
83021,83021,99.00,142,43,185,0.7675675675675676,0.23243243243243245,Yes,0.7675675675675676
83022,83022,99.00,0,0,0,0,0,n/a,0
83023,83023,99.00,77,33,110,0.7,0.3,Yes,0.7
83024,83024,99.00,2,0,2,1.0,0.0,Yes,1.0
83025,83025,99.00,140,36,176,0.7954545454545454,0.20454545454545456,Yes,0.7954545454545454
83026,83026,99.00,0,1,1,0.0,1.0,No,1.0
83027,83027,99.00,147,40,187,0.786096256684492,0.21390374331550802,Yes,0.786096256684492
83028,83028,99.00,88,23,111,0.7927927927927928,0.2072072072072072,Yes,0.7927927927927928
83029,83029,99.00,137,28,165,0.8303030303030303,0.1696969696969697,Yes,0.8303030303030303
83030,83030,99.00,7,2,9,0.7777777777777778,0.2222222222222222,Yes,0.7777777777777778
83031,83031,99.00,118,27,145,0.8137931034482758,0.18620689655172415,Yes,0.8137931034482758
83032,83032,83.33,125,34,159,0.7861635220125787,0.2138364779874214,Yes,0.7861635220125787
83033,83033,99.00,203,60,263,0.7718631178707225,0.22813688212927757,Yes,0.7718631178707225
83034,83034,99.00,1,0,1,1.0,0.0,Yes,1.0
83035,83035,99.00,95,18,113,0.8407079646017699,0.1592920353982301,Yes,0.8407079646017699
83036,83036,99.00,3,1,4,0.75,0.25,Yes,0.75
83037,83037,83.33,4,0,4,1.0,0.0,Yes,1.0
83038,83038,83.33,61,22,83,0.7349397590361446,0.26506024096385544,Yes,0.7349397590361446
83039,83039,83.33,124,31,155,0.8,0.2,Yes,0.8
83040,83040,83.33,0,0,0,0,0,n/a,0
83041,83041,99.00,6,0,6,1.0,0.0,Yes,1.0
83042,83042,83.33,103,21,124,0.8306451612903226,0.1693548387096774,Yes,0.8306451612903226
83043,83043,83.33,2,0,2,1.0,0.0,Yes,1.0
83044,83044,83.33,109,18,127,0.8582677165354331,0.14173228346456693,Yes,0.8582677165354331
83045,83045,99.00,119,31,150,0.7933333333333333,0.20666666666666667,Yes,0.7933333333333333
83046,83046,99.00,79,20,99,0.797979797979798,0.20202020202020202,Yes,0.797979797979798
83047,83047,83.33,76,16,92,0.8260869565217391,0.17391304347826086,Yes,0.8260869565217391
83048,83048,83.33,2,1,3,0.6666666666666666,0.3333333333333333,Yes,0.6666666666666666
83049,83049,99.00,3,0,3,1.0,0.0,Yes,1.0
83050,83050,83.33,110,23,133,0.8270676691729323,0.17293233082706766,Yes,0.8270676691729323
83051,83051,83.33,63,18,81,0.7777777777777778,0.2222222222222222,Yes,0.7777777777777778
83052,83052,83.33,5,0,5,1.0,0.0,Yes,1.0
83053,83053,83.33,6,0,6,1.0,0.0,Yes,1.0
83054,83054,83.33,6,0,6,1.0,0.0,Yes,1.0
83055,83055,99.00,121,32,153,0.7908496732026143,0.20915032679738563,Yes,0.7908496732026143
83056,83056,99.00,4,2,6,0.6666666666666666,0.3333333333333333,Yes,0.6666666666666666
83057,83057,99.00,150,48,198,0.7575757575757576,0.24242424242424243,Yes,0.7575757575757576
83058,83058,99.00,89,21,110,0.8090909090909091,0.19090909090909092,Yes,0.8090909090909091
83059,83059,99.00,64,18,82,0.7804878048780488,0.21951219512195122,Yes,0.7804878048780488
83060,83060,99.00,0,0,0,0,0,n/a,0
83061,83061,99.00,1,0,1,1.0,0.0,Yes,1.0
83062,83062,99.00,1,0,1,1.0,0.0,Yes,1.0
83063,83063,99.00,80,34,114,0.7017543859649122,0.2982456140350877,Yes,0.7017543859649122
83064,83064,99.00,164,47,211,0.7772511848341233,0.22274881516587677,Yes,0.7772511848341233
83065,83065,99.00,3,1,4,0.75,0.25,Yes,0.75
83066,83066,99.00,163,30,193,0.844559585492228,0.15544041450777202,Yes,0.844559585492228
83067,83067,99.00,139,23,162,0.8580246913580247,0.1419753086419753,Yes,0.8580246913580247
83068,83068,99.00,0,0,0,0,0,n/a,0
83069,83069,99.00,165,40,205,0.8048780487804879,0.1951219512195122,Yes,0.8048780487804879
83070,83070,99.00,108,22,130,0.8307692307692308,0.16923076923076924,Yes,0.8307692307692308
83071,83071,99.00,9,1,10,0.9,0.1,Yes,0.9
83072,83072,99.00,133,29,162,0.8209876543209876,0.17901234567901234,Yes,0.8209876543209876
83073,83073,99.00,3,0,3,1.0,0.0,Yes,1.0
83074,83074,99.00,173,41,214,0.8084112149532711,0.19158878504672897,Yes,0.8084112149532711
83075,83075,99.00,3,1,4,0.75,0.25,Yes,0.75
83076,83076,99.00,2,1,3,0.6666666666666666,0.3333333333333333,Yes,0.6666666666666666
83077,83077,99.00,163,30,193,0.844559585492228,0.15544041450777202,Yes,0.844559585492228
83078,83078,99.00,123,33,156,0.7884615384615384,0.21153846153846154,Yes,0.7884615384615384
83079,83079,99.00,99,20,119,0.8319327731092437,0.16806722689075632,Yes,0.8319327731092437
83080,83080,99.00,5,1,6,0.8333333333333334,0.16666666666666666,Yes,0.8333333333333334
83081,83081,99.00,6,0,6,1.0,0.0,Yes,1.0
83082,83082,99.00,119,32,151,0.7880794701986755,0.2119205298013245,Yes,0.7880794701986755
83083,83083,99.00,10,1,11,0.9090909090909091,0.09090909090909091,Yes,0.9090909090909091
83084,83084,99.00,24,0,24,1.0,0.0,Yes,1.0
83085,83085,99.00,0,0,0,0,0,n/a,0
83086,83086,99.00,0,0,0,0,0,n/a,0
83087,83087,99.00,0,0,0,0,0,n/a,0
83088,83088,99.00,3,0,3,1.0,0.0,Yes,1.0
83089,83089,99.00,1,0,1,1.0,0.0,Yes,1.0
84001,84001,99.00,50,12,62,0.8064516129032258,0.1935483870967742,Yes,0.8064516129032258
84002,84002,99.00,136,22,158,0.8607594936708861,0.13924050632911392,Yes,0.8607594936708861
84003,84003,99.00,63,9,72,0.875,0.125,Yes,0.875
84004,84004,99.00,109,25,134,0.8134328358208955,0.1865671641791045,Yes,0.8134328358208955
84005,84005,99.00,0,0,0,0,0,n/a,0
84006,84006,99.00,120,25,145,0.8275862068965517,0.1724137931034483,Yes,0.8275862068965517
84007,84007,99.00,63,13,76,0.8289473684210527,0.17105263157894737,Yes,0.8289473684210527
84008,84008,99.00,3,0,3,1.0,0.0,Yes,1.0
84009,84009,55.56,12,0,12,1.0,0.0,Yes,1.0
84010,84010,55.56,149,31,180,0.8277777777777777,0.17222222222222222,Yes,0.8277777777777777
84011,84011,99.00,115,25,140,0.8214285714285714,0.17857142857142858,Yes,0.8214285714285714
84012,84012,99.00,4,1,5,0.8,0.2,Yes,0.8
84013,84013,99.00,59,10,69,0.855072463768116,0.14492753623188406,Yes,0.855072463768116
84014,84014,55.56,13,3,16,0.8125,0.1875,Yes,0.8125
84015,84015,55.56,116,29,145,0.8,0.2,Yes,0.8
84016,84016,99.00,7,1,8,0.875,0.125,Yes,0.875
84017,84017,99.00,3,1,4,0.75,0.25,Yes,0.75
84018,84018,99.00,79,18,97,0.8144329896907216,0.18556701030927836,Yes,0.8144329896907216
84019,84019,83.33,157,22,179,0.8770949720670391,0.12290502793296089,Yes,0.8770949720670391
84020,84020,83.33,2,0,2,1.0,0.0,Yes,1.0
84021,84021,83.33,1,0,1,1.0,0.0,Yes,1.0
84022,84022,99.00,1,0,1,1.0,0.0,Yes,1.0
84023,84023,83.33,98,23,121,0.8099173553719008,0.19008264462809918,Yes,0.8099173553719008
84024,84024,83.33,113,40,153,0.738562091503268,0.26143790849673204,Yes,0.738562091503268
84025,84025,83.33,0,0,0,0,0,n/a,0
84026,84026,83.33,0,0,0,0,0,n/a,0
84027,84027,99.00,108,20,128,0.84375,0.15625,Yes,0.84375
84028,84028,99.00,1,0,1,1.0,0.0,Yes,1.0
84029,84029,99.00,1,0,1,1.0,0.0,Yes,1.0
84030,84030,99.00,49,20,69,0.7101449275362319,0.2898550724637681,Yes,0.7101449275362319
84031,84031,99.00,2,0,2,1.0,0.0,Yes,1.0
84032,84032,99.00,46,22,68,0.6764705882352942,0.3235294117647059,Yes,0.6764705882352942
84033,84033,99.00,0,0,0,0,0,n/a,0
84034,84034,99.00,4,0,4,1.0,0.0,Yes,1.0
84035,84035,99.00,103,42,145,0.7103448275862069,0.2896551724137931,Yes,0.7103448275862069
84036,84036,99.00,1,0,1,1.0,0.0,Yes,1.0
84037,84037,99.00,0,0,0,0,0,n/a,0
84038,84038,99.00,48,19,67,0.7164179104477612,0.2835820895522388,Yes,0.7164179104477612
84039,84039,99.00,77,23,100,0.77,0.23,Yes,0.77
84040,84040,99.00,57,22,79,0.7215189873417721,0.27848101265822783,Yes,0.7215189873417721
84041,84041,99.00,90,26,116,0.7758620689655172,0.22413793103448276,Yes,0.7758620689655172
84042,84042,99.00,62,15,77,0.8051948051948052,0.19480519480519481,Yes,0.8051948051948052
84043,84043,99.00,110,26,136,0.8088235294117647,0.19117647058823528,Yes,0.8088235294117647
84044,84044,99.00,0,0,0,0,0,n/a,0
84045,84045,99.00,60,11,71,0.8450704225352113,0.15492957746478872,Yes,0.8450704225352113
84046,84046,99.00,1,1,2,0.5,0.5,Tie,0.5
84047,84047,99.00,19,4,23,0.8260869565217391,0.17391304347826086,Yes,0.8260869565217391
84048,84048,99.00,57,19,76,0.75,0.25,Yes,0.75
84049,84049,99.00,88,21,109,0.8073394495412844,0.1926605504587156,Yes,0.8073394495412844
84050,84050,99.00,96,27,123,0.7804878048780488,0.21951219512195122,Yes,0.7804878048780488
84051,84051,99.00,0,0,0,0,0,n/a,0
84052,84052,99.00,0,1,1,0.0,1.0,No,1.0
84053,84053,99.00,57,19,76,0.75,0.25,Yes,0.75
84054,84054,99.00,0,0,0,0,0,n/a,0
84055,84055,99.00,33,13,46,0.717391304347826,0.2826086956521739,Yes,0.717391304347826
84056,84056,99.00,42,12,54,0.7777777777777778,0.2222222222222222,Yes,0.7777777777777778
84057,84057,99.00,55,16,71,0.7746478873239436,0.22535211267605634,Yes,0.7746478873239436
84058,84058,99.00,103,54,157,0.6560509554140127,0.34394904458598724,Yes,0.6560509554140127
84059,84059,99.00,2,0,2,1.0,0.0,Yes,1.0
84060,84060,83.33,39,10,49,0.7959183673469388,0.20408163265306123,Yes,0.7959183673469388
84061,84061,99.00,48,13,61,0.7868852459016393,0.21311475409836064,Yes,0.7868852459016393
84062,84062,99.00,76,28,104,0.7307692307692307,0.2692307692307692,Yes,0.7307692307692307
84063,84063,99.00,0,0,0,0,0,n/a,0
84064,84064,99.00,58,11,69,0.8405797101449275,0.15942028985507245,Yes,0.8405797101449275
84065,84065,99.00,73,17,90,0.8111111111111111,0.18888888888888888,Yes,0.8111111111111111
84066,84066,99.00,3,0,3,1.0,0.0,Yes,1.0
84067,84067,99.00,74,19,93,0.7956989247311828,0.20430107526881722,Yes,0.7956989247311828
84068,84068,99.00,0,0,0,0,0,n/a,0
84069,84069,99.00,1,0,1,1.0,0.0,Yes,1.0
84070,84070,99.00,1,0,1,1.0,0.0,Yes,1.0
84071,84071,99.00,93,22,115,0.808695652173913,0.19130434782608696,Yes,0.808695652173913
84072,84072,99.00,77,14,91,0.8461538461538461,0.15384615384615385,Yes,0.8461538461538461
84073,84073,99.00,0,0,0,0,0,n/a,0
84074,84074,99.00,88,22,110,0.8,0.2,Yes,0.8
84075,84075,66.67,45,17,62,0.7258064516129032,0.27419354838709675,Yes,0.7258064516129032
84076,84076,99.00,0,0,0,0,0,n/a,0
84077,84077,99.00,1,0,1,1.0,0.0,Yes,1.0
84078,84078,99.00,0,0,0,0,0,n/a,0
84079,84079,99.00,0,0,0,0,0,n/a,0
84080,84080,55.56,26,4,30,0.8666666666666667,0.13333333333333333,Yes,0.8666666666666667
84081,84081,99.00,0,0,0,0,0,n/a,0
84082,84082,99.00,1,0,1,1.0,0.0,Yes,1.0
84083,84083,99.00,1,0,1,1.0,0.0,Yes,1.0
84084,84084,99.00,2,0,2,1.0,0.0,Yes,1.0
84085,84085,99.00,89,16,105,0.8476190476190476,0.1523809523809524,Yes,0.8476190476190476
85001,85001,99.00,117,39,156,0.75,0.25,Yes,0.75
85002,85002,99.00,171,49,220,0.7772727272727272,0.22272727272727272,Yes,0.7772727272727272
85003,85003,99.00,7,3,10,0.7,0.3,Yes,0.7
85004,85004,37.50,105,32,137,0.7664233576642335,0.23357664233576642,Yes,0.7664233576642335
85005,85005,37.50,76,14,90,0.8444444444444444,0.15555555555555556,Yes,0.8444444444444444
85006,85006,37.50,6,0,6,1.0,0.0,Yes,1.0
85007,85007,99.00,99,37,136,0.7279411764705882,0.27205882352941174,Yes,0.7279411764705882
85008,85008,99.00,85,20,105,0.8095238095238095,0.19047619047619047,Yes,0.8095238095238095
85009,85009,99.00,61,12,73,0.8356164383561644,0.1643835616438356,Yes,0.8356164383561644
85010,85010,99.00,10,1,11,0.9090909090909091,0.09090909090909091,Yes,0.9090909090909091
85011,85011,99.00,123,29,152,0.8092105263157895,0.19078947368421054,Yes,0.8092105263157895
85012,85012,99.00,5,1,6,0.8333333333333334,0.16666666666666666,Yes,0.8333333333333334
85013,85013,99.00,229,67,296,0.7736486486486487,0.22635135135135134,Yes,0.7736486486486487
85014,85014,99.00,2,0,2,1.0,0.0,Yes,1.0
85015,85015,99.00,76,20,96,0.7916666666666666,0.20833333333333334,Yes,0.7916666666666666
85016,85016,99.00,53,8,61,0.8688524590163934,0.13114754098360656,Yes,0.8688524590163934
85017,85017,99.00,0,0,0,0,0,n/a,0
85018,85018,99.00,0,0,0,0,0,n/a,0
85019,85019,99.00,13,2,15,0.8666666666666667,0.13333333333333333,Yes,0.8666666666666667
85020,85020,99.00,107,23,130,0.823076923076923,0.17692307692307693,Yes,0.823076923076923
85021,85021,99.00,151,39,190,0.7947368421052632,0.20526315789473684,Yes,0.7947368421052632
85022,85022,99.00,36,11,47,0.7659574468085106,0.23404255319148937,Yes,0.7659574468085106
85023,85023,99.00,143,47,190,0.7526315789473684,0.24736842105263157,Yes,0.7526315789473684
85024,85024,99.00,2,1,3,0.6666666666666666,0.3333333333333333,Yes,0.6666666666666666
85025,85025,99.00,136,31,167,0.8143712574850299,0.18562874251497005,Yes,0.8143712574850299
85026,85026,99.00,3,1,4,0.75,0.25,Yes,0.75
85027,85027,99.00,125,56,181,0.6906077348066298,0.30939226519337015,Yes,0.6906077348066298
85028,85028,99.00,52,19,71,0.7323943661971831,0.2676056338028169,Yes,0.7323943661971831
85029,85029,99.00,1,0,1,1.0,0.0,Yes,1.0
85030,85030,99.00,111,26,137,0.8102189781021898,0.1897810218978102,Yes,0.8102189781021898
85031,85031,99.00,1,0,1,1.0,0.0,Yes,1.0
85032,85032,75.00,22,2,24,0.9166666666666666,0.08333333333333333,Yes,0.9166666666666666
85033,85033,50.00,45,12,57,0.7894736842105263,0.21052631578947367,Yes,0.7894736842105263
85034,85034,99.00,93,29,122,0.7622950819672131,0.23770491803278687,Yes,0.7622950819672131
85035,85035,99.00,0,0,0,0,0,n/a,0
85036,85036,99.00,1,0,1,1.0,0.0,Yes,1.0
85037,85037,99.00,2,1,3,0.6666666666666666,0.3333333333333333,Yes,0.6666666666666666
85038,85038,66.67,0,0,0,0,0,n/a,0
85039,85039,66.67,50,12,62,0.8064516129032258,0.1935483870967742,Yes,0.8064516129032258
85040,85040,66.67,2,0,2,1.0,0.0,Yes,1.0
85041,85041,99.00,1,1,2,0.5,0.5,Tie,0.5
85042,85042,99.00,0,0,0,0,0,n/a,0
85043,85043,99.00,65,23,88,0.7386363636363636,0.26136363636363635,Yes,0.7386363636363636
85044,85044,99.00,2,2,4,0.5,0.5,Tie,0.5
85045,85045,99.00,98,28,126,0.7777777777777778,0.2222222222222222,Yes,0.7777777777777778
85046,85046,99.00,79,29,108,0.7314814814814815,0.26851851851851855,Yes,0.7314814814814815
85047,85047,99.00,0,0,0,0,0,n/a,0
85048,85048,99.00,52,10,62,0.8387096774193549,0.16129032258064516,Yes,0.8387096774193549
85049,85049,99.00,73,11,84,0.8690476190476191,0.13095238095238096,Yes,0.8690476190476191
85050,85050,99.00,115,30,145,0.7931034482758621,0.20689655172413793,Yes,0.7931034482758621
85051,85051,99.00,1,0,1,1.0,0.0,Yes,1.0
85052,85052,99.00,92,36,128,0.71875,0.28125,Yes,0.71875
85053,85053,66.67,40,9,49,0.8163265306122449,0.1836734693877551,Yes,0.8163265306122449
85054,85054,66.67,48,8,56,0.8571428571428571,0.14285714285714285,Yes,0.8571428571428571
85055,85055,66.67,33,16,49,0.673469387755102,0.32653061224489793,Yes,0.673469387755102
85056,85056,99.00,126,23,149,0.8456375838926175,0.15436241610738255,Yes,0.8456375838926175
85057,85057,99.00,0,2,2,0.0,1.0,No,1.0
85058,85058,99.00,115,32,147,0.782312925170068,0.21768707482993196,Yes,0.782312925170068
85059,85059,99.00,2,0,2,1.0,0.0,Yes,1.0
85060,85060,99.00,1,0,1,1.0,0.0,Yes,1.0
85061,85061,99.00,2,0,2,1.0,0.0,Yes,1.0
85062,85062,99.00,106,32,138,0.7681159420289855,0.2318840579710145,Yes,0.7681159420289855
85063,85063,99.00,6,0,6,1.0,0.0,Yes,1.0
85064,85064,99.00,80,20,100,0.8,0.2,Yes,0.8
85065,85065,99.00,4,0,4,1.0,0.0,Yes,1.0
85066,85066,99.00,82,23,105,0.780952380952381,0.21904761904761905,Yes,0.780952380952381
85067,85067,99.00,105,14,119,0.8823529411764706,0.11764705882352941,Yes,0.8823529411764706
85068,85068,99.00,15,3,18,0.8333333333333334,0.16666666666666666,Yes,0.8333333333333334
85069,85069,99.00,73,11,84,0.8690476190476191,0.13095238095238096,Yes,0.8690476190476191
85070,85070,99.00,98,25,123,0.7967479674796748,0.2032520325203252,Yes,0.7967479674796748
85071,85071,99.00,0,0,0,0,0,n/a,0
85072,85072,99.00,0,0,0,0,0,n/a,0
85073,85073,99.00,0,0,0,0,0,n/a,0
85074,85074,99.00,0,0,0,0,0,n/a,0
85075,85075,99.00,0,0,0,0,0,n/a,0
85076,85076,99.00,0,0,0,0,0,n/a,0
85077,85077,99.00,0,0,0,0,0,n/a,0
85078,85078,99.00,0,0,0,0,0,n/a,0
85079,85079,99.00,0,0,0,0,0,n/a,0
85080,85080,99.00,74,19,93,0.7956989247311828,0.20430107526881722,Yes,0.7956989247311828
85081,85081,99.00,0,0,0,0,0,n/a,0
85082,85082,99.00,0,0,0,0,0,n/a,0
85083,85083,75.00,1,0,1,1.0,0.0,Yes,1.0
85084,85084,99.00,2,0,2,1.0,0.0,Yes,1.0
85085,85085,99.00,1,0,1,1.0,0.0,Yes,1.0
86001,86001,99.00,0,0,0,0,0,n/a,0
86002,86002,99.00,120,37,157,0.7643312101910829,0.2356687898089172,Yes,0.7643312101910829
86003,86003,99.00,1,1,2,0.5,0.5,Tie,0.5
86004,86004,99.00,104,19,123,0.8455284552845529,0.15447154471544716,Yes,0.8455284552845529
86005,86005,0.00,0,0,0,0,0,n/a,0
86006,86006,0.00,1,0,1,1.0,0.0,Yes,1.0
86007,86007,0.00,1,0,1,1.0,0.0,Yes,1.0
86008,86008,99.00,80,22,102,0.7843137254901961,0.21568627450980393,Yes,0.7843137254901961
86009,86009,99.00,72,16,88,0.8181818181818182,0.18181818181818182,Yes,0.8181818181818182
86010,86010,99.00,0,0,0,0,0,n/a,0
86011,86011,80.00,74,19,93,0.7956989247311828,0.20430107526881722,Yes,0.7956989247311828
86012,86012,99.00,70,15,85,0.8235294117647058,0.17647058823529413,Yes,0.8235294117647058
86013,86013,80.00,1,1,2,0.5,0.5,Tie,0.5
86014,86014,80.00,76,23,99,0.7676767676767676,0.23232323232323232,Yes,0.7676767676767676
86015,86015,99.00,5,1,6,0.8333333333333334,0.16666666666666666,Yes,0.8333333333333334
86016,86016,80.00,0,0,0,0,0,n/a,0
86017,86017,80.00,2,0,2,1.0,0.0,Yes,1.0
86018,86018,99.00,57,21,78,0.7307692307692307,0.2692307692307692,Yes,0.7307692307692307
86019,86019,99.00,100,11,111,0.9009009009009009,0.0990990990990991,Yes,0.9009009009009009
86020,86020,99.00,53,7,60,0.8833333333333333,0.11666666666666667,Yes,0.8833333333333333
86021,86021,0.00,0,0,0,0,0,n/a,0
86022,86022,99.00,81,20,101,0.801980198019802,0.19801980198019803,Yes,0.801980198019802
86023,86023,99.00,3,0,3,1.0,0.0,Yes,1.0
86024,86024,99.00,2,2,4,0.5,0.5,Tie,0.5
86025,86025,99.00,71,17,88,0.8068181818181818,0.19318181818181818,Yes,0.8068181818181818
86026,86026,99.00,76,29,105,0.7238095238095238,0.2761904761904762,Yes,0.7238095238095238
86027,86027,99.00,0,0,0,0,0,n/a,0
86028,86028,0.00,2,0,2,1.0,0.0,Yes,1.0
86029,86029,0.00,0,0,0,0,0,n/a,0
86030,86030,0.00,0,0,0,0,0,n/a,0
86031,86031,99.00,0,1,1,0.0,1.0,No,1.0
86032,86032,99.00,76,21,97,0.7835051546391752,0.21649484536082475,Yes,0.7835051546391752
86033,86033,99.00,137,32,169,0.8106508875739645,0.1893491124260355,Yes,0.8106508875739645
86034,86034,99.00,2,0,2,1.0,0.0,Yes,1.0
86035,86035,99.00,0,0,0,0,0,n/a,0
86036,86036,99.00,110,19,129,0.8527131782945736,0.14728682170542637,Yes,0.8527131782945736
86037,86037,99.00,1,0,1,1.0,0.0,Yes,1.0
86038,86038,99.00,75,24,99,0.7575757575757576,0.24242424242424243,Yes,0.7575757575757576
86039,86039,99.00,2,0,2,1.0,0.0,Yes,1.0
86040,86040,99.00,122,20,142,0.8591549295774648,0.14084507042253522,Yes,0.8591549295774648
86041,86041,99.00,1,0,1,1.0,0.0,Yes,1.0
86042,86042,99.00,0,0,0,0,0,n/a,0
86043,86043,99.00,0,0,0,0,0,n/a,0
86044,86044,99.00,0,1,1,0.0,1.0,No,1.0
86045,86045,99.00,84,13,97,0.865979381443299,0.13402061855670103,Yes,0.865979381443299
86046,86046,0.00,0,0,0,0,0,n/a,0
86047,86047,99.00,68,14,82,0.8292682926829268,0.17073170731707318,Yes,0.8292682926829268
86048,86048,0.00,1,0,1,1.0,0.0,Yes,1.0
86049,86049,99.00,1,1,2,0.5,0.5,Tie,0.5
86050,86050,99.00,69,11,80,0.8625,0.1375,Yes,0.8625
86051,86051,99.00,1,0,1,1.0,0.0,Yes,1.0
86052,86052,99.00,70,7,77,0.9090909090909091,0.09090909090909091,Yes,0.9090909090909091
86053,86053,99.00,2,0,2,1.0,0.0,Yes,1.0
86054,86054,99.00,2,0,2,1.0,0.0,Yes,1.0
86055,86055,99.00,72,16,88,0.8181818181818182,0.18181818181818182,Yes,0.8181818181818182
86056,86056,99.00,57,18,75,0.76,0.24,Yes,0.76
86057,86057,99.00,69,16,85,0.8117647058823529,0.18823529411764706,Yes,0.8117647058823529
86058,86058,99.00,5,0,5,1.0,0.0,Yes,1.0
86059,86059,0.00,2,0,2,1.0,0.0,Yes,1.0
86060,86060,99.00,0,0,0,0,0,n/a,0
86061,86061,99.00,2,1,3,0.6666666666666666,0.3333333333333333,Yes,0.6666666666666666
86062,86062,99.00,3,0,3,1.0,0.0,Yes,1.0
86063,86063,99.00,72,16,88,0.8181818181818182,0.18181818181818182,Yes,0.8181818181818182
86064,86064,99.00,66,15,81,0.8148148148148148,0.18518518518518517,Yes,0.8148148148148148
86065,86065,99.00,2,0,2,1.0,0.0,Yes,1.0
86066,86066,80.00,108,19,127,0.8503937007874016,0.14960629921259844,Yes,0.8503937007874016
86067,86067,99.00,0,0,0,0,0,n/a,0
86068,86068,99.00,0,1,1,0.0,1.0,No,1.0
86069,86069,99.00,1,1,2,0.5,0.5,Tie,0.5
86070,86070,99.00,0,0,0,0,0,n/a,0
86071,86071,99.00,1,0,1,1.0,0.0,Yes,1.0
86072,86072,99.00,1,0,1,1.0,0.0,Yes,1.0
87001,87001,0.00,0,0,0,0,0,n/a,0
87002,87002,0.00,0,0,0,0,0,n/a,0
87003,87003,0.00,0,1,1,0.0,1.0,No,1.0
87004,87004,0.00,1,0,1,1.0,0.0,Yes,1.0
87005,87005,0.00,0,0,0,0,0,n/a,0
87006,87006,0.00,1,0,1,1.0,0.0,Yes,1.0
87007,87007,0.00,1,0,1,1.0,0.0,Yes,1.0
87008,87008,0.00,2,1,3,0.6666666666666666,0.3333333333333333,Yes,0.6666666666666666
87009,87009,0.00,0,0,0,0,0,n/a,0
87010,87010,0.00,2,1,3,0.6666666666666666,0.3333333333333333,Yes,0.6666666666666666
87011,87011,0.00,2,0,2,1.0,0.0,Yes,1.0
87012,87012,0.00,0,0,0,0,0,n/a,0
87013,87013,0.00,0,0,0,0,0,n/a,0
87014,87014,0.00,1,0,1,1.0,0.0,Yes,1.0
87015,87015,0.00,1,0,1,1.0,0.0,Yes,1.0
87016,87016,0.00,1,0,1,1.0,0.0,Yes,1.0
87017,87017,99.00,0,0,0,0,0,n/a,0
87018,87018,99.00,2,0,2,1.0,0.0,Yes,1.0
87019,87019,99.00,101,27,128,0.7890625,0.2109375,Yes,0.7890625
87020,87020,99.00,1,0,1,1.0,0.0,Yes,1.0
87021,87021,0.00,0,0,0,0,0,n/a,0
87022,87022,99.00,112,41,153,0.7320261437908496,0.2679738562091503,Yes,0.7320261437908496
87023,87023,99.00,2,0,2,1.0,0.0,Yes,1.0
87024,87024,75.00,0,0,0,0,0,n/a,0
87025,87025,99.00,2,0,2,1.0,0.0,Yes,1.0
87026,87026,99.00,85,29,114,0.7456140350877193,0.2543859649122807,Yes,0.7456140350877193
87027,87027,99.00,1,0,1,1.0,0.0,Yes,1.0
87028,87028,99.00,93,16,109,0.8532110091743119,0.14678899082568808,Yes,0.8532110091743119
87029,87029,99.00,148,33,181,0.8176795580110497,0.18232044198895028,Yes,0.8176795580110497
87030,87030,99.00,105,22,127,0.8267716535433071,0.1732283464566929,Yes,0.8267716535433071
87031,87031,99.00,3,1,4,0.75,0.25,Yes,0.75
87032,87032,99.00,40,14,54,0.7407407407407407,0.25925925925925924,Yes,0.7407407407407407
87033,87033,75.00,97,24,121,0.8016528925619835,0.19834710743801653,Yes,0.8016528925619835
87034,87034,75.00,2,1,3,0.6666666666666666,0.3333333333333333,Yes,0.6666666666666666
87035,87035,75.00,100,23,123,0.8130081300813008,0.18699186991869918,Yes,0.8130081300813008
87036,87036,75.00,0,1,1,0.0,1.0,No,1.0
87037,87037,99.00,104,18,122,0.8524590163934426,0.14754098360655737,Yes,0.8524590163934426
87038,87038,99.00,0,0,0,0,0,n/a,0
87039,87039,99.00,68,26,94,0.723404255319149,0.2765957446808511,Yes,0.723404255319149
87040,87040,66.67,87,38,125,0.696,0.304,Yes,0.696
87041,87041,66.67,4,0,4,1.0,0.0,Yes,1.0
87042,87042,99.00,14,2,16,0.875,0.125,Yes,0.875
87043,87043,0.00,0,0,0,0,0,n/a,0
87044,87044,99.00,0,0,0,0,0,n/a,0
87045,87045,99.00,0,0,0,0,0,n/a,0
87046,87046,99.00,50,10,60,0.8333333333333334,0.16666666666666666,Yes,0.8333333333333334
87047,87047,99.00,149,38,187,0.7967914438502673,0.20320855614973263,Yes,0.7967914438502673
87048,87048,99.00,114,34,148,0.7702702702702703,0.22972972972972974,Yes,0.7702702702702703
87049,87049,99.00,213,51,264,0.8068181818181818,0.19318181818181818,Yes,0.8068181818181818
87050,87050,99.00,4,0,4,1.0,0.0,Yes,1.0
87051,87051,99.00,251,51,302,0.8311258278145696,0.16887417218543047,Yes,0.8311258278145696
87052,87052,99.00,0,0,0,0,0,n/a,0
87053,87053,99.00,4,0,4,1.0,0.0,Yes,1.0
87054,87054,99.00,7,0,7,1.0,0.0,Yes,1.0
87055,87055,99.00,178,29,207,0.8599033816425121,0.14009661835748793,Yes,0.8599033816425121
87056,87056,99.00,187,37,224,0.8348214285714286,0.16517857142857142,Yes,0.8348214285714286
87057,87057,99.00,164,46,210,0.780952380952381,0.21904761904761905,Yes,0.780952380952381
87058,87058,99.00,186,40,226,0.8230088495575221,0.17699115044247787,Yes,0.8230088495575221
87059,87059,99.00,1,0,1,1.0,0.0,Yes,1.0
87060,87060,99.00,221,28,249,0.8875502008032129,0.11244979919678715,Yes,0.8875502008032129
87061,87061,99.00,172,46,218,0.7889908256880734,0.21100917431192662,Yes,0.7889908256880734
87062,87062,99.00,2,1,3,0.6666666666666666,0.3333333333333333,Yes,0.6666666666666666
87063,87063,99.00,0,0,0,0,0,n/a,0
87064,87064,99.00,0,0,0,0,0,n/a,0
87065,87065,99.00,4,0,4,1.0,0.0,Yes,1.0
87066,87066,99.00,58,21,79,0.7341772151898734,0.26582278481012656,Yes,0.7341772151898734
87067,87067,99.00,1,0,1,1.0,0.0,Yes,1.0
87068,87068,99.00,54,20,74,0.7297297297297297,0.2702702702702703,Yes,0.7297297297297297
87069,87069,0.00,4,1,5,0.8,0.2,Yes,0.8
87070,87070,99.00,83,37,120,0.6916666666666667,0.30833333333333335,Yes,0.6916666666666667
87071,87071,99.00,76,27,103,0.7378640776699029,0.2621359223300971,Yes,0.7378640776699029
87072,87072,99.00,113,28,141,0.8014184397163121,0.19858156028368795,Yes,0.8014184397163121
87073,87073,99.00,16,0,16,1.0,0.0,Yes,1.0
87074,87074,66.67,84,25,109,0.7706422018348624,0.22935779816513763,Yes,0.7706422018348624
87075,87075,99.00,1,2,3,0.3333333333333333,0.6666666666666666,No,0.6666666666666666
87076,87076,66.67,1,1,2,0.5,0.5,Tie,0.5
87077,87077,99.00,107,26,133,0.8045112781954887,0.19548872180451127,Yes,0.8045112781954887
87078,87078,99.00,123,33,156,0.7884615384615384,0.21153846153846154,Yes,0.7884615384615384
87079,87079,99.00,0,0,0,0,0,n/a,0
87080,87080,37.50,77,15,92,0.8369565217391305,0.16304347826086957,Yes,0.8369565217391305
87081,87081,99.00,90,21,111,0.8108108108108109,0.1891891891891892,Yes,0.8108108108108109
87082,87082,37.50,1,2,3,0.3333333333333333,0.6666666666666666,No,0.6666666666666666
87083,87083,99.00,0,0,0,0,0,n/a,0
87084,87084,99.00,129,31,160,0.80625,0.19375,Yes,0.80625
87085,87085,99.00,0,1,1,0.0,1.0,No,1.0
87086,87086,99.00,2,0,2,1.0,0.0,Yes,1.0
87087,87087,99.00,145,49,194,0.7474226804123711,0.25257731958762886,Yes,0.7474226804123711
87088,87088,99.00,1,0,1,1.0,0.0,Yes,1.0
87089,87089,99.00,2,0,2,1.0,0.0,Yes,1.0
87090,87090,0.00,0,0,0,0,0,n/a,0
87091,87091,0.00,0,0,0,0,0,n/a,0
87092,87092,0.00,0,0,0,0,0,n/a,0
87093,87093,99.00,0,0,0,0,0,n/a,0
87094,87094,99.00,0,0,0,0,0,n/a,0
87095,87095,99.00,0,0,0,0,0,n/a,0
87096,87096,99.00,0,0,0,0,0,n/a,0
87097,87097,99.00,35,17,52,0.6730769230769231,0.3269230769230769,Yes,0.6730769230769231
87098,87098,99.00,2,0,2,1.0,0.0,Yes,1.0
87099,87099,99.00,5,1,6,0.8333333333333334,0.16666666666666666,Yes,0.8333333333333334
87100,87100,99.00,0,1,1,0.0,1.0,No,1.0
87101,87101,99.00,8,0,8,1.0,0.0,Yes,1.0
87102,87102,99.00,0,0,0,0,0,n/a,0
41001,41001,99.00,5,0,5,1.0,0.0,Yes,1.0
41002,41002,99.00,100,102,202,0.49504950495049505,0.504950495049505,No,0.504950495049505
41003,41003,99.00,108,127,235,0.4595744680851064,0.5404255319148936,No,0.5404255319148936
41004,41004,99.00,7,3,10,0.7,0.3,Yes,0.7
41005,41005,36.36,46,120,166,0.27710843373493976,0.7228915662650602,No,0.7228915662650602
41006,41006,99.00,62,43,105,0.5904761904761905,0.4095238095238095,Yes,0.5904761904761905
41007,41007,99.00,80,52,132,0.6060606060606061,0.3939393939393939,Yes,0.6060606060606061
41008,41008,99.00,60,44,104,0.5769230769230769,0.4230769230769231,Yes,0.5769230769230769
41009,41009,99.00,51,45,96,0.53125,0.46875,Yes,0.53125
41010,41010,99.00,1,2,3,0.3333333333333333,0.6666666666666666,No,0.6666666666666666
41011,41011,99.00,19,28,47,0.40425531914893614,0.5957446808510638,No,0.5957446808510638
41012,41012,36.36,40,39,79,0.5063291139240507,0.4936708860759494,Yes,0.5063291139240507
41013,41013,36.36,0,1,1,0.0,1.0,No,1.0
41014,41014,99.00,0,0,0,0,0,n/a,0
41015,41015,36.36,8,5,13,0.6153846153846154,0.38461538461538464,Yes,0.6153846153846154
41016,41016,99.00,37,54,91,0.4065934065934066,0.5934065934065934,No,0.5934065934065934
41017,41017,99.00,118,133,251,0.4701195219123506,0.5298804780876494,No,0.5298804780876494
41018,41018,99.00,75,65,140,0.5357142857142857,0.4642857142857143,Yes,0.5357142857142857
41019,41019,99.00,0,0,0,0,0,n/a,0
41020,41020,99.00,67,57,124,0.5403225806451613,0.4596774193548387,Yes,0.5403225806451613
41021,41021,99.00,97,64,161,0.6024844720496895,0.39751552795031053,Yes,0.6024844720496895
41022,41022,99.00,17,14,31,0.5483870967741935,0.45161290322580644,Yes,0.5483870967741935
41023,41023,99.00,1,0,1,1.0,0.0,Yes,1.0
41024,41024,66.67,2,1,3,0.6666666666666666,0.3333333333333333,Yes,0.6666666666666666
41025,41025,66.67,16,11,27,0.5925925925925926,0.4074074074074074,Yes,0.5925925925925926
41026,41026,99.00,0,0,0,0,0,n/a,0
41027,41027,99.00,3,1,4,0.75,0.25,Yes,0.75
41028,41028,99.00,106,36,142,0.7464788732394366,0.2535211267605634,Yes,0.7464788732394366
41029,41029,66.67,0,0,0,0,0,n/a,0
41030,41030,99.00,138,31,169,0.8165680473372781,0.1834319526627219,Yes,0.8165680473372781
41031,41031,99.00,141,11,152,0.9276315789473685,0.07236842105263158,Yes,0.9276315789473685
41032,41032,99.00,14,3,17,0.8235294117647058,0.17647058823529413,Yes,0.8235294117647058
41033,41033,99.00,164,40,204,0.803921568627451,0.19607843137254902,Yes,0.803921568627451
41034,41034,99.00,4,0,4,1.0,0.0,Yes,1.0
41035,41035,99.00,67,37,104,0.6442307692307693,0.3557692307692308,Yes,0.6442307692307693
41036,41036,99.00,79,61,140,0.5642857142857143,0.4357142857142857,Yes,0.5642857142857143
41037,41037,99.00,114,30,144,0.7916666666666666,0.20833333333333334,Yes,0.7916666666666666
41038,41038,99.00,152,33,185,0.8216216216216217,0.1783783783783784,Yes,0.8216216216216217
41039,41039,99.00,109,24,133,0.8195488721804511,0.18045112781954886,Yes,0.8195488721804511
41040,41040,99.00,90,17,107,0.8411214953271028,0.1588785046728972,Yes,0.8411214953271028
41041,41041,99.00,87,17,104,0.8365384615384616,0.16346153846153846,Yes,0.8365384615384616
41042,41042,33.33,3,2,5,0.6,0.4,Yes,0.6
41043,41043,99.00,103,32,135,0.762962962962963,0.23703703703703705,Yes,0.762962962962963
41044,41044,99.00,1,0,1,1.0,0.0,Yes,1.0
41045,41045,99.00,110,19,129,0.8527131782945736,0.14728682170542637,Yes,0.8527131782945736
41046,41046,99.00,187,123,310,0.603225806451613,0.3967741935483871,Yes,0.603225806451613
41047,41047,99.00,170,31,201,0.845771144278607,0.15422885572139303,Yes,0.845771144278607
41048,41048,99.00,75,11,86,0.872093023255814,0.12790697674418605,Yes,0.872093023255814
41049,41049,99.00,108,23,131,0.8244274809160306,0.17557251908396945,Yes,0.8244274809160306
41050,41050,99.00,43,139,182,0.23626373626373626,0.7637362637362637,No,0.7637362637362637
41051,41051,99.00,32,32,64,0.5,0.5,Tie,0.5
41052,41052,99.00,4,2,6,0.6666666666666666,0.3333333333333333,Yes,0.6666666666666666
41053,41053,99.00,8,0,8,1.0,0.0,Yes,1.0
41054,41054,99.00,94,21,115,0.8173913043478261,0.1826086956521739,Yes,0.8173913043478261
41055,41055,99.00,174,36,210,0.8285714285714286,0.17142857142857143,Yes,0.8285714285714286
41056,41056,99.00,0,2,2,0.0,1.0,No,1.0
41057,41057,36.36,10,7,17,0.5882352941176471,0.4117647058823529,Yes,0.5882352941176471
41058,41058,36.36,78,105,183,0.4262295081967213,0.5737704918032787,No,0.5737704918032787
41059,41059,36.36,48,76,124,0.3870967741935484,0.6129032258064516,No,0.6129032258064516
41060,41060,33.33,3,2,5,0.6,0.4,Yes,0.6
41061,41061,33.33,33,19,52,0.6346153846153846,0.36538461538461536,Yes,0.6346153846153846
41062,41062,33.33,20,21,41,0.4878048780487805,0.5121951219512195,No,0.5121951219512195
41063,41063,99.00,169,93,262,0.6450381679389313,0.3549618320610687,Yes,0.6450381679389313
41064,41064,99.00,11,0,11,1.0,0.0,Yes,1.0
41065,41065,99.00,2,0,2,1.0,0.0,Yes,1.0
41066,41066,99.00,0,0,0,0,0,n/a,0
41067,41067,99.00,2,0,2,1.0,0.0,Yes,1.0
41068,41068,99.00,115,39,154,0.7467532467532467,0.2532467532467532,Yes,0.7467532467532467
41069,41069,99.00,68,19,87,0.7816091954022989,0.21839080459770116,Yes,0.7816091954022989
41070,41070,99.00,72,44,116,0.6206896551724138,0.3793103448275862,Yes,0.6206896551724138
41071,41071,0.00,5,0,5,1.0,0.0,Yes,1.0
41072,41072,99.00,2,0,2,1.0,0.0,Yes,1.0
41073,41073,0.00,6,0,6,1.0,0.0,Yes,1.0
41074,41074,0.00,6,1,7,0.8571428571428571,0.14285714285714285,Yes,0.8571428571428571
41075,41075,99.00,64,27,91,0.7032967032967034,0.2967032967032967,Yes,0.7032967032967034
41076,41076,99.00,106,46,152,0.6973684210526315,0.3026315789473684,Yes,0.6973684210526315
41077,41077,99.00,113,45,158,0.7151898734177216,0.2848101265822785,Yes,0.7151898734177216
41078,41078,99.00,0,1,1,0.0,1.0,No,1.0
41079,41079,66.67,46,19,65,0.7076923076923077,0.2923076923076923,Yes,0.7076923076923077
41080,41080,99.00,0,0,0,0,0,n/a,0
41081,41081,99.00,68,23,91,0.7472527472527473,0.25274725274725274,Yes,0.7472527472527473
41082,41082,99.00,79,38,117,0.6752136752136753,0.3247863247863248,Yes,0.6752136752136753
41083,41083,99.00,3,0,3,1.0,0.0,Yes,1.0
41084,41084,33.33,28,25,53,0.5283018867924528,0.4716981132075472,Yes,0.5283018867924528
41085,41085,99.00,1,0,1,1.0,0.0,Yes,1.0
41086,41086,99.00,104,50,154,0.6753246753246753,0.3246753246753247,Yes,0.6753246753246753
41087,41087,99.00,63,30,93,0.6774193548387096,0.3225806451612903,Yes,0.6774193548387096
41088,41088,99.00,81,49,130,0.6230769230769231,0.3769230769230769,Yes,0.6230769230769231
41089,41089,99.00,5,0,5,1.0,0.0,Yes,1.0
41090,41090,99.00,17,11,28,0.6071428571428571,0.39285714285714285,Yes,0.6071428571428571
41091,41091,66.67,69,22,91,0.7582417582417582,0.24175824175824176,Yes,0.7582417582417582
41092,41092,99.00,0,0,0,0,0,n/a,0
41093,41093,99.00,0,0,0,0,0,n/a,0
41094,41094,36.36,5,6,11,0.45454545454545453,0.5454545454545454,No,0.5454545454545454
41095,41095,99.00,37,58,95,0.3894736842105263,0.6105263157894737,No,0.6105263157894737
41096,41096,99.00,13,1,14,0.9285714285714286,0.07142857142857142,Yes,0.9285714285714286
41097,41097,99.00,7,1,8,0.875,0.125,Yes,0.875
41098,41098,99.00,65,51,116,0.5603448275862069,0.4396551724137931,Yes,0.5603448275862069
41099,41099,99.00,0,0,0,0,0,n/a,0
42001,42001,99.00,13,2,15,0.8666666666666667,0.13333333333333333,Yes,0.8666666666666667
42002,42002,99.00,11,0,11,1.0,0.0,Yes,1.0
42003,42003,99.00,235,19,254,0.9251968503937008,0.07480314960629922,Yes,0.9251968503937008
42004,42004,99.00,137,21,158,0.8670886075949367,0.13291139240506328,Yes,0.8670886075949367
42005,42005,99.00,5,0,5,1.0,0.0,Yes,1.0
42006,42006,99.00,252,46,298,0.8456375838926175,0.15436241610738255,Yes,0.8456375838926175
42007,42007,99.00,181,23,204,0.8872549019607843,0.11274509803921569,Yes,0.8872549019607843
42008,42008,99.00,122,19,141,0.8652482269503546,0.1347517730496454,Yes,0.8652482269503546
42009,42009,99.00,120,14,134,0.8955223880597015,0.1044776119402985,Yes,0.8955223880597015
42010,42010,99.00,133,28,161,0.8260869565217391,0.17391304347826086,Yes,0.8260869565217391
42011,42011,99.00,117,20,137,0.8540145985401459,0.145985401459854,Yes,0.8540145985401459
42012,42012,99.00,76,24,100,0.76,0.24,Yes,0.76
42013,42013,99.00,97,24,121,0.8016528925619835,0.19834710743801653,Yes,0.8016528925619835
42014,42014,99.00,86,20,106,0.8113207547169812,0.18867924528301888,Yes,0.8113207547169812
42015,42015,99.00,116,22,138,0.8405797101449275,0.15942028985507245,Yes,0.8405797101449275
42016,42016,99.00,168,35,203,0.8275862068965517,0.1724137931034483,Yes,0.8275862068965517
42017,42017,99.00,4,1,5,0.8,0.2,Yes,0.8
42018,42018,99.00,143,18,161,0.8881987577639752,0.11180124223602485,Yes,0.8881987577639752
42019,42019,99.00,11,0,11,1.0,0.0,Yes,1.0
42020,42020,99.00,181,27,208,0.8701923076923077,0.12980769230769232,Yes,0.8701923076923077
42021,42021,99.00,148,18,166,0.891566265060241,0.10843373493975904,Yes,0.891566265060241
42022,42022,99.00,152,13,165,0.9212121212121213,0.07878787878787878,Yes,0.9212121212121213
42023,42023,99.00,3,2,5,0.6,0.4,Yes,0.6
42024,42024,0.00,2,1,3,0.6666666666666666,0.3333333333333333,Yes,0.6666666666666666
42025,42025,0.00,37,1,38,0.9736842105263158,0.02631578947368421,Yes,0.9736842105263158
42026,42026,99.00,11,4,15,0.7333333333333333,0.26666666666666666,Yes,0.7333333333333333
42027,42027,99.00,155,39,194,0.7989690721649485,0.20103092783505155,Yes,0.7989690721649485
42028,42028,99.00,188,31,219,0.8584474885844748,0.1415525114155251,Yes,0.8584474885844748
42029,42029,99.00,224,45,269,0.8327137546468402,0.16728624535315986,Yes,0.8327137546468402
42030,42030,99.00,307,43,350,0.8771428571428571,0.12285714285714286,Yes,0.8771428571428571
42031,42031,99.00,9,0,9,1.0,0.0,Yes,1.0
42032,42032,99.00,18,4,22,0.8181818181818182,0.18181818181818182,Yes,0.8181818181818182
42033,42033,99.00,10,3,13,0.7692307692307693,0.23076923076923078,Yes,0.7692307692307693
42034,42034,99.00,11,3,14,0.7857142857142857,0.21428571428571427,Yes,0.7857142857142857
42035,42035,99.00,277,39,316,0.8765822784810127,0.12341772151898735,Yes,0.8765822784810127
42036,42036,99.00,144,97,241,0.5975103734439834,0.4024896265560166,Yes,0.5975103734439834
42037,42037,0.00,15,0,15,1.0,0.0,Yes,1.0
42038,42038,99.00,1,3,4,0.25,0.75,No,0.75
42039,42039,99.00,5,0,5,1.0,0.0,Yes,1.0
42040,42040,99.00,108,19,127,0.8503937007874016,0.14960629921259844,Yes,0.8503937007874016
42041,42041,99.00,117,24,141,0.8297872340425532,0.1702127659574468,Yes,0.8297872340425532
42042,42042,99.00,99,27,126,0.7857142857142857,0.21428571428571427,Yes,0.7857142857142857
42043,42043,99.00,114,17,131,0.8702290076335878,0.1297709923664122,Yes,0.8702290076335878
42044,42044,99.00,3,4,7,0.42857142857142855,0.5714285714285714,No,0.5714285714285714
42045,42045,99.00,102,23,125,0.816,0.184,Yes,0.816
42046,42046,99.00,115,32,147,0.782312925170068,0.21768707482993196,Yes,0.782312925170068
42047,42047,99.00,7,1,8,0.875,0.125,Yes,0.875
42048,42048,99.00,147,33,180,0.8166666666666667,0.18333333333333332,Yes,0.8166666666666667
42049,42049,99.00,264,33,297,0.8888888888888888,0.1111111111111111,Yes,0.8888888888888888
42050,42050,99.00,154,29,183,0.8415300546448088,0.15846994535519127,Yes,0.8415300546448088
42051,42051,99.00,82,177,259,0.3166023166023166,0.6833976833976834,No,0.6833976833976834
42052,42052,99.00,98,23,121,0.8099173553719008,0.19008264462809918,Yes,0.8099173553719008
42053,42053,99.00,96,15,111,0.8648648648648649,0.13513513513513514,Yes,0.8648648648648649
42054,42054,99.00,141,25,166,0.8493975903614458,0.15060240963855423,Yes,0.8493975903614458
42055,42055,99.00,33,4,37,0.8918918918918919,0.10810810810810811,Yes,0.8918918918918919
42056,42056,99.00,109,25,134,0.8134328358208955,0.1865671641791045,Yes,0.8134328358208955
42057,42057,99.00,122,21,143,0.8531468531468531,0.14685314685314685,Yes,0.8531468531468531
42058,42058,99.00,171,41,212,0.8066037735849056,0.19339622641509435,Yes,0.8066037735849056
42059,42059,99.00,8,59,67,0.11940298507462686,0.8805970149253731,No,0.8805970149253731
42060,42060,99.00,11,18,29,0.3793103448275862,0.6206896551724138,No,0.6206896551724138
42061,42061,99.00,62,46,108,0.5740740740740741,0.42592592592592593,Yes,0.5740740740740741
42062,42062,99.00,76,104,180,0.4222222222222222,0.5777777777777777,No,0.5777777777777777
42063,42063,99.00,59,222,281,0.2099644128113879,0.7900355871886121,No,0.7900355871886121
42064,42064,99.00,58,161,219,0.2648401826484018,0.7351598173515982,No,0.7351598173515982
42065,42065,99.00,1,0,1,1.0,0.0,Yes,1.0
42066,42066,99.00,7,2,9,0.7777777777777778,0.2222222222222222,Yes,0.7777777777777778
42067,42067,99.00,51,96,147,0.3469387755102041,0.6530612244897959,No,0.6530612244897959
42068,42068,99.00,3,0,3,1.0,0.0,Yes,1.0
42069,42069,99.00,7,28,35,0.2,0.8,No,0.8
42070,42070,99.00,101,17,118,0.8559322033898306,0.1440677966101695,Yes,0.8559322033898306
42071,42071,99.00,173,31,204,0.8480392156862745,0.15196078431372548,Yes,0.8480392156862745
42072,42072,99.00,139,26,165,0.8424242424242424,0.15757575757575756,Yes,0.8424242424242424
42073,42073,99.00,119,24,143,0.8321678321678322,0.16783216783216784,Yes,0.8321678321678322
42074,42074,99.00,91,7,98,0.9285714285714286,0.07142857142857142,Yes,0.9285714285714286
42075,42075,99.00,287,35,322,0.8913043478260869,0.10869565217391304,Yes,0.8913043478260869
42076,42076,99.00,5,1,6,0.8333333333333334,0.16666666666666666,Yes,0.8333333333333334
42077,42077,99.00,165,19,184,0.8967391304347826,0.10326086956521739,Yes,0.8967391304347826
42078,42078,99.00,30,2,32,0.9375,0.0625,Yes,0.9375
42079,42079,99.00,114,26,140,0.8142857142857143,0.18571428571428572,Yes,0.8142857142857143
42080,42080,99.00,111,15,126,0.8809523809523809,0.11904761904761904,Yes,0.8809523809523809
42081,42081,99.00,16,5,21,0.7619047619047619,0.23809523809523808,Yes,0.7619047619047619
42082,42082,99.00,5,0,5,1.0,0.0,Yes,1.0
43001,43001,99.00,201,20,221,0.9095022624434389,0.09049773755656108,Yes,0.9095022624434389
43002,43002,99.00,25,2,27,0.9259259259259259,0.07407407407407407,Yes,0.9259259259259259
43003,43003,99.00,144,21,165,0.8727272727272727,0.12727272727272726,Yes,0.8727272727272727
43004,43004,99.00,143,17,160,0.89375,0.10625,Yes,0.89375
43005,43005,99.00,11,1,12,0.9166666666666666,0.08333333333333333,Yes,0.9166666666666666
43006,43006,99.00,289,33,322,0.8975155279503105,0.10248447204968944,Yes,0.8975155279503105
43007,43007,99.00,235,26,261,0.9003831417624522,0.09961685823754789,Yes,0.9003831417624522
43008,43008,99.00,4,0,4,1.0,0.0,Yes,1.0
43009,43009,99.00,169,24,193,0.8756476683937824,0.12435233160621761,Yes,0.8756476683937824
43010,43010,99.00,65,15,80,0.8125,0.1875,Yes,0.8125
43011,43011,99.00,110,44,154,0.7142857142857143,0.2857142857142857,Yes,0.7142857142857143
43012,43012,99.00,243,42,285,0.8526315789473684,0.14736842105263157,Yes,0.8526315789473684
43013,43013,99.00,84,38,122,0.6885245901639344,0.3114754098360656,Yes,0.6885245901639344
43014,43014,99.00,174,30,204,0.8529411764705882,0.14705882352941177,Yes,0.8529411764705882
43015,43015,99.00,213,34,247,0.8623481781376519,0.13765182186234817,Yes,0.8623481781376519
43016,43016,99.00,8,2,10,0.8,0.2,Yes,0.8
43017,43017,99.00,234,53,287,0.8153310104529616,0.18466898954703834,Yes,0.8153310104529616
43018,43018,99.00,308,41,349,0.8825214899713467,0.1174785100286533,Yes,0.8825214899713467
43019,43019,99.00,5,1,6,0.8333333333333334,0.16666666666666666,Yes,0.8333333333333334
43020,43020,99.00,19,0,19,1.0,0.0,Yes,1.0
43021,43021,99.00,179,28,207,0.8647342995169082,0.13526570048309178,Yes,0.8647342995169082
43022,43022,99.00,10,0,10,1.0,0.0,Yes,1.0
43023,43023,99.00,295,46,341,0.8651026392961877,0.1348973607038123,Yes,0.8651026392961877
43024,43024,99.00,299,35,334,0.8952095808383234,0.10479041916167664,Yes,0.8952095808383234
43025,43025,99.00,8,0,8,1.0,0.0,Yes,1.0
43026,43026,99.00,239,42,281,0.8505338078291815,0.1494661921708185,Yes,0.8505338078291815
43027,43027,99.00,136,35,171,0.7953216374269005,0.2046783625730994,Yes,0.7953216374269005
43028,43028,99.00,163,29,192,0.8489583333333334,0.15104166666666666,Yes,0.8489583333333334
43029,43029,75.00,48,10,58,0.8275862068965517,0.1724137931034483,Yes,0.8275862068965517
43030,43030,75.00,70,10,80,0.875,0.125,Yes,0.875
43031,43031,75.00,101,25,126,0.8015873015873016,0.1984126984126984,Yes,0.8015873015873016
43032,43032,99.00,82,14,96,0.8541666666666666,0.14583333333333334,Yes,0.8541666666666666
43033,43033,75.00,106,23,129,0.8217054263565892,0.17829457364341086,Yes,0.8217054263565892
43034,43034,99.00,3,2,5,0.6,0.4,Yes,0.6
43035,43035,99.00,195,54,249,0.7831325301204819,0.21686746987951808,Yes,0.7831325301204819
43036,43036,99.00,133,14,147,0.9047619047619048,0.09523809523809523,Yes,0.9047619047619048
43037,43037,99.00,158,21,179,0.88268156424581,0.11731843575418995,Yes,0.88268156424581
43038,43038,50.00,102,26,128,0.796875,0.203125,Yes,0.796875
43039,43039,50.00,119,25,144,0.8263888888888888,0.1736111111111111,Yes,0.8263888888888888
43040,43040,99.00,2,0,2,1.0,0.0,Yes,1.0
43041,43041,99.00,144,14,158,0.9113924050632911,0.08860759493670886,Yes,0.9113924050632911
43042,43042,99.00,22,3,25,0.88,0.12,Yes,0.88
43043,43043,99.00,251,56,307,0.8175895765472313,0.18241042345276873,Yes,0.8175895765472313
43044,43044,99.00,261,33,294,0.8877551020408163,0.11224489795918367,Yes,0.8877551020408163
43045,43045,99.00,270,25,295,0.9152542372881356,0.0847457627118644,Yes,0.9152542372881356
43046,43046,99.00,161,26,187,0.8609625668449198,0.13903743315508021,Yes,0.8609625668449198
43047,43047,99.00,10,0,10,1.0,0.0,Yes,1.0
43048,43048,99.00,12,0,12,1.0,0.0,Yes,1.0
43049,43049,99.00,228,44,272,0.8382352941176471,0.16176470588235295,Yes,0.8382352941176471
43050,43050,99.00,190,33,223,0.852017937219731,0.14798206278026907,Yes,0.852017937219731
43051,43051,99.00,188,36,224,0.8392857142857143,0.16071428571428573,Yes,0.8392857142857143
43052,43052,99.00,236,48,284,0.8309859154929577,0.16901408450704225,Yes,0.8309859154929577
43053,43053,99.00,158,34,192,0.8229166666666666,0.17708333333333334,Yes,0.8229166666666666
43054,43054,99.00,146,38,184,0.7934782608695652,0.20652173913043478,Yes,0.7934782608695652
43055,43055,99.00,100,20,120,0.8333333333333334,0.16666666666666666,Yes,0.8333333333333334
43056,43056,99.00,5,1,6,0.8333333333333334,0.16666666666666666,Yes,0.8333333333333334
43057,43057,99.00,37,29,66,0.5606060606060606,0.4393939393939394,Yes,0.5606060606060606
43058,43058,99.00,1,0,1,1.0,0.0,Yes,1.0
43059,43059,99.00,128,74,202,0.6336633663366337,0.36633663366336633,Yes,0.6336633663366337
43060,43060,99.00,2,0,2,1.0,0.0,Yes,1.0
43061,43061,99.00,76,13,89,0.8539325842696629,0.14606741573033707,Yes,0.8539325842696629
43062,43062,99.00,51,25,76,0.6710526315789473,0.32894736842105265,Yes,0.6710526315789473
43063,43063,99.00,86,33,119,0.7226890756302521,0.2773109243697479,Yes,0.7226890756302521
43064,43064,99.00,155,39,194,0.7989690721649485,0.20103092783505155,Yes,0.7989690721649485
43065,43065,99.00,9,2,11,0.8181818181818182,0.18181818181818182,Yes,0.8181818181818182
43066,43066,99.00,131,28,159,0.8238993710691824,0.1761006289308176,Yes,0.8238993710691824
43067,43067,99.00,207,61,268,0.7723880597014925,0.22761194029850745,Yes,0.7723880597014925
43068,43068,99.00,3,0,3,1.0,0.0,Yes,1.0
43069,43069,99.00,76,17,93,0.8172043010752689,0.1827956989247312,Yes,0.8172043010752689
43070,43070,99.00,2,0,2,1.0,0.0,Yes,1.0
43071,43071,99.00,5,0,5,1.0,0.0,Yes,1.0
43072,43072,99.00,4,0,4,1.0,0.0,Yes,1.0
43073,43073,99.00,359,30,389,0.922879177377892,0.07712082262210797,Yes,0.922879177377892
43074,43074,99.00,129,15,144,0.8958333333333334,0.10416666666666667,Yes,0.8958333333333334
43075,43075,99.00,227,39,266,0.8533834586466166,0.14661654135338345,Yes,0.8533834586466166
43076,43076,99.00,70,28,98,0.7142857142857143,0.2857142857142857,Yes,0.7142857142857143
43077,43077,99.00,1,0,1,1.0,0.0,Yes,1.0
43078,43078,99.00,159,33,192,0.828125,0.171875,Yes,0.828125
43079,43079,99.00,0,0,0,0,0,n/a,0
43080,43080,99.00,210,37,247,0.8502024291497976,0.14979757085020243,Yes,0.8502024291497976
43081,43081,99.00,14,1,15,0.9333333333333333,0.06666666666666667,Yes,0.9333333333333333
43082,43082,99.00,25,3,28,0.8928571428571429,0.10714285714285714,Yes,0.8928571428571429
43083,43083,99.00,2,0,2,1.0,0.0,Yes,1.0
43084,43084,99.00,3,0,3,1.0,0.0,Yes,1.0
43085,43085,99.00,112,67,179,0.6256983240223464,0.3743016759776536,Yes,0.6256983240223464
43086,43086,99.00,9,1,10,0.9,0.1,Yes,0.9
43087,43087,99.00,190,19,209,0.9090909090909091,0.09090909090909091,Yes,0.9090909090909091
44001,44001,99.00,67,67,134,0.5,0.5,Tie,0.5
44002,44002,99.00,5,49,54,0.09259259259259259,0.9074074074074074,No,0.9074074074074074
44003,44003,99.00,20,86,106,0.18867924528301888,0.8113207547169812,No,0.8113207547169812
44004,44004,99.00,60,63,123,0.4878048780487805,0.5121951219512195,No,0.5121951219512195
44005,44005,99.00,12,0,12,1.0,0.0,Yes,1.0
44006,44006,99.00,221,77,298,0.7416107382550335,0.25838926174496646,Yes,0.7416107382550335
44007,44007,99.00,4,1,5,0.8,0.2,Yes,0.8
44008,44008,99.00,4,0,4,1.0,0.0,Yes,1.0
44009,44009,99.00,148,29,177,0.8361581920903954,0.1638418079096045,Yes,0.8361581920903954
44010,44010,99.00,97,25,122,0.7950819672131147,0.20491803278688525,Yes,0.7950819672131147
44011,44011,99.00,0,0,0,0,0,n/a,0
44012,44012,99.00,8,0,8,1.0,0.0,Yes,1.0
44013,44013,99.00,26,63,89,0.29213483146067415,0.7078651685393258,No,0.7078651685393258
44014,44014,99.00,227,37,264,0.8598484848484849,0.14015151515151514,Yes,0.8598484848484849
44015,44015,99.00,247,40,287,0.8606271777003485,0.13937282229965156,Yes,0.8606271777003485
44016,44016,99.00,6,0,6,1.0,0.0,Yes,1.0
44017,44017,99.00,8,0,8,1.0,0.0,Yes,1.0
44018,44018,99.00,349,62,411,0.8491484184914841,0.15085158150851583,Yes,0.8491484184914841
44019,44019,99.00,90,70,160,0.5625,0.4375,Yes,0.5625
44020,44020,99.00,222,46,268,0.8283582089552238,0.17164179104477612,Yes,0.8283582089552238
44021,44021,99.00,0,0,0,0,0,n/a,0
44022,44022,99.00,0,0,0,0,0,n/a,0
44023,44023,99.00,41,58,99,0.41414141414141414,0.5858585858585859,No,0.5858585858585859
44024,44024,99.00,34,41,75,0.4533333333333333,0.5466666666666666,No,0.5466666666666666
44025,44025,99.00,109,128,237,0.459915611814346,0.540084388185654,No,0.540084388185654
44026,44026,99.00,84,61,145,0.5793103448275863,0.4206896551724138,Yes,0.5793103448275863
44027,44027,99.00,68,97,165,0.4121212121212121,0.5878787878787879,No,0.5878787878787879
44028,44028,0.00,8,0,8,1.0,0.0,Yes,1.0
44029,44029,99.00,152,69,221,0.6877828054298643,0.31221719457013575,Yes,0.6877828054298643
44030,44030,99.00,2,0,2,1.0,0.0,Yes,1.0
44031,44031,0.00,19,3,22,0.8636363636363636,0.13636363636363635,Yes,0.8636363636363636
44032,44032,99.00,33,6,39,0.8461538461538461,0.15384615384615385,Yes,0.8461538461538461
44033,44033,0.00,13,1,14,0.9285714285714286,0.07142857142857142,Yes,0.9285714285714286
44034,44034,0.00,4,0,4,1.0,0.0,Yes,1.0
44035,44035,99.00,258,42,300,0.86,0.14,Yes,0.86
44036,44036,99.00,293,31,324,0.904320987654321,0.09567901234567901,Yes,0.904320987654321
44037,44037,99.00,7,2,9,0.7777777777777778,0.2222222222222222,Yes,0.7777777777777778
44038,44038,99.00,208,29,237,0.8776371308016878,0.12236286919831224,Yes,0.8776371308016878
44039,44039,99.00,185,43,228,0.8114035087719298,0.18859649122807018,Yes,0.8114035087719298
44040,44040,99.00,0,0,0,0,0,n/a,0
44041,44041,99.00,0,1,1,0.0,1.0,No,1.0
44042,44042,99.00,154,44,198,0.7777777777777778,0.2222222222222222,Yes,0.7777777777777778
44043,44043,99.00,153,100,253,0.6047430830039525,0.3952569169960474,Yes,0.6047430830039525
44044,44044,99.00,3,1,4,0.75,0.25,Yes,0.75
44045,44045,99.00,140,11,151,0.9271523178807947,0.0728476821192053,Yes,0.9271523178807947
44046,44046,99.00,3,0,3,1.0,0.0,Yes,1.0
44047,44047,99.00,2,0,2,1.0,0.0,Yes,1.0
44048,44048,99.00,266,31,297,0.8956228956228957,0.10437710437710437,Yes,0.8956228956228957
44049,44049,99.00,303,47,350,0.8657142857142858,0.13428571428571429,Yes,0.8657142857142858
44050,44050,99.00,228,31,259,0.8803088803088803,0.11969111969111969,Yes,0.8803088803088803
44051,44051,99.00,385,52,437,0.8810068649885584,0.11899313501144165,Yes,0.8810068649885584
44052,44052,99.00,340,48,388,0.8762886597938144,0.12371134020618557,Yes,0.8762886597938144
44053,44053,99.00,379,63,442,0.8574660633484162,0.1425339366515837,Yes,0.8574660633484162
44054,44054,99.00,228,31,259,0.8803088803088803,0.11969111969111969,Yes,0.8803088803088803
44055,44055,99.00,78,7,85,0.9176470588235294,0.08235294117647059,Yes,0.9176470588235294
44056,44056,99.00,32,1,33,0.9696969696969697,0.030303030303030304,Yes,0.9696969696969697
44057,44057,99.00,500,92,592,0.8445945945945946,0.1554054054054054,Yes,0.8445945945945946
44058,44058,99.00,424,67,491,0.8635437881873728,0.1364562118126273,Yes,0.8635437881873728
44059,44059,99.00,271,46,317,0.8548895899053628,0.14511041009463724,Yes,0.8548895899053628
44060,44060,99.00,280,41,321,0.8722741433021807,0.1277258566978193,Yes,0.8722741433021807
44061,44061,99.00,38,3,41,0.926829268292683,0.07317073170731707,Yes,0.926829268292683
44062,44062,99.00,27,3,30,0.9,0.1,Yes,0.9
44063,44063,36.36,186,26,212,0.8773584905660378,0.12264150943396226,Yes,0.8773584905660378
44064,44064,99.00,118,24,142,0.8309859154929577,0.16901408450704225,Yes,0.8309859154929577
44065,44065,99.00,355,56,411,0.8637469586374696,0.1362530413625304,Yes,0.8637469586374696
44066,44066,99.00,35,3,38,0.9210526315789473,0.07894736842105263,Yes,0.9210526315789473
44067,44067,99.00,0,2,2,0.0,1.0,No,1.0
44068,44068,36.36,368,57,425,0.8658823529411764,0.13411764705882354,Yes,0.8658823529411764
44069,44069,36.36,56,2,58,0.9655172413793104,0.034482758620689655,Yes,0.9655172413793104
44070,44070,36.36,64,8,72,0.8888888888888888,0.1111111111111111,Yes,0.8888888888888888
44071,44071,99.00,70,5,75,0.9333333333333333,0.06666666666666667,Yes,0.9333333333333333
44072,44072,36.36,369,36,405,0.9111111111111111,0.08888888888888889,Yes,0.9111111111111111
44073,44073,99.00,262,29,291,0.9003436426116839,0.09965635738831616,Yes,0.9003436426116839
44074,44074,99.00,36,2,38,0.9473684210526315,0.05263157894736842,Yes,0.9473684210526315
44075,44075,99.00,407,31,438,0.9292237442922374,0.07077625570776255,Yes,0.9292237442922374
44076,44076,36.36,300,25,325,0.9230769230769231,0.07692307692307693,Yes,0.9230769230769231
44077,44077,99.00,504,55,559,0.9016100178890877,0.09838998211091235,Yes,0.9016100178890877
44078,44078,99.00,440,51,491,0.8961303462321792,0.10386965376782077,Yes,0.8961303462321792
44079,44079,99.00,424,41,465,0.9118279569892473,0.08817204301075268,Yes,0.9118279569892473
44080,44080,99.00,28,6,34,0.8235294117647058,0.17647058823529413,Yes,0.8235294117647058
44081,44081,99.00,146,61,207,0.7053140096618358,0.2946859903381642,Yes,0.7053140096618358
44082,44082,99.00,13,2,15,0.8666666666666667,0.13333333333333333,Yes,0.8666666666666667
44083,44083,99.00,236,49,285,0.8280701754385965,0.17192982456140352,Yes,0.8280701754385965
44084,44084,99.00,22,11,33,0.6666666666666666,0.3333333333333333,Yes,0.6666666666666666
44085,44085,99.00,0,0,0,0,0,n/a,0
44086,44086,99.00,12,1,13,0.9230769230769231,0.07692307692307693,Yes,0.9230769230769231
44087,44087,0.00,3,2,5,0.6,0.4,Yes,0.6
44088,44088,99.00,5,2,7,0.7142857142857143,0.2857142857142857,Yes,0.7142857142857143
44089,44089,99.00,6,0,6,1.0,0.0,Yes,1.0
44090,44090,99.00,3,0,3,1.0,0.0,Yes,1.0
44091,44091,99.00,0,0,0,0,0,n/a,0
44092,44092,99.00,0,0,0,0,0,n/a,0
44093,44093,0.00,0,0,0,0,0,n/a,0
45001,45001,99.00,49,118,167,0.2934131736526946,0.7065868263473054,No,0.7065868263473054
45002,45002,99.00,72,109,181,0.39779005524861877,0.6022099447513812,No,0.6022099447513812
45003,45003,99.00,48,100,148,0.32432432432432434,0.6756756756756757,No,0.6756756756756757
45004,45004,75.00,72,44,116,0.6206896551724138,0.3793103448275862,Yes,0.6206896551724138
45005,45005,99.00,54,86,140,0.38571428571428573,0.6142857142857143,No,0.6142857142857143
45006,45006,75.00,33,109,142,0.2323943661971831,0.7676056338028169,No,0.7676056338028169
45007,45007,99.00,0,0,0,0,0,n/a,0
45008,45008,99.00,38,51,89,0.42696629213483145,0.5730337078651685,No,0.5730337078651685
45009,45009,75.00,27,121,148,0.18243243243243243,0.8175675675675675,No,0.8175675675675675
45010,45010,75.00,2,0,2,1.0,0.0,Yes,1.0
45011,45011,75.00,53,43,96,0.5520833333333334,0.4479166666666667,Yes,0.5520833333333334
45012,45012,99.00,11,3,14,0.7857142857142857,0.21428571428571427,Yes,0.7857142857142857
45013,45013,99.00,101,92,193,0.5233160621761658,0.47668393782383417,Yes,0.5233160621761658
45014,45014,99.00,90,74,164,0.5487804878048781,0.45121951219512196,Yes,0.5487804878048781
45015,45015,99.00,0,0,0,0,0,n/a,0
45016,45016,99.00,30,97,127,0.23622047244094488,0.7637795275590551,No,0.7637795275590551
45017,45017,99.00,22,43,65,0.3384615384615385,0.6615384615384615,No,0.6615384615384615
45018,45018,99.00,0,0,0,0,0,n/a,0
45019,45019,99.00,44,95,139,0.31654676258992803,0.6834532374100719,No,0.6834532374100719
45020,45020,99.00,1,0,1,1.0,0.0,Yes,1.0
45021,45021,99.00,13,33,46,0.2826086956521739,0.717391304347826,No,0.717391304347826
45022,45022,99.00,31,65,96,0.3229166666666667,0.6770833333333334,No,0.6770833333333334
45023,45023,99.00,3,0,3,1.0,0.0,Yes,1.0
45024,45024,99.00,4,0,4,1.0,0.0,Yes,1.0
45025,45025,99.00,0,0,0,0,0,n/a,0
45026,45026,99.00,55,18,73,0.7534246575342466,0.2465753424657534,Yes,0.7534246575342466
45027,45027,99.00,61,21,82,0.7439024390243902,0.25609756097560976,Yes,0.7439024390243902
45028,45028,66.67,2,2,4,0.5,0.5,Tie,0.5
45029,45029,99.00,28,16,44,0.6363636363636364,0.36363636363636365,Yes,0.6363636363636364
45030,45030,66.67,79,31,110,0.7181818181818181,0.2818181818181818,Yes,0.7181818181818181
45031,45031,99.00,65,48,113,0.5752212389380531,0.4247787610619469,Yes,0.5752212389380531
45032,45032,99.00,2,0,2,1.0,0.0,Yes,1.0
45033,45033,99.00,96,52,148,0.6486486486486487,0.35135135135135137,Yes,0.6486486486486487
45034,45034,99.00,2,2,4,0.5,0.5,Tie,0.5
45035,45035,99.00,65,78,143,0.45454545454545453,0.5454545454545454,No,0.5454545454545454
45036,45036,99.00,0,0,0,0,0,n/a,0
45037,45037,99.00,71,28,99,0.7171717171717171,0.2828282828282828,Yes,0.7171717171717171
45038,45038,66.67,51,27,78,0.6538461538461539,0.34615384615384615,Yes,0.6538461538461539
45039,45039,66.67,0,1,1,0.0,1.0,No,1.0
45040,45040,99.00,110,60,170,0.6470588235294118,0.35294117647058826,Yes,0.6470588235294118
45041,45041,99.00,1,1,2,0.5,0.5,Tie,0.5
45042,45042,99.00,0,0,0,0,0,n/a,0
45043,45043,99.00,80,54,134,0.5970149253731343,0.40298507462686567,Yes,0.5970149253731343
45044,45044,99.00,93,25,118,0.788135593220339,0.211864406779661,Yes,0.788135593220339
45045,45045,99.00,0,0,0,0,0,n/a,0
45046,45046,99.00,41,25,66,0.6212121212121212,0.3787878787878788,Yes,0.6212121212121212
45047,45047,99.00,15,1,16,0.9375,0.0625,Yes,0.9375
45048,45048,99.00,67,47,114,0.5877192982456141,0.41228070175438597,Yes,0.5877192982456141
45049,45049,99.00,0,0,0,0,0,n/a,0
45050,45050,99.00,57,24,81,0.7037037037037037,0.2962962962962963,Yes,0.7037037037037037
45051,45051,99.00,51,31,82,0.6219512195121951,0.3780487804878049,Yes,0.6219512195121951
45052,45052,99.00,1,0,1,1.0,0.0,Yes,1.0
45053,45053,99.00,88,48,136,0.6470588235294118,0.35294117647058826,Yes,0.6470588235294118
45054,45054,99.00,4,0,4,1.0,0.0,Yes,1.0
45055,45055,99.00,0,0,0,0,0,n/a,0
45056,45056,66.67,3,0,3,1.0,0.0,Yes,1.0
45057,45057,99.00,70,20,90,0.7777777777777778,0.2222222222222222,Yes,0.7777777777777778
45058,45058,99.00,3,0,3,1.0,0.0,Yes,1.0
45059,45059,99.00,103,39,142,0.7253521126760564,0.2746478873239437,Yes,0.7253521126760564
45060,45060,99.00,48,20,68,0.7058823529411765,0.29411764705882354,Yes,0.7058823529411765
45061,45061,99.00,0,0,0,0,0,n/a,0
45062,45062,99.00,36,14,50,0.72,0.28,Yes,0.72
45063,45063,99.00,0,0,0,0,0,n/a,0
45064,45064,99.00,27,23,50,0.54,0.46,Yes,0.54
45065,45065,99.00,2,1,3,0.6666666666666666,0.3333333333333333,Yes,0.6666666666666666
45066,45066,0.00,1,0,1,1.0,0.0,Yes,1.0
45067,45067,99.00,0,0,0,0,0,n/a,0
45068,45068,99.00,64,48,112,0.5714285714285714,0.42857142857142855,Yes,0.5714285714285714
45069,45069,99.00,110,78,188,0.5851063829787234,0.4148936170212766,Yes,0.5851063829787234
45070,45070,99.00,2,0,2,1.0,0.0,Yes,1.0
45071,45071,99.00,4,0,4,1.0,0.0,Yes,1.0
45072,45072,99.00,0,0,0,0,0,n/a,0
45073,45073,99.00,51,26,77,0.6623376623376623,0.33766233766233766,Yes,0.6623376623376623
45074,45074,99.00,71,40,111,0.6396396396396397,0.36036036036036034,Yes,0.6396396396396397
45075,45075,99.00,68,33,101,0.6732673267326733,0.32673267326732675,Yes,0.6732673267326733
45076,45076,99.00,2,0,2,1.0,0.0,Yes,1.0
45077,45077,99.00,0,0,0,0,0,n/a,0
45078,45078,99.00,93,55,148,0.6283783783783784,0.3716216216216216,Yes,0.6283783783783784
45079,45079,99.00,0,0,0,0,0,n/a,0
45080,45080,99.00,0,0,0,0,0,n/a,0
46001,46001,99.00,5,4,9,0.5555555555555556,0.4444444444444444,Yes,0.5555555555555556
46002,46002,99.00,4,1,5,0.8,0.2,Yes,0.8
46003,46003,99.00,83,44,127,0.6535433070866141,0.3464566929133858,Yes,0.6535433070866141
46004,46004,99.00,124,52,176,0.7045454545454546,0.29545454545454547,Yes,0.7045454545454546
46005,46005,99.00,50,22,72,0.6944444444444444,0.3055555555555556,Yes,0.6944444444444444
46006,46006,99.00,2,1,3,0.6666666666666666,0.3333333333333333,Yes,0.6666666666666666
46007,46007,99.00,5,2,7,0.7142857142857143,0.2857142857142857,Yes,0.7142857142857143
46008,46008,99.00,115,44,159,0.7232704402515723,0.27672955974842767,Yes,0.7232704402515723
46009,46009,99.00,10,0,10,1.0,0.0,Yes,1.0
46010,46010,99.00,102,21,123,0.8292682926829268,0.17073170731707318,Yes,0.8292682926829268
46011,46011,99.00,24,3,27,0.8888888888888888,0.1111111111111111,Yes,0.8888888888888888
46012,46012,99.00,97,23,120,0.8083333333333333,0.19166666666666668,Yes,0.8083333333333333
46013,46013,99.00,5,0,5,1.0,0.0,Yes,1.0
46014,46014,99.00,101,23,124,0.8145161290322581,0.18548387096774194,Yes,0.8145161290322581
46015,46015,99.00,0,1,1,0.0,1.0,No,1.0
46016,46016,99.00,83,32,115,0.7217391304347827,0.2782608695652174,Yes,0.7217391304347827
46017,46017,99.00,50,45,95,0.5263157894736842,0.47368421052631576,Yes,0.5263157894736842
46018,46018,99.00,0,0,0,0,0,n/a,0
46019,46019,99.00,69,29,98,0.7040816326530612,0.29591836734693877,Yes,0.7040816326530612
46020,46020,99.00,69,23,92,0.75,0.25,Yes,0.75
46021,46021,99.00,0,0,0,0,0,n/a,0
46022,46022,99.00,48,29,77,0.6233766233766234,0.37662337662337664,Yes,0.6233766233766234
46023,46023,99.00,56,14,70,0.8,0.2,Yes,0.8
46024,46024,99.00,51,24,75,0.68,0.32,Yes,0.68
46025,46025,99.00,1,0,1,1.0,0.0,Yes,1.0
46026,46026,50.00,16,7,23,0.6956521739130435,0.30434782608695654,Yes,0.6956521739130435
46027,46027,99.00,53,40,93,0.5698924731182796,0.43010752688172044,Yes,0.5698924731182796
46028,46028,99.00,0,0,0,0,0,n/a,0
46029,46029,99.00,52,19,71,0.7323943661971831,0.2676056338028169,Yes,0.7323943661971831
46030,46030,99.00,90,38,128,0.703125,0.296875,Yes,0.703125
46031,46031,99.00,147,51,198,0.7424242424242424,0.25757575757575757,Yes,0.7424242424242424
46032,46032,99.00,8,0,8,1.0,0.0,Yes,1.0
46033,46033,99.00,97,27,124,0.782258064516129,0.21774193548387097,Yes,0.782258064516129
46034,46034,99.00,3,2,5,0.6,0.4,Yes,0.6
46035,46035,99.00,0,0,0,0,0,n/a,0
46036,46036,99.00,7,0,7,1.0,0.0,Yes,1.0
46037,46037,99.00,0,1,1,0.0,1.0,No,1.0
46038,46038,99.00,65,24,89,0.7303370786516854,0.2696629213483146,Yes,0.7303370786516854
46039,46039,99.00,2,0,2,1.0,0.0,Yes,1.0
46040,46040,99.00,25,8,33,0.7575757575757576,0.24242424242424243,Yes,0.7575757575757576
46041,46041,99.00,160,59,219,0.730593607305936,0.2694063926940639,Yes,0.730593607305936
46042,46042,99.00,102,110,212,0.4811320754716981,0.5188679245283019,No,0.5188679245283019
46043,46043,99.00,27,13,40,0.675,0.325,Yes,0.675
46044,46044,99.00,30,12,42,0.7142857142857143,0.2857142857142857,Yes,0.7142857142857143
46045,46045,99.00,45,9,54,0.8333333333333334,0.16666666666666666,Yes,0.8333333333333334
46046,46046,99.00,29,10,39,0.7435897435897436,0.2564102564102564,Yes,0.7435897435897436
46047,46047,99.00,86,60,146,0.589041095890411,0.410958904109589,Yes,0.589041095890411
46048,46048,99.00,73,43,116,0.6293103448275862,0.3706896551724138,Yes,0.6293103448275862
46049,46049,99.00,182,76,258,0.7054263565891473,0.29457364341085274,Yes,0.7054263565891473
46050,46050,99.00,131,50,181,0.7237569060773481,0.27624309392265195,Yes,0.7237569060773481
46051,46051,33.33,126,70,196,0.6428571428571429,0.35714285714285715,Yes,0.6428571428571429
46052,46052,99.00,6,1,7,0.8571428571428571,0.14285714285714285,Yes,0.8571428571428571
46053,46053,99.00,120,53,173,0.6936416184971098,0.3063583815028902,Yes,0.6936416184971098
46054,46054,99.00,118,29,147,0.8027210884353742,0.19727891156462585,Yes,0.8027210884353742
46055,46055,99.00,89,33,122,0.7295081967213115,0.27049180327868855,Yes,0.7295081967213115
46056,46056,99.00,115,32,147,0.782312925170068,0.21768707482993196,Yes,0.782312925170068
46057,46057,99.00,5,4,9,0.5555555555555556,0.4444444444444444,Yes,0.5555555555555556
46058,46058,99.00,121,55,176,0.6875,0.3125,Yes,0.6875
46059,46059,99.00,123,39,162,0.7592592592592593,0.24074074074074073,Yes,0.7592592592592593
46060,46060,99.00,226,115,341,0.6627565982404692,0.33724340175953077,Yes,0.6627565982404692
46061,46061,99.00,17,3,20,0.85,0.15,Yes,0.85
46062,46062,99.00,212,73,285,0.743859649122807,0.256140350877193,Yes,0.743859649122807
46063,46063,99.00,143,60,203,0.7044334975369458,0.2955665024630542,Yes,0.7044334975369458
46064,46064,99.00,153,62,215,0.7116279069767442,0.28837209302325584,Yes,0.7116279069767442
46065,46065,99.00,141,68,209,0.6746411483253588,0.3253588516746411,Yes,0.6746411483253588
46066,46066,99.00,84,56,140,0.6,0.4,Yes,0.6
46067,46067,99.00,102,91,193,0.5284974093264249,0.47150259067357514,Yes,0.5284974093264249
46068,46068,99.00,83,92,175,0.4742857142857143,0.5257142857142857,No,0.5257142857142857
46069,46069,99.00,71,67,138,0.5144927536231884,0.4855072463768116,Yes,0.5144927536231884
46070,46070,99.00,3,0,3,1.0,0.0,Yes,1.0
46071,46071,99.00,78,54,132,0.5909090909090909,0.4090909090909091,Yes,0.5909090909090909
46072,46072,99.00,117,46,163,0.7177914110429447,0.2822085889570552,Yes,0.7177914110429447
46073,46073,99.00,93,46,139,0.6690647482014388,0.33093525179856115,Yes,0.6690647482014388
46074,46074,99.00,1,1,2,0.5,0.5,Tie,0.5
46075,46075,99.00,208,86,294,0.7074829931972789,0.2925170068027211,Yes,0.7074829931972789
46076,46076,99.00,4,2,6,0.6666666666666666,0.3333333333333333,Yes,0.6666666666666666
46077,46077,99.00,37,18,55,0.6727272727272727,0.32727272727272727,Yes,0.6727272727272727
46078,46078,99.00,219,127,346,0.6329479768786127,0.3670520231213873,Yes,0.6329479768786127
46079,46079,99.00,117,132,249,0.46987951807228917,0.5301204819277109,No,0.5301204819277109
46080,46080,99.00,91,22,113,0.8053097345132744,0.19469026548672566,Yes,0.8053097345132744
46081,46081,99.00,0,1,1,0.0,1.0,No,1.0
46082,46082,99.00,0,0,0,0,0,n/a,0
46083,46083,99.00,0,0,0,0,0,n/a,0
46084,46084,99.00,0,0,0,0,0,n/a,0
47001,47001,99.00,95,74,169,0.5621301775147929,0.4378698224852071,Yes,0.5621301775147929
47002,47002,99.00,7,1,8,0.875,0.125,Yes,0.875
47003,47003,99.00,43,22,65,0.6615384615384615,0.3384615384615385,Yes,0.6615384615384615
47004,47004,44.44,1,0,1,1.0,0.0,Yes,1.0
47005,47005,99.00,5,1,6,0.8333333333333334,0.16666666666666666,Yes,0.8333333333333334
47006,47006,99.00,120,71,191,0.6282722513089005,0.3717277486910995,Yes,0.6282722513089005
47007,47007,99.00,6,5,11,0.5454545454545454,0.45454545454545453,Yes,0.5454545454545454
47008,47008,99.00,113,66,179,0.6312849162011173,0.3687150837988827,Yes,0.6312849162011173
47009,47009,99.00,124,74,198,0.6262626262626263,0.37373737373737376,Yes,0.6262626262626263
47010,47010,99.00,7,10,17,0.4117647058823529,0.5882352941176471,No,0.5882352941176471
47011,47011,99.00,2,0,2,1.0,0.0,Yes,1.0
47012,47012,99.00,76,39,115,0.6608695652173913,0.3391304347826087,Yes,0.6608695652173913
47013,47013,99.00,115,55,170,0.6764705882352942,0.3235294117647059,Yes,0.6764705882352942
47014,47014,99.00,54,42,96,0.5625,0.4375,Yes,0.5625
47015,47015,99.00,49,12,61,0.8032786885245902,0.19672131147540983,Yes,0.8032786885245902
47016,47016,99.00,3,0,3,1.0,0.0,Yes,1.0
47017,47017,99.00,61,31,92,0.6630434782608695,0.33695652173913043,Yes,0.6630434782608695
47018,47018,99.00,35,31,66,0.5303030303030303,0.4696969696969697,Yes,0.5303030303030303
47019,47019,99.00,1,0,1,1.0,0.0,Yes,1.0
47020,47020,99.00,67,34,101,0.6633663366336634,0.33663366336633666,Yes,0.6633663366336634
47021,47021,99.00,5,1,6,0.8333333333333334,0.16666666666666666,Yes,0.8333333333333334
47022,47022,99.00,5,3,8,0.625,0.375,Yes,0.625
47023,47023,99.00,102,29,131,0.7786259541984732,0.22137404580152673,Yes,0.7786259541984732
47024,47024,99.00,91,37,128,0.7109375,0.2890625,Yes,0.7109375
47025,47025,99.00,91,42,133,0.6842105263157895,0.3157894736842105,Yes,0.6842105263157895
47026,47026,99.00,54,31,85,0.6352941176470588,0.36470588235294116,Yes,0.6352941176470588
47027,47027,99.00,78,38,116,0.6724137931034483,0.3275862068965517,Yes,0.6724137931034483
47028,47028,99.00,111,39,150,0.74,0.26,Yes,0.74
47029,47029,99.00,76,43,119,0.6386554621848739,0.36134453781512604,Yes,0.6386554621848739
47030,47030,99.00,7,4,11,0.6363636363636364,0.36363636363636365,Yes,0.6363636363636364
47031,47031,99.00,82,36,118,0.6949152542372882,0.3050847457627119,Yes,0.6949152542372882
47032,47032,99.00,2,1,3,0.6666666666666666,0.3333333333333333,Yes,0.6666666666666666
47033,47033,99.00,1,0,1,1.0,0.0,Yes,1.0
47034,47034,99.00,0,0,0,0,0,n/a,0
47035,47035,99.00,0,0,0,0,0,n/a,0
47036,47036,99.00,2,0,2,1.0,0.0,Yes,1.0
47037,47037,99.00,80,28,108,0.7407407407407407,0.25925925925925924,Yes,0.7407407407407407
47038,47038,99.00,3,2,5,0.6,0.4,Yes,0.6
47039,47039,99.00,2,0,2,1.0,0.0,Yes,1.0
47040,47040,99.00,59,33,92,0.6413043478260869,0.358695652173913,Yes,0.6413043478260869
47041,47041,99.00,2,0,2,1.0,0.0,Yes,1.0
47042,47042,99.00,2,1,3,0.6666666666666666,0.3333333333333333,Yes,0.6666666666666666
47043,47043,99.00,103,53,156,0.6602564102564102,0.33974358974358976,Yes,0.6602564102564102
47044,47044,99.00,101,37,138,0.7318840579710145,0.26811594202898553,Yes,0.7318840579710145
47045,47045,99.00,59,31,90,0.6555555555555556,0.34444444444444444,Yes,0.6555555555555556
47046,47046,99.00,44,37,81,0.5432098765432098,0.4567901234567901,Yes,0.5432098765432098
47047,47047,99.00,75,31,106,0.7075471698113207,0.29245283018867924,Yes,0.7075471698113207
47048,47048,99.00,74,46,120,0.6166666666666667,0.38333333333333336,Yes,0.6166666666666667
47049,47049,99.00,5,3,8,0.625,0.375,Yes,0.625
47050,47050,99.00,97,43,140,0.6928571428571428,0.30714285714285716,Yes,0.6928571428571428
47051,47051,99.00,87,66,153,0.5686274509803921,0.43137254901960786,Yes,0.5686274509803921
47052,47052,99.00,2,3,5,0.4,0.6,No,0.6
47053,47053,99.00,66,31,97,0.6804123711340206,0.31958762886597936,Yes,0.6804123711340206
47054,47054,99.00,1,1,2,0.5,0.5,Tie,0.5
47055,47055,99.00,91,45,136,0.6691176470588235,0.33088235294117646,Yes,0.6691176470588235
47056,47056,99.00,0,0,0,0,0,n/a,0
47057,47057,99.00,78,49,127,0.6141732283464567,0.3858267716535433,Yes,0.6141732283464567
47058,47058,99.00,53,24,77,0.6883116883116883,0.3116883116883117,Yes,0.6883116883116883
47059,47059,99.00,47,19,66,0.7121212121212122,0.2878787878787879,Yes,0.7121212121212122
47060,47060,99.00,0,0,0,0,0,n/a,0
47061,47061,99.00,47,7,54,0.8703703703703703,0.12962962962962962,Yes,0.8703703703703703
47062,47062,99.00,77,22,99,0.7777777777777778,0.2222222222222222,Yes,0.7777777777777778
47063,47063,99.00,26,22,48,0.5416666666666666,0.4583333333333333,Yes,0.5416666666666666
47064,47064,99.00,80,51,131,0.6106870229007634,0.3893129770992366,Yes,0.6106870229007634
47065,47065,99.00,4,4,8,0.5,0.5,Tie,0.5
47066,47066,99.00,1,0,1,1.0,0.0,Yes,1.0
47067,47067,99.00,0,0,0,0,0,n/a,0
47068,47068,99.00,0,1,1,0.0,1.0,No,1.0
47069,47069,99.00,7,1,8,0.875,0.125,Yes,0.875
47070,47070,99.00,51,34,85,0.6,0.4,Yes,0.6
47071,47071,99.00,6,3,9,0.6666666666666666,0.3333333333333333,Yes,0.6666666666666666
47072,47072,44.44,37,26,63,0.5873015873015873,0.4126984126984127,Yes,0.5873015873015873
47073,47073,99.00,0,0,0,0,0,n/a,0
47074,47074,99.00,0,0,0,0,0,n/a,0
48001,48001,99.00,0,0,0,0,0,n/a,0
48002,48002,99.00,0,2,2,0.0,1.0,No,1.0
48003,48003,99.00,24,47,71,0.3380281690140845,0.6619718309859155,No,0.6619718309859155
48004,48004,99.00,41,118,159,0.2578616352201258,0.7421383647798742,No,0.7421383647798742
48005,48005,99.00,20,53,73,0.273972602739726,0.726027397260274,No,0.726027397260274
48006,48006,99.00,2,2,4,0.5,0.5,Tie,0.5
48007,48007,99.00,21,63,84,0.25,0.75,No,0.75
48008,48008,99.00,4,8,12,0.3333333333333333,0.6666666666666666,No,0.6666666666666666
48009,48009,99.00,15,63,78,0.19230769230769232,0.8076923076923077,No,0.8076923076923077
48010,48010,99.00,30,95,125,0.24,0.76,No,0.76
48011,48011,99.00,0,0,0,0,0,n/a,0
48012,48012,99.00,2,1,3,0.6666666666666666,0.3333333333333333,Yes,0.6666666666666666
48013,48013,99.00,0,0,0,0,0,n/a,0
48014,48014,99.00,8,46,54,0.14814814814814814,0.8518518518518519,No,0.8518518518518519
48015,48015,99.00,26,148,174,0.14942528735632185,0.8505747126436781,No,0.8505747126436781
48016,48016,99.00,24,101,125,0.192,0.808,No,0.808
48017,48017,99.00,1,0,1,1.0,0.0,Yes,1.0
48018,48018,99.00,7,102,109,0.06422018348623854,0.9357798165137615,No,0.9357798165137615
48019,48019,99.00,32,130,162,0.19753086419753085,0.8024691358024691,No,0.8024691358024691
48020,48020,99.00,0,0,0,0,0,n/a,0
48021,48021,99.00,9,51,60,0.15,0.85,No,0.85
48022,48022,99.00,1,3,4,0.25,0.75,No,0.75
48023,48023,99.00,15,86,101,0.1485148514851485,0.8514851485148515,No,0.8514851485148515
48024,48024,99.00,11,67,78,0.14102564102564102,0.8589743589743589,No,0.8589743589743589
48025,48025,99.00,10,67,77,0.12987012987012986,0.8701298701298701,No,0.8701298701298701
48026,48026,99.00,77,162,239,0.32217573221757323,0.6778242677824268,No,0.6778242677824268
48027,48027,99.00,0,2,2,0.0,1.0,No,1.0
48028,48028,99.00,0,4,4,0.0,1.0,No,1.0
48029,48029,99.00,34,157,191,0.17801047120418848,0.8219895287958116,No,0.8219895287958116
48030,48030,99.00,20,181,201,0.09950248756218906,0.900497512437811,No,0.900497512437811
48031,48031,99.00,46,13,59,0.7796610169491526,0.22033898305084745,Yes,0.7796610169491526
48032,48032,99.00,41,142,183,0.22404371584699453,0.7759562841530054,No,0.7759562841530054
48033,48033,99.00,3,4,7,0.42857142857142855,0.5714285714285714,No,0.5714285714285714
48034,48034,99.00,26,14,40,0.65,0.35,Yes,0.65
48035,48035,99.00,6,4,10,0.6,0.4,Yes,0.6
48036,48036,99.00,63,29,92,0.6847826086956522,0.31521739130434784,Yes,0.6847826086956522
48037,48037,99.00,3,2,5,0.6,0.4,Yes,0.6
48038,48038,99.00,3,0,3,1.0,0.0,Yes,1.0
48039,48039,99.00,2,1,3,0.6666666666666666,0.3333333333333333,Yes,0.6666666666666666
48040,48040,99.00,44,101,145,0.30344827586206896,0.696551724137931,No,0.696551724137931
48041,48041,99.00,2,0,2,1.0,0.0,Yes,1.0
48042,48042,99.00,70,123,193,0.3626943005181347,0.6373056994818653,No,0.6373056994818653
48043,48043,99.00,71,40,111,0.6396396396396397,0.36036036036036034,Yes,0.6396396396396397
48044,48044,99.00,51,24,75,0.68,0.32,Yes,0.68
48045,48045,99.00,1,3,4,0.25,0.75,No,0.75
48046,48046,99.00,0,3,3,0.0,1.0,No,1.0
48047,48047,99.00,41,83,124,0.33064516129032256,0.6693548387096774,No,0.6693548387096774
48048,48048,99.00,14,74,88,0.1590909090909091,0.8409090909090909,No,0.8409090909090909
48049,48049,99.00,12,9,21,0.5714285714285714,0.42857142857142855,Yes,0.5714285714285714
48050,48050,75.00,5,51,56,0.08928571428571429,0.9107142857142857,No,0.9107142857142857
48051,48051,99.00,67,79,146,0.4589041095890411,0.541095890410959,No,0.541095890410959
48052,48052,99.00,25,53,78,0.32051282051282054,0.6794871794871795,No,0.6794871794871795
48053,48053,99.00,0,0,0,0,0,n/a,0
48054,48054,99.00,5,1,6,0.8333333333333334,0.16666666666666666,Yes,0.8333333333333334
48055,48055,99.00,98,146,244,0.4016393442622951,0.5983606557377049,No,0.5983606557377049
48056,48056,99.00,62,102,164,0.3780487804878049,0.6219512195121951,No,0.6219512195121951
48057,48057,99.00,4,2,6,0.6666666666666666,0.3333333333333333,Yes,0.6666666666666666
48058,48058,99.00,3,0,3,1.0,0.0,Yes,1.0
48059,48059,99.00,15,126,141,0.10638297872340426,0.8936170212765957,No,0.8936170212765957
48060,48060,99.00,39,126,165,0.23636363636363636,0.7636363636363637,No,0.7636363636363637
48061,48061,99.00,53,153,206,0.25728155339805825,0.7427184466019418,No,0.7427184466019418
48062,48062,99.00,80,67,147,0.54421768707483,0.4557823129251701,Yes,0.54421768707483
48063,48063,99.00,74,44,118,0.6271186440677966,0.3728813559322034,Yes,0.6271186440677966
48064,48064,99.00,15,53,68,0.22058823529411764,0.7794117647058824,No,0.7794117647058824
48065,48065,99.00,60,103,163,0.36809815950920244,0.6319018404907976,No,0.6319018404907976
48066,48066,99.00,0,0,0,0,0,n/a,0
48067,48067,99.00,10,32,42,0.23809523809523808,0.7619047619047619,No,0.7619047619047619
48068,48068,99.00,1,0,1,1.0,0.0,Yes,1.0
48069,48069,99.00,1,0,1,1.0,0.0,Yes,1.0
48070,48070,99.00,61,67,128,0.4765625,0.5234375,No,0.5234375
48071,48071,99.00,13,103,116,0.11206896551724138,0.8879310344827587,No,0.8879310344827587
48072,48072,99.00,32,137,169,0.1893491124260355,0.8106508875739645,No,0.8106508875739645
49001,49001,99.00,80,22,102,0.7843137254901961,0.21568627450980393,Yes,0.7843137254901961
49002,49002,99.00,33,18,51,0.6470588235294118,0.35294117647058826,Yes,0.6470588235294118
49003,49003,66.67,9,2,11,0.8181818181818182,0.18181818181818182,Yes,0.8181818181818182
49004,49004,66.67,77,40,117,0.6581196581196581,0.3418803418803419,Yes,0.6581196581196581
49005,49005,66.67,33,19,52,0.6346153846153846,0.36538461538461536,Yes,0.6346153846153846
49006,49006,99.00,2,0,2,1.0,0.0,Yes,1.0
49007,49007,99.00,0,0,0,0,0,n/a,0
49008,49008,99.00,64,23,87,0.735632183908046,0.26436781609195403,Yes,0.735632183908046
49009,49009,99.00,34,15,49,0.6938775510204082,0.30612244897959184,Yes,0.6938775510204082
49010,49010,0.00,0,0,0,0,0,n/a,0
49011,49011,0.00,3,0,3,1.0,0.0,Yes,1.0
49012,49012,99.00,1,1,2,0.5,0.5,Tie,0.5
49013,49013,99.00,1,0,1,1.0,0.0,Yes,1.0
49014,49014,66.67,0,0,0,0,0,n/a,0
49015,49015,99.00,0,0,0,0,0,n/a,0
49016,49016,99.00,54,14,68,0.7941176470588235,0.20588235294117646,Yes,0.7941176470588235
49017,49017,99.00,47,36,83,0.5662650602409639,0.43373493975903615,Yes,0.5662650602409639
49018,49018,99.00,0,1,1,0.0,1.0,No,1.0
49019,49019,99.00,47,23,70,0.6714285714285714,0.32857142857142857,Yes,0.6714285714285714
49020,49020,99.00,109,51,160,0.68125,0.31875,Yes,0.68125
49021,49021,99.00,49,19,68,0.7205882352941176,0.27941176470588236,Yes,0.7205882352941176
49022,49022,99.00,59,41,100,0.59,0.41,Yes,0.59
49023,49023,99.00,104,37,141,0.7375886524822695,0.2624113475177305,Yes,0.7375886524822695
49024,49024,99.00,2,2,4,0.5,0.5,Tie,0.5
49025,49025,99.00,74,41,115,0.6434782608695652,0.3565217391304348,Yes,0.6434782608695652
49026,49026,44.44,89,72,161,0.5527950310559007,0.4472049689440994,Yes,0.5527950310559007
49027,49027,44.44,59,24,83,0.7108433734939759,0.2891566265060241,Yes,0.7108433734939759
49028,49028,44.44,3,6,9,0.3333333333333333,0.6666666666666666,No,0.6666666666666666
49029,49029,99.00,0,0,0,0,0,n/a,0
49030,49030,99.00,3,0,3,1.0,0.0,Yes,1.0
49031,49031,99.00,34,18,52,0.6538461538461539,0.34615384615384615,Yes,0.6538461538461539
49032,49032,99.00,0,0,0,0,0,n/a,0
49033,49033,99.00,1,0,1,1.0,0.0,Yes,1.0
49034,49034,44.44,5,1,6,0.8333333333333334,0.16666666666666666,Yes,0.8333333333333334
49035,49035,99.00,110,68,178,0.6179775280898876,0.38202247191011235,Yes,0.6179775280898876
49036,49036,44.44,1,0,1,1.0,0.0,Yes,1.0
49037,49037,99.00,43,25,68,0.6323529411764706,0.36764705882352944,Yes,0.6323529411764706
49038,49038,99.00,43,20,63,0.6825396825396826,0.31746031746031744,Yes,0.6825396825396826
49039,49039,99.00,8,0,8,1.0,0.0,Yes,1.0
49040,49040,99.00,106,42,148,0.7162162162162162,0.28378378378378377,Yes,0.7162162162162162
49041,49041,99.00,53,31,84,0.6309523809523809,0.36904761904761907,Yes,0.6309523809523809
49042,49042,99.00,44,23,67,0.6567164179104478,0.34328358208955223,Yes,0.6567164179104478
49043,49043,99.00,32,25,57,0.5614035087719298,0.43859649122807015,Yes,0.5614035087719298
49044,49044,44.44,6,1,7,0.8571428571428571,0.14285714285714285,Yes,0.8571428571428571
49045,49045,99.00,2,1,3,0.6666666666666666,0.3333333333333333,Yes,0.6666666666666666
49046,49046,99.00,0,0,0,0,0,n/a,0
49047,49047,99.00,69,40,109,0.6330275229357798,0.3669724770642202,Yes,0.6330275229357798
49048,49048,99.00,67,30,97,0.6907216494845361,0.30927835051546393,Yes,0.6907216494845361
49049,49049,99.00,121,75,196,0.6173469387755102,0.3826530612244898,Yes,0.6173469387755102
49050,49050,99.00,119,67,186,0.6397849462365591,0.3602150537634409,Yes,0.6397849462365591
49051,49051,99.00,5,6,11,0.45454545454545453,0.5454545454545454,No,0.5454545454545454
49052,49052,99.00,6,2,8,0.75,0.25,Yes,0.75
49053,49053,99.00,133,85,218,0.6100917431192661,0.38990825688073394,Yes,0.6100917431192661
49054,49054,99.00,150,90,240,0.625,0.375,Yes,0.625
49055,49055,99.00,45,24,69,0.6521739130434783,0.34782608695652173,Yes,0.6521739130434783
49056,49056,99.00,0,0,0,0,0,n/a,0
49057,49057,99.00,0,0,0,0,0,n/a,0
49058,49058,99.00,59,23,82,0.7195121951219512,0.2804878048780488,Yes,0.7195121951219512
49059,49059,44.44,86,45,131,0.6564885496183206,0.3435114503816794,Yes,0.6564885496183206
49060,49060,99.00,0,0,0,0,0,n/a,0
49061,49061,0.00,1,0,1,1.0,0.0,Yes,1.0
49062,49062,66.67,70,32,102,0.6862745098039216,0.3137254901960784,Yes,0.6862745098039216
49063,49063,99.00,5,1,6,0.8333333333333334,0.16666666666666666,Yes,0.8333333333333334
49064,49064,99.00,34,23,57,0.5964912280701754,0.40350877192982454,Yes,0.5964912280701754
49065,49065,99.00,9,3,12,0.75,0.25,Yes,0.75
49066,49066,99.00,38,16,54,0.7037037037037037,0.2962962962962963,Yes,0.7037037037037037
49067,49067,66.67,11,0,11,1.0,0.0,Yes,1.0
49068,49068,99.00,34,15,49,0.6938775510204082,0.30612244897959184,Yes,0.6938775510204082
49069,49069,99.00,1,2,3,0.3333333333333333,0.6666666666666666,No,0.6666666666666666
49070,49070,99.00,1,0,1,1.0,0.0,Yes,1.0
49071,49071,99.00,0,0,0,0,0,n/a,0
50001,50001,99.00,37,8,45,0.8222222222222222,0.17777777777777778,Yes,0.8222222222222222
50002,50002,99.00,169,26,195,0.8666666666666667,0.13333333333333333,Yes,0.8666666666666667
50003,50003,66.67,187,20,207,0.9033816425120773,0.0966183574879227,Yes,0.9033816425120773
50004,50004,99.00,3,0,3,1.0,0.0,Yes,1.0
50005,50005,66.67,130,15,145,0.896551724137931,0.10344827586206896,Yes,0.896551724137931
50006,50006,66.67,130,15,145,0.896551724137931,0.10344827586206896,Yes,0.896551724137931
50007,50007,99.00,211,28,239,0.8828451882845189,0.11715481171548117,Yes,0.8828451882845189
50008,50008,99.00,183,22,205,0.8926829268292683,0.1073170731707317,Yes,0.8926829268292683
50009,50009,99.00,175,19,194,0.9020618556701031,0.0979381443298969,Yes,0.9020618556701031
50010,50010,99.00,277,46,323,0.8575851393188855,0.14241486068111456,Yes,0.8575851393188855
50011,50011,99.00,2,2,4,0.5,0.5,Tie,0.5
50012,50012,80.00,233,32,265,0.879245283018868,0.12075471698113208,Yes,0.879245283018868
50013,50013,99.00,4,1,5,0.8,0.2,Yes,0.8
50014,50014,99.00,94,14,108,0.8703703703703703,0.12962962962962962,Yes,0.8703703703703703
50015,50015,80.00,8,0,8,1.0,0.0,Yes,1.0
50016,50016,99.00,2,0,2,1.0,0.0,Yes,1.0
50017,50017,99.00,115,23,138,0.8333333333333334,0.16666666666666666,Yes,0.8333333333333334
50018,50018,80.00,9,3,12,0.75,0.25,Yes,0.75
50019,50019,80.00,265,33,298,0.889261744966443,0.11073825503355705,Yes,0.889261744966443
50020,50020,99.00,14,0,14,1.0,0.0,Yes,1.0
50021,50021,99.00,359,29,388,0.9252577319587629,0.07474226804123711,Yes,0.9252577319587629
50022,50022,99.00,94,12,106,0.8867924528301887,0.11320754716981132,Yes,0.8867924528301887
50023,50023,99.00,0,0,0,0,0,n/a,0
50024,50024,99.00,0,0,0,0,0,n/a,0
50025,50025,99.00,1,0,1,1.0,0.0,Yes,1.0
50026,50026,99.00,183,23,206,0.8883495145631068,0.11165048543689321,Yes,0.8883495145631068
50027,50027,99.00,181,21,202,0.8960396039603961,0.10396039603960396,Yes,0.8960396039603961
50028,50028,99.00,181,37,218,0.8302752293577982,0.16972477064220184,Yes,0.8302752293577982
50029,50029,99.00,12,1,13,0.9230769230769231,0.07692307692307693,Yes,0.9230769230769231
50030,50030,99.00,188,23,211,0.8909952606635071,0.10900473933649289,Yes,0.8909952606635071
50031,50031,99.00,9,0,9,1.0,0.0,Yes,1.0
50032,50032,99.00,270,39,309,0.8737864077669902,0.1262135922330097,Yes,0.8737864077669902
50033,50033,80.00,186,27,213,0.8732394366197183,0.1267605633802817,Yes,0.8732394366197183
50034,50034,99.00,152,16,168,0.9047619047619048,0.09523809523809523,Yes,0.9047619047619048
50035,50035,99.00,159,26,185,0.8594594594594595,0.14054054054054055,Yes,0.8594594594594595
50036,50036,99.00,105,14,119,0.8823529411764706,0.11764705882352941,Yes,0.8823529411764706
50037,50037,99.00,145,10,155,0.9354838709677419,0.06451612903225806,Yes,0.9354838709677419
50038,50038,99.00,104,17,121,0.859504132231405,0.14049586776859505,Yes,0.859504132231405
50039,50039,99.00,129,11,140,0.9214285714285714,0.07857142857142857,Yes,0.9214285714285714
50040,50040,99.00,111,17,128,0.8671875,0.1328125,Yes,0.8671875
50041,50041,99.00,154,19,173,0.8901734104046243,0.10982658959537572,Yes,0.8901734104046243
50042,50042,80.00,178,39,217,0.8202764976958525,0.17972350230414746,Yes,0.8202764976958525
50043,50043,99.00,142,17,159,0.8930817610062893,0.1069182389937107,Yes,0.8930817610062893
50044,50044,99.00,10,1,11,0.9090909090909091,0.09090909090909091,Yes,0.9090909090909091
50045,50045,99.00,0,0,0,0,0,n/a,0
50046,50046,99.00,123,16,139,0.8848920863309353,0.11510791366906475,Yes,0.8848920863309353
50047,50047,99.00,5,2,7,0.7142857142857143,0.2857142857142857,Yes,0.7142857142857143
50048,50048,99.00,125,17,142,0.8802816901408451,0.11971830985915492,Yes,0.8802816901408451
50049,50049,99.00,3,0,3,1.0,0.0,Yes,1.0
50050,50050,99.00,199,29,228,0.8728070175438597,0.12719298245614036,Yes,0.8728070175438597
50051,50051,99.00,189,20,209,0.9043062200956937,0.09569377990430622,Yes,0.9043062200956937
50052,50052,99.00,99,16,115,0.8608695652173913,0.1391304347826087,Yes,0.8608695652173913
50053,50053,99.00,122,18,140,0.8714285714285714,0.12857142857142856,Yes,0.8714285714285714
50054,50054,99.00,2,0,2,1.0,0.0,Yes,1.0
50055,50055,99.00,0,0,0,0,0,n/a,0
50056,50056,99.00,19,2,21,0.9047619047619048,0.09523809523809523,Yes,0.9047619047619048
50057,50057,99.00,59,24,83,0.7108433734939759,0.2891566265060241,Yes,0.7108433734939759
50058,50058,99.00,1,0,1,1.0,0.0,Yes,1.0
50059,50059,99.00,125,27,152,0.8223684210526315,0.17763157894736842,Yes,0.8223684210526315
50060,50060,99.00,2,0,2,1.0,0.0,Yes,1.0
50061,50061,99.00,47,12,59,0.7966101694915254,0.2033898305084746,Yes,0.7966101694915254
50062,50062,99.00,0,0,0,0,0,n/a,0
50063,50063,99.00,31,15,46,0.6739130434782609,0.32608695652173914,Yes,0.6739130434782609
50064,50064,99.00,19,5,24,0.7916666666666666,0.20833333333333334,Yes,0.7916666666666666
50065,50065,99.00,0,0,0,0,0,n/a,0
50066,50066,99.00,4,11,15,0.26666666666666666,0.7333333333333333,No,0.7333333333333333
50067,50067,99.00,1,0,1,1.0,0.0,Yes,1.0
50068,50068,99.00,16,13,29,0.5517241379310345,0.4482758620689655,Yes,0.5517241379310345
50069,50069,99.00,31,30,61,0.5081967213114754,0.4918032786885246,Yes,0.5081967213114754
50070,50070,99.00,0,0,0,0,0,n/a,0
50071,50071,99.00,0,0,0,0,0,n/a,0
50072,50072,99.00,50,26,76,0.6578947368421053,0.34210526315789475,Yes,0.6578947368421053
50073,50073,99.00,0,0,0,0,0,n/a,0
50074,50074,99.00,1,5,6,0.16666666666666666,0.8333333333333334,No,0.8333333333333334
50075,50075,99.00,21,6,27,0.7777777777777778,0.2222222222222222,Yes,0.7777777777777778
50076,50076,99.00,30,12,42,0.7142857142857143,0.2857142857142857,Yes,0.7142857142857143
50077,50077,99.00,11,16,27,0.4074074074074074,0.5925925925925926,No,0.5925925925925926
50078,50078,99.00,17,14,31,0.5483870967741935,0.45161290322580644,Yes,0.5483870967741935
50079,50079,99.00,0,0,0,0,0,n/a,0
50080,50080,99.00,1,2,3,0.3333333333333333,0.6666666666666666,No,0.6666666666666666
50081,50081,99.00,0,0,0,0,0,n/a,0
50082,50082,99.00,42,11,53,0.7924528301886793,0.20754716981132076,Yes,0.7924528301886793
50083,50083,99.00,55,10,65,0.8461538461538461,0.15384615384615385,Yes,0.8461538461538461
50084,50084,99.00,0,0,0,0,0,n/a,0
50085,50085,99.00,41,6,47,0.8723404255319149,0.1276595744680851,Yes,0.8723404255319149
50086,50086,99.00,0,0,0,0,0,n/a,0
50087,50087,99.00,4,0,4,1.0,0.0,Yes,1.0
50088,50088,99.00,2,0,2,1.0,0.0,Yes,1.0
50089,50089,99.00,158,16,174,0.9080459770114943,0.09195402298850575,Yes,0.9080459770114943
50090,50090,99.00,113,8,121,0.9338842975206612,0.06611570247933884,Yes,0.9338842975206612
50091,50091,99.00,5,0,5,1.0,0.0,Yes,1.0
50092,50092,99.00,236,39,275,0.8581818181818182,0.14181818181818182,Yes,0.8581818181818182
50093,50093,99.00,0,0,0,0,0,n/a,0
50094,50094,99.00,1,0,1,1.0,0.0,Yes,1.0
50095,50095,99.00,165,29,194,0.8505154639175257,0.14948453608247422,Yes,0.8505154639175257
50096,50096,99.00,121,5,126,0.9603174603174603,0.03968253968253968,Yes,0.9603174603174603
50097,50097,99.00,208,29,237,0.8776371308016878,0.12236286919831224,Yes,0.8776371308016878
50098,50098,99.00,0,0,0,0,0,n/a,0
50099,50099,99.00,154,12,166,0.927710843373494,0.07228915662650602,Yes,0.927710843373494
50100,50100,99.00,0,0,0,0,0,n/a,0
50101,50101,99.00,6,0,6,1.0,0.0,Yes,1.0
50102,50102,80.00,3,6,9,0.3333333333333333,0.6666666666666666,No,0.6666666666666666
50103,50103,99.00,0,0,0,0,0,n/a,0
50104,50104,99.00,0,0,0,0,0,n/a,0
50105,50105,99.00,0,0,0,0,0,n/a,0
50106,50106,99.00,0,0,0,0,0,n/a,0
50107,50107,99.00,0,0,0,0,0,n/a,0
51001,51001,99.00,138,32,170,0.8117647058823529,0.18823529411764706,Yes,0.8117647058823529
51002,51002,99.00,62,25,87,0.7126436781609196,0.28735632183908044,Yes,0.7126436781609196
51003,51003,99.00,133,17,150,0.8866666666666667,0.11333333333333333,Yes,0.8866666666666667
51004,51004,99.00,94,15,109,0.8623853211009175,0.13761467889908258,Yes,0.8623853211009175
51005,51005,99.00,45,19,64,0.703125,0.296875,Yes,0.703125
51006,51006,99.00,13,0,13,1.0,0.0,Yes,1.0
51007,51007,99.00,205,23,228,0.8991228070175439,0.10087719298245613,Yes,0.8991228070175439
51008,51008,0.00,1,0,1,1.0,0.0,Yes,1.0
51009,51009,99.00,38,11,49,0.7755102040816326,0.22448979591836735,Yes,0.7755102040816326
51010,51010,99.00,1,0,1,1.0,0.0,Yes,1.0
51011,51011,99.00,296,40,336,0.8809523809523809,0.11904761904761904,Yes,0.8809523809523809
51012,51012,99.00,205,26,231,0.8874458874458875,0.11255411255411256,Yes,0.8874458874458875
51013,51013,99.00,20,1,21,0.9523809523809523,0.047619047619047616,Yes,0.9523809523809523
51014,51014,99.00,85,69,154,0.551948051948052,0.44805194805194803,Yes,0.551948051948052
51015,51015,99.00,2,0,2,1.0,0.0,Yes,1.0
51016,51016,99.00,29,48,77,0.37662337662337664,0.6233766233766234,No,0.6233766233766234
51017,51017,99.00,67,28,95,0.7052631578947368,0.29473684210526313,Yes,0.7052631578947368
51018,51018,99.00,0,0,0,0,0,n/a,0
51019,51019,99.00,2,0,2,1.0,0.0,Yes,1.0
51020,51020,0.00,51,8,59,0.864406779661017,0.13559322033898305,Yes,0.864406779661017
51021,51021,99.00,3,0,3,1.0,0.0,Yes,1.0
51022,51022,99.00,11,0,11,1.0,0.0,Yes,1.0
51023,51023,99.00,17,2,19,0.8947368421052632,0.10526315789473684,Yes,0.8947368421052632
51024,51024,50.00,39,12,51,0.7647058823529411,0.23529411764705882,Yes,0.7647058823529411
51025,51025,99.00,0,0,0,0,0,n/a,0
51026,51026,99.00,91,31,122,0.7459016393442623,0.2540983606557377,Yes,0.7459016393442623
51027,51027,99.00,3,1,4,0.75,0.25,Yes,0.75
51028,51028,99.00,0,0,0,0,0,n/a,0
51029,51029,66.67,99,22,121,0.8181818181818182,0.18181818181818182,Yes,0.8181818181818182
51030,51030,99.00,5,0,5,1.0,0.0,Yes,1.0
51031,51031,99.00,120,47,167,0.718562874251497,0.281437125748503,Yes,0.718562874251497
51032,51032,66.67,101,29,130,0.7769230769230769,0.2230769230769231,Yes,0.7769230769230769
51033,51033,66.67,61,13,74,0.8243243243243243,0.17567567567567569,Yes,0.8243243243243243
51034,51034,99.00,123,18,141,0.8723404255319149,0.1276595744680851,Yes,0.8723404255319149
51035,51035,99.00,126,23,149,0.8456375838926175,0.15436241610738255,Yes,0.8456375838926175
51036,51036,99.00,100,17,117,0.8547008547008547,0.1452991452991453,Yes,0.8547008547008547
51037,51037,99.00,108,19,127,0.8503937007874016,0.14960629921259844,Yes,0.8503937007874016
51038,51038,99.00,187,24,211,0.8862559241706162,0.11374407582938388,Yes,0.8862559241706162
51039,51039,99.00,101,18,119,0.8487394957983193,0.15126050420168066,Yes,0.8487394957983193
51040,51040,99.00,191,23,214,0.8925233644859814,0.10747663551401869,Yes,0.8925233644859814
51041,51041,99.00,316,42,358,0.88268156424581,0.11731843575418995,Yes,0.88268156424581
51042,51042,99.00,218,20,238,0.9159663865546218,0.08403361344537816,Yes,0.9159663865546218
51043,51043,99.00,94,7,101,0.9306930693069307,0.06930693069306931,Yes,0.9306930693069307
51044,51044,0.00,8,1,9,0.8888888888888888,0.1111111111111111,Yes,0.8888888888888888
51045,51045,0.00,0,0,0,0,0,n/a,0
51046,51046,99.00,2,0,2,1.0,0.0,Yes,1.0
51047,51047,99.00,6,1,7,0.8571428571428571,0.14285714285714285,Yes,0.8571428571428571
51048,51048,99.00,0,0,0,0,0,n/a,0
51049,51049,99.00,212,31,243,0.8724279835390947,0.12757201646090535,Yes,0.8724279835390947
51050,51050,99.00,1,0,1,1.0,0.0,Yes,1.0
51051,51051,99.00,95,23,118,0.8050847457627118,0.19491525423728814,Yes,0.8050847457627118
51052,51052,99.00,127,30,157,0.8089171974522293,0.1910828025477707,Yes,0.8089171974522293
51053,51053,99.00,4,3,7,0.5714285714285714,0.42857142857142855,Yes,0.5714285714285714
51054,51054,99.00,96,20,116,0.8275862068965517,0.1724137931034483,Yes,0.8275862068965517
51055,51055,99.00,15,1,16,0.9375,0.0625,Yes,0.9375
51056,51056,99.00,0,0,0,0,0,n/a,0
51057,51057,99.00,0,0,0,0,0,n/a,0
51058,51058,99.00,0,1,1,0.0,1.0,No,1.0
51059,51059,99.00,6,0,6,1.0,0.0,Yes,1.0
51060,51060,99.00,117,37,154,0.7597402597402597,0.24025974025974026,Yes,0.7597402597402597
51061,51061,99.00,120,28,148,0.8108108108108109,0.1891891891891892,Yes,0.8108108108108109
51062,51062,99.00,190,56,246,0.7723577235772358,0.22764227642276422,Yes,0.7723577235772358
51063,51063,99.00,123,35,158,0.7784810126582279,0.22151898734177214,Yes,0.7784810126582279
51064,51064,99.00,95,19,114,0.8333333333333334,0.16666666666666666,Yes,0.8333333333333334
51065,51065,99.00,65,14,79,0.8227848101265823,0.17721518987341772,Yes,0.8227848101265823
51066,51066,99.00,90,19,109,0.8256880733944955,0.1743119266055046,Yes,0.8256880733944955
51067,51067,99.00,3,1,4,0.75,0.25,Yes,0.75
51068,51068,99.00,4,0,4,1.0,0.0,Yes,1.0
51069,51069,0.00,2,1,3,0.6666666666666666,0.3333333333333333,Yes,0.6666666666666666
51070,51070,99.00,166,28,194,0.8556701030927835,0.14432989690721648,Yes,0.8556701030927835
51071,51071,99.00,57,12,69,0.8260869565217391,0.17391304347826086,Yes,0.8260869565217391
51072,51072,99.00,4,1,5,0.8,0.2,Yes,0.8
51073,51073,99.00,104,17,121,0.859504132231405,0.14049586776859505,Yes,0.859504132231405
51074,51074,99.00,1,1,2,0.5,0.5,Tie,0.5
51075,51075,66.67,16,0,16,1.0,0.0,Yes,1.0
51076,51076,99.00,9,0,9,1.0,0.0,Yes,1.0
51077,51077,99.00,170,40,210,0.8095238095238095,0.19047619047619047,Yes,0.8095238095238095
51078,51078,99.00,2,0,2,1.0,0.0,Yes,1.0
51079,51079,99.00,105,20,125,0.84,0.16,Yes,0.84
51080,51080,99.00,1,0,1,1.0,0.0,Yes,1.0
51081,51081,99.00,80,17,97,0.8247422680412371,0.17525773195876287,Yes,0.8247422680412371
51082,51082,99.00,182,28,210,0.8666666666666667,0.13333333333333333,Yes,0.8666666666666667
51083,51083,99.00,250,32,282,0.8865248226950354,0.11347517730496454,Yes,0.8865248226950354
51084,51084,99.00,0,0,0,0,0,n/a,0
51085,51085,99.00,0,0,0,0,0,n/a,0
51086,51086,99.00,0,0,0,0,0,n/a,0
51087,51087,0.00,0,0,0,0,0,n/a,0
52001,52001,99.00,107,7,114,0.9385964912280702,0.06140350877192982,Yes,0.9385964912280702
52002,52002,99.00,97,6,103,0.941747572815534,0.05825242718446602,Yes,0.941747572815534
52003,52003,18.75,10,0,10,1.0,0.0,Yes,1.0
52004,52004,99.00,252,34,286,0.8811188811188811,0.11888111888111888,Yes,0.8811188811188811
52005,52005,99.00,7,0,7,1.0,0.0,Yes,1.0
52006,52006,99.00,15,1,16,0.9375,0.0625,Yes,0.9375
52007,52007,99.00,318,46,364,0.8736263736263736,0.12637362637362637,Yes,0.8736263736263736
52008,52008,99.00,432,74,506,0.8537549407114624,0.14624505928853754,Yes,0.8537549407114624
52009,52009,99.00,11,2,13,0.8461538461538461,0.15384615384615385,Yes,0.8461538461538461
52010,52010,99.00,299,42,341,0.8768328445747801,0.12316715542521994,Yes,0.8768328445747801
52011,52011,99.00,306,43,349,0.8767908309455588,0.12320916905444126,Yes,0.8767908309455588
52012,52012,99.00,291,38,329,0.8844984802431611,0.11550151975683891,Yes,0.8844984802431611
52013,52013,99.00,51,6,57,0.8947368421052632,0.10526315789473684,Yes,0.8947368421052632
52014,52014,99.00,23,1,24,0.9583333333333334,0.041666666666666664,Yes,0.9583333333333334
52015,52015,99.00,415,40,455,0.9120879120879121,0.08791208791208792,Yes,0.9120879120879121
52016,52016,99.00,350,72,422,0.8293838862559242,0.17061611374407584,Yes,0.8293838862559242
52017,52017,99.00,31,5,36,0.8611111111111112,0.1388888888888889,Yes,0.8611111111111112
52018,52018,99.00,348,39,387,0.8992248062015504,0.10077519379844961,Yes,0.8992248062015504
52019,52019,99.00,370,45,415,0.891566265060241,0.10843373493975904,Yes,0.891566265060241
52020,52020,99.00,148,25,173,0.8554913294797688,0.14450867052023122,Yes,0.8554913294797688
52021,52021,99.00,5,1,6,0.8333333333333334,0.16666666666666666,Yes,0.8333333333333334
52022,52022,99.00,9,5,14,0.6428571428571429,0.35714285714285715,Yes,0.6428571428571429
52023,52023,18.75,368,56,424,0.8679245283018868,0.1320754716981132,Yes,0.8679245283018868
52024,52024,99.00,67,4,71,0.9436619718309859,0.056338028169014086,Yes,0.9436619718309859
52025,52025,18.75,276,46,322,0.8571428571428571,0.14285714285714285,Yes,0.8571428571428571
52026,52026,99.00,8,1,9,0.8888888888888888,0.1111111111111111,Yes,0.8888888888888888
52027,52027,99.00,481,65,546,0.8809523809523809,0.11904761904761904,Yes,0.8809523809523809
52028,52028,99.00,176,24,200,0.88,0.12,Yes,0.88
52029,52029,99.00,321,37,358,0.8966480446927374,0.10335195530726257,Yes,0.8966480446927374
52030,52030,99.00,219,14,233,0.9399141630901288,0.060085836909871244,Yes,0.9399141630901288
52031,52031,99.00,232,23,255,0.9098039215686274,0.09019607843137255,Yes,0.9098039215686274
52032,52032,99.00,209,31,240,0.8708333333333333,0.12916666666666668,Yes,0.8708333333333333
52033,52033,99.00,265,22,287,0.9233449477351916,0.07665505226480836,Yes,0.9233449477351916
52034,52034,99.00,212,16,228,0.9298245614035088,0.07017543859649122,Yes,0.9298245614035088
52035,52035,80.00,181,23,204,0.8872549019607843,0.11274509803921569,Yes,0.8872549019607843
52036,52036,80.00,16,1,17,0.9411764705882353,0.058823529411764705,Yes,0.9411764705882353
52037,52037,80.00,35,4,39,0.8974358974358975,0.10256410256410256,Yes,0.8974358974358975
52038,52038,80.00,456,52,508,0.8976377952755905,0.10236220472440945,Yes,0.8976377952755905
52039,52039,80.00,256,22,278,0.920863309352518,0.07913669064748201,Yes,0.920863309352518
52040,52040,80.00,103,14,117,0.8803418803418803,0.11965811965811966,Yes,0.8803418803418803
52041,52041,99.00,4,0,4,1.0,0.0,Yes,1.0
52042,52042,99.00,228,24,252,0.9047619047619048,0.09523809523809523,Yes,0.9047619047619048
52043,52043,50.00,134,18,152,0.881578947368421,0.11842105263157894,Yes,0.881578947368421
52044,52044,99.00,351,72,423,0.8297872340425532,0.1702127659574468,Yes,0.8297872340425532
52045,52045,99.00,17,3,20,0.85,0.15,Yes,0.85
52046,52046,50.00,111,10,121,0.9173553719008265,0.08264462809917356,Yes,0.9173553719008265
52047,52047,99.00,15,2,17,0.8823529411764706,0.11764705882352941,Yes,0.8823529411764706
52048,52048,99.00,19,2,21,0.9047619047619048,0.09523809523809523,Yes,0.9047619047619048
52049,52049,99.00,13,1,14,0.9285714285714286,0.07142857142857142,Yes,0.9285714285714286
52050,52050,99.00,5,1,6,0.8333333333333334,0.16666666666666666,Yes,0.8333333333333334
52051,52051,99.00,191,24,215,0.8883720930232558,0.11162790697674418,Yes,0.8883720930232558
52052,52052,99.00,77,23,100,0.77,0.23,Yes,0.77
52053,52053,99.00,2,0,2,1.0,0.0,Yes,1.0
52054,52054,99.00,0,0,0,0,0,n/a,0
52055,52055,99.00,276,37,313,0.8817891373801917,0.1182108626198083,Yes,0.8817891373801917
52056,52056,99.00,164,37,201,0.8159203980099502,0.18407960199004975,Yes,0.8159203980099502
52057,52057,99.00,339,40,379,0.8944591029023746,0.10554089709762533,Yes,0.8944591029023746
52058,52058,99.00,13,1,14,0.9285714285714286,0.07142857142857142,Yes,0.9285714285714286
52059,52059,99.00,417,30,447,0.9328859060402684,0.06711409395973154,Yes,0.9328859060402684
52060,52060,99.00,16,1,17,0.9411764705882353,0.058823529411764705,Yes,0.9411764705882353
52061,52061,99.00,320,30,350,0.9142857142857143,0.08571428571428572,Yes,0.9142857142857143
52062,52062,99.00,15,0,15,1.0,0.0,Yes,1.0
52063,52063,99.00,0,0,0,0,0,n/a,0
52064,52064,99.00,334,44,378,0.8835978835978836,0.1164021164021164,Yes,0.8835978835978836
52065,52065,99.00,11,1,12,0.9166666666666666,0.08333333333333333,Yes,0.9166666666666666
52066,52066,99.00,421,48,469,0.8976545842217484,0.1023454157782516,Yes,0.8976545842217484
52067,52067,99.00,8,0,8,1.0,0.0,Yes,1.0
52068,52068,99.00,38,7,45,0.8444444444444444,0.15555555555555556,Yes,0.8444444444444444
52069,52069,99.00,451,64,515,0.8757281553398059,0.12427184466019417,Yes,0.8757281553398059
52070,52070,99.00,306,30,336,0.9107142857142857,0.08928571428571429,Yes,0.9107142857142857
52071,52071,99.00,469,50,519,0.9036608863198459,0.09633911368015415,Yes,0.9036608863198459
52072,52072,99.00,32,2,34,0.9411764705882353,0.058823529411764705,Yes,0.9411764705882353
52073,52073,99.00,354,29,383,0.9242819843342036,0.07571801566579635,Yes,0.9242819843342036
52074,52074,99.00,30,2,32,0.9375,0.0625,Yes,0.9375
52075,52075,99.00,394,42,436,0.9036697247706422,0.0963302752293578,Yes,0.9036697247706422
52076,52076,99.00,77,8,85,0.9058823529411765,0.09411764705882353,Yes,0.9058823529411765
52077,52077,99.00,12,1,13,0.9230769230769231,0.07692307692307693,Yes,0.9230769230769231
52078,52078,99.00,268,30,298,0.8993288590604027,0.10067114093959731,Yes,0.8993288590604027
52079,52079,99.00,6,1,7,0.8571428571428571,0.14285714285714285,Yes,0.8571428571428571
52080,52080,99.00,11,3,14,0.7857142857142857,0.21428571428571427,Yes,0.7857142857142857
52081,52081,99.00,264,32,296,0.8918918918918919,0.10810810810810811,Yes,0.8918918918918919
52082,52082,99.00,350,43,393,0.8905852417302799,0.10941475826972011,Yes,0.8905852417302799
52083,52083,99.00,50,4,54,0.9259259259259259,0.07407407407407407,Yes,0.9259259259259259
52084,52084,99.00,362,47,409,0.8850855745721271,0.11491442542787286,Yes,0.8850855745721271
52085,52085,99.00,364,39,403,0.9032258064516129,0.0967741935483871,Yes,0.9032258064516129
52086,52086,99.00,34,2,36,0.9444444444444444,0.05555555555555555,Yes,0.9444444444444444
52087,52087,99.00,492,47,539,0.9128014842300557,0.08719851576994433,Yes,0.9128014842300557
52088,52088,99.00,18,5,23,0.782608695652174,0.21739130434782608,Yes,0.782608695652174
52089,52089,99.00,387,47,434,0.8917050691244239,0.10829493087557604,Yes,0.8917050691244239
52090,52090,99.00,254,25,279,0.910394265232975,0.08960573476702509,Yes,0.910394265232975
52091,52091,99.00,10,2,12,0.8333333333333334,0.16666666666666666,Yes,0.8333333333333334
52092,52092,99.00,449,46,495,0.907070707070707,0.09292929292929293,Yes,0.907070707070707
52093,52093,99.00,28,3,31,0.9032258064516129,0.0967741935483871,Yes,0.9032258064516129
52094,52094,99.00,21,2,23,0.9130434782608695,0.08695652173913043,Yes,0.9130434782608695
52095,52095,0.00,1,0,1,1.0,0.0,Yes,1.0
52096,52096,99.00,211,30,241,0.8755186721991701,0.12448132780082988,Yes,0.8755186721991701
52097,52097,99.00,254,29,283,0.8975265017667845,0.10247349823321555,Yes,0.8975265017667845
52098,52098,99.00,400,59,459,0.8714596949891068,0.12854030501089325,Yes,0.8714596949891068
52099,52099,99.00,288,34,322,0.8944099378881988,0.10559006211180125,Yes,0.8944099378881988
52100,52100,99.00,341,40,381,0.89501312335958,0.10498687664041995,Yes,0.89501312335958
52101,52101,99.00,24,2,26,0.9230769230769231,0.07692307692307693,Yes,0.9230769230769231
52102,52102,99.00,237,36,273,0.8681318681318682,0.13186813186813187,Yes,0.8681318681318682
52103,52103,99.00,252,27,279,0.9032258064516129,0.0967741935483871,Yes,0.9032258064516129
52104,52104,99.00,14,1,15,0.9333333333333333,0.06666666666666667,Yes,0.9333333333333333
52105,52105,99.00,316,28,344,0.9186046511627907,0.08139534883720931,Yes,0.9186046511627907
52106,52106,99.00,10,0,10,1.0,0.0,Yes,1.0
52107,52107,99.00,341,28,369,0.924119241192412,0.07588075880758807,Yes,0.924119241192412
52108,52108,99.00,16,2,18,0.8888888888888888,0.1111111111111111,Yes,0.8888888888888888
52109,52109,99.00,3,1,4,0.75,0.25,Yes,0.75
52110,52110,80.00,12,0,12,1.0,0.0,Yes,1.0
52111,52111,99.00,9,2,11,0.8181818181818182,0.18181818181818182,Yes,0.8181818181818182
52112,52112,99.00,329,27,356,0.9241573033707865,0.07584269662921349,Yes,0.9241573033707865
52113,52113,99.00,270,20,290,0.9310344827586207,0.06896551724137931,Yes,0.9310344827586207
52114,52114,99.00,15,0,15,1.0,0.0,Yes,1.0
52115,52115,18.75,41,9,50,0.82,0.18,Yes,0.82
52116,52116,99.00,434,48,482,0.9004149377593361,0.0995850622406639,Yes,0.9004149377593361
52117,52117,99.00,38,2,40,0.95,0.05,Yes,0.95
52118,52118,99.00,0,0,0,0,0,n/a,0
52119,52119,99.00,0,0,0,0,0,n/a,0
52120,52120,99.00,0,0,0,0,0,n/a,0
52121,52121,99.00,0,0,0,0,0,n/a,0
52122,52122,99.00,0,0,0,0,0,n/a,0
52123,52123,99.00,0,0,0,0,0,n/a,0
52124,52124,99.00,0,0,0,0,0,n/a,0
52125,52125,99.00,0,0,0,0,0,n/a,0
52126,52126,99.00,0,0,0,0,0,n/a,0
53001,53001,99.00,0,1,1,0.0,1.0,No,1.0
53002,53002,99.00,115,15,130,0.8846153846153846,0.11538461538461539,Yes,0.8846153846153846
53003,53003,99.00,79,9,88,0.8977272727272727,0.10227272727272728,Yes,0.8977272727272727
53004,53004,99.00,118,10,128,0.921875,0.078125,Yes,0.921875
53005,53005,99.00,118,15,133,0.8872180451127819,0.11278195488721804,Yes,0.8872180451127819
53006,53006,99.00,1,1,2,0.5,0.5,Tie,0.5
53007,53007,99.00,153,19,172,0.8895348837209303,0.11046511627906977,Yes,0.8895348837209303
53008,53008,99.00,155,22,177,0.8757062146892656,0.12429378531073447,Yes,0.8757062146892656
53009,53009,99.00,89,11,100,0.89,0.11,Yes,0.89
53010,53010,99.00,0,0,0,0,0,n/a,0
53011,53011,99.00,3,0,3,1.0,0.0,Yes,1.0
53012,53012,99.00,105,29,134,0.7835820895522388,0.21641791044776118,Yes,0.7835820895522388
53013,53013,99.00,132,29,161,0.8198757763975155,0.18012422360248448,Yes,0.8198757763975155
53014,53014,99.00,0,0,0,0,0,n/a,0
53015,53015,99.00,3,0,3,1.0,0.0,Yes,1.0
53016,53016,30.00,138,8,146,0.9452054794520548,0.0547945205479452,Yes,0.9452054794520548
53017,53017,30.00,9,2,11,0.8181818181818182,0.18181818181818182,Yes,0.8181818181818182
53018,53018,99.00,128,19,147,0.8707482993197279,0.1292517006802721,Yes,0.8707482993197279
53019,53019,99.00,4,1,5,0.8,0.2,Yes,0.8
53020,53020,99.00,148,16,164,0.9024390243902439,0.0975609756097561,Yes,0.9024390243902439
53021,53021,99.00,80,22,102,0.7843137254901961,0.21568627450980393,Yes,0.7843137254901961
53022,53022,30.00,142,12,154,0.922077922077922,0.07792207792207792,Yes,0.922077922077922
53023,53023,99.00,176,44,220,0.8,0.2,Yes,0.8
53024,53024,99.00,3,0,3,1.0,0.0,Yes,1.0
53025,53025,99.00,144,50,194,0.7422680412371134,0.25773195876288657,Yes,0.7422680412371134
53026,53026,99.00,3,0,3,1.0,0.0,Yes,1.0
53027,53027,99.00,109,21,130,0.8384615384615385,0.16153846153846155,Yes,0.8384615384615385
53028,53028,99.00,117,13,130,0.9,0.1,Yes,0.9
53029,53029,99.00,81,23,104,0.7788461538461539,0.22115384615384615,Yes,0.7788461538461539
53030,53030,30.00,249,25,274,0.9087591240875912,0.09124087591240876,Yes,0.9087591240875912
53031,53031,99.00,6,1,7,0.8571428571428571,0.14285714285714285,Yes,0.8571428571428571
53032,53032,99.00,158,38,196,0.8061224489795918,0.19387755102040816,Yes,0.8061224489795918
53033,53033,99.00,263,30,293,0.8976109215017065,0.10238907849829351,Yes,0.8976109215017065
53034,53034,99.00,261,31,292,0.8938356164383562,0.10616438356164383,Yes,0.8938356164383562
53035,53035,99.00,6,0,6,1.0,0.0,Yes,1.0
53036,53036,99.00,263,24,287,0.9163763066202091,0.08362369337979095,Yes,0.9163763066202091
53037,53037,99.00,3,4,7,0.42857142857142855,0.5714285714285714,No,0.5714285714285714
53038,53038,99.00,4,0,4,1.0,0.0,Yes,1.0
53039,53039,99.00,181,18,199,0.9095477386934674,0.09045226130653267,Yes,0.9095477386934674
53040,53040,99.00,4,0,4,1.0,0.0,Yes,1.0
53041,53041,99.00,36,7,43,0.8372093023255814,0.16279069767441862,Yes,0.8372093023255814
53042,53042,99.00,40,15,55,0.7272727272727273,0.2727272727272727,Yes,0.7272727272727273
53043,53043,99.00,46,13,59,0.7796610169491526,0.22033898305084745,Yes,0.7796610169491526
53044,53044,99.00,110,7,117,0.9401709401709402,0.05982905982905983,Yes,0.9401709401709402
53045,53045,99.00,128,29,157,0.8152866242038217,0.18471337579617833,Yes,0.8152866242038217
53046,53046,99.00,137,19,156,0.8782051282051282,0.12179487179487179,Yes,0.8782051282051282
53047,53047,99.00,116,18,134,0.8656716417910447,0.13432835820895522,Yes,0.8656716417910447
53048,53048,99.00,116,8,124,0.9354838709677419,0.06451612903225806,Yes,0.9354838709677419
53049,53049,99.00,5,1,6,0.8333333333333334,0.16666666666666666,Yes,0.8333333333333334
53050,53050,99.00,100,17,117,0.8547008547008547,0.1452991452991453,Yes,0.8547008547008547
53051,53051,99.00,0,0,0,0,0,n/a,0
53052,53052,99.00,0,0,0,0,0,n/a,0
53053,53053,99.00,2,0,2,1.0,0.0,Yes,1.0
53054,53054,99.00,128,17,145,0.8827586206896552,0.11724137931034483,Yes,0.8827586206896552
53055,53055,99.00,91,10,101,0.900990099009901,0.09900990099009901,Yes,0.900990099009901
53056,53056,99.00,93,18,111,0.8378378378378378,0.16216216216216217,Yes,0.8378378378378378
53057,53057,99.00,112,14,126,0.8888888888888888,0.1111111111111111,Yes,0.8888888888888888
53058,53058,99.00,99,13,112,0.8839285714285714,0.11607142857142858,Yes,0.8839285714285714
53059,53059,99.00,114,24,138,0.8260869565217391,0.17391304347826086,Yes,0.8260869565217391
53060,53060,99.00,149,22,171,0.8713450292397661,0.1286549707602339,Yes,0.8713450292397661
53061,53061,99.00,112,17,129,0.8682170542635659,0.13178294573643412,Yes,0.8682170542635659
53062,53062,99.00,0,0,0,0,0,n/a,0
53063,53063,99.00,129,23,152,0.8486842105263158,0.1513157894736842,Yes,0.8486842105263158
53064,53064,99.00,87,6,93,0.9354838709677419,0.06451612903225806,Yes,0.9354838709677419
53065,53065,99.00,225,36,261,0.8620689655172413,0.13793103448275862,Yes,0.8620689655172413
53066,53066,99.00,202,23,225,0.8977777777777778,0.10222222222222223,Yes,0.8977777777777778
53067,53067,99.00,125,17,142,0.8802816901408451,0.11971830985915492,Yes,0.8802816901408451
53068,53068,99.00,5,0,5,1.0,0.0,Yes,1.0
53069,53069,99.00,92,21,113,0.8141592920353983,0.18584070796460178,Yes,0.8141592920353983
53070,53070,37.50,101,17,118,0.8559322033898306,0.1440677966101695,Yes,0.8559322033898306
53071,53071,99.00,3,0,3,1.0,0.0,Yes,1.0
53072,53072,99.00,103,10,113,0.911504424778761,0.08849557522123894,Yes,0.911504424778761
53073,53073,99.00,2,0,2,1.0,0.0,Yes,1.0
53074,53074,99.00,135,23,158,0.8544303797468354,0.14556962025316456,Yes,0.8544303797468354
53075,53075,99.00,2,0,2,1.0,0.0,Yes,1.0
53076,53076,99.00,195,34,229,0.851528384279476,0.14847161572052403,Yes,0.851528384279476
53077,53077,99.00,112,16,128,0.875,0.125,Yes,0.875
53078,53078,99.00,13,18,31,0.41935483870967744,0.5806451612903226,No,0.5806451612903226
53079,53079,99.00,5,0,5,1.0,0.0,Yes,1.0
53080,53080,44.44,107,14,121,0.8842975206611571,0.11570247933884298,Yes,0.8842975206611571
53081,53081,99.00,0,0,0,0,0,n/a,0
53082,53082,99.00,121,10,131,0.9236641221374046,0.07633587786259542,Yes,0.9236641221374046
53083,53083,99.00,2,0,2,1.0,0.0,Yes,1.0
53084,53084,99.00,2,0,2,1.0,0.0,Yes,1.0
53085,53085,99.00,7,2,9,0.7777777777777778,0.2222222222222222,Yes,0.7777777777777778
53086,53086,99.00,86,33,119,0.7226890756302521,0.2773109243697479,Yes,0.7226890756302521
53087,53087,99.00,101,18,119,0.8487394957983193,0.15126050420168066,Yes,0.8487394957983193
53088,53088,99.00,114,9,123,0.926829268292683,0.07317073170731707,Yes,0.926829268292683
53089,53089,99.00,0,0,0,0,0,n/a,0
54001,54001,99.00,3,0,3,1.0,0.0,Yes,1.0
54002,54002,99.00,109,10,119,0.9159663865546218,0.08403361344537816,Yes,0.9159663865546218
54003,54003,99.00,69,19,88,0.7840909090909091,0.2159090909090909,Yes,0.7840909090909091
54004,54004,99.00,36,5,41,0.8780487804878049,0.12195121951219512,Yes,0.8780487804878049
54005,54005,99.00,2,0,2,1.0,0.0,Yes,1.0
54006,54006,99.00,0,0,0,0,0,n/a,0
54007,54007,99.00,4,1,5,0.8,0.2,Yes,0.8
54008,54008,99.00,140,21,161,0.8695652173913043,0.13043478260869565,Yes,0.8695652173913043
54009,54009,99.00,5,0,5,1.0,0.0,Yes,1.0
54010,54010,99.00,185,38,223,0.8295964125560538,0.17040358744394618,Yes,0.8295964125560538
54011,54011,99.00,78,15,93,0.8387096774193549,0.16129032258064516,Yes,0.8387096774193549
54012,54012,99.00,134,8,142,0.9436619718309859,0.056338028169014086,Yes,0.9436619718309859
54013,54013,99.00,3,2,5,0.6,0.4,Yes,0.6
54014,54014,99.00,14,0,14,1.0,0.0,Yes,1.0
54015,54015,99.00,60,8,68,0.8823529411764706,0.11764705882352941,Yes,0.8823529411764706
54016,54016,99.00,1,0,1,1.0,0.0,Yes,1.0
54017,54017,99.00,1,0,1,1.0,0.0,Yes,1.0
54018,54018,99.00,0,0,0,0,0,n/a,0
54019,54019,99.00,114,24,138,0.8260869565217391,0.17391304347826086,Yes,0.8260869565217391
54020,54020,99.00,99,17,116,0.853448275862069,0.14655172413793102,Yes,0.853448275862069
54021,54021,50.00,4,0,4,1.0,0.0,Yes,1.0
54022,54022,99.00,172,30,202,0.8514851485148515,0.1485148514851485,Yes,0.8514851485148515
54023,54023,99.00,84,21,105,0.8,0.2,Yes,0.8
54024,54024,99.00,96,23,119,0.8067226890756303,0.19327731092436976,Yes,0.8067226890756303
54025,54025,99.00,200,20,220,0.9090909090909091,0.09090909090909091,Yes,0.9090909090909091
54026,54026,99.00,0,0,0,0,0,n/a,0
54027,54027,99.00,157,19,176,0.8920454545454546,0.10795454545454546,Yes,0.8920454545454546
54028,54028,50.00,111,20,131,0.8473282442748091,0.15267175572519084,Yes,0.8473282442748091
54029,54029,99.00,104,12,116,0.896551724137931,0.10344827586206896,Yes,0.896551724137931
54030,54030,37.50,75,15,90,0.8333333333333334,0.16666666666666666,Yes,0.8333333333333334
54031,54031,37.50,121,17,138,0.8768115942028986,0.12318840579710146,Yes,0.8768115942028986
54032,54032,37.50,9,1,10,0.9,0.1,Yes,0.9
54033,54033,99.00,166,25,191,0.8691099476439791,0.13089005235602094,Yes,0.8691099476439791
54034,54034,99.00,2,0,2,1.0,0.0,Yes,1.0
54035,54035,99.00,5,1,6,0.8333333333333334,0.16666666666666666,Yes,0.8333333333333334
54036,54036,99.00,8,1,9,0.8888888888888888,0.1111111111111111,Yes,0.8888888888888888
54037,54037,99.00,144,29,173,0.8323699421965318,0.1676300578034682,Yes,0.8323699421965318
54038,54038,99.00,0,0,0,0,0,n/a,0
54039,54039,99.00,139,25,164,0.8475609756097561,0.1524390243902439,Yes,0.8475609756097561
54040,54040,99.00,2,0,2,1.0,0.0,Yes,1.0
54041,54041,99.00,111,29,140,0.7928571428571428,0.20714285714285716,Yes,0.7928571428571428
54042,54042,99.00,0,0,0,0,0,n/a,0
54043,54043,99.00,71,25,96,0.7395833333333334,0.2604166666666667,Yes,0.7395833333333334
54044,54044,99.00,92,25,117,0.7863247863247863,0.21367521367521367,Yes,0.7863247863247863
54045,54045,99.00,2,1,3,0.6666666666666666,0.3333333333333333,Yes,0.6666666666666666
54046,54046,99.00,53,16,69,0.7681159420289855,0.2318840579710145,Yes,0.7681159420289855
54047,54047,66.67,85,20,105,0.8095238095238095,0.19047619047619047,Yes,0.8095238095238095
54048,54048,66.67,50,12,62,0.8064516129032258,0.1935483870967742,Yes,0.8064516129032258
54049,54049,99.00,75,20,95,0.7894736842105263,0.21052631578947367,Yes,0.7894736842105263
54050,54050,99.00,77,26,103,0.7475728155339806,0.2524271844660194,Yes,0.7475728155339806
54051,54051,99.00,51,16,67,0.7611940298507462,0.23880597014925373,Yes,0.7611940298507462
54052,54052,99.00,1,0,1,1.0,0.0,Yes,1.0
54053,54053,66.67,0,0,0,0,0,n/a,0
54054,54054,99.00,0,0,0,0,0,n/a,0
54055,54055,99.00,1,1,2,0.5,0.5,Tie,0.5
54056,54056,99.00,2,0,2,1.0,0.0,Yes,1.0
54057,54057,99.00,96,28,124,0.7741935483870968,0.22580645161290322,Yes,0.7741935483870968
54058,54058,99.00,94,17,111,0.8468468468468469,0.15315315315315314,Yes,0.8468468468468469
54059,54059,99.00,64,31,95,0.6736842105263158,0.3263157894736842,Yes,0.6736842105263158
54060,54060,99.00,209,47,256,0.81640625,0.18359375,Yes,0.81640625
54061,54061,99.00,136,26,162,0.8395061728395061,0.16049382716049382,Yes,0.8395061728395061
54062,54062,99.00,1,2,3,0.3333333333333333,0.6666666666666666,No,0.6666666666666666
54063,54063,99.00,154,33,187,0.8235294117647058,0.17647058823529413,Yes,0.8235294117647058
54064,54064,99.00,6,1,7,0.8571428571428571,0.14285714285714285,Yes,0.8571428571428571
54065,54065,99.00,1,2,3,0.3333333333333333,0.6666666666666666,No,0.6666666666666666
54066,54066,99.00,72,18,90,0.8,0.2,Yes,0.8
54067,54067,99.00,92,22,114,0.8070175438596491,0.19298245614035087,Yes,0.8070175438596491
54068,54068,99.00,74,16,90,0.8222222222222222,0.17777777777777778,Yes,0.8222222222222222
54069,54069,99.00,85,19,104,0.8173076923076923,0.18269230769230768,Yes,0.8173076923076923
54070,54070,99.00,67,33,100,0.67,0.33,Yes,0.67
54071,54071,99.00,1,0,1,1.0,0.0,Yes,1.0
54072,54072,99.00,0,0,0,0,0,n/a,0
54073,54073,99.00,6,2,8,0.75,0.25,Yes,0.75
54074,54074,99.00,8,0,8,1.0,0.0,Yes,1.0
54075,54075,99.00,1,0,1,1.0,0.0,Yes,1.0
54076,54076,99.00,82,8,90,0.9111111111111111,0.08888888888888889,Yes,0.9111111111111111
54077,54077,99.00,1,0,1,1.0,0.0,Yes,1.0
54078,54078,99.00,0,0,0,0,0,n/a,0
54079,54079,99.00,0,0,0,0,0,n/a,0
54080,54080,99.00,63,17,80,0.7875,0.2125,Yes,0.7875
54081,54081,99.00,82,26,108,0.7592592592592593,0.24074074074074073,Yes,0.7592592592592593
54082,54082,99.00,0,0,0,0,0,n/a,0
54083,54083,99.00,96,30,126,0.7619047619047619,0.23809523809523808,Yes,0.7619047619047619
54084,54084,99.00,3,0,3,1.0,0.0,Yes,1.0
54085,54085,99.00,125,10,135,0.9259259259259259,0.07407407407407407,Yes,0.9259259259259259
54086,54086,99.00,111,14,125,0.888,0.112,Yes,0.888
54087,54087,99.00,0,0,0,0,0,n/a,0
54088,54088,99.00,0,0,0,0,0,n/a,0
54089,54089,99.00,132,29,161,0.8198757763975155,0.18012422360248448,Yes,0.8198757763975155
55001,55001,99.00,0,0,0,0,0,n/a,0
55002,55002,99.00,103,15,118,0.8728813559322034,0.1271186440677966,Yes,0.8728813559322034
55003,55003,99.00,0,1,1,0.0,1.0,No,1.0
55004,55004,99.00,6,3,9,0.6666666666666666,0.3333333333333333,Yes,0.6666666666666666
55005,55005,99.00,1,1,2,0.5,0.5,Tie,0.5
55006,55006,50.00,0,0,0,0,0,n/a,0
55007,55007,99.00,81,18,99,0.8181818181818182,0.18181818181818182,Yes,0.8181818181818182
55008,55008,99.00,0,0,0,0,0,n/a,0
55009,55009,99.00,183,43,226,0.8097345132743363,0.1902654867256637,Yes,0.8097345132743363
55010,55010,99.00,157,50,207,0.7584541062801933,0.24154589371980675,Yes,0.7584541062801933
55011,55011,50.00,65,16,81,0.8024691358024691,0.19753086419753085,Yes,0.8024691358024691
55012,55012,50.00,57,8,65,0.8769230769230769,0.12307692307692308,Yes,0.8769230769230769
55013,55013,99.00,2,1,3,0.6666666666666666,0.3333333333333333,Yes,0.6666666666666666
55014,55014,99.00,88,23,111,0.7927927927927928,0.2072072072072072,Yes,0.7927927927927928
55015,55015,99.00,143,45,188,0.7606382978723404,0.2393617021276596,Yes,0.7606382978723404
55016,55016,99.00,107,54,161,0.6645962732919255,0.33540372670807456,Yes,0.6645962732919255
55017,55017,99.00,1,0,1,1.0,0.0,Yes,1.0
55018,55018,99.00,141,30,171,0.8245614035087719,0.17543859649122806,Yes,0.8245614035087719
55019,55019,99.00,135,38,173,0.7803468208092486,0.21965317919075145,Yes,0.7803468208092486
55020,55020,99.00,216,40,256,0.84375,0.15625,Yes,0.84375
55021,55021,99.00,70,22,92,0.7608695652173914,0.2391304347826087,Yes,0.7608695652173914
55022,55022,99.00,3,1,4,0.75,0.25,Yes,0.75
55023,55023,99.00,186,50,236,0.788135593220339,0.211864406779661,Yes,0.788135593220339
55024,55024,99.00,93,22,115,0.808695652173913,0.19130434782608696,Yes,0.808695652173913
55025,55025,99.00,110,26,136,0.8088235294117647,0.19117647058823528,Yes,0.8088235294117647
55026,55026,99.00,0,1,1,0.0,1.0,No,1.0
55027,55027,99.00,83,24,107,0.7757009345794392,0.22429906542056074,Yes,0.7757009345794392
55028,55028,99.00,2,1,3,0.6666666666666666,0.3333333333333333,Yes,0.6666666666666666
55029,55029,99.00,0,0,0,0,0,n/a,0
55030,55030,99.00,5,0,5,1.0,0.0,Yes,1.0
55031,55031,99.00,108,43,151,0.7152317880794702,0.2847682119205298,Yes,0.7152317880794702
55032,55032,99.00,170,48,218,0.7798165137614679,0.22018348623853212,Yes,0.7798165137614679
55033,55033,99.00,191,58,249,0.7670682730923695,0.23293172690763053,Yes,0.7670682730923695
55034,55034,99.00,2,1,3,0.6666666666666666,0.3333333333333333,Yes,0.6666666666666666
55035,55035,99.00,38,4,42,0.9047619047619048,0.09523809523809523,Yes,0.9047619047619048
55036,55036,99.00,0,0,0,0,0,n/a,0
55037,55037,99.00,6,6,12,0.5,0.5,Tie,0.5
55038,55038,99.00,51,19,70,0.7285714285714285,0.2714285714285714,Yes,0.7285714285714285
55039,55039,99.00,0,0,0,0,0,n/a,0
55040,55040,99.00,0,0,0,0,0,n/a,0
55041,55041,99.00,36,9,45,0.8,0.2,Yes,0.8
55042,55042,99.00,1,0,1,1.0,0.0,Yes,1.0
55043,55043,99.00,0,0,0,0,0,n/a,0
55044,55044,99.00,0,0,0,0,0,n/a,0
55045,55045,99.00,39,10,49,0.7959183673469388,0.20408163265306123,Yes,0.7959183673469388
55046,55046,99.00,121,19,140,0.8642857142857143,0.1357142857142857,Yes,0.8642857142857143
55047,55047,99.00,40,16,56,0.7142857142857143,0.2857142857142857,Yes,0.7142857142857143
55048,55048,99.00,78,17,95,0.8210526315789474,0.17894736842105263,Yes,0.8210526315789474
55049,55049,99.00,61,12,73,0.8356164383561644,0.1643835616438356,Yes,0.8356164383561644
55050,55050,99.00,17,6,23,0.7391304347826086,0.2608695652173913,Yes,0.7391304347826086
55051,55051,99.00,0,0,0,0,0,n/a,0
55052,55052,99.00,30,11,41,0.7317073170731707,0.2682926829268293,Yes,0.7317073170731707
55053,55053,99.00,0,0,0,0,0,n/a,0
55054,55054,99.00,0,0,0,0,0,n/a,0
55055,55055,99.00,80,32,112,0.7142857142857143,0.2857142857142857,Yes,0.7142857142857143
55056,55056,99.00,0,0,0,0,0,n/a,0
55057,55057,99.00,46,18,64,0.71875,0.28125,Yes,0.71875
55058,55058,99.00,5,2,7,0.7142857142857143,0.2857142857142857,Yes,0.7142857142857143
55059,55059,99.00,0,0,0,0,0,n/a,0
55060,55060,99.00,2,0,2,1.0,0.0,Yes,1.0
55061,55061,99.00,0,0,0,0,0,n/a,0
55062,55062,99.00,4,0,4,1.0,0.0,Yes,1.0
55063,55063,99.00,4,0,4,1.0,0.0,Yes,1.0
55064,55064,99.00,140,11,151,0.9271523178807947,0.0728476821192053,Yes,0.9271523178807947
55065,55065,44.44,94,35,129,0.7286821705426356,0.2713178294573643,Yes,0.7286821705426356
55066,55066,99.00,57,15,72,0.7916666666666666,0.20833333333333334,Yes,0.7916666666666666
55067,55067,99.00,88,26,114,0.7719298245614035,0.22807017543859648,Yes,0.7719298245614035
55068,55068,44.44,5,1,6,0.8333333333333334,0.16666666666666666,Yes,0.8333333333333334
55069,55069,44.44,114,39,153,0.7450980392156863,0.2549019607843137,Yes,0.7450980392156863
55070,55070,44.44,0,0,0,0,0,n/a,0
55071,55071,99.00,83,25,108,0.7685185185185185,0.23148148148148148,Yes,0.7685185185185185
55072,55072,99.00,2,3,5,0.4,0.6,No,0.6
55073,55073,99.00,0,0,0,0,0,n/a,0
55074,55074,99.00,63,22,85,0.7411764705882353,0.25882352941176473,Yes,0.7411764705882353
55075,55075,99.00,110,30,140,0.7857142857142857,0.21428571428571427,Yes,0.7857142857142857
55076,55076,99.00,115,22,137,0.8394160583941606,0.16058394160583941,Yes,0.8394160583941606
55077,55077,99.00,1,0,1,1.0,0.0,Yes,1.0
55078,55078,44.44,129,42,171,0.7543859649122807,0.24561403508771928,Yes,0.7543859649122807
55079,55079,99.00,120,23,143,0.8391608391608392,0.16083916083916083,Yes,0.8391608391608392
55080,55080,99.00,143,29,172,0.8313953488372093,0.1686046511627907,Yes,0.8313953488372093
55081,55081,99.00,76,20,96,0.7916666666666666,0.20833333333333334,Yes,0.7916666666666666
55082,55082,99.00,130,41,171,0.7602339181286549,0.23976608187134502,Yes,0.7602339181286549
55083,55083,99.00,112,27,139,0.8057553956834532,0.19424460431654678,Yes,0.8057553956834532
55084,55084,99.00,84,19,103,0.8155339805825242,0.18446601941747573,Yes,0.8155339805825242
55085,55085,99.00,1,1,2,0.5,0.5,Tie,0.5
55086,55086,99.00,2,0,2,1.0,0.0,Yes,1.0
55087,55087,99.00,0,0,0,0,0,n/a,0
55088,55088,99.00,186,40,226,0.8230088495575221,0.17699115044247787,Yes,0.8230088495575221
55089,55089,99.00,158,42,200,0.79,0.21,Yes,0.79
55090,55090,99.00,6,0,6,1.0,0.0,Yes,1.0
55091,55091,99.00,2,1,3,0.6666666666666666,0.3333333333333333,Yes,0.6666666666666666
55092,55092,99.00,153,39,192,0.796875,0.203125,Yes,0.796875
55093,55093,99.00,183,43,226,0.8097345132743363,0.1902654867256637,Yes,0.8097345132743363
55094,55094,99.00,84,20,104,0.8076923076923077,0.19230769230769232,Yes,0.8076923076923077
55095,55095,99.00,27,9,36,0.75,0.25,Yes,0.75
55096,55096,99.00,89,35,124,0.717741935483871,0.28225806451612906,Yes,0.717741935483871
55097,55097,99.00,1,2,3,0.3333333333333333,0.6666666666666666,No,0.6666666666666666
55098,55098,99.00,0,0,0,0,0,n/a,0
55099,55099,99.00,114,27,141,0.8085106382978723,0.19148936170212766,Yes,0.8085106382978723
55100,55100,99.00,3,0,3,1.0,0.0,Yes,1.0
55101,55101,99.00,5,0,5,1.0,0.0,Yes,1.0
55102,55102,99.00,140,38,178,0.7865168539325843,0.21348314606741572,Yes,0.7865168539325843
55103,55103,99.00,6,0,6,1.0,0.0,Yes,1.0
55104,55104,99.00,2,0,2,1.0,0.0,Yes,1.0
55105,55105,99.00,2,1,3,0.6666666666666666,0.3333333333333333,Yes,0.6666666666666666
55106,55106,99.00,131,24,155,0.8451612903225807,0.15483870967741936,Yes,0.8451612903225807
55107,55107,99.00,132,40,172,0.7674418604651163,0.23255813953488372,Yes,0.7674418604651163
55108,55108,99.00,120,46,166,0.7228915662650602,0.27710843373493976,Yes,0.7228915662650602
55109,55109,99.00,2,0,2,1.0,0.0,Yes,1.0
55110,55110,44.44,6,1,7,0.8571428571428571,0.14285714285714285,Yes,0.8571428571428571
55111,55111,99.00,0,0,0,0,0,n/a,0
55112,55112,99.00,0,0,0,0,0,n/a,0
55113,55113,99.00,0,0,0,0,0,n/a,0
56001,56001,44.44,94,17,111,0.8468468468468469,0.15315315315315314,Yes,0.8468468468468469
56002,56002,44.44,57,13,70,0.8142857142857143,0.18571428571428572,Yes,0.8142857142857143
56003,56003,99.00,50,8,58,0.8620689655172413,0.13793103448275862,Yes,0.8620689655172413
56004,56004,44.44,5,3,8,0.625,0.375,Yes,0.625
56005,56005,99.00,3,0,3,1.0,0.0,Yes,1.0
56006,56006,44.44,75,30,105,0.7142857142857143,0.2857142857142857,Yes,0.7142857142857143
56007,56007,99.00,6,0,6,1.0,0.0,Yes,1.0
56008,56008,99.00,47,23,70,0.6714285714285714,0.32857142857142857,Yes,0.6714285714285714
56009,56009,99.00,54,15,69,0.782608695652174,0.21739130434782608,Yes,0.782608695652174
56010,56010,99.00,83,23,106,0.7830188679245284,0.2169811320754717,Yes,0.7830188679245284
56011,56011,99.00,127,22,149,0.8523489932885906,0.1476510067114094,Yes,0.8523489932885906
56012,56012,99.00,12,2,14,0.8571428571428571,0.14285714285714285,Yes,0.8571428571428571
56013,56013,99.00,255,27,282,0.9042553191489362,0.09574468085106383,Yes,0.9042553191489362
56014,56014,99.00,122,32,154,0.7922077922077922,0.2077922077922078,Yes,0.7922077922077922
56015,56015,80.00,134,35,169,0.7928994082840237,0.20710059171597633,Yes,0.7928994082840237
56016,56016,80.00,122,28,150,0.8133333333333334,0.18666666666666668,Yes,0.8133333333333334
56017,56017,99.00,97,15,112,0.8660714285714286,0.13392857142857142,Yes,0.8660714285714286
56018,56018,99.00,15,3,18,0.8333333333333334,0.16666666666666666,Yes,0.8333333333333334
56019,56019,99.00,235,36,271,0.8671586715867159,0.13284132841328414,Yes,0.8671586715867159
56020,56020,99.00,1,0,1,1.0,0.0,Yes,1.0
56021,56021,99.00,189,32,221,0.8552036199095022,0.14479638009049775,Yes,0.8552036199095022
56022,56022,99.00,218,53,271,0.8044280442804428,0.19557195571955718,Yes,0.8044280442804428
56023,56023,99.00,144,32,176,0.8181818181818182,0.18181818181818182,Yes,0.8181818181818182
56024,56024,99.00,148,22,170,0.8705882352941177,0.12941176470588237,Yes,0.8705882352941177
56025,56025,99.00,141,28,169,0.834319526627219,0.16568047337278108,Yes,0.834319526627219
56026,56026,99.00,215,42,257,0.8365758754863813,0.16342412451361868,Yes,0.8365758754863813
56027,56027,66.67,87,21,108,0.8055555555555556,0.19444444444444445,Yes,0.8055555555555556
56028,56028,66.67,99,20,119,0.8319327731092437,0.16806722689075632,Yes,0.8319327731092437
56029,56029,99.00,179,46,225,0.7955555555555556,0.20444444444444446,Yes,0.7955555555555556
56030,56030,99.00,93,28,121,0.768595041322314,0.23140495867768596,Yes,0.768595041322314
56031,56031,99.00,210,39,249,0.8433734939759037,0.1566265060240964,Yes,0.8433734939759037
56032,56032,99.00,179,25,204,0.8774509803921569,0.12254901960784313,Yes,0.8774509803921569
56033,56033,99.00,158,41,199,0.7939698492462312,0.20603015075376885,Yes,0.7939698492462312
56034,56034,99.00,12,0,12,1.0,0.0,Yes,1.0
56035,56035,66.67,97,8,105,0.9238095238095239,0.0761904761904762,Yes,0.9238095238095239
56036,56036,99.00,133,27,160,0.83125,0.16875,Yes,0.83125
56037,56037,99.00,289,43,332,0.8704819277108434,0.12951807228915663,Yes,0.8704819277108434
56038,56038,99.00,207,25,232,0.8922413793103449,0.10775862068965517,Yes,0.8922413793103449
56039,56039,99.00,5,0,5,1.0,0.0,Yes,1.0
56040,56040,99.00,152,22,174,0.8735632183908046,0.12643678160919541,Yes,0.8735632183908046
56041,56041,99.00,180,31,211,0.8530805687203792,0.14691943127962084,Yes,0.8530805687203792
56042,56042,99.00,178,25,203,0.8768472906403941,0.12315270935960591,Yes,0.8768472906403941
56043,56043,99.00,7,1,8,0.875,0.125,Yes,0.875
56044,56044,99.00,264,54,318,0.8301886792452831,0.16981132075471697,Yes,0.8301886792452831
56045,56045,99.00,170,32,202,0.8415841584158416,0.15841584158415842,Yes,0.8415841584158416
56046,56046,99.00,11,1,12,0.9166666666666666,0.08333333333333333,Yes,0.9166666666666666
56047,56047,99.00,9,1,10,0.9,0.1,Yes,0.9
56048,56048,99.00,277,49,326,0.8496932515337423,0.15030674846625766,Yes,0.8496932515337423
56049,56049,99.00,320,56,376,0.851063829787234,0.14893617021276595,Yes,0.851063829787234
56050,56050,99.00,9,0,9,1.0,0.0,Yes,1.0
56051,56051,99.00,7,0,7,1.0,0.0,Yes,1.0
56052,56052,99.00,154,28,182,0.8461538461538461,0.15384615384615385,Yes,0.8461538461538461
56053,56053,99.00,190,32,222,0.8558558558558559,0.14414414414414414,Yes,0.8558558558558559
56054,56054,99.00,256,51,307,0.8338762214983714,0.16612377850162866,Yes,0.8338762214983714
56055,56055,66.67,260,50,310,0.8387096774193549,0.16129032258064516,Yes,0.8387096774193549
56056,56056,66.67,3,0,3,1.0,0.0,Yes,1.0
56057,56057,99.00,159,31,190,0.8368421052631579,0.1631578947368421,Yes,0.8368421052631579
56058,56058,99.00,12,0,12,1.0,0.0,Yes,1.0
56059,56059,0.00,7,1,8,0.875,0.125,Yes,0.875
56060,56060,99.00,183,88,271,0.6752767527675276,0.3247232472324723,Yes,0.6752767527675276
56061,56061,99.00,6,1,7,0.8571428571428571,0.14285714285714285,Yes,0.8571428571428571
56062,56062,99.00,66,17,83,0.7951807228915663,0.20481927710843373,Yes,0.7951807228915663
56063,56063,99.00,122,17,139,0.8776978417266187,0.1223021582733813,Yes,0.8776978417266187
56064,56064,99.00,152,37,189,0.8042328042328042,0.19576719576719576,Yes,0.8042328042328042
56065,56065,99.00,179,36,215,0.8325581395348837,0.16744186046511628,Yes,0.8325581395348837
56066,56066,99.00,3,0,3,1.0,0.0,Yes,1.0
56067,56067,99.00,4,0,4,1.0,0.0,Yes,1.0
56068,56068,99.00,14,2,16,0.875,0.125,Yes,0.875
56069,56069,0.00,21,2,23,0.9130434782608695,0.08695652173913043,Yes,0.9130434782608695
56070,56070,0.00,11,1,12,0.9166666666666666,0.08333333333333333,Yes,0.9166666666666666
56071,56071,99.00,177,34,211,0.8388625592417062,0.16113744075829384,Yes,0.8388625592417062
56072,56072,99.00,193,22,215,0.8976744186046511,0.10232558139534884,Yes,0.8976744186046511
56073,56073,99.00,150,31,181,0.8287292817679558,0.1712707182320442,Yes,0.8287292817679558
56074,56074,99.00,13,0,13,1.0,0.0,Yes,1.0
56075,56075,99.00,4,1,5,0.8,0.2,Yes,0.8
56076,56076,99.00,6,2,8,0.75,0.25,Yes,0.75
56077,56077,99.00,175,24,199,0.8793969849246231,0.12060301507537688,Yes,0.8793969849246231
56078,56078,99.00,186,59,245,0.7591836734693878,0.24081632653061225,Yes,0.7591836734693878
56079,56079,80.00,181,22,203,0.8916256157635468,0.10837438423645321,Yes,0.8916256157635468
56080,56080,99.00,330,49,379,0.8707124010554089,0.12928759894459102,Yes,0.8707124010554089
56081,56081,99.00,3,1,4,0.75,0.25,Yes,0.75
56082,56082,99.00,124,26,150,0.8266666666666667,0.17333333333333334,Yes,0.8266666666666667
56083,56083,0.00,0,0,0,0,0,n/a,0
56084,56084,99.00,6,1,7,0.8571428571428571,0.14285714285714285,Yes,0.8571428571428571
56085,56085,99.00,168,26,194,0.865979381443299,0.13402061855670103,Yes,0.865979381443299
56086,56086,99.00,109,24,133,0.8195488721804511,0.18045112781954886,Yes,0.8195488721804511
56087,56087,99.00,6,0,6,1.0,0.0,Yes,1.0
56088,56088,99.00,145,27,172,0.8430232558139535,0.1569767441860465,Yes,0.8430232558139535
56089,56089,99.00,11,1,12,0.9166666666666666,0.08333333333333333,Yes,0.9166666666666666
56090,56090,99.00,299,54,353,0.8470254957507082,0.1529745042492918,Yes,0.8470254957507082
56091,56091,99.00,210,29,239,0.8786610878661087,0.12133891213389121,Yes,0.8786610878661087
56092,56092,99.00,0,0,0,0,0,n/a,0
57001,57001,99.00,81,33,114,0.7105263157894737,0.2894736842105263,Yes,0.7105263157894737
57002,57002,99.00,70,28,98,0.7142857142857143,0.2857142857142857,Yes,0.7142857142857143
57003,57003,99.00,3,0,3,1.0,0.0,Yes,1.0
57004,57004,99.00,57,9,66,0.8636363636363636,0.13636363636363635,Yes,0.8636363636363636
57005,57005,99.00,2,0,2,1.0,0.0,Yes,1.0
57006,57006,99.00,46,14,60,0.7666666666666667,0.23333333333333334,Yes,0.7666666666666667
57007,57007,99.00,3,0,3,1.0,0.0,Yes,1.0
57008,57008,99.00,110,27,137,0.8029197080291971,0.19708029197080293,Yes,0.8029197080291971
57009,57009,99.00,127,19,146,0.8698630136986302,0.13013698630136986,Yes,0.8698630136986302
57010,57010,99.00,296,52,348,0.8505747126436781,0.14942528735632185,Yes,0.8505747126436781
57011,57011,99.00,181,34,215,0.8418604651162791,0.15813953488372093,Yes,0.8418604651162791
57012,57012,99.00,104,28,132,0.7878787878787878,0.21212121212121213,Yes,0.7878787878787878
57013,57013,99.00,3,0,3,1.0,0.0,Yes,1.0
57014,57014,99.00,132,24,156,0.8461538461538461,0.15384615384615385,Yes,0.8461538461538461
57015,57015,99.00,12,1,13,0.9230769230769231,0.07692307692307693,Yes,0.9230769230769231
57016,57016,99.00,257,32,289,0.889273356401384,0.11072664359861592,Yes,0.889273356401384
57017,57017,99.00,317,28,345,0.9188405797101449,0.08115942028985507,Yes,0.9188405797101449
57018,57018,99.00,291,45,336,0.8660714285714286,0.13392857142857142,Yes,0.8660714285714286
57019,57019,99.00,4,0,4,1.0,0.0,Yes,1.0
57020,57020,99.00,0,0,0,0,0,n/a,0
57021,57021,80.00,154,13,167,0.9221556886227545,0.07784431137724551,Yes,0.9221556886227545
57022,57022,99.00,157,16,173,0.9075144508670521,0.09248554913294797,Yes,0.9075144508670521
57023,57023,99.00,1,0,1,1.0,0.0,Yes,1.0
57024,57024,99.00,374,34,408,0.9166666666666666,0.08333333333333333,Yes,0.9166666666666666
57025,57025,99.00,307,35,342,0.8976608187134503,0.1023391812865497,Yes,0.8976608187134503
57026,57026,99.00,263,33,296,0.8885135135135135,0.11148648648648649,Yes,0.8885135135135135
57027,57027,99.00,345,31,376,0.9175531914893617,0.08244680851063829,Yes,0.9175531914893617
57028,57028,99.00,7,2,9,0.7777777777777778,0.2222222222222222,Yes,0.7777777777777778
57029,57029,99.00,339,42,381,0.889763779527559,0.11023622047244094,Yes,0.889763779527559
57030,57030,99.00,191,41,232,0.8232758620689655,0.17672413793103448,Yes,0.8232758620689655
57031,57031,99.00,296,61,357,0.8291316526610645,0.17086834733893558,Yes,0.8291316526610645
57032,57032,99.00,102,35,137,0.7445255474452555,0.25547445255474455,Yes,0.7445255474452555
57033,57033,99.00,2,0,2,1.0,0.0,Yes,1.0
57034,57034,99.00,280,26,306,0.9150326797385621,0.08496732026143791,Yes,0.9150326797385621
57035,57035,99.00,218,26,244,0.8934426229508197,0.10655737704918032,Yes,0.8934426229508197
57036,57036,80.00,188,31,219,0.8584474885844748,0.1415525114155251,Yes,0.8584474885844748
57037,57037,80.00,131,15,146,0.8972602739726028,0.10273972602739725,Yes,0.8972602739726028
57038,57038,99.00,243,28,271,0.8966789667896679,0.1033210332103321,Yes,0.8966789667896679
57039,57039,99.00,232,25,257,0.9027237354085603,0.09727626459143969,Yes,0.9027237354085603
57040,57040,99.00,237,26,263,0.9011406844106464,0.09885931558935361,Yes,0.9011406844106464
57041,57041,99.00,211,31,242,0.871900826446281,0.128099173553719,Yes,0.871900826446281
57042,57042,99.00,202,22,224,0.9017857142857143,0.09821428571428571,Yes,0.9017857142857143
57043,57043,99.00,281,42,323,0.8699690402476781,0.13003095975232198,Yes,0.8699690402476781
57044,57044,99.00,162,36,198,0.8181818181818182,0.18181818181818182,Yes,0.8181818181818182
57045,57045,99.00,261,57,318,0.8207547169811321,0.1792452830188679,Yes,0.8207547169811321
57046,57046,99.00,2,0,2,1.0,0.0,Yes,1.0
57047,57047,0.00,12,1,13,0.9230769230769231,0.07692307692307693,Yes,0.9230769230769231
57048,57048,99.00,409,43,452,0.9048672566371682,0.09513274336283185,Yes,0.9048672566371682
57049,57049,99.00,207,22,229,0.9039301310043668,0.09606986899563319,Yes,0.9039301310043668
57050,57050,99.00,10,3,13,0.7692307692307693,0.23076923076923078,Yes,0.7692307692307693
57051,57051,99.00,306,44,350,0.8742857142857143,0.12571428571428572,Yes,0.8742857142857143
57052,57052,99.00,1,0,1,1.0,0.0,Yes,1.0
57053,57053,99.00,7,0,7,1.0,0.0,Yes,1.0
57054,57054,99.00,220,38,258,0.8527131782945736,0.14728682170542637,Yes,0.8527131782945736
57055,57055,99.00,307,41,348,0.882183908045977,0.11781609195402298,Yes,0.882183908045977
57056,57056,99.00,203,27,230,0.8826086956521739,0.11739130434782609,Yes,0.8826086956521739
57057,57057,99.00,170,20,190,0.8947368421052632,0.10526315789473684,Yes,0.8947368421052632
57058,57058,99.00,236,21,257,0.9182879377431906,0.08171206225680934,Yes,0.9182879377431906
57059,57059,99.00,335,24,359,0.9331476323119777,0.06685236768802229,Yes,0.9331476323119777
57060,57060,99.00,373,36,409,0.9119804400977995,0.08801955990220049,Yes,0.9119804400977995
57061,57061,0.00,33,3,36,0.9166666666666666,0.08333333333333333,Yes,0.9166666666666666
57062,57062,0.00,13,1,14,0.9285714285714286,0.07142857142857142,Yes,0.9285714285714286
57063,57063,99.00,23,0,23,1.0,0.0,Yes,1.0
57064,57064,99.00,399,49,448,0.890625,0.109375,Yes,0.890625
57065,57065,99.00,23,1,24,0.9583333333333334,0.041666666666666664,Yes,0.9583333333333334
57066,57066,99.00,12,0,12,1.0,0.0,Yes,1.0
57067,57067,99.00,332,38,370,0.8972972972972973,0.10270270270270271,Yes,0.8972972972972973
57068,57068,99.00,220,36,256,0.859375,0.140625,Yes,0.859375
57069,57069,99.00,244,38,282,0.8652482269503546,0.1347517730496454,Yes,0.8652482269503546
57070,57070,99.00,283,24,307,0.9218241042345277,0.0781758957654723,Yes,0.9218241042345277
57071,57071,99.00,17,0,17,1.0,0.0,Yes,1.0
57072,57072,99.00,215,19,234,0.9188034188034188,0.0811965811965812,Yes,0.9188034188034188
57073,57073,99.00,20,3,23,0.8695652173913043,0.13043478260869565,Yes,0.8695652173913043
57074,57074,99.00,228,32,260,0.8769230769230769,0.12307692307692308,Yes,0.8769230769230769
57075,57075,99.00,271,36,307,0.8827361563517915,0.11726384364820847,Yes,0.8827361563517915
57076,57076,99.00,479,53,532,0.900375939849624,0.09962406015037593,Yes,0.900375939849624
57077,57077,99.00,106,11,117,0.905982905982906,0.09401709401709402,Yes,0.905982905982906
57078,57078,99.00,12,1,13,0.9230769230769231,0.07692307692307693,Yes,0.9230769230769231
57079,57079,99.00,12,3,15,0.8,0.2,Yes,0.8
57080,57080,99.00,373,41,414,0.9009661835748792,0.09903381642512077,Yes,0.9009661835748792
57081,57081,99.00,343,38,381,0.9002624671916011,0.09973753280839895,Yes,0.9002624671916011
57082,57082,99.00,15,0,15,1.0,0.0,Yes,1.0
57083,57083,99.00,114,25,139,0.8201438848920863,0.17985611510791366,Yes,0.8201438848920863
57084,57084,99.00,326,31,357,0.9131652661064426,0.08683473389355742,Yes,0.9131652661064426
57085,57085,30.00,228,38,266,0.8571428571428571,0.14285714285714285,Yes,0.8571428571428571
57086,57086,99.00,12,2,14,0.8571428571428571,0.14285714285714285,Yes,0.8571428571428571
57087,57087,30.00,309,43,352,0.8778409090909091,0.12215909090909091,Yes,0.8778409090909091
57088,57088,30.00,17,3,20,0.85,0.15,Yes,0.85
57089,57089,99.00,19,4,23,0.8260869565217391,0.17391304347826086,Yes,0.8260869565217391
57090,57090,99.00,188,38,226,0.831858407079646,0.168141592920354,Yes,0.831858407079646
57091,57091,99.00,219,47,266,0.8233082706766918,0.17669172932330826,Yes,0.8233082706766918
57092,57092,99.00,169,20,189,0.8941798941798942,0.10582010582010581,Yes,0.8941798941798942
57093,57093,99.00,129,16,145,0.8896551724137931,0.1103448275862069,Yes,0.8896551724137931
57094,57094,99.00,2,0,2,1.0,0.0,Yes,1.0
57095,57095,99.00,7,2,9,0.7777777777777778,0.2222222222222222,Yes,0.7777777777777778
57096,57096,30.00,18,5,23,0.782608695652174,0.21739130434782608,Yes,0.782608695652174
57097,57097,99.00,0,1,1,0.0,1.0,No,1.0
57098,57098,99.00,5,1,6,0.8333333333333334,0.16666666666666666,Yes,0.8333333333333334
57099,57099,99.00,125,15,140,0.8928571428571429,0.10714285714285714,Yes,0.8928571428571429
57100,57100,99.00,6,1,7,0.8571428571428571,0.14285714285714285,Yes,0.8571428571428571
57101,57101,99.00,318,46,364,0.8736263736263736,0.12637362637362637,Yes,0.8736263736263736
57102,57102,99.00,200,29,229,0.8733624454148472,0.12663755458515283,Yes,0.8733624454148472
57103,57103,0.00,24,2,26,0.9230769230769231,0.07692307692307693,Yes,0.9230769230769231
57104,57104,99.00,270,27,297,0.9090909090909091,0.09090909090909091,Yes,0.9090909090909091
57105,57105,99.00,17,3,20,0.85,0.15,Yes,0.85
57106,57106,99.00,0,0,0,0,0,n/a,0
58001,58001,99.00,76,17,93,0.8172043010752689,0.1827956989247312,Yes,0.8172043010752689
58002,58002,99.00,175,38,213,0.8215962441314554,0.1784037558685446,Yes,0.8215962441314554
58003,58003,99.00,1,1,2,0.5,0.5,Tie,0.5
58004,58004,75.00,148,31,179,0.8268156424581006,0.17318435754189945,Yes,0.8268156424581006
58005,58005,75.00,128,34,162,0.7901234567901234,0.20987654320987653,Yes,0.7901234567901234
58006,58006,75.00,1,0,1,1.0,0.0,Yes,1.0
58007,58007,75.00,1,0,1,1.0,0.0,Yes,1.0
58008,58008,99.00,150,30,180,0.8333333333333334,0.16666666666666666,Yes,0.8333333333333334
58009,58009,99.00,111,43,154,0.7207792207792207,0.2792207792207792,Yes,0.7207792207792207
58010,58010,99.00,4,1,5,0.8,0.2,Yes,0.8
58011,58011,99.00,194,28,222,0.8738738738738738,0.12612612612612611,Yes,0.8738738738738738
58012,58012,99.00,112,37,149,0.7516778523489933,0.2483221476510067,Yes,0.7516778523489933
58013,58013,99.00,4,1,5,0.8,0.2,Yes,0.8
58014,58014,99.00,3,1,4,0.75,0.25,Yes,0.75
58015,58015,99.00,137,34,171,0.8011695906432749,0.19883040935672514,Yes,0.8011695906432749
58016,58016,99.00,69,17,86,0.8023255813953488,0.19767441860465115,Yes,0.8023255813953488
58017,58017,99.00,2,3,5,0.4,0.6,No,0.6
58018,58018,99.00,97,42,139,0.697841726618705,0.302158273381295,Yes,0.697841726618705
58019,58019,99.00,156,48,204,0.7647058823529411,0.23529411764705882,Yes,0.7647058823529411
58020,58020,99.00,195,57,252,0.7738095238095238,0.2261904761904762,Yes,0.7738095238095238
58021,58021,99.00,122,32,154,0.7922077922077922,0.2077922077922078,Yes,0.7922077922077922
58022,58022,99.00,4,0,4,1.0,0.0,Yes,1.0
58023,58023,0.00,7,1,8,0.875,0.125,Yes,0.875
58024,58024,99.00,8,0,8,1.0,0.0,Yes,1.0
58025,58025,99.00,132,31,163,0.8098159509202454,0.1901840490797546,Yes,0.8098159509202454
58026,58026,99.00,210,49,259,0.8108108108108109,0.1891891891891892,Yes,0.8108108108108109
58027,58027,99.00,119,32,151,0.7880794701986755,0.2119205298013245,Yes,0.7880794701986755
58028,58028,99.00,194,36,230,0.8434782608695652,0.1565217391304348,Yes,0.8434782608695652
58029,58029,99.00,8,0,8,1.0,0.0,Yes,1.0
58030,58030,99.00,149,38,187,0.7967914438502673,0.20320855614973263,Yes,0.7967914438502673
58031,58031,99.00,192,56,248,0.7741935483870968,0.22580645161290322,Yes,0.7741935483870968
58032,58032,99.00,0,1,1,0.0,1.0,No,1.0
58033,58033,0.00,5,4,9,0.5555555555555556,0.4444444444444444,Yes,0.5555555555555556
58034,58034,0.00,8,1,9,0.8888888888888888,0.1111111111111111,Yes,0.8888888888888888
58035,58035,0.00,4,2,6,0.6666666666666666,0.3333333333333333,Yes,0.6666666666666666
58036,58036,99.00,4,2,6,0.6666666666666666,0.3333333333333333,Yes,0.6666666666666666
58037,58037,99.00,9,0,9,1.0,0.0,Yes,1.0
58038,58038,99.00,170,54,224,0.7589285714285714,0.24107142857142858,Yes,0.7589285714285714
58039,58039,37.50,202,54,256,0.7890625,0.2109375,Yes,0.7890625
58040,58040,99.00,2,1,3,0.6666666666666666,0.3333333333333333,Yes,0.6666666666666666
58041,58041,37.50,148,31,179,0.8268156424581006,0.17318435754189945,Yes,0.8268156424581006
58042,58042,37.50,9,1,10,0.9,0.1,Yes,0.9
58043,58043,99.00,202,35,237,0.8523206751054853,0.14767932489451477,Yes,0.8523206751054853
58044,58044,99.00,1,0,1,1.0,0.0,Yes,1.0
58045,58045,99.00,135,42,177,0.7627118644067796,0.23728813559322035,Yes,0.7627118644067796
58046,58046,99.00,196,43,239,0.8200836820083682,0.1799163179916318,Yes,0.8200836820083682
58047,58047,0.00,5,1,6,0.8333333333333334,0.16666666666666666,Yes,0.8333333333333334
58048,58048,0.00,5,0,5,1.0,0.0,Yes,1.0
58049,58049,37.50,20,3,23,0.8695652173913043,0.13043478260869565,Yes,0.8695652173913043
58050,58050,99.00,4,3,7,0.5714285714285714,0.42857142857142855,Yes,0.5714285714285714
58051,58051,99.00,75,13,88,0.8522727272727273,0.14772727272727273,Yes,0.8522727272727273
58052,58052,99.00,103,20,123,0.8373983739837398,0.16260162601626016,Yes,0.8373983739837398
58053,58053,99.00,3,0,3,1.0,0.0,Yes,1.0
58054,58054,99.00,163,26,189,0.8624338624338624,0.13756613756613756,Yes,0.8624338624338624
58055,58055,99.00,111,33,144,0.7708333333333334,0.22916666666666666,Yes,0.7708333333333334
58056,58056,99.00,3,0,3,1.0,0.0,Yes,1.0
58057,58057,50.00,76,22,98,0.7755102040816326,0.22448979591836735,Yes,0.7755102040816326
58058,58058,99.00,8,1,9,0.8888888888888888,0.1111111111111111,Yes,0.8888888888888888
58059,58059,99.00,153,30,183,0.8360655737704918,0.16393442622950818,Yes,0.8360655737704918
58060,58060,99.00,6,3,9,0.6666666666666666,0.3333333333333333,Yes,0.6666666666666666
58061,58061,99.00,105,30,135,0.7777777777777778,0.2222222222222222,Yes,0.7777777777777778
58062,58062,99.00,140,42,182,0.7692307692307693,0.23076923076923078,Yes,0.7692307692307693
58063,58063,99.00,3,0,3,1.0,0.0,Yes,1.0
58064,58064,99.00,137,39,176,0.7784090909090909,0.2215909090909091,Yes,0.7784090909090909
58065,58065,99.00,163,48,211,0.7725118483412322,0.22748815165876776,Yes,0.7725118483412322
58066,58066,99.00,107,17,124,0.8629032258064516,0.13709677419354838,Yes,0.8629032258064516
58067,58067,99.00,202,33,235,0.8595744680851064,0.14042553191489363,Yes,0.8595744680851064
58068,58068,99.00,144,42,186,0.7741935483870968,0.22580645161290322,Yes,0.7741935483870968
58069,58069,99.00,0,0,0,0,0,n/a,0
58070,58070,99.00,86,12,98,0.8775510204081632,0.12244897959183673,Yes,0.8775510204081632
58071,58071,99.00,109,19,128,0.8515625,0.1484375,Yes,0.8515625
58072,58072,99.00,52,12,64,0.8125,0.1875,Yes,0.8125
58073,58073,99.00,35,6,41,0.8536585365853658,0.14634146341463414,Yes,0.8536585365853658
58074,58074,99.00,3,1,4,0.75,0.25,Yes,0.75
58075,58075,99.00,96,22,118,0.8135593220338984,0.1864406779661017,Yes,0.8135593220338984
58076,58076,99.00,98,28,126,0.7777777777777778,0.2222222222222222,Yes,0.7777777777777778
58077,58077,99.00,125,16,141,0.8865248226950354,0.11347517730496454,Yes,0.8865248226950354
58078,58078,99.00,221,40,261,0.8467432950191571,0.1532567049808429,Yes,0.8467432950191571
58079,58079,99.00,114,27,141,0.8085106382978723,0.19148936170212766,Yes,0.8085106382978723
58080,58080,99.00,181,51,232,0.7801724137931034,0.21982758620689655,Yes,0.7801724137931034
58081,58081,99.00,5,0,5,1.0,0.0,Yes,1.0
58082,58082,99.00,6,2,8,0.75,0.25,Yes,0.75
58083,58083,99.00,7,1,8,0.875,0.125,Yes,0.875
58084,58084,75.00,101,17,118,0.8559322033898306,0.1440677966101695,Yes,0.8559322033898306
58085,58085,99.00,2,0,2,1.0,0.0,Yes,1.0
58086,58086,0.00,7,3,10,0.7,0.3,Yes,0.7
59001,59001,99.00,1,2,3,0.3333333333333333,0.6666666666666666,No,0.6666666666666666
59002,59002,99.00,1,2,3,0.3333333333333333,0.6666666666666666,No,0.6666666666666666
59003,59003,99.00,88,13,101,0.8712871287128713,0.12871287128712872,Yes,0.8712871287128713
59004,59004,99.00,110,32,142,0.7746478873239436,0.22535211267605634,Yes,0.7746478873239436
59005,59005,50.00,76,15,91,0.8351648351648352,0.16483516483516483,Yes,0.8351648351648352
59006,59006,50.00,129,28,157,0.821656050955414,0.17834394904458598,Yes,0.821656050955414
59007,59007,99.00,10,3,13,0.7692307692307693,0.23076923076923078,Yes,0.7692307692307693
59008,59008,99.00,162,44,206,0.7864077669902912,0.21359223300970873,Yes,0.7864077669902912
59009,59009,99.00,0,4,4,0.0,1.0,No,1.0
59010,59010,99.00,111,26,137,0.8102189781021898,0.1897810218978102,Yes,0.8102189781021898
59011,59011,99.00,136,35,171,0.7953216374269005,0.2046783625730994,Yes,0.7953216374269005
59012,59012,99.00,128,38,166,0.7710843373493976,0.2289156626506024,Yes,0.7710843373493976
59013,59013,50.00,110,29,139,0.7913669064748201,0.20863309352517986,Yes,0.7913669064748201
59014,59014,50.00,95,21,116,0.8189655172413793,0.1810344827586207,Yes,0.8189655172413793
59015,59015,50.00,97,14,111,0.8738738738738738,0.12612612612612611,Yes,0.8738738738738738
59016,59016,99.00,260,61,321,0.8099688473520249,0.19003115264797507,Yes,0.8099688473520249
59017,59017,99.00,104,23,127,0.8188976377952756,0.18110236220472442,Yes,0.8188976377952756
59018,59018,99.00,160,42,202,0.7920792079207921,0.2079207920792079,Yes,0.7920792079207921
59019,59019,99.00,5,1,6,0.8333333333333334,0.16666666666666666,Yes,0.8333333333333334
59020,59020,99.00,147,31,178,0.8258426966292135,0.17415730337078653,Yes,0.8258426966292135
59021,59021,99.00,121,28,149,0.8120805369127517,0.18791946308724833,Yes,0.8120805369127517
59022,59022,99.00,126,28,154,0.8181818181818182,0.18181818181818182,Yes,0.8181818181818182
59023,59023,99.00,99,21,120,0.825,0.175,Yes,0.825
59024,59024,99.00,93,24,117,0.7948717948717948,0.20512820512820512,Yes,0.7948717948717948
59025,59025,50.00,202,42,244,0.8278688524590164,0.1721311475409836,Yes,0.8278688524590164
59026,59026,99.00,96,43,139,0.6906474820143885,0.30935251798561153,Yes,0.6906474820143885
59027,59027,99.00,204,61,265,0.769811320754717,0.23018867924528302,Yes,0.769811320754717
59028,59028,99.00,163,70,233,0.6995708154506438,0.30042918454935624,Yes,0.6995708154506438
59029,59029,99.00,98,37,135,0.725925925925926,0.2740740740740741,Yes,0.725925925925926
59030,59030,99.00,4,1,5,0.8,0.2,Yes,0.8
59031,59031,99.00,5,3,8,0.625,0.375,Yes,0.625
59032,59032,99.00,1,1,2,0.5,0.5,Tie,0.5
59033,59033,99.00,162,168,330,0.4909090909090909,0.509090909090909,No,0.509090909090909
59034,59034,99.00,3,3,6,0.5,0.5,Tie,0.5
59035,59035,99.00,135,94,229,0.5895196506550219,0.4104803493449782,Yes,0.5895196506550219
59036,59036,99.00,111,113,224,0.4955357142857143,0.5044642857142857,No,0.5044642857142857
59037,59037,99.00,99,81,180,0.55,0.45,Yes,0.55
59038,59038,99.00,118,149,267,0.4419475655430712,0.5580524344569289,No,0.5580524344569289
59039,59039,99.00,130,80,210,0.6190476190476191,0.38095238095238093,Yes,0.6190476190476191
59040,59040,99.00,116,88,204,0.5686274509803921,0.43137254901960786,Yes,0.5686274509803921
59041,59041,99.00,138,35,173,0.7976878612716763,0.2023121387283237,Yes,0.7976878612716763
59042,59042,99.00,162,165,327,0.4954128440366973,0.5045871559633027,No,0.5045871559633027
59043,59043,99.00,3,2,5,0.6,0.4,Yes,0.6
59044,59044,99.00,139,210,349,0.3982808022922636,0.6017191977077364,No,0.6017191977077364
59045,59045,99.00,4,3,7,0.5714285714285714,0.42857142857142855,Yes,0.5714285714285714
59046,59046,99.00,0,0,0,0,0,n/a,0
59047,59047,99.00,11,3,14,0.7857142857142857,0.21428571428571427,Yes,0.7857142857142857
59048,59048,99.00,1,0,1,1.0,0.0,Yes,1.0
59049,59049,99.00,6,1,7,0.8571428571428571,0.14285714285714285,Yes,0.8571428571428571
59050,59050,99.00,102,40,142,0.7183098591549296,0.28169014084507044,Yes,0.7183098591549296
59051,59051,99.00,102,70,172,0.5930232558139535,0.4069767441860465,Yes,0.5930232558139535
59052,59052,99.00,64,55,119,0.5378151260504201,0.46218487394957986,Yes,0.5378151260504201
59053,59053,99.00,40,55,95,0.42105263157894735,0.5789473684210527,No,0.5789473684210527
59054,59054,99.00,64,50,114,0.5614035087719298,0.43859649122807015,Yes,0.5614035087719298
59055,59055,99.00,117,82,199,0.5879396984924623,0.4120603015075377,Yes,0.5879396984924623
59056,59056,99.00,95,21,116,0.8189655172413793,0.1810344827586207,Yes,0.8189655172413793
59057,59057,99.00,127,65,192,0.6614583333333334,0.3385416666666667,Yes,0.6614583333333334
59058,59058,99.00,66,24,90,0.7333333333333333,0.26666666666666666,Yes,0.7333333333333333
59059,59059,99.00,68,55,123,0.5528455284552846,0.44715447154471544,Yes,0.5528455284552846
59060,59060,99.00,1,6,7,0.14285714285714285,0.8571428571428571,No,0.8571428571428571
59061,59061,99.00,131,88,219,0.5981735159817352,0.4018264840182648,Yes,0.5981735159817352
59062,59062,99.00,1,1,2,0.5,0.5,Tie,0.5
59063,59063,99.00,121,30,151,0.8013245033112583,0.1986754966887417,Yes,0.8013245033112583
59064,59064,99.00,14,1,15,0.9333333333333333,0.06666666666666667,Yes,0.9333333333333333
59065,59065,99.00,13,2,15,0.8666666666666667,0.13333333333333333,Yes,0.8666666666666667
59066,59066,99.00,181,40,221,0.8190045248868778,0.18099547511312217,Yes,0.8190045248868778
59067,59067,85.71,13,2,15,0.8666666666666667,0.13333333333333333,Yes,0.8666666666666667
59068,59068,85.71,4,0,4,1.0,0.0,Yes,1.0
59069,59069,85.71,7,2,9,0.7777777777777778,0.2222222222222222,Yes,0.7777777777777778
59070,59070,85.71,145,37,182,0.7967032967032966,0.2032967032967033,Yes,0.7967032967032966
59071,59071,99.00,137,34,171,0.8011695906432749,0.19883040935672514,Yes,0.8011695906432749
59072,59072,99.00,175,61,236,0.7415254237288136,0.2584745762711864,Yes,0.7415254237288136
59073,59073,85.71,158,46,204,0.7745098039215687,0.22549019607843138,Yes,0.7745098039215687
59074,59074,85.71,91,20,111,0.8198198198198198,0.18018018018018017,Yes,0.8198198198198198
59075,59075,85.71,170,48,218,0.7798165137614679,0.22018348623853212,Yes,0.7798165137614679
59076,59076,99.00,8,0,8,1.0,0.0,Yes,1.0
59077,59077,99.00,7,1,8,0.875,0.125,Yes,0.875
59078,59078,99.00,1,3,4,0.25,0.75,No,0.75
59079,59079,99.00,9,2,11,0.8181818181818182,0.18181818181818182,Yes,0.8181818181818182
59080,59080,99.00,4,2,6,0.6666666666666666,0.3333333333333333,Yes,0.6666666666666666
59081,59081,85.71,7,0,7,1.0,0.0,Yes,1.0
59082,59082,99.00,5,2,7,0.7142857142857143,0.2857142857142857,Yes,0.7142857142857143
59083,59083,99.00,71,33,104,0.6826923076923077,0.3173076923076923,Yes,0.6826923076923077
59084,59084,85.71,143,40,183,0.7814207650273224,0.2185792349726776,Yes,0.7814207650273224
59085,59085,50.00,13,5,18,0.7222222222222222,0.2777777777777778,Yes,0.7222222222222222
59086,59086,99.00,0,0,0,0,0,n/a,0
59087,59087,99.00,0,0,0,0,0,n/a,0
59088,59088,99.00,0,0,0,0,0,n/a,0
59089,59089,99.00,0,0,0,0,0,n/a,0
59090,59090,99.00,0,0,0,0,0,n/a,0
60001,60001,99.00,36,12,48,0.75,0.25,Yes,0.75
60002,60002,99.00,100,25,125,0.8,0.2,Yes,0.8
60003,60003,99.00,79,23,102,0.7745098039215687,0.22549019607843138,Yes,0.7745098039215687
60004,60004,99.00,4,0,4,1.0,0.0,Yes,1.0
60005,60005,99.00,162,46,208,0.7788461538461539,0.22115384615384615,Yes,0.7788461538461539
60006,60006,99.00,21,11,32,0.65625,0.34375,Yes,0.65625
60007,60007,99.00,121,18,139,0.8705035971223022,0.12949640287769784,Yes,0.8705035971223022
60008,60008,99.00,111,33,144,0.7708333333333334,0.22916666666666666,Yes,0.7708333333333334
60009,60009,99.00,122,30,152,0.8026315789473685,0.19736842105263158,Yes,0.8026315789473685
60010,60010,99.00,65,25,90,0.7222222222222222,0.2777777777777778,Yes,0.7222222222222222
60011,60011,99.00,0,0,0,0,0,n/a,0
60012,60012,99.00,4,1,5,0.8,0.2,Yes,0.8
60013,60013,99.00,86,26,112,0.7678571428571429,0.23214285714285715,Yes,0.7678571428571429
60014,60014,99.00,131,29,160,0.81875,0.18125,Yes,0.81875
60015,60015,66.67,51,14,65,0.7846153846153846,0.2153846153846154,Yes,0.7846153846153846
60016,60016,99.00,0,0,0,0,0,n/a,0
60017,60017,99.00,164,51,215,0.7627906976744186,0.2372093023255814,Yes,0.7627906976744186
60018,60018,66.67,1,0,1,1.0,0.0,Yes,1.0
60019,60019,66.67,1,0,1,1.0,0.0,Yes,1.0
60020,60020,99.00,0,0,0,0,0,n/a,0
60021,60021,99.00,57,17,74,0.7702702702702703,0.22972972972972974,Yes,0.7702702702702703
60022,60022,99.00,62,15,77,0.8051948051948052,0.19480519480519481,Yes,0.8051948051948052
60023,60023,99.00,0,0,0,0,0,n/a,0
60024,60024,99.00,48,16,64,0.75,0.25,Yes,0.75
60025,60025,99.00,0,0,0,0,0,n/a,0
60026,60026,99.00,160,34,194,0.8247422680412371,0.17525773195876287,Yes,0.8247422680412371
60027,60027,99.00,145,36,181,0.8011049723756906,0.19889502762430938,Yes,0.8011049723756906
60028,60028,99.00,210,39,249,0.8433734939759037,0.1566265060240964,Yes,0.8433734939759037
60029,60029,99.00,85,17,102,0.8333333333333334,0.16666666666666666,Yes,0.8333333333333334
60030,60030,99.00,4,0,4,1.0,0.0,Yes,1.0
60031,60031,66.67,43,17,60,0.7166666666666667,0.2833333333333333,Yes,0.7166666666666667
60032,60032,99.00,69,28,97,0.711340206185567,0.28865979381443296,Yes,0.711340206185567
60033,60033,99.00,172,46,218,0.7889908256880734,0.21100917431192662,Yes,0.7889908256880734
60034,60034,99.00,89,25,114,0.7807017543859649,0.21929824561403508,Yes,0.7807017543859649
60035,60035,99.00,3,1,4,0.75,0.25,Yes,0.75
60036,60036,99.00,84,15,99,0.8484848484848485,0.15151515151515152,Yes,0.8484848484848485
60037,60037,99.00,5,0,5,1.0,0.0,Yes,1.0
60038,60038,99.00,7,3,10,0.7,0.3,Yes,0.7
60039,60039,66.67,61,10,71,0.8591549295774648,0.14084507042253522,Yes,0.8591549295774648
60040,60040,66.67,55,21,76,0.7236842105263158,0.27631578947368424,Yes,0.7236842105263158
60041,60041,66.67,68,15,83,0.8192771084337349,0.18072289156626506,Yes,0.8192771084337349
60042,60042,99.00,81,11,92,0.8804347826086957,0.11956521739130435,Yes,0.8804347826086957
60043,60043,99.00,75,16,91,0.8241758241758241,0.17582417582417584,Yes,0.8241758241758241
60044,60044,99.00,8,3,11,0.7272727272727273,0.2727272727272727,Yes,0.7272727272727273
60045,60045,99.00,110,28,138,0.7971014492753623,0.2028985507246377,Yes,0.7971014492753623
60046,60046,99.00,133,33,166,0.8012048192771084,0.19879518072289157,Yes,0.8012048192771084
60047,60047,99.00,90,29,119,0.7563025210084033,0.24369747899159663,Yes,0.7563025210084033
60048,60048,66.67,3,3,6,0.5,0.5,Tie,0.5
60049,60049,66.67,70,22,92,0.7608695652173914,0.2391304347826087,Yes,0.7608695652173914
60050,60050,66.67,0,0,0,0,0,n/a,0
60051,60051,66.67,81,23,104,0.7788461538461539,0.22115384615384615,Yes,0.7788461538461539
60052,60052,99.00,71,13,84,0.8452380952380952,0.15476190476190477,Yes,0.8452380952380952
60053,60053,99.00,112,21,133,0.8421052631578947,0.15789473684210525,Yes,0.8421052631578947
60054,60054,99.00,128,36,164,0.7804878048780488,0.21951219512195122,Yes,0.7804878048780488
60055,60055,99.00,185,42,227,0.8149779735682819,0.18502202643171806,Yes,0.8149779735682819
60056,60056,99.00,131,32,163,0.803680981595092,0.19631901840490798,Yes,0.803680981595092
60057,60057,99.00,95,22,117,0.811965811965812,0.18803418803418803,Yes,0.811965811965812
60058,60058,99.00,54,11,65,0.8307692307692308,0.16923076923076924,Yes,0.8307692307692308
60059,60059,99.00,3,0,3,1.0,0.0,Yes,1.0
60060,60060,99.00,100,31,131,0.7633587786259542,0.2366412213740458,Yes,0.7633587786259542
60061,60061,99.00,4,3,7,0.5714285714285714,0.42857142857142855,Yes,0.5714285714285714
60062,60062,99.00,106,24,130,0.8153846153846154,0.18461538461538463,Yes,0.8153846153846154
60063,60063,99.00,101,43,144,0.7013888888888888,0.2986111111111111,Yes,0.7013888888888888
60064,60064,99.00,3,1,4,0.75,0.25,Yes,0.75
60065,60065,99.00,116,27,143,0.8111888111888111,0.1888111888111888,Yes,0.8111888111888111
60066,60066,99.00,130,35,165,0.7878787878787878,0.21212121212121213,Yes,0.7878787878787878
60067,60067,99.00,0,0,0,0,0,n/a,0
60068,60068,99.00,3,0,3,1.0,0.0,Yes,1.0
60069,60069,99.00,2,1,3,0.6666666666666666,0.3333333333333333,Yes,0.6666666666666666
60070,60070,99.00,6,2,8,0.75,0.25,Yes,0.75
60071,60071,99.00,113,32,145,0.7793103448275862,0.2206896551724138,Yes,0.7793103448275862
60072,60072,99.00,142,35,177,0.8022598870056498,0.1977401129943503,Yes,0.8022598870056498
60073,60073,99.00,2,0,2,1.0,0.0,Yes,1.0
60074,60074,99.00,96,22,118,0.8135593220338984,0.1864406779661017,Yes,0.8135593220338984
60075,60075,99.00,123,38,161,0.7639751552795031,0.2360248447204969,Yes,0.7639751552795031
60076,60076,99.00,2,0,2,1.0,0.0,Yes,1.0
60077,60077,99.00,3,2,5,0.6,0.4,Yes,0.6
60078,60078,99.00,156,70,226,0.6902654867256637,0.30973451327433627,Yes,0.6902654867256637
60079,60079,99.00,82,23,105,0.780952380952381,0.21904761904761905,Yes,0.780952380952381
60080,60080,99.00,89,31,120,0.7416666666666667,0.25833333333333336,Yes,0.7416666666666667
60081,60081,99.00,197,53,250,0.788,0.212,Yes,0.788
60082,60082,99.00,217,43,260,0.8346153846153846,0.16538461538461538,Yes,0.8346153846153846
60083,60083,22.22,147,35,182,0.8076923076923077,0.19230769230769232,Yes,0.8076923076923077
60084,60084,22.22,15,4,19,0.7894736842105263,0.21052631578947367,Yes,0.7894736842105263
60085,60085,99.00,187,52,239,0.7824267782426778,0.2175732217573222,Yes,0.7824267782426778
60086,60086,22.22,225,46,271,0.8302583025830258,0.16974169741697417,Yes,0.8302583025830258
60087,60087,99.00,6,0,6,1.0,0.0,Yes,1.0
60088,60088,99.00,72,23,95,0.7578947368421053,0.24210526315789474,Yes,0.7578947368421053
60089,60089,99.00,2,1,3,0.6666666666666666,0.3333333333333333,Yes,0.6666666666666666
60090,60090,99.00,3,1,4,0.75,0.25,Yes,0.75
60091,60091,66.67,71,19,90,0.7888888888888889,0.2111111111111111,Yes,0.7888888888888889
64001,64001,50.00,67,71,138,0.4855072463768116,0.5144927536231884,No,0.5144927536231884
64002,64002,50.00,104,98,202,0.5148514851485149,0.48514851485148514,Yes,0.5148514851485149
64003,64003,99.00,156,200,356,0.43820224719101125,0.5617977528089888,No,0.5617977528089888
64004,64004,99.00,4,3,7,0.5714285714285714,0.42857142857142855,Yes,0.5714285714285714
64005,64005,99.00,177,179,356,0.49719101123595505,0.5028089887640449,No,0.5028089887640449
64006,64006,50.00,105,115,220,0.4772727272727273,0.5227272727272727,No,0.5227272727272727
64007,64007,50.00,111,119,230,0.4826086956521739,0.5173913043478261,No,0.5173913043478261
64008,64008,99.00,12,12,24,0.5,0.5,Tie,0.5
64009,64009,99.00,124,165,289,0.4290657439446367,0.5709342560553633,No,0.5709342560553633
64010,64010,99.00,5,4,9,0.5555555555555556,0.4444444444444444,Yes,0.5555555555555556
64011,64011,99.00,126,120,246,0.5121951219512195,0.4878048780487805,Yes,0.5121951219512195
64012,64012,99.00,3,1,4,0.75,0.25,Yes,0.75
64013,64013,99.00,5,1,6,0.8333333333333334,0.16666666666666666,Yes,0.8333333333333334
64014,64014,99.00,193,175,368,0.5244565217391305,0.47554347826086957,Yes,0.5244565217391305
64015,64015,99.00,12,7,19,0.631578947368421,0.3684210526315789,Yes,0.631578947368421
64016,64016,57.14,175,168,343,0.5102040816326531,0.4897959183673469,Yes,0.5102040816326531
64017,64017,57.14,28,12,40,0.7,0.3,Yes,0.7
64018,64018,99.00,82,48,130,0.6307692307692307,0.36923076923076925,Yes,0.6307692307692307
64019,64019,57.14,53,31,84,0.6309523809523809,0.36904761904761907,Yes,0.6309523809523809
64020,64020,99.00,76,55,131,0.5801526717557252,0.4198473282442748,Yes,0.5801526717557252
64021,64021,99.00,81,67,148,0.5472972972972973,0.4527027027027027,Yes,0.5472972972972973
64022,64022,57.14,174,172,346,0.5028901734104047,0.49710982658959535,Yes,0.5028901734104047
64023,64023,99.00,165,144,309,0.5339805825242718,0.46601941747572817,Yes,0.5339805825242718
64024,64024,99.00,133,116,249,0.5341365461847389,0.46586345381526106,Yes,0.5341365461847389
64025,64025,99.00,82,62,144,0.5694444444444444,0.4305555555555556,Yes,0.5694444444444444
64026,64026,99.00,6,2,8,0.75,0.25,Yes,0.75
64027,64027,99.00,69,66,135,0.5111111111111111,0.4888888888888889,Yes,0.5111111111111111
64028,64028,99.00,120,119,239,0.502092050209205,0.497907949790795,Yes,0.502092050209205
64029,64029,99.00,8,9,17,0.47058823529411764,0.5294117647058824,No,0.5294117647058824
64030,64030,99.00,162,102,264,0.6136363636363636,0.38636363636363635,Yes,0.6136363636363636
64031,64031,99.00,9,1,10,0.9,0.1,Yes,0.9
64032,64032,99.00,148,127,275,0.5381818181818182,0.4618181818181818,Yes,0.5381818181818182
64033,64033,99.00,65,70,135,0.48148148148148145,0.5185185185185185,No,0.5185185185185185
64034,64034,99.00,9,3,12,0.75,0.25,Yes,0.75
64035,64035,99.00,90,59,149,0.6040268456375839,0.3959731543624161,Yes,0.6040268456375839
64036,64036,99.00,135,116,251,0.5378486055776892,0.46215139442231074,Yes,0.5378486055776892
64037,64037,99.00,137,111,248,0.5524193548387096,0.4475806451612903,Yes,0.5524193548387096
64038,64038,99.00,94,54,148,0.6351351351351351,0.36486486486486486,Yes,0.6351351351351351
64039,64039,99.00,5,2,7,0.7142857142857143,0.2857142857142857,Yes,0.7142857142857143
64040,64040,99.00,82,35,117,0.7008547008547008,0.29914529914529914,Yes,0.7008547008547008
64041,64041,99.00,134,85,219,0.6118721461187214,0.3881278538812785,Yes,0.6118721461187214
64042,64042,99.00,77,42,119,0.6470588235294118,0.35294117647058826,Yes,0.6470588235294118
64043,64043,99.00,104,57,161,0.6459627329192547,0.35403726708074534,Yes,0.6459627329192547
64044,64044,99.00,79,36,115,0.6869565217391305,0.3130434782608696,Yes,0.6869565217391305
64045,64045,99.00,13,4,17,0.7647058823529411,0.23529411764705882,Yes,0.7647058823529411
64046,64046,99.00,16,5,21,0.7619047619047619,0.23809523809523808,Yes,0.7619047619047619
64047,64047,99.00,198,132,330,0.6,0.4,Yes,0.6
64048,64048,99.00,92,99,191,0.4816753926701571,0.518324607329843,No,0.518324607329843
64049,64049,99.00,106,53,159,0.6666666666666666,0.3333333333333333,Yes,0.6666666666666666
64050,64050,99.00,6,1,7,0.8571428571428571,0.14285714285714285,Yes,0.8571428571428571
64051,64051,99.00,167,103,270,0.6185185185185185,0.3814814814814815,Yes,0.6185185185185185
64052,64052,99.00,7,2,9,0.7777777777777778,0.2222222222222222,Yes,0.7777777777777778
64053,64053,99.00,137,87,224,0.6116071428571429,0.38839285714285715,Yes,0.6116071428571429
64054,64054,99.00,94,113,207,0.45410628019323673,0.5458937198067633,No,0.5458937198067633
64055,64055,99.00,92,67,159,0.5786163522012578,0.42138364779874216,Yes,0.5786163522012578
64056,64056,57.14,17,19,36,0.4722222222222222,0.5277777777777778,No,0.5277777777777778
64057,64057,99.00,4,2,6,0.6666666666666666,0.3333333333333333,Yes,0.6666666666666666
64058,64058,50.00,78,85,163,0.4785276073619632,0.5214723926380368,No,0.5214723926380368
64059,64059,99.00,63,58,121,0.5206611570247934,0.4793388429752066,Yes,0.5206611570247934
64060,64060,99.00,5,5,10,0.5,0.5,Tie,0.5
64061,64061,99.00,3,5,8,0.375,0.625,No,0.625
64062,64062,99.00,96,59,155,0.6193548387096774,0.38064516129032255,Yes,0.6193548387096774
64063,64063,99.00,81,59,140,0.5785714285714286,0.42142857142857143,Yes,0.5785714285714286
64064,64064,99.00,0,0,0,0,0,n/a,0
64065,64065,99.00,0,0,0,0,0,n/a,0
64066,64066,99.00,0,0,0,0,0,n/a,0
64067,64067,99.00,0,0,0,0,0,n/a,0
64068,64068,99.00,0,0,0,0,0,n/a,0
64069,64069,99.00,0,0,0,0,0,n/a,0
64070,64070,99.00,0,0,0,0,0,n/a,0
64075,64075,99.00,138,52,190,0.7263157894736842,0.2736842105263158,Yes,0.7263157894736842
64076,64076,99.00,128,55,183,0.6994535519125683,0.3005464480874317,Yes,0.6994535519125683
64077,64077,99.00,164,54,218,0.7522935779816514,0.24770642201834864,Yes,0.7522935779816514
64078,64078,99.00,10,3,13,0.7692307692307693,0.23076923076923078,Yes,0.7692307692307693
64079,64079,99.00,235,98,333,0.7057057057057057,0.29429429429429427,Yes,0.7057057057057057
64080,64080,99.00,157,41,198,0.7929292929292929,0.20707070707070707,Yes,0.7929292929292929
64081,64081,99.00,3,1,4,0.75,0.25,Yes,0.75
64082,64082,99.00,1,0,1,1.0,0.0,Yes,1.0
64083,64083,99.00,152,58,210,0.7238095238095238,0.2761904761904762,Yes,0.7238095238095238
64084,64084,99.00,147,67,214,0.6869158878504673,0.3130841121495327,Yes,0.6869158878504673
64085,64085,99.00,14,4,18,0.7777777777777778,0.2222222222222222,Yes,0.7777777777777778
64086,64086,99.00,124,60,184,0.6739130434782609,0.32608695652173914,Yes,0.6739130434782609
64087,64087,99.00,148,34,182,0.8131868131868132,0.18681318681318682,Yes,0.8131868131868132
64088,64088,99.00,130,51,181,0.7182320441988951,0.281767955801105,Yes,0.7182320441988951
64089,64089,33.33,134,106,240,0.5583333333333333,0.44166666666666665,Yes,0.5583333333333333
64090,64090,0.00,14,3,17,0.8235294117647058,0.17647058823529413,Yes,0.8235294117647058
64091,64091,33.33,14,5,19,0.7368421052631579,0.2631578947368421,Yes,0.7368421052631579
64092,64092,99.00,184,65,249,0.7389558232931727,0.26104417670682734,Yes,0.7389558232931727
64093,64093,99.00,154,69,223,0.6905829596412556,0.3094170403587444,Yes,0.6905829596412556
64094,64094,99.00,0,0,0,0,0,n/a,0
64095,64095,99.00,0,0,0,0,0,n/a,0
64096,64096,33.33,0,0,0,0,0,n/a,0
64097,64097,99.00,0,0,0,0,0,n/a,0
64098,64098,33.33,0,0,0,0,0,n/a,0
64099,64099,33.33,0,0,0,0,0,n/a,0
23001,23001,99.00,132,242,374,0.35294117647058826,0.6470588235294118,No,0.6470588235294118
23002,23002,99.00,154,255,409,0.3765281173594132,0.6234718826405868,No,0.6234718826405868
23003,23003,99.00,164,254,418,0.3923444976076555,0.6076555023923444,No,0.6076555023923444
23004,23004,99.00,2,1,3,0.6666666666666666,0.3333333333333333,Yes,0.6666666666666666
23005,23005,99.00,130,112,242,0.5371900826446281,0.4628099173553719,Yes,0.5371900826446281
23006,23006,99.00,269,263,532,0.5056390977443609,0.4943609022556391,Yes,0.5056390977443609
23007,23007,99.00,13,8,21,0.6190476190476191,0.38095238095238093,Yes,0.6190476190476191
23008,23008,99.00,267,318,585,0.4564102564102564,0.5435897435897435,No,0.5435897435897435
23009,23009,99.00,11,15,26,0.4230769230769231,0.5769230769230769,No,0.5769230769230769
23010,23010,99.00,249,225,474,0.5253164556962026,0.47468354430379744,Yes,0.5253164556962026
23011,23011,99.00,138,127,265,0.5207547169811321,0.47924528301886793,Yes,0.5207547169811321
23012,23012,99.00,108,71,179,0.6033519553072626,0.39664804469273746,Yes,0.6033519553072626
23013,23013,99.00,153,88,241,0.6348547717842323,0.3651452282157676,Yes,0.6348547717842323
23014,23014,99.00,148,140,288,0.5138888888888888,0.4861111111111111,Yes,0.5138888888888888
23015,23015,99.00,165,65,230,0.717391304347826,0.2826086956521739,Yes,0.717391304347826
23016,23016,99.00,145,49,194,0.7474226804123711,0.25257731958762886,Yes,0.7474226804123711
23017,23017,99.00,199,74,273,0.7289377289377289,0.27106227106227104,Yes,0.7289377289377289
23018,23018,99.00,82,24,106,0.7735849056603774,0.22641509433962265,Yes,0.7735849056603774
23019,23019,99.00,173,57,230,0.7521739130434782,0.24782608695652175,Yes,0.7521739130434782
23020,23020,99.00,0,0,0,0,0,n/a,0
23021,23021,99.00,47,5,52,0.9038461538461539,0.09615384615384616,Yes,0.9038461538461539
23022,23022,99.00,0,0,0,0,0,n/a,0
23023,23023,99.00,128,57,185,0.6918918918918919,0.3081081081081081,Yes,0.6918918918918919
23024,23024,99.00,6,0,6,1.0,0.0,Yes,1.0
23025,23025,99.00,60,75,135,0.4444444444444444,0.5555555555555556,No,0.5555555555555556
23026,23026,99.00,87,30,117,0.7435897435897436,0.2564102564102564,Yes,0.7435897435897436
23027,23027,99.00,59,221,280,0.21071428571428572,0.7892857142857143,No,0.7892857142857143
23028,23028,99.00,38,126,164,0.23170731707317074,0.7682926829268293,No,0.7682926829268293
23029,23029,99.00,99,62,161,0.6149068322981367,0.38509316770186336,Yes,0.6149068322981367
23030,23030,99.00,2,4,6,0.3333333333333333,0.6666666666666666,No,0.6666666666666666
23031,23031,99.00,103,193,296,0.34797297297297297,0.652027027027027,No,0.652027027027027
23032,23032,99.00,5,2,7,0.7142857142857143,0.2857142857142857,Yes,0.7142857142857143
23033,23033,99.00,164,56,220,0.7454545454545455,0.2545454545454545,Yes,0.7454545454545455
23034,23034,99.00,65,18,83,0.7831325301204819,0.21686746987951808,Yes,0.7831325301204819
23035,23035,99.00,2,4,6,0.3333333333333333,0.6666666666666666,No,0.6666666666666666
23036,23036,99.00,79,90,169,0.46745562130177515,0.5325443786982249,No,0.5325443786982249
23037,23037,99.00,152,98,250,0.608,0.392,Yes,0.608
23038,23038,99.00,71,18,89,0.797752808988764,0.20224719101123595,Yes,0.797752808988764
23039,23039,99.00,3,3,6,0.5,0.5,Tie,0.5
23040,23040,99.00,133,268,401,0.3316708229426434,0.6683291770573566,No,0.6683291770573566
23041,23041,99.00,5,7,12,0.4166666666666667,0.5833333333333334,No,0.5833333333333334
23042,23042,99.00,108,29,137,0.7883211678832117,0.2116788321167883,Yes,0.7883211678832117
23043,23043,99.00,50,19,69,0.7246376811594203,0.2753623188405797,Yes,0.7246376811594203
23044,23044,99.00,125,168,293,0.42662116040955633,0.5733788395904437,No,0.5733788395904437
23045,23045,99.00,136,206,342,0.39766081871345027,0.6023391812865497,No,0.6023391812865497
23046,23046,99.00,4,2,6,0.6666666666666666,0.3333333333333333,Yes,0.6666666666666666
23047,23047,99.00,98,154,252,0.3888888888888889,0.6111111111111112,No,0.6111111111111112
23048,23048,99.00,2,1,3,0.6666666666666666,0.3333333333333333,Yes,0.6666666666666666
23049,23049,99.00,100,128,228,0.43859649122807015,0.5614035087719298,No,0.5614035087719298
23050,23050,99.00,81,107,188,0.4308510638297872,0.5691489361702128,No,0.5691489361702128
23051,23051,99.00,91,130,221,0.4117647058823529,0.5882352941176471,No,0.5882352941176471
23052,23052,99.00,100,88,188,0.5319148936170213,0.46808510638297873,Yes,0.5319148936170213
23053,23053,99.00,94,68,162,0.5802469135802469,0.41975308641975306,Yes,0.5802469135802469
23054,23054,99.00,101,42,143,0.7062937062937062,0.2937062937062937,Yes,0.7062937062937062
23055,23055,99.00,70,29,99,0.7070707070707071,0.29292929292929293,Yes,0.7070707070707071
23056,23056,99.00,60,33,93,0.6451612903225806,0.3548387096774194,Yes,0.6451612903225806
23057,23057,99.00,75,34,109,0.6880733944954128,0.3119266055045872,Yes,0.6880733944954128
23058,23058,99.00,87,41,128,0.6796875,0.3203125,Yes,0.6796875
23059,23059,99.00,61,28,89,0.6853932584269663,0.3146067415730337,Yes,0.6853932584269663
23060,23060,99.00,112,64,176,0.6363636363636364,0.36363636363636365,Yes,0.6363636363636364
23061,23061,99.00,192,84,276,0.6956521739130435,0.30434782608695654,Yes,0.6956521739130435
23062,23062,99.00,239,131,370,0.6459459459459459,0.35405405405405405,Yes,0.6459459459459459
23063,23063,99.00,6,0,6,1.0,0.0,Yes,1.0
23064,23064,99.00,169,137,306,0.5522875816993464,0.4477124183006536,Yes,0.5522875816993464
23065,23065,99.00,94,42,136,0.6911764705882353,0.3088235294117647,Yes,0.6911764705882353
23066,23066,99.00,2,1,3,0.6666666666666666,0.3333333333333333,Yes,0.6666666666666666
23067,23067,99.00,87,30,117,0.7435897435897436,0.2564102564102564,Yes,0.7435897435897436
23068,23068,99.00,0,0,0,0,0,n/a,0
23069,23069,99.00,1,2,3,0.3333333333333333,0.6666666666666666,No,0.6666666666666666
23070,23070,99.00,55,26,81,0.6790123456790124,0.32098765432098764,Yes,0.6790123456790124
23071,23071,99.00,0,0,0,0,0,n/a,0
23072,23072,99.00,0,0,0,0,0,n/a,0
23073,23073,99.00,0,0,0,0,0,n/a,0
23074,23074,99.00,0,0,0,0,0,n/a,0
23075,23075,99.00,0,0,0,0,0,n/a,0
23076,23076,99.00,0,0,0,0,0,n/a,0
23077,23077,99.00,0,0,0,0,0,n/a,0
23078,23078,99.00,0,0,0,0,0,n/a,0
23079,23079,99.00,0,0,0,0,0,n/a,0
23080,23080,99.00,0,0,0,0,0,n/a,0
23081,23081,99.00,0,0,0,0,0,n/a,0
23082,23082,99.00,0,0,0,0,0,n/a,0
23083,23083,99.00,0,0,0,0,0,n/a,0
23084,23084,99.00,3,0,3,1.0,0.0,Yes,1.0
23085,23085,99.00,11,4,15,0.7333333333333333,0.26666666666666666,Yes,0.7333333333333333
23086,23086,99.00,15,2,17,0.8823529411764706,0.11764705882352941,Yes,0.8823529411764706
23087,23087,99.00,9,6,15,0.6,0.4,Yes,0.6
23088,23088,99.00,3,3,6,0.5,0.5,Tie,0.5
23089,23089,99.00,5,1,6,0.8333333333333334,0.16666666666666666,Yes,0.8333333333333334
23090,23090,99.00,1,0,1,1.0,0.0,Yes,1.0
23091,23091,99.00,1,0,1,1.0,0.0,Yes,1.0
23092,23092,99.00,14,7,21,0.6666666666666666,0.3333333333333333,Yes,0.6666666666666666
23093,23093,99.00,0,0,0,0,0,n/a,0
24001,24001,99.00,9,1,10,0.9,0.1,Yes,0.9
24002,24002,99.00,225,78,303,0.7425742574257426,0.25742574257425743,Yes,0.7425742574257426
24003,24003,99.00,202,81,283,0.7137809187279152,0.2862190812720848,Yes,0.7137809187279152
24004,24004,99.00,12,2,14,0.8571428571428571,0.14285714285714285,Yes,0.8571428571428571
24005,24005,99.00,87,51,138,0.6304347826086957,0.3695652173913043,Yes,0.6304347826086957
24006,24006,99.00,149,82,231,0.645021645021645,0.354978354978355,Yes,0.645021645021645
24007,24007,99.00,8,1,9,0.8888888888888888,0.1111111111111111,Yes,0.8888888888888888
24008,24008,99.00,20,10,30,0.6666666666666666,0.3333333333333333,Yes,0.6666666666666666
24009,24009,99.00,0,0,0,0,0,n/a,0
24010,24010,99.00,112,47,159,0.7044025157232704,0.29559748427672955,Yes,0.7044025157232704
24011,24011,99.00,2,1,3,0.6666666666666666,0.3333333333333333,Yes,0.6666666666666666
24012,24012,99.00,2,0,2,1.0,0.0,Yes,1.0
24013,24013,99.00,180,65,245,0.7346938775510204,0.2653061224489796,Yes,0.7346938775510204
24014,24014,99.00,13,1,14,0.9285714285714286,0.07142857142857142,Yes,0.9285714285714286
24015,24015,99.00,200,82,282,0.7092198581560284,0.2907801418439716,Yes,0.7092198581560284
24016,24016,99.00,156,80,236,0.6610169491525424,0.3389830508474576,Yes,0.6610169491525424
24017,24017,99.00,127,41,168,0.7559523809523809,0.24404761904761904,Yes,0.7559523809523809
24018,24018,99.00,4,1,5,0.8,0.2,Yes,0.8
24019,24019,99.00,255,100,355,0.7183098591549296,0.28169014084507044,Yes,0.7183098591549296
24020,24020,99.00,158,71,229,0.6899563318777293,0.31004366812227074,Yes,0.6899563318777293
24021,24021,99.00,133,53,186,0.7150537634408602,0.2849462365591398,Yes,0.7150537634408602
24022,24022,99.00,8,4,12,0.6666666666666666,0.3333333333333333,Yes,0.6666666666666666
24023,24023,99.00,2,0,2,1.0,0.0,Yes,1.0
24024,24024,99.00,227,90,317,0.7160883280757098,0.28391167192429023,Yes,0.7160883280757098
24025,24025,99.00,8,1,9,0.8888888888888888,0.1111111111111111,Yes,0.8888888888888888
24026,24026,99.00,46,12,58,0.7931034482758621,0.20689655172413793,Yes,0.7931034482758621
24027,24027,99.00,137,39,176,0.7784090909090909,0.2215909090909091,Yes,0.7784090909090909
24028,24028,99.00,211,74,285,0.7403508771929824,0.2596491228070175,Yes,0.7403508771929824
24029,24029,99.00,271,69,340,0.7970588235294118,0.20294117647058824,Yes,0.7970588235294118
24030,24030,99.00,11,0,11,1.0,0.0,Yes,1.0
24031,24031,99.00,173,59,232,0.7456896551724138,0.2543103448275862,Yes,0.7456896551724138
24032,24032,99.00,0,0,0,0,0,n/a,0
24033,24033,99.00,99,51,150,0.66,0.34,Yes,0.66
24034,24034,99.00,125,61,186,0.6720430107526881,0.3279569892473118,Yes,0.6720430107526881
24035,24035,99.00,4,0,4,1.0,0.0,Yes,1.0
24036,24036,99.00,150,44,194,0.7731958762886598,0.2268041237113402,Yes,0.7731958762886598
24037,24037,99.00,0,1,1,0.0,1.0,No,1.0
24038,24038,99.00,0,0,0,0,0,n/a,0
24039,24039,99.00,0,1,1,0.0,1.0,No,1.0
24040,24040,99.00,265,63,328,0.8079268292682927,0.19207317073170732,Yes,0.8079268292682927
24041,24041,99.00,170,28,198,0.8585858585858586,0.1414141414141414,Yes,0.8585858585858586
24042,24042,99.00,0,0,0,0,0,n/a,0
24043,24043,99.00,112,19,131,0.8549618320610687,0.1450381679389313,Yes,0.8549618320610687
24044,24044,99.00,56,23,79,0.7088607594936709,0.2911392405063291,Yes,0.7088607594936709
24045,24045,99.00,173,38,211,0.8199052132701422,0.18009478672985782,Yes,0.8199052132701422
24046,24046,99.00,10,2,12,0.8333333333333334,0.16666666666666666,Yes,0.8333333333333334
24047,24047,99.00,0,0,0,0,0,n/a,0
24048,24048,99.00,1,0,1,1.0,0.0,Yes,1.0
24049,24049,99.00,253,84,337,0.7507418397626113,0.24925816023738873,Yes,0.7507418397626113
24050,24050,99.00,6,3,9,0.6666666666666666,0.3333333333333333,Yes,0.6666666666666666
24051,24051,99.00,73,33,106,0.6886792452830188,0.3113207547169811,Yes,0.6886792452830188
24052,24052,99.00,3,0,3,1.0,0.0,Yes,1.0
24053,24053,99.00,86,18,104,0.8269230769230769,0.17307692307692307,Yes,0.8269230769230769
24054,24054,99.00,70,19,89,0.7865168539325843,0.21348314606741572,Yes,0.7865168539325843
24055,24055,99.00,124,23,147,0.8435374149659864,0.1564625850340136,Yes,0.8435374149659864
24056,24056,99.00,0,0,0,0,0,n/a,0
24057,24057,99.00,0,0,0,0,0,n/a,0
24058,24058,99.00,101,24,125,0.808,0.192,Yes,0.808
24059,24059,99.00,102,49,151,0.6754966887417219,0.32450331125827814,Yes,0.6754966887417219
24060,24060,99.00,0,0,0,0,0,n/a,0
24061,24061,99.00,6,0,6,1.0,0.0,Yes,1.0
24062,24062,99.00,0,0,0,0,0,n/a,0
24063,24063,99.00,2,0,2,1.0,0.0,Yes,1.0
24064,24064,99.00,88,28,116,0.7586206896551724,0.2413793103448276,Yes,0.7586206896551724
24065,24065,0.00,0,0,0,0,0,n/a,0
24066,24066,0.00,2,0,2,1.0,0.0,Yes,1.0
24067,24067,99.00,115,43,158,0.7278481012658228,0.2721518987341772,Yes,0.7278481012658228
24068,24068,99.00,91,26,117,0.7777777777777778,0.2222222222222222,Yes,0.7777777777777778
24069,24069,99.00,1,0,1,1.0,0.0,Yes,1.0
24070,24070,99.00,41,10,51,0.803921568627451,0.19607843137254902,Yes,0.803921568627451
24071,24071,99.00,75,10,85,0.8823529411764706,0.11764705882352941,Yes,0.8823529411764706
24072,24072,99.00,99,19,118,0.8389830508474576,0.16101694915254236,Yes,0.8389830508474576
24073,24073,99.00,60,14,74,0.8108108108108109,0.1891891891891892,Yes,0.8108108108108109
24074,24074,99.00,38,11,49,0.7755102040816326,0.22448979591836735,Yes,0.7755102040816326
24075,24075,99.00,88,29,117,0.7521367521367521,0.24786324786324787,Yes,0.7521367521367521
24076,24076,99.00,66,21,87,0.7586206896551724,0.2413793103448276,Yes,0.7586206896551724
24077,24077,99.00,51,20,71,0.7183098591549296,0.28169014084507044,Yes,0.7183098591549296
24078,24078,99.00,116,19,135,0.8592592592592593,0.14074074074074075,Yes,0.8592592592592593
24079,24079,99.00,74,12,86,0.8604651162790697,0.13953488372093023,Yes,0.8604651162790697
24080,24080,99.00,0,0,0,0,0,n/a,0
24081,24081,99.00,0,0,0,0,0,n/a,0
24082,24082,99.00,0,0,0,0,0,n/a,0
24083,24083,99.00,0,0,0,0,0,n/a,0
24084,24084,99.00,211,89,300,0.7033333333333334,0.2966666666666667,Yes,0.7033333333333334
24085,24085,99.00,120,35,155,0.7741935483870968,0.22580645161290322,Yes,0.7741935483870968
24086,24086,99.00,4,0,4,1.0,0.0,Yes,1.0
24087,24087,99.00,0,0,0,0,0,n/a,0
24088,24088,99.00,1,0,1,1.0,0.0,Yes,1.0
24089,24089,99.00,13,2,15,0.8666666666666667,0.13333333333333333,Yes,0.8666666666666667
24090,24090,99.00,0,0,0,0,0,n/a,0
24091,24091,99.00,106,34,140,0.7571428571428571,0.24285714285714285,Yes,0.7571428571428571
25001,25001,99.00,0,0,0,0,0,n/a,0
25002,25002,99.00,0,0,0,0,0,n/a,0
25003,25003,99.00,128,38,166,0.7710843373493976,0.2289156626506024,Yes,0.7710843373493976
25004,25004,99.00,102,26,128,0.796875,0.203125,Yes,0.796875
25005,25005,99.00,0,0,0,0,0,n/a,0
25006,25006,99.00,122,58,180,0.6777777777777778,0.32222222222222224,Yes,0.6777777777777778
25007,25007,99.00,126,113,239,0.5271966527196653,0.47280334728033474,Yes,0.5271966527196653
25008,25008,99.00,126,65,191,0.6596858638743456,0.3403141361256545,Yes,0.6596858638743456
25009,25009,99.00,0,0,0,0,0,n/a,0
25010,25010,99.00,0,0,0,0,0,n/a,0
25011,25011,99.00,4,4,8,0.5,0.5,Tie,0.5
25012,25012,99.00,178,120,298,0.5973154362416108,0.40268456375838924,Yes,0.5973154362416108
25013,25013,99.00,93,42,135,0.6888888888888889,0.3111111111111111,Yes,0.6888888888888889
25014,25014,99.00,7,0,7,1.0,0.0,Yes,1.0
25015,25015,99.00,3,0,3,1.0,0.0,Yes,1.0
25016,25016,99.00,189,63,252,0.75,0.25,Yes,0.75
25017,25017,99.00,188,47,235,0.8,0.2,Yes,0.8
25018,25018,99.00,11,2,13,0.8461538461538461,0.15384615384615385,Yes,0.8461538461538461
25019,25019,99.00,182,60,242,0.7520661157024794,0.24793388429752067,Yes,0.7520661157024794
25020,25020,99.00,100,42,142,0.704225352112676,0.29577464788732394,Yes,0.704225352112676
25021,25021,99.00,81,33,114,0.7105263157894737,0.2894736842105263,Yes,0.7105263157894737
25022,25022,99.00,149,85,234,0.6367521367521367,0.36324786324786323,Yes,0.6367521367521367
25023,25023,99.00,101,59,160,0.63125,0.36875,Yes,0.63125
25024,25024,99.00,90,38,128,0.703125,0.296875,Yes,0.703125
25025,25025,99.00,93,29,122,0.7622950819672131,0.23770491803278687,Yes,0.7622950819672131
25026,25026,99.00,0,0,0,0,0,n/a,0
25027,25027,99.00,206,109,315,0.653968253968254,0.346031746031746,Yes,0.653968253968254
25028,25028,99.00,137,72,209,0.6555023923444976,0.3444976076555024,Yes,0.6555023923444976
25029,25029,99.00,17,6,23,0.7391304347826086,0.2608695652173913,Yes,0.7391304347826086
25030,25030,99.00,172,65,237,0.7257383966244726,0.2742616033755274,Yes,0.7257383966244726
25031,25031,99.00,14,1,15,0.9333333333333333,0.06666666666666667,Yes,0.9333333333333333
25032,25032,99.00,5,1,6,0.8333333333333334,0.16666666666666666,Yes,0.8333333333333334
25033,25033,99.00,122,65,187,0.6524064171122995,0.34759358288770054,Yes,0.6524064171122995
25034,25034,99.00,94,67,161,0.5838509316770186,0.4161490683229814,Yes,0.5838509316770186
25035,25035,99.00,2,5,7,0.2857142857142857,0.7142857142857143,No,0.7142857142857143
25036,25036,99.00,105,45,150,0.7,0.3,Yes,0.7
25037,25037,99.00,124,56,180,0.6888888888888889,0.3111111111111111,Yes,0.6888888888888889
25038,25038,99.00,73,39,112,0.6517857142857143,0.3482142857142857,Yes,0.6517857142857143
25039,25039,99.00,168,79,247,0.680161943319838,0.31983805668016196,Yes,0.680161943319838
25040,25040,99.00,162,84,246,0.6585365853658537,0.34146341463414637,Yes,0.6585365853658537
25041,25041,99.00,3,0,3,1.0,0.0,Yes,1.0
25042,25042,99.00,1,3,4,0.25,0.75,No,0.75
25043,25043,99.00,110,67,177,0.6214689265536724,0.3785310734463277,Yes,0.6214689265536724
25044,25044,75.00,96,29,125,0.768,0.232,Yes,0.768
25045,25045,75.00,61,18,79,0.7721518987341772,0.22784810126582278,Yes,0.7721518987341772
25046,25046,75.00,59,29,88,0.6704545454545454,0.32954545454545453,Yes,0.6704545454545454
25047,25047,99.00,53,14,67,0.7910447761194029,0.208955223880597,Yes,0.7910447761194029
25048,25048,99.00,51,30,81,0.6296296296296297,0.37037037037037035,Yes,0.6296296296296297
25049,25049,99.00,97,41,138,0.7028985507246377,0.2971014492753623,Yes,0.7028985507246377
25050,25050,99.00,49,17,66,0.7424242424242424,0.25757575757575757,Yes,0.7424242424242424
25051,25051,99.00,50,27,77,0.6493506493506493,0.35064935064935066,Yes,0.6493506493506493
25052,25052,99.00,112,29,141,0.7943262411347518,0.20567375886524822,Yes,0.7943262411347518
25053,25053,99.00,107,27,134,0.7985074626865671,0.20149253731343283,Yes,0.7985074626865671
25054,25054,99.00,115,44,159,0.7232704402515723,0.27672955974842767,Yes,0.7232704402515723
25055,25055,99.00,1,0,1,1.0,0.0,Yes,1.0
25056,25056,99.00,4,0,4,1.0,0.0,Yes,1.0
25057,25057,99.00,142,42,184,0.7717391304347826,0.22826086956521738,Yes,0.7717391304347826
25058,25058,99.00,96,38,134,0.7164179104477612,0.2835820895522388,Yes,0.7164179104477612
25059,25059,99.00,85,45,130,0.6538461538461539,0.34615384615384615,Yes,0.6538461538461539
25060,25060,99.00,0,0,0,0,0,n/a,0
25061,25061,99.00,78,42,120,0.65,0.35,Yes,0.65
25062,25062,99.00,164,48,212,0.7735849056603774,0.22641509433962265,Yes,0.7735849056603774
25063,25063,99.00,117,49,166,0.7048192771084337,0.29518072289156627,Yes,0.7048192771084337
25064,25064,99.00,10,0,10,1.0,0.0,Yes,1.0
25065,25065,99.00,12,3,15,0.8,0.2,Yes,0.8
25066,25066,99.00,1,0,1,1.0,0.0,Yes,1.0
25067,25067,99.00,0,0,0,0,0,n/a,0
25068,25068,99.00,5,0,5,1.0,0.0,Yes,1.0
25069,25069,99.00,3,0,3,1.0,0.0,Yes,1.0
25070,25070,99.00,5,0,5,1.0,0.0,Yes,1.0
25071,25071,99.00,3,0,3,1.0,0.0,Yes,1.0
25072,25072,99.00,98,57,155,0.632258064516129,0.36774193548387096,Yes,0.632258064516129
25073,25073,99.00,4,3,7,0.5714285714285714,0.42857142857142855,Yes,0.5714285714285714
25074,25074,99.00,3,0,3,1.0,0.0,Yes,1.0
25075,25075,99.00,12,1,13,0.9230769230769231,0.07692307692307693,Yes,0.9230769230769231
25076,25076,99.00,5,0,5,1.0,0.0,Yes,1.0
25077,25077,99.00,1,5,6,0.16666666666666666,0.8333333333333334,No,0.8333333333333334
25078,25078,99.00,8,3,11,0.7272727272727273,0.2727272727272727,Yes,0.7272727272727273
25079,25079,99.00,1,0,1,1.0,0.0,Yes,1.0
26001,26001,99.00,5,4,9,0.5555555555555556,0.4444444444444444,Yes,0.5555555555555556
26002,26002,99.00,3,1,4,0.75,0.25,Yes,0.75
26003,26003,99.00,201,105,306,0.6568627450980392,0.3431372549019608,Yes,0.6568627450980392
26004,26004,99.00,148,89,237,0.6244725738396625,0.3755274261603376,Yes,0.6244725738396625
26005,26005,99.00,2,0,2,1.0,0.0,Yes,1.0
26006,26006,99.00,158,115,273,0.5787545787545788,0.42124542124542125,Yes,0.5787545787545788
26007,26007,99.00,6,3,9,0.6666666666666666,0.3333333333333333,Yes,0.6666666666666666
26008,26008,99.00,136,82,218,0.6238532110091743,0.3761467889908257,Yes,0.6238532110091743
26009,26009,99.00,142,99,241,0.5892116182572614,0.4107883817427386,Yes,0.5892116182572614
26010,26010,99.00,191,104,295,0.6474576271186441,0.3525423728813559,Yes,0.6474576271186441
26011,26011,99.00,212,170,382,0.5549738219895288,0.44502617801047123,Yes,0.5549738219895288
26012,26012,99.00,12,9,21,0.5714285714285714,0.42857142857142855,Yes,0.5714285714285714
26013,26013,99.00,107,58,165,0.6484848484848484,0.3515151515151515,Yes,0.6484848484848484
26014,26014,99.00,86,82,168,0.5119047619047619,0.4880952380952381,Yes,0.5119047619047619
26015,26015,99.00,147,79,226,0.6504424778761062,0.3495575221238938,Yes,0.6504424778761062
26016,26016,99.00,152,73,225,0.6755555555555556,0.3244444444444444,Yes,0.6755555555555556
26017,26017,99.00,116,78,194,0.5979381443298969,0.4020618556701031,Yes,0.5979381443298969
26018,26018,99.00,94,84,178,0.5280898876404494,0.47191011235955055,Yes,0.5280898876404494
26019,26019,99.00,212,93,305,0.6950819672131148,0.30491803278688523,Yes,0.6950819672131148
26020,26020,99.00,23,10,33,0.696969696969697,0.30303030303030304,Yes,0.696969696969697
26021,26021,99.00,189,87,276,0.6847826086956522,0.31521739130434784,Yes,0.6847826086956522
26022,26022,99.00,205,79,284,0.721830985915493,0.27816901408450706,Yes,0.721830985915493
26023,26023,99.00,243,71,314,0.7738853503184714,0.22611464968152867,Yes,0.7738853503184714
26024,26024,99.00,29,6,35,0.8285714285714286,0.17142857142857143,Yes,0.8285714285714286
26025,26025,99.00,16,3,19,0.8421052631578947,0.15789473684210525,Yes,0.8421052631578947
26026,26026,99.00,222,86,308,0.7207792207792207,0.2792207792207792,Yes,0.7207792207792207
26027,26027,99.00,23,5,28,0.8214285714285714,0.17857142857142858,Yes,0.8214285714285714
26028,26028,99.00,133,73,206,0.6456310679611651,0.35436893203883496,Yes,0.6456310679611651
26029,26029,99.00,142,85,227,0.6255506607929515,0.3744493392070485,Yes,0.6255506607929515
26030,26030,99.00,173,86,259,0.667953667953668,0.33204633204633205,Yes,0.667953667953668
26031,26031,99.00,122,76,198,0.6161616161616161,0.3838383838383838,Yes,0.6161616161616161
26032,26032,99.00,107,52,159,0.6729559748427673,0.3270440251572327,Yes,0.6729559748427673
26033,26033,99.00,141,59,200,0.705,0.295,Yes,0.705
26034,26034,99.00,139,73,212,0.6556603773584906,0.3443396226415094,Yes,0.6556603773584906
26035,26035,99.00,97,63,160,0.60625,0.39375,Yes,0.60625
26036,26036,99.00,2,0,2,1.0,0.0,Yes,1.0
26037,26037,99.00,227,85,312,0.7275641025641025,0.2724358974358974,Yes,0.7275641025641025
26038,26038,99.00,3,0,3,1.0,0.0,Yes,1.0
26039,26039,99.00,144,92,236,0.6101694915254238,0.3898305084745763,Yes,0.6101694915254238
26040,26040,99.00,153,57,210,0.7285714285714285,0.2714285714285714,Yes,0.7285714285714285
26041,26041,99.00,0,0,0,0,0,n/a,0
26042,26042,99.00,7,3,10,0.7,0.3,Yes,0.7
26043,26043,99.00,3,0,3,1.0,0.0,Yes,1.0
26044,26044,99.00,3,2,5,0.6,0.4,Yes,0.6
26045,26045,99.00,144,54,198,0.7272727272727273,0.2727272727272727,Yes,0.7272727272727273
26046,26046,99.00,310,102,412,0.7524271844660194,0.24757281553398058,Yes,0.7524271844660194
26047,26047,99.00,13,6,19,0.6842105263157895,0.3157894736842105,Yes,0.6842105263157895
26048,26048,99.00,201,97,298,0.674496644295302,0.32550335570469796,Yes,0.674496644295302
26049,26049,99.00,8,3,11,0.7272727272727273,0.2727272727272727,Yes,0.7272727272727273
26050,26050,99.00,20,9,29,0.6896551724137931,0.3103448275862069,Yes,0.6896551724137931
26051,26051,99.00,4,3,7,0.5714285714285714,0.42857142857142855,Yes,0.5714285714285714
26052,26052,99.00,178,66,244,0.7295081967213115,0.27049180327868855,Yes,0.7295081967213115
26053,26053,99.00,175,84,259,0.6756756756756757,0.32432432432432434,Yes,0.6756756756756757
26054,26054,99.00,162,52,214,0.7570093457943925,0.24299065420560748,Yes,0.7570093457943925
26055,26055,99.00,110,39,149,0.738255033557047,0.26174496644295303,Yes,0.738255033557047
26056,26056,99.00,5,2,7,0.7142857142857143,0.2857142857142857,Yes,0.7142857142857143
26057,26057,99.00,11,2,13,0.8461538461538461,0.15384615384615385,Yes,0.8461538461538461
26058,26058,75.00,171,80,251,0.6812749003984063,0.3187250996015936,Yes,0.6812749003984063
26059,26059,99.00,8,3,11,0.7272727272727273,0.2727272727272727,Yes,0.7272727272727273
26060,26060,99.00,245,138,383,0.639686684073107,0.360313315926893,Yes,0.639686684073107
26061,26061,75.00,84,60,144,0.5833333333333334,0.4166666666666667,Yes,0.5833333333333334
26062,26062,75.00,78,42,120,0.65,0.35,Yes,0.65
26063,26063,75.00,97,55,152,0.6381578947368421,0.3618421052631579,Yes,0.6381578947368421
26064,26064,75.00,15,4,19,0.7894736842105263,0.21052631578947367,Yes,0.7894736842105263
26065,26065,99.00,8,5,13,0.6153846153846154,0.38461538461538464,Yes,0.6153846153846154
26066,26066,99.00,209,90,299,0.6989966555183946,0.3010033444816054,Yes,0.6989966555183946
26067,26067,99.00,197,103,300,0.6566666666666666,0.3433333333333333,Yes,0.6566666666666666
26068,26068,99.00,193,108,301,0.6411960132890365,0.3588039867109635,Yes,0.6411960132890365
26069,26069,99.00,9,4,13,0.6923076923076923,0.3076923076923077,Yes,0.6923076923076923
26070,26070,99.00,209,114,323,0.6470588235294118,0.35294117647058826,Yes,0.6470588235294118
26071,26071,99.00,143,46,189,0.7566137566137566,0.24338624338624337,Yes,0.7566137566137566
26072,26072,99.00,18,6,24,0.75,0.25,Yes,0.75
26073,26073,99.00,270,88,358,0.7541899441340782,0.24581005586592178,Yes,0.7541899441340782
26074,26074,99.00,51,16,67,0.7611940298507462,0.23880597014925373,Yes,0.7611940298507462
26075,26075,99.00,159,89,248,0.6411290322580645,0.3588709677419355,Yes,0.6411290322580645
26076,26076,99.00,12,3,15,0.8,0.2,Yes,0.8
26077,26077,99.00,0,0,0,0,0,n/a,0
26078,26078,99.00,0,0,0,0,0,n/a,0
26079,26079,99.00,5,1,6,0.8333333333333334,0.16666666666666666,Yes,0.8333333333333334
26080,26080,99.00,8,3,11,0.7272727272727273,0.2727272727272727,Yes,0.7272727272727273
26081,26081,99.00,6,3,9,0.6666666666666666,0.3333333333333333,Yes,0.6666666666666666
26082,26082,99.00,5,0,5,1.0,0.0,Yes,1.0
26083,26083,99.00,129,61,190,0.6789473684210526,0.32105263157894737,Yes,0.6789473684210526
26084,26084,99.00,7,0,7,1.0,0.0,Yes,1.0
26085,26085,99.00,7,0,7,1.0,0.0,Yes,1.0
27001,27001,99.00,93,227,320,0.290625,0.709375,No,0.709375
27002,27002,0.00,3,0,3,1.0,0.0,Yes,1.0
27003,27003,99.00,176,54,230,0.7652173913043478,0.23478260869565218,Yes,0.7652173913043478
27004,27004,99.00,7,2,9,0.7777777777777778,0.2222222222222222,Yes,0.7777777777777778
27005,27005,0.00,14,2,16,0.875,0.125,Yes,0.875
27006,27006,99.00,303,117,420,0.7214285714285714,0.2785714285714286,Yes,0.7214285714285714
27007,27007,99.00,243,59,302,0.804635761589404,0.19536423841059603,Yes,0.804635761589404
27008,27008,99.00,257,53,310,0.8290322580645161,0.17096774193548386,Yes,0.8290322580645161
27009,27009,99.00,73,24,97,0.7525773195876289,0.24742268041237114,Yes,0.7525773195876289
27010,27010,99.00,0,0,0,0,0,n/a,0
27011,27011,99.00,6,1,7,0.8571428571428571,0.14285714285714285,Yes,0.8571428571428571
27012,27012,99.00,103,23,126,0.8174603174603174,0.18253968253968253,Yes,0.8174603174603174
27013,27013,99.00,265,58,323,0.8204334365325078,0.17956656346749225,Yes,0.8204334365325078
27014,27014,99.00,197,49,246,0.8008130081300813,0.1991869918699187,Yes,0.8008130081300813
27015,27015,99.00,15,1,16,0.9375,0.0625,Yes,0.9375
27016,27016,99.00,38,1,39,0.9743589743589743,0.02564102564102564,Yes,0.9743589743589743
27017,27017,99.00,4,1,5,0.8,0.2,Yes,0.8
27018,27018,99.00,1,0,1,1.0,0.0,Yes,1.0
27019,27019,99.00,13,3,16,0.8125,0.1875,Yes,0.8125
27020,27020,99.00,259,58,317,0.8170347003154574,0.1829652996845426,Yes,0.8170347003154574
27021,27021,99.00,216,51,267,0.8089887640449438,0.19101123595505617,Yes,0.8089887640449438
27022,27022,99.00,15,8,23,0.6521739130434783,0.34782608695652173,Yes,0.6521739130434783
27023,27023,99.00,94,129,223,0.42152466367713004,0.57847533632287,No,0.57847533632287
27024,27024,99.00,9,5,14,0.6428571428571429,0.35714285714285715,Yes,0.6428571428571429
27025,27025,99.00,101,320,421,0.23990498812351543,0.7600950118764845,No,0.7600950118764845
27026,27026,99.00,109,170,279,0.3906810035842294,0.6093189964157706,No,0.6093189964157706
27027,27027,99.00,117,178,295,0.39661016949152544,0.6033898305084746,No,0.6033898305084746
27028,27028,99.00,144,121,265,0.5433962264150943,0.45660377358490567,Yes,0.5433962264150943
27029,27029,99.00,0,0,0,0,0,n/a,0
27030,27030,99.00,113,127,240,0.4708333333333333,0.5291666666666667,No,0.5291666666666667
27031,27031,99.00,100,33,133,0.7518796992481203,0.24812030075187969,Yes,0.7518796992481203
27032,27032,99.00,0,0,0,0,0,n/a,0
27033,27033,99.00,1,0,1,1.0,0.0,Yes,1.0
27034,27034,99.00,4,1,5,0.8,0.2,Yes,0.8
27035,27035,99.00,99,24,123,0.8048780487804879,0.1951219512195122,Yes,0.8048780487804879
27036,27036,99.00,0,0,0,0,0,n/a,0
27037,27037,99.00,149,47,196,0.7602040816326531,0.23979591836734693,Yes,0.7602040816326531
27038,27038,99.00,142,55,197,0.7208121827411168,0.27918781725888325,Yes,0.7208121827411168
27039,27039,99.00,184,71,255,0.7215686274509804,0.2784313725490196,Yes,0.7215686274509804
27040,27040,99.00,2,1,3,0.6666666666666666,0.3333333333333333,Yes,0.6666666666666666
27041,27041,99.00,97,36,133,0.7293233082706767,0.2706766917293233,Yes,0.7293233082706767
27042,27042,99.00,195,68,263,0.7414448669201521,0.2585551330798479,Yes,0.7414448669201521
27043,27043,99.00,3,2,5,0.6,0.4,Yes,0.6
27044,27044,99.00,4,2,6,0.6666666666666666,0.3333333333333333,Yes,0.6666666666666666
27045,27045,99.00,113,44,157,0.7197452229299363,0.2802547770700637,Yes,0.7197452229299363
27046,27046,99.00,88,40,128,0.6875,0.3125,Yes,0.6875
27047,27047,99.00,109,31,140,0.7785714285714286,0.22142857142857142,Yes,0.7785714285714286
27048,27048,99.00,2,0,2,1.0,0.0,Yes,1.0
27049,27049,99.00,6,0,6,1.0,0.0,Yes,1.0
27050,27050,99.00,201,50,251,0.8007968127490039,0.199203187250996,Yes,0.8007968127490039
27051,27051,99.00,88,101,189,0.4656084656084656,0.5343915343915344,No,0.5343915343915344
27052,27052,99.00,162,46,208,0.7788461538461539,0.22115384615384615,Yes,0.7788461538461539
27053,27053,99.00,116,45,161,0.7204968944099379,0.2795031055900621,Yes,0.7204968944099379
27054,27054,99.00,109,35,144,0.7569444444444444,0.24305555555555555,Yes,0.7569444444444444
27055,27055,99.00,85,28,113,0.7522123893805309,0.24778761061946902,Yes,0.7522123893805309
27056,27056,99.00,2,0,2,1.0,0.0,Yes,1.0
27057,27057,99.00,0,2,2,0.0,1.0,No,1.0
27058,27058,99.00,0,0,0,0,0,n/a,0
27059,27059,99.00,46,57,103,0.44660194174757284,0.5533980582524272,No,0.5533980582524272
27060,27060,99.00,2,0,2,1.0,0.0,Yes,1.0
27061,27061,99.00,106,61,167,0.6347305389221557,0.3652694610778443,Yes,0.6347305389221557
27062,27062,99.00,53,36,89,0.5955056179775281,0.4044943820224719,Yes,0.5955056179775281
27063,27063,99.00,55,25,80,0.6875,0.3125,Yes,0.6875
27064,27064,99.00,64,34,98,0.6530612244897959,0.3469387755102041,Yes,0.6530612244897959
27065,27065,99.00,77,53,130,0.5923076923076923,0.4076923076923077,Yes,0.5923076923076923
27066,27066,99.00,128,59,187,0.6844919786096256,0.3155080213903743,Yes,0.6844919786096256
27067,27067,99.00,132,82,214,0.616822429906542,0.38317757009345793,Yes,0.616822429906542
27068,27068,99.00,87,45,132,0.6590909090909091,0.3409090909090909,Yes,0.6590909090909091
27069,27069,99.00,0,0,0,0,0,n/a,0
27070,27070,99.00,0,0,0,0,0,n/a,0
27071,27071,99.00,0,0,0,0,0,n/a,0
27072,27072,99.00,0,0,0,0,0,n/a,0
27073,27073,99.00,0,0,0,0,0,n/a,0
27074,27074,99.00,0,0,0,0,0,n/a,0
27075,27075,99.00,0,0,0,0,0,n/a,0
27076,27076,99.00,0,0,0,0,0,n/a,0
27077,27077,99.00,0,0,0,0,0,n/a,0
27078,27078,99.00,0,0,0,0,0,n/a,0
27079,27079,99.00,128,57,185,0.6918918918918919,0.3081081081081081,Yes,0.6918918918918919
27080,27080,99.00,4,1,5,0.8,0.2,Yes,0.8
27081,27081,99.00,94,43,137,0.6861313868613139,0.31386861313868614,Yes,0.6861313868613139
27082,27082,0.00,1,2,3,0.3333333333333333,0.6666666666666666,No,0.6666666666666666
27083,27083,0.00,12,4,16,0.75,0.25,Yes,0.75
27084,27084,99.00,2,1,3,0.6666666666666666,0.3333333333333333,Yes,0.6666666666666666
27085,27085,99.00,1,2,3,0.3333333333333333,0.6666666666666666,No,0.6666666666666666
27086,27086,99.00,123,44,167,0.7365269461077845,0.2634730538922156,Yes,0.7365269461077845
27087,27087,99.00,0,2,2,0.0,1.0,No,1.0
27088,27088,99.00,11,1,12,0.9166666666666666,0.08333333333333333,Yes,0.9166666666666666
27089,27089,99.00,2,3,5,0.4,0.6,No,0.6
28001,28001,99.00,153,58,211,0.7251184834123223,0.27488151658767773,Yes,0.7251184834123223
28002,28002,99.00,2,1,3,0.6666666666666666,0.3333333333333333,Yes,0.6666666666666666
28003,28003,99.00,170,94,264,0.6439393939393939,0.3560606060606061,Yes,0.6439393939393939
28004,28004,99.00,115,89,204,0.5637254901960784,0.4362745098039216,Yes,0.5637254901960784
28005,28005,99.00,3,0,3,1.0,0.0,Yes,1.0
28006,28006,99.00,137,45,182,0.7527472527472527,0.24725274725274726,Yes,0.7527472527472527
28007,28007,99.00,4,3,7,0.5714285714285714,0.42857142857142855,Yes,0.5714285714285714
28008,28008,99.00,3,1,4,0.75,0.25,Yes,0.75
28009,28009,99.00,9,3,12,0.75,0.25,Yes,0.75
28010,28010,99.00,182,61,243,0.7489711934156379,0.25102880658436216,Yes,0.7489711934156379
28011,28011,99.00,13,1,14,0.9285714285714286,0.07142857142857142,Yes,0.9285714285714286
28012,28012,99.00,32,0,32,1.0,0.0,Yes,1.0
28013,28013,99.00,4,0,4,1.0,0.0,Yes,1.0
28014,28014,99.00,104,31,135,0.7703703703703704,0.22962962962962963,Yes,0.7703703703703704
28015,28015,99.00,123,84,207,0.5942028985507246,0.4057971014492754,Yes,0.5942028985507246
28016,28016,99.00,102,108,210,0.4857142857142857,0.5142857142857142,No,0.5142857142857142
28017,28017,99.00,167,141,308,0.5422077922077922,0.4577922077922078,Yes,0.5422077922077922
28018,28018,99.00,119,54,173,0.6878612716763006,0.31213872832369943,Yes,0.6878612716763006
28019,28019,99.00,284,80,364,0.7802197802197802,0.21978021978021978,Yes,0.7802197802197802
28020,28020,99.00,30,5,35,0.8571428571428571,0.14285714285714285,Yes,0.8571428571428571
28021,28021,99.00,2,0,2,1.0,0.0,Yes,1.0
28022,28022,99.00,346,103,449,0.7706013363028953,0.22939866369710468,Yes,0.7706013363028953
28023,28023,99.00,361,87,448,0.8058035714285714,0.19419642857142858,Yes,0.8058035714285714
28024,28024,99.00,21,2,23,0.9130434782608695,0.08695652173913043,Yes,0.9130434782608695
28025,28025,99.00,193,67,260,0.7423076923076923,0.25769230769230766,Yes,0.7423076923076923
28026,28026,99.00,194,53,247,0.7854251012145749,0.2145748987854251,Yes,0.7854251012145749
28027,28027,99.00,9,3,12,0.75,0.25,Yes,0.75
28028,28028,99.00,288,91,379,0.7598944591029023,0.24010554089709762,Yes,0.7598944591029023
28029,28029,50.00,116,24,140,0.8285714285714286,0.17142857142857143,Yes,0.8285714285714286
28030,28030,50.00,134,37,171,0.783625730994152,0.21637426900584794,Yes,0.783625730994152
28031,28031,99.00,226,61,287,0.7874564459930313,0.21254355400696864,Yes,0.7874564459930313
28032,28032,50.00,5,1,6,0.8333333333333334,0.16666666666666666,Yes,0.8333333333333334
28033,28033,99.00,0,0,0,0,0,n/a,0
28034,28034,99.00,4,0,4,1.0,0.0,Yes,1.0
28035,28035,99.00,248,62,310,0.8,0.2,Yes,0.8
28036,28036,99.00,264,51,315,0.8380952380952381,0.1619047619047619,Yes,0.8380952380952381
28037,28037,99.00,8,1,9,0.8888888888888888,0.1111111111111111,Yes,0.8888888888888888
28038,28038,99.00,258,84,342,0.7543859649122807,0.24561403508771928,Yes,0.7543859649122807
28039,28039,99.00,15,2,17,0.8823529411764706,0.11764705882352941,Yes,0.8823529411764706
28040,28040,99.00,124,30,154,0.8051948051948052,0.19480519480519481,Yes,0.8051948051948052
28041,28041,99.00,237,67,304,0.7796052631578947,0.22039473684210525,Yes,0.7796052631578947
28042,28042,99.00,218,80,298,0.7315436241610739,0.2684563758389262,Yes,0.7315436241610739
28043,28043,99.00,162,63,225,0.72,0.28,Yes,0.72
28044,28044,99.00,9,0,9,1.0,0.0,Yes,1.0
28045,28045,99.00,4,2,6,0.6666666666666666,0.3333333333333333,Yes,0.6666666666666666
28046,28046,99.00,114,26,140,0.8142857142857143,0.18571428571428572,Yes,0.8142857142857143
28047,28047,99.00,239,53,292,0.8184931506849316,0.1815068493150685,Yes,0.8184931506849316
28048,28048,99.00,292,65,357,0.8179271708683473,0.18207282913165265,Yes,0.8179271708683473
28049,28049,99.00,8,1,9,0.8888888888888888,0.1111111111111111,Yes,0.8888888888888888
28050,28050,99.00,168,69,237,0.7088607594936709,0.2911392405063291,Yes,0.7088607594936709
28051,28051,99.00,177,45,222,0.7972972972972973,0.20270270270270271,Yes,0.7972972972972973
28052,28052,99.00,1,0,1,1.0,0.0,Yes,1.0
28053,28053,99.00,3,4,7,0.42857142857142855,0.5714285714285714,No,0.5714285714285714
28054,28054,99.00,131,37,168,0.7797619047619048,0.22023809523809523,Yes,0.7797619047619048
28055,28055,99.00,2,0,2,1.0,0.0,Yes,1.0
28056,28056,99.00,152,29,181,0.8397790055248618,0.16022099447513813,Yes,0.8397790055248618
28057,28057,99.00,1,0,1,1.0,0.0,Yes,1.0
28058,28058,99.00,5,0,5,1.0,0.0,Yes,1.0
28059,28059,99.00,2,0,2,1.0,0.0,Yes,1.0
28060,28060,99.00,4,0,4,1.0,0.0,Yes,1.0
28061,28061,99.00,185,57,242,0.7644628099173554,0.23553719008264462,Yes,0.7644628099173554
28062,28062,99.00,180,61,241,0.7468879668049793,0.25311203319502074,Yes,0.7468879668049793
28063,28063,99.00,7,0,7,1.0,0.0,Yes,1.0
28064,28064,99.00,149,74,223,0.6681614349775785,0.33183856502242154,Yes,0.6681614349775785
28065,28065,99.00,134,40,174,0.7701149425287356,0.22988505747126436,Yes,0.7701149425287356
28066,28066,99.00,173,57,230,0.7521739130434782,0.24782608695652175,Yes,0.7521739130434782
28067,28067,99.00,173,59,232,0.7456896551724138,0.2543103448275862,Yes,0.7456896551724138
28068,28068,99.00,178,62,240,0.7416666666666667,0.25833333333333336,Yes,0.7416666666666667
28069,28069,99.00,169,58,227,0.7444933920704846,0.2555066079295154,Yes,0.7444933920704846
28070,28070,99.00,141,156,297,0.47474747474747475,0.5252525252525253,No,0.5252525252525253
28071,28071,99.00,95,89,184,0.5163043478260869,0.483695652173913,Yes,0.5163043478260869
28072,28072,99.00,92,80,172,0.5348837209302325,0.46511627906976744,Yes,0.5348837209302325
28073,28073,99.00,81,62,143,0.5664335664335665,0.43356643356643354,Yes,0.5664335664335665
28074,28074,99.00,3,3,6,0.5,0.5,Tie,0.5
28075,28075,99.00,177,178,355,0.49859154929577465,0.5014084507042254,No,0.5014084507042254
28076,28076,99.00,110,114,224,0.49107142857142855,0.5089285714285714,No,0.5089285714285714
28077,28077,99.00,93,87,180,0.5166666666666667,0.48333333333333334,Yes,0.5166666666666667
28078,28078,99.00,65,30,95,0.6842105263157895,0.3157894736842105,Yes,0.6842105263157895
28079,28079,99.00,0,0,0,0,0,n/a,0
28080,28080,99.00,6,3,9,0.6666666666666666,0.3333333333333333,Yes,0.6666666666666666
28081,28081,99.00,13,1,14,0.9285714285714286,0.07142857142857142,Yes,0.9285714285714286
28082,28082,99.00,4,1,5,0.8,0.2,Yes,0.8
28083,28083,99.00,115,48,163,0.7055214723926381,0.294478527607362,Yes,0.7055214723926381
28084,28084,99.00,7,3,10,0.7,0.3,Yes,0.7
28085,28085,99.00,0,0,0,0,0,n/a,0
28086,28086,99.00,4,0,4,1.0,0.0,Yes,1.0
28087,28087,99.00,12,0,12,1.0,0.0,Yes,1.0
28088,28088,99.00,1,1,2,0.5,0.5,Tie,0.5
28089,28089,99.00,2,0,2,1.0,0.0,Yes,1.0
29001,29001,99.00,7,3,10,0.7,0.3,Yes,0.7
29002,29002,99.00,119,25,144,0.8263888888888888,0.1736111111111111,Yes,0.8263888888888888
29003,29003,99.00,153,27,180,0.85,0.15,Yes,0.85
29004,29004,99.00,97,22,119,0.8151260504201681,0.18487394957983194,Yes,0.8151260504201681
29005,29005,99.00,1,1,2,0.5,0.5,Tie,0.5
29006,29006,99.00,2,1,3,0.6666666666666666,0.3333333333333333,Yes,0.6666666666666666
29007,29007,99.00,1,0,1,1.0,0.0,Yes,1.0
29008,29008,99.00,3,0,3,1.0,0.0,Yes,1.0
29009,29009,99.00,74,16,90,0.8222222222222222,0.17777777777777778,Yes,0.8222222222222222
29010,29010,99.00,37,15,52,0.7115384615384616,0.28846153846153844,Yes,0.7115384615384616
29011,29011,99.00,74,11,85,0.8705882352941177,0.12941176470588237,Yes,0.8705882352941177
29012,29012,99.00,76,34,110,0.6909090909090909,0.3090909090909091,Yes,0.6909090909090909
29013,29013,99.00,135,40,175,0.7714285714285715,0.22857142857142856,Yes,0.7714285714285715
29014,29014,99.00,2,0,2,1.0,0.0,Yes,1.0
29015,29015,99.00,65,11,76,0.8552631578947368,0.14473684210526316,Yes,0.8552631578947368
29016,29016,99.00,57,15,72,0.7916666666666666,0.20833333333333334,Yes,0.7916666666666666
29017,29017,99.00,111,33,144,0.7708333333333334,0.22916666666666666,Yes,0.7708333333333334
29018,29018,99.00,136,40,176,0.7727272727272727,0.22727272727272727,Yes,0.7727272727272727
29019,29019,99.00,4,4,8,0.5,0.5,Tie,0.5
29020,29020,99.00,4,4,8,0.5,0.5,Tie,0.5
29021,29021,99.00,2,0,2,1.0,0.0,Yes,1.0
29022,29022,99.00,7,3,10,0.7,0.3,Yes,0.7
29023,29023,80.00,150,39,189,0.7936507936507936,0.20634920634920634,Yes,0.7936507936507936
29024,29024,80.00,179,52,231,0.7748917748917749,0.22510822510822512,Yes,0.7748917748917749
29025,29025,80.00,161,49,210,0.7666666666666667,0.23333333333333334,Yes,0.7666666666666667
29026,29026,80.00,159,48,207,0.7681159420289855,0.2318840579710145,Yes,0.7681159420289855
29027,29027,0.00,8,1,9,0.8888888888888888,0.1111111111111111,Yes,0.8888888888888888
29028,29028,0.00,13,1,14,0.9285714285714286,0.07142857142857142,Yes,0.9285714285714286
29029,29029,99.00,116,38,154,0.7532467532467533,0.24675324675324675,Yes,0.7532467532467533
29030,29030,99.00,153,37,190,0.8052631578947368,0.19473684210526315,Yes,0.8052631578947368
29031,29031,99.00,134,46,180,0.7444444444444445,0.25555555555555554,Yes,0.7444444444444445
29032,29032,99.00,133,31,164,0.8109756097560976,0.18902439024390244,Yes,0.8109756097560976
29033,29033,0.00,19,2,21,0.9047619047619048,0.09523809523809523,Yes,0.9047619047619048
29034,29034,0.00,9,2,11,0.8181818181818182,0.18181818181818182,Yes,0.8181818181818182
29035,29035,99.00,101,31,132,0.7651515151515151,0.23484848484848486,Yes,0.7651515151515151
29036,29036,99.00,97,25,122,0.7950819672131147,0.20491803278688525,Yes,0.7950819672131147
29037,29037,99.00,4,3,7,0.5714285714285714,0.42857142857142855,Yes,0.5714285714285714
29038,29038,99.00,135,27,162,0.8333333333333334,0.16666666666666666,Yes,0.8333333333333334
29039,29039,99.00,2,0,2,1.0,0.0,Yes,1.0
29040,29040,99.00,7,2,9,0.7777777777777778,0.2222222222222222,Yes,0.7777777777777778
29041,29041,99.00,9,5,14,0.6428571428571429,0.35714285714285715,Yes,0.6428571428571429
29042,29042,99.00,152,50,202,0.7524752475247525,0.24752475247524752,Yes,0.7524752475247525
29043,29043,99.00,3,2,5,0.6,0.4,Yes,0.6
29044,29044,99.00,167,39,206,0.8106796116504854,0.18932038834951456,Yes,0.8106796116504854
29045,29045,99.00,213,53,266,0.8007518796992481,0.19924812030075187,Yes,0.8007518796992481
29046,29046,99.00,82,16,98,0.8367346938775511,0.16326530612244897,Yes,0.8367346938775511
29047,29047,99.00,144,57,201,0.7164179104477612,0.2835820895522388,Yes,0.7164179104477612
29048,29048,99.00,7,0,7,1.0,0.0,Yes,1.0
29049,29049,99.00,150,47,197,0.7614213197969543,0.23857868020304568,Yes,0.7614213197969543
29050,29050,99.00,110,27,137,0.8029197080291971,0.19708029197080293,Yes,0.8029197080291971
29051,29051,99.00,244,61,305,0.8,0.2,Yes,0.8
29052,29052,99.00,204,38,242,0.8429752066115702,0.15702479338842976,Yes,0.8429752066115702
29053,29053,99.00,6,0,6,1.0,0.0,Yes,1.0
29054,29054,99.00,173,49,222,0.7792792792792793,0.22072072072072071,Yes,0.7792792792792793
29055,29055,99.00,138,37,175,0.7885714285714286,0.21142857142857144,Yes,0.7885714285714286
29056,29056,99.00,83,32,115,0.7217391304347827,0.2782608695652174,Yes,0.7217391304347827
29057,29057,99.00,126,35,161,0.782608695652174,0.21739130434782608,Yes,0.782608695652174
29058,29058,99.00,118,43,161,0.7329192546583851,0.2670807453416149,Yes,0.7329192546583851
29059,29059,99.00,157,51,208,0.7548076923076923,0.24519230769230768,Yes,0.7548076923076923
29060,29060,99.00,172,46,218,0.7889908256880734,0.21100917431192662,Yes,0.7889908256880734
29061,29061,99.00,172,34,206,0.8349514563106796,0.1650485436893204,Yes,0.8349514563106796
29062,29062,99.00,182,38,220,0.8272727272727273,0.17272727272727273,Yes,0.8272727272727273
29063,29063,99.00,172,33,205,0.8390243902439024,0.16097560975609757,Yes,0.8390243902439024
29064,29064,99.00,122,34,156,0.782051282051282,0.21794871794871795,Yes,0.782051282051282
29065,29065,99.00,127,33,160,0.79375,0.20625,Yes,0.79375
29066,29066,99.00,114,33,147,0.7755102040816326,0.22448979591836735,Yes,0.7755102040816326
29067,29067,99.00,123,26,149,0.825503355704698,0.174496644295302,Yes,0.825503355704698
29068,29068,99.00,100,30,130,0.7692307692307693,0.23076923076923078,Yes,0.7692307692307693
29069,29069,99.00,3,1,4,0.75,0.25,Yes,0.75
29070,29070,99.00,6,1,7,0.8571428571428571,0.14285714285714285,Yes,0.8571428571428571
29071,29071,99.00,4,1,5,0.8,0.2,Yes,0.8
29072,29072,99.00,46,21,67,0.6865671641791045,0.31343283582089554,Yes,0.6865671641791045
29073,29073,99.00,2,0,2,1.0,0.0,Yes,1.0
29074,29074,99.00,8,0,8,1.0,0.0,Yes,1.0
29075,29075,0.00,2,3,5,0.4,0.6,No,0.6
29076,29076,99.00,98,38,136,0.7205882352941176,0.27941176470588236,Yes,0.7205882352941176
29077,29077,99.00,1,0,1,1.0,0.0,Yes,1.0
29078,29078,99.00,2,2,4,0.5,0.5,Tie,0.5
29079,29079,99.00,124,32,156,0.7948717948717948,0.20512820512820512,Yes,0.7948717948717948
29080,29080,99.00,7,0,7,1.0,0.0,Yes,1.0
30001,30001,99.00,6,1,7,0.8571428571428571,0.14285714285714285,Yes,0.8571428571428571
30002,30002,99.00,51,25,76,0.6710526315789473,0.32894736842105265,Yes,0.6710526315789473
30003,30003,99.00,1,0,1,1.0,0.0,Yes,1.0
30004,30004,99.00,96,78,174,0.5517241379310345,0.4482758620689655,Yes,0.5517241379310345
30005,30005,99.00,122,112,234,0.5213675213675214,0.47863247863247865,Yes,0.5213675213675214
30006,30006,99.00,133,90,223,0.5964125560538116,0.40358744394618834,Yes,0.5964125560538116
30007,30007,99.00,104,100,204,0.5098039215686274,0.49019607843137253,Yes,0.5098039215686274
30008,30008,99.00,138,103,241,0.5726141078838174,0.42738589211618255,Yes,0.5726141078838174
30009,30009,99.00,113,93,206,0.5485436893203883,0.45145631067961167,Yes,0.5485436893203883
30010,30010,99.00,145,90,235,0.6170212765957447,0.3829787234042553,Yes,0.6170212765957447
30011,30011,99.00,120,113,233,0.5150214592274678,0.48497854077253216,Yes,0.5150214592274678
30012,30012,99.00,95,88,183,0.5191256830601093,0.4808743169398907,Yes,0.5191256830601093
30013,30013,99.00,92,54,146,0.6301369863013698,0.3698630136986301,Yes,0.6301369863013698
30014,30014,99.00,99,65,164,0.6036585365853658,0.39634146341463417,Yes,0.6036585365853658
30015,30015,99.00,97,90,187,0.5187165775401069,0.48128342245989303,Yes,0.5187165775401069
30016,30016,99.00,59,50,109,0.5412844036697247,0.45871559633027525,Yes,0.5412844036697247
30017,30017,99.00,122,65,187,0.6524064171122995,0.34759358288770054,Yes,0.6524064171122995
30018,30018,99.00,112,85,197,0.5685279187817259,0.43147208121827413,Yes,0.5685279187817259
30019,30019,99.00,52,32,84,0.6190476190476191,0.38095238095238093,Yes,0.6190476190476191
30020,30020,99.00,9,2,11,0.8181818181818182,0.18181818181818182,Yes,0.8181818181818182
30021,30021,99.00,152,85,237,0.6413502109704642,0.35864978902953587,Yes,0.6413502109704642
30022,30022,99.00,3,0,3,1.0,0.0,Yes,1.0
30023,30023,99.00,175,105,280,0.625,0.375,Yes,0.625
30024,30024,99.00,165,83,248,0.6653225806451613,0.3346774193548387,Yes,0.6653225806451613
30025,30025,99.00,141,70,211,0.6682464454976303,0.33175355450236965,Yes,0.6682464454976303
30026,30026,99.00,70,57,127,0.5511811023622047,0.44881889763779526,Yes,0.5511811023622047
30027,30027,99.00,158,100,258,0.6124031007751938,0.3875968992248062,Yes,0.6124031007751938
30028,30028,99.00,0,0,0,0,0,n/a,0
30029,30029,99.00,0,0,0,0,0,n/a,0
30030,30030,99.00,140,71,211,0.6635071090047393,0.33649289099526064,Yes,0.6635071090047393
30031,30031,99.00,5,0,5,1.0,0.0,Yes,1.0
30032,30032,99.00,1,0,1,1.0,0.0,Yes,1.0
30033,30033,99.00,3,1,4,0.75,0.25,Yes,0.75
30034,30034,99.00,0,0,0,0,0,n/a,0
30035,30035,99.00,0,0,0,0,0,n/a,0
30036,30036,99.00,2,0,2,1.0,0.0,Yes,1.0
30037,30037,99.00,5,1,6,0.8333333333333334,0.16666666666666666,Yes,0.8333333333333334
30038,30038,99.00,260,37,297,0.8754208754208754,0.12457912457912458,Yes,0.8754208754208754
30039,30039,99.00,137,80,217,0.631336405529954,0.3686635944700461,Yes,0.631336405529954
30040,30040,99.00,159,68,227,0.7004405286343612,0.29955947136563876,Yes,0.7004405286343612
30041,30041,99.00,125,27,152,0.8223684210526315,0.17763157894736842,Yes,0.8223684210526315
30042,30042,99.00,6,0,6,1.0,0.0,Yes,1.0
30043,30043,99.00,3,1,4,0.75,0.25,Yes,0.75
30044,30044,99.00,215,40,255,0.8431372549019608,0.1568627450980392,Yes,0.8431372549019608
30045,30045,99.00,78,24,102,0.7647058823529411,0.23529411764705882,Yes,0.7647058823529411
30046,30046,99.00,177,22,199,0.8894472361809045,0.11055276381909548,Yes,0.8894472361809045
30047,30047,99.00,130,33,163,0.7975460122699386,0.20245398773006135,Yes,0.7975460122699386
30048,30048,99.00,232,82,314,0.7388535031847133,0.2611464968152866,Yes,0.7388535031847133
30049,30049,99.00,201,27,228,0.881578947368421,0.11842105263157894,Yes,0.881578947368421
30050,30050,80.00,242,44,286,0.8461538461538461,0.15384615384615385,Yes,0.8461538461538461
30051,30051,99.00,140,23,163,0.8588957055214724,0.1411042944785276,Yes,0.8588957055214724
30052,30052,99.00,92,13,105,0.8761904761904762,0.12380952380952381,Yes,0.8761904761904762
30053,30053,99.00,2,1,3,0.6666666666666666,0.3333333333333333,Yes,0.6666666666666666
30054,30054,99.00,0,0,0,0,0,n/a,0
30055,30055,99.00,133,39,172,0.7732558139534884,0.22674418604651161,Yes,0.7732558139534884
30056,30056,99.00,33,5,38,0.868421052631579,0.13157894736842105,Yes,0.868421052631579
30057,30057,99.00,5,1,6,0.8333333333333334,0.16666666666666666,Yes,0.8333333333333334
30058,30058,99.00,109,35,144,0.7569444444444444,0.24305555555555555,Yes,0.7569444444444444
30059,30059,99.00,89,23,112,0.7946428571428571,0.20535714285714285,Yes,0.7946428571428571
30060,30060,99.00,130,28,158,0.8227848101265823,0.17721518987341772,Yes,0.8227848101265823
30061,30061,99.00,334,93,427,0.7822014051522248,0.21779859484777517,Yes,0.7822014051522248
30062,30062,99.00,221,34,255,0.8666666666666667,0.13333333333333333,Yes,0.8666666666666667
30063,30063,99.00,15,0,15,1.0,0.0,Yes,1.0
30064,30064,99.00,6,1,7,0.8571428571428571,0.14285714285714285,Yes,0.8571428571428571
30065,30065,99.00,325,61,386,0.8419689119170984,0.15803108808290156,Yes,0.8419689119170984
30066,30066,99.00,21,5,26,0.8076923076923077,0.19230769230769232,Yes,0.8076923076923077
30067,30067,99.00,170,23,193,0.8808290155440415,0.11917098445595854,Yes,0.8808290155440415
30068,30068,99.00,189,43,232,0.8146551724137931,0.1853448275862069,Yes,0.8146551724137931
30069,30069,99.00,267,45,312,0.8557692307692307,0.14423076923076922,Yes,0.8557692307692307
30070,30070,99.00,0,0,0,0,0,n/a,0
30071,30071,99.00,0,0,0,0,0,n/a,0
30072,30072,99.00,0,0,0,0,0,n/a,0
30073,30073,99.00,111,70,181,0.6132596685082873,0.3867403314917127,Yes,0.6132596685082873
30074,30074,99.00,0,0,0,0,0,n/a,0
30075,30075,99.00,2,0,2,1.0,0.0,Yes,1.0
30076,30076,99.00,182,27,209,0.8708133971291866,0.1291866028708134,Yes,0.8708133971291866
30077,30077,99.00,128,23,151,0.847682119205298,0.152317880794702,Yes,0.847682119205298
30078,30078,99.00,25,1,26,0.9615384615384616,0.038461538461538464,Yes,0.9615384615384616
30079,30079,99.00,13,2,15,0.8666666666666667,0.13333333333333333,Yes,0.8666666666666667
30080,30080,80.00,5,1,6,0.8333333333333334,0.16666666666666666,Yes,0.8333333333333334
30081,30081,99.00,84,49,133,0.631578947368421,0.3684210526315789,Yes,0.631578947368421
30082,30082,99.00,163,37,200,0.815,0.185,Yes,0.815
31001,31001,99.00,94,30,124,0.7580645161290323,0.24193548387096775,Yes,0.7580645161290323
31002,31002,99.00,5,1,6,0.8333333333333334,0.16666666666666666,Yes,0.8333333333333334
31003,31003,99.00,63,21,84,0.75,0.25,Yes,0.75
31004,31004,99.00,53,23,76,0.6973684210526315,0.3026315789473684,Yes,0.6973684210526315
31005,31005,99.00,59,20,79,0.7468354430379747,0.25316455696202533,Yes,0.7468354430379747
31006,31006,99.00,0,0,0,0,0,n/a,0
31007,31007,99.00,48,12,60,0.8,0.2,Yes,0.8
31008,31008,99.00,45,23,68,0.6617647058823529,0.3382352941176471,Yes,0.6617647058823529
31009,31009,99.00,39,10,49,0.7959183673469388,0.20408163265306123,Yes,0.7959183673469388
31010,31010,99.00,85,19,104,0.8173076923076923,0.18269230769230768,Yes,0.8173076923076923
31011,31011,99.00,66,34,100,0.66,0.34,Yes,0.66
31012,31012,99.00,54,11,65,0.8307692307692308,0.16923076923076924,Yes,0.8307692307692308
31013,31013,99.00,50,22,72,0.6944444444444444,0.3055555555555556,Yes,0.6944444444444444
31014,31014,99.00,65,13,78,0.8333333333333334,0.16666666666666666,Yes,0.8333333333333334
31015,31015,99.00,104,49,153,0.6797385620915033,0.3202614379084967,Yes,0.6797385620915033
31016,31016,99.00,5,1,6,0.8333333333333334,0.16666666666666666,Yes,0.8333333333333334
31017,31017,99.00,69,31,100,0.69,0.31,Yes,0.69
31018,31018,99.00,87,26,113,0.7699115044247787,0.23008849557522124,Yes,0.7699115044247787
31019,31019,99.00,110,28,138,0.7971014492753623,0.2028985507246377,Yes,0.7971014492753623
31020,31020,99.00,1,0,1,1.0,0.0,Yes,1.0
31021,31021,99.00,99,32,131,0.7557251908396947,0.24427480916030533,Yes,0.7557251908396947
31022,31022,99.00,38,18,56,0.6785714285714286,0.32142857142857145,Yes,0.6785714285714286
31023,31023,99.00,112,41,153,0.7320261437908496,0.2679738562091503,Yes,0.7320261437908496
31024,31024,99.00,112,33,145,0.7724137931034483,0.22758620689655173,Yes,0.7724137931034483
31025,31025,99.00,75,30,105,0.7142857142857143,0.2857142857142857,Yes,0.7142857142857143
31026,31026,99.00,7,4,11,0.6363636363636364,0.36363636363636365,Yes,0.6363636363636364
31027,31027,99.00,5,6,11,0.45454545454545453,0.5454545454545454,No,0.5454545454545454
31028,31028,99.00,6,0,6,1.0,0.0,Yes,1.0
31029,31029,99.00,4,1,5,0.8,0.2,Yes,0.8
31030,31030,99.00,0,0,0,0,0,n/a,0
31031,31031,99.00,1,0,1,1.0,0.0,Yes,1.0
31032,31032,99.00,92,27,119,0.773109243697479,0.226890756302521,Yes,0.773109243697479
31033,31033,99.00,6,2,8,0.75,0.25,Yes,0.75
31034,31034,99.00,139,42,181,0.7679558011049724,0.23204419889502761,Yes,0.7679558011049724
31035,31035,99.00,108,29,137,0.7883211678832117,0.2116788321167883,Yes,0.7883211678832117
31036,31036,99.00,93,29,122,0.7622950819672131,0.23770491803278687,Yes,0.7622950819672131
31037,31037,99.00,110,26,136,0.8088235294117647,0.19117647058823528,Yes,0.8088235294117647
31038,31038,99.00,247,45,292,0.8458904109589042,0.1541095890410959,Yes,0.8458904109589042
31039,31039,99.00,110,56,166,0.6626506024096386,0.3373493975903614,Yes,0.6626506024096386
31040,31040,99.00,124,27,151,0.8211920529801324,0.17880794701986755,Yes,0.8211920529801324
31041,31041,99.00,116,30,146,0.7945205479452054,0.2054794520547945,Yes,0.7945205479452054
31042,31042,99.00,175,50,225,0.7777777777777778,0.2222222222222222,Yes,0.7777777777777778
31043,31043,99.00,4,1,5,0.8,0.2,Yes,0.8
31044,31044,99.00,135,35,170,0.7941176470588235,0.20588235294117646,Yes,0.7941176470588235
31045,31045,99.00,191,64,255,0.7490196078431373,0.25098039215686274,Yes,0.7490196078431373
31046,31046,99.00,158,39,197,0.8020304568527918,0.19796954314720813,Yes,0.8020304568527918
31047,31047,99.00,111,27,138,0.8043478260869565,0.1956521739130435,Yes,0.8043478260869565
31048,31048,99.00,11,1,12,0.9166666666666666,0.08333333333333333,Yes,0.9166666666666666
31049,31049,99.00,122,31,153,0.7973856209150327,0.20261437908496732,Yes,0.7973856209150327
31050,31050,99.00,1,1,2,0.5,0.5,Tie,0.5
31051,31051,99.00,74,25,99,0.7474747474747475,0.25252525252525254,Yes,0.7474747474747475
31052,31052,99.00,124,36,160,0.775,0.225,Yes,0.775
31053,31053,99.00,96,15,111,0.8648648648648649,0.13513513513513514,Yes,0.8648648648648649
31054,31054,99.00,95,39,134,0.7089552238805971,0.291044776119403,Yes,0.7089552238805971
31055,31055,99.00,105,33,138,0.7608695652173914,0.2391304347826087,Yes,0.7608695652173914
31056,31056,99.00,59,25,84,0.7023809523809523,0.2976190476190476,Yes,0.7023809523809523
31057,31057,99.00,82,26,108,0.7592592592592593,0.24074074074074073,Yes,0.7592592592592593
31058,31058,99.00,130,32,162,0.8024691358024691,0.19753086419753085,Yes,0.8024691358024691
31059,31059,99.00,65,14,79,0.8227848101265823,0.17721518987341772,Yes,0.8227848101265823
31060,31060,99.00,0,0,0,0,0,n/a,0
31061,31061,99.00,0,0,0,0,0,n/a,0
31062,31062,0.00,3,0,3,1.0,0.0,Yes,1.0
31063,31063,0.00,6,3,9,0.6666666666666666,0.3333333333333333,Yes,0.6666666666666666
31064,31064,99.00,7,0,7,1.0,0.0,Yes,1.0
31065,31065,99.00,0,0,0,0,0,n/a,0
31066,31066,99.00,0,0,0,0,0,n/a,0
31067,31067,99.00,0,0,0,0,0,n/a,0
31068,31068,99.00,0,0,0,0,0,n/a,0
31069,31069,99.00,0,0,0,0,0,n/a,0
31070,31070,99.00,0,0,0,0,0,n/a,0
31071,31071,99.00,0,0,0,0,0,n/a,0
31072,31072,99.00,0,0,0,0,0,n/a,0
31073,31073,99.00,0,0,0,0,0,n/a,0
31074,31074,99.00,0,0,0,0,0,n/a,0
31075,31075,99.00,0,0,0,0,0,n/a,0
31076,31076,99.00,0,0,0,0,0,n/a,0
31077,31077,99.00,0,0,0,0,0,n/a,0
31078,31078,99.00,84,20,104,0.8076923076923077,0.19230769230769232,Yes,0.8076923076923077
31079,31079,99.00,87,15,102,0.8529411764705882,0.14705882352941177,Yes,0.8529411764705882
31080,31080,99.00,0,0,0,0,0,n/a,0
31081,31081,99.00,1,1,2,0.5,0.5,Tie,0.5
31082,31082,99.00,76,16,92,0.8260869565217391,0.17391304347826086,Yes,0.8260869565217391
31083,31083,99.00,4,0,4,1.0,0.0,Yes,1.0
31084,31084,99.00,5,0,5,1.0,0.0,Yes,1.0
31085,31085,99.00,9,3,12,0.75,0.25,Yes,0.75
31086,31086,99.00,103,27,130,0.7923076923076923,0.2076923076923077,Yes,0.7923076923076923
32001,32001,66.67,87,17,104,0.8365384615384616,0.16346153846153846,Yes,0.8365384615384616
32002,32002,66.67,1,0,1,1.0,0.0,Yes,1.0
32003,32003,99.00,118,32,150,0.7866666666666666,0.21333333333333335,Yes,0.7866666666666666
32004,32004,99.00,123,27,150,0.82,0.18,Yes,0.82
32005,32005,66.67,101,15,116,0.8706896551724138,0.12931034482758622,Yes,0.8706896551724138
32006,32006,99.00,142,34,176,0.8068181818181818,0.19318181818181818,Yes,0.8068181818181818
32007,32007,66.67,1,0,1,1.0,0.0,Yes,1.0
32008,32008,66.67,0,0,0,0,0,n/a,0
32009,32009,99.00,0,0,0,0,0,n/a,0
32010,32010,99.00,0,0,0,0,0,n/a,0
32011,32011,99.00,142,27,169,0.8402366863905325,0.15976331360946747,Yes,0.8402366863905325
32012,32012,75.00,0,0,0,0,0,n/a,0
32013,32013,75.00,1,0,1,1.0,0.0,Yes,1.0
32014,32014,99.00,1,0,1,1.0,0.0,Yes,1.0
32015,32015,75.00,8,2,10,0.8,0.2,Yes,0.8
32016,32016,75.00,103,25,128,0.8046875,0.1953125,Yes,0.8046875
32017,32017,75.00,78,26,104,0.75,0.25,Yes,0.75
32018,32018,75.00,52,10,62,0.8387096774193549,0.16129032258064516,Yes,0.8387096774193549
32019,32019,99.00,1,0,1,1.0,0.0,Yes,1.0
32020,32020,99.00,43,5,48,0.8958333333333334,0.10416666666666667,Yes,0.8958333333333334
32021,32021,75.00,81,9,90,0.9,0.1,Yes,0.9
32022,32022,99.00,3,2,5,0.6,0.4,Yes,0.6
32023,32023,75.00,110,30,140,0.7857142857142857,0.21428571428571427,Yes,0.7857142857142857
32024,32024,75.00,1,0,1,1.0,0.0,Yes,1.0
32025,32025,99.00,122,40,162,0.7530864197530864,0.24691358024691357,Yes,0.7530864197530864
32026,32026,75.00,7,0,7,1.0,0.0,Yes,1.0
32027,32027,75.00,91,21,112,0.8125,0.1875,Yes,0.8125
32028,32028,99.00,141,34,175,0.8057142857142857,0.19428571428571428,Yes,0.8057142857142857
32029,32029,83.33,82,30,112,0.7321428571428571,0.26785714285714285,Yes,0.7321428571428571
32030,32030,83.33,73,39,112,0.6517857142857143,0.3482142857142857,Yes,0.6517857142857143
32031,32031,99.00,75,19,94,0.7978723404255319,0.20212765957446807,Yes,0.7978723404255319
32032,32032,99.00,33,16,49,0.673469387755102,0.32653061224489793,Yes,0.673469387755102
32033,32033,83.33,99,24,123,0.8048780487804879,0.1951219512195122,Yes,0.8048780487804879
32034,32034,83.33,109,26,135,0.8074074074074075,0.1925925925925926,Yes,0.8074074074074075
32035,32035,83.33,74,21,95,0.7789473684210526,0.22105263157894736,Yes,0.7789473684210526
32036,32036,99.00,86,18,104,0.8269230769230769,0.17307692307692307,Yes,0.8269230769230769
32037,32037,99.00,127,58,185,0.6864864864864865,0.31351351351351353,Yes,0.6864864864864865
32038,32038,99.00,124,39,163,0.7607361963190185,0.2392638036809816,Yes,0.7607361963190185
32039,32039,99.00,98,29,127,0.7716535433070866,0.2283464566929134,Yes,0.7716535433070866
32040,32040,99.00,134,33,167,0.8023952095808383,0.19760479041916168,Yes,0.8023952095808383
32041,32041,99.00,155,64,219,0.7077625570776256,0.2922374429223744,Yes,0.7077625570776256
32042,32042,99.00,99,32,131,0.7557251908396947,0.24427480916030533,Yes,0.7557251908396947
32043,32043,99.00,115,18,133,0.8646616541353384,0.13533834586466165,Yes,0.8646616541353384
32044,32044,99.00,0,1,1,0.0,1.0,No,1.0
32045,32045,99.00,179,39,218,0.8211009174311926,0.17889908256880735,Yes,0.8211009174311926
32046,32046,99.00,174,39,213,0.8169014084507042,0.18309859154929578,Yes,0.8169014084507042
32047,32047,99.00,126,55,181,0.6961325966850829,0.30386740331491713,Yes,0.6961325966850829
32048,32048,99.00,3,0,3,1.0,0.0,Yes,1.0
32049,32049,99.00,95,36,131,0.7251908396946565,0.2748091603053435,Yes,0.7251908396946565
32050,32050,99.00,95,31,126,0.753968253968254,0.24603174603174602,Yes,0.753968253968254
32051,32051,99.00,114,36,150,0.76,0.24,Yes,0.76
32052,32052,99.00,95,29,124,0.7661290322580645,0.23387096774193547,Yes,0.7661290322580645
32053,32053,99.00,91,23,114,0.7982456140350878,0.20175438596491227,Yes,0.7982456140350878
32054,32054,99.00,198,47,245,0.8081632653061225,0.19183673469387755,Yes,0.8081632653061225
32055,32055,99.00,6,1,7,0.8571428571428571,0.14285714285714285,Yes,0.8571428571428571
32056,32056,99.00,1,1,2,0.5,0.5,Tie,0.5
32057,32057,99.00,135,31,166,0.8132530120481928,0.18674698795180722,Yes,0.8132530120481928
32058,32058,99.00,141,34,175,0.8057142857142857,0.19428571428571428,Yes,0.8057142857142857
32059,32059,99.00,104,30,134,0.7761194029850746,0.22388059701492538,Yes,0.7761194029850746
32060,32060,99.00,194,44,238,0.8151260504201681,0.18487394957983194,Yes,0.8151260504201681
32061,32061,99.00,5,3,8,0.625,0.375,Yes,0.625
32062,32062,99.00,171,64,235,0.7276595744680852,0.2723404255319149,Yes,0.7276595744680852
32063,32063,99.00,254,73,327,0.7767584097859327,0.22324159021406728,Yes,0.7767584097859327
32064,32064,75.00,195,58,253,0.7707509881422925,0.22924901185770752,Yes,0.7707509881422925
32065,32065,75.00,31,19,50,0.62,0.38,Yes,0.62
32066,32066,75.00,181,64,245,0.7387755102040816,0.2612244897959184,Yes,0.7387755102040816
32067,32067,75.00,49,15,64,0.765625,0.234375,Yes,0.765625
32068,32068,99.00,150,48,198,0.7575757575757576,0.24242424242424243,Yes,0.7575757575757576
32069,32069,99.00,280,82,362,0.7734806629834254,0.2265193370165746,Yes,0.7734806629834254
32070,32070,99.00,30,8,38,0.7894736842105263,0.21052631578947367,Yes,0.7894736842105263
32071,32071,75.00,77,54,131,0.5877862595419847,0.4122137404580153,Yes,0.5877862595419847
32072,32072,99.00,71,39,110,0.6454545454545455,0.35454545454545455,Yes,0.6454545454545455
32073,32073,0.00,17,6,23,0.7391304347826086,0.2608695652173913,Yes,0.7391304347826086
32074,32074,0.00,1,0,1,1.0,0.0,Yes,1.0
32075,32075,99.00,117,38,155,0.7548387096774194,0.24516129032258063,Yes,0.7548387096774194
32076,32076,99.00,0,0,0,0,0,n/a,0
32077,32077,75.00,74,16,90,0.8222222222222222,0.17777777777777778,Yes,0.8222222222222222
32078,32078,99.00,6,0,6,1.0,0.0,Yes,1.0
32079,32079,99.00,142,81,223,0.6367713004484304,0.3632286995515695,Yes,0.6367713004484304
32080,32080,66.67,2,0,2,1.0,0.0,Yes,1.0
32081,32081,99.00,3,3,6,0.5,0.5,Tie,0.5
32082,32082,83.33,101,36,137,0.7372262773722628,0.26277372262773724,Yes,0.7372262773722628
32083,32083,83.33,6,1,7,0.8571428571428571,0.14285714285714285,Yes,0.8571428571428571
32084,32084,99.00,8,0,8,1.0,0.0,Yes,1.0
33001,33001,99.00,97,47,144,0.6736111111111112,0.3263888888888889,Yes,0.6736111111111112
33002,33002,99.00,94,57,151,0.6225165562913907,0.37748344370860926,Yes,0.6225165562913907
33003,33003,99.00,76,31,107,0.7102803738317757,0.2897196261682243,Yes,0.7102803738317757
33004,33004,99.00,197,115,312,0.6314102564102564,0.3685897435897436,Yes,0.6314102564102564
33005,33005,99.00,109,38,147,0.7414965986394558,0.2585034013605442,Yes,0.7414965986394558
33006,33006,99.00,125,61,186,0.6720430107526881,0.3279569892473118,Yes,0.6720430107526881
33007,33007,99.00,13,4,17,0.7647058823529411,0.23529411764705882,Yes,0.7647058823529411
33008,33008,99.00,126,59,185,0.6810810810810811,0.31891891891891894,Yes,0.6810810810810811
33009,33009,99.00,109,74,183,0.5956284153005464,0.40437158469945356,Yes,0.5956284153005464
33010,33010,99.00,167,68,235,0.7106382978723405,0.28936170212765955,Yes,0.7106382978723405
33011,33011,99.00,110,70,180,0.6111111111111112,0.3888888888888889,Yes,0.6111111111111112
33012,33012,99.00,5,2,7,0.7142857142857143,0.2857142857142857,Yes,0.7142857142857143
33013,33013,99.00,92,32,124,0.7419354838709677,0.25806451612903225,Yes,0.7419354838709677
33014,33014,99.00,65,36,101,0.6435643564356436,0.3564356435643564,Yes,0.6435643564356436
33015,33015,99.00,97,48,145,0.6689655172413793,0.3310344827586207,Yes,0.6689655172413793
33016,33016,99.00,3,0,3,1.0,0.0,Yes,1.0
33017,33017,99.00,97,45,142,0.6830985915492958,0.31690140845070425,Yes,0.6830985915492958
33018,33018,99.00,84,29,113,0.7433628318584071,0.25663716814159293,Yes,0.7433628318584071
33019,33019,99.00,87,33,120,0.725,0.275,Yes,0.725
33020,33020,99.00,61,16,77,0.7922077922077922,0.2077922077922078,Yes,0.7922077922077922
33021,33021,99.00,82,27,109,0.7522935779816514,0.24770642201834864,Yes,0.7522935779816514
33022,33022,99.00,54,23,77,0.7012987012987013,0.2987012987012987,Yes,0.7012987012987013
33023,33023,99.00,52,21,73,0.7123287671232876,0.2876712328767123,Yes,0.7123287671232876
33024,33024,99.00,4,2,6,0.6666666666666666,0.3333333333333333,Yes,0.6666666666666666
33025,33025,99.00,80,24,104,0.7692307692307693,0.23076923076923078,Yes,0.7692307692307693
33026,33026,99.00,72,19,91,0.7912087912087912,0.2087912087912088,Yes,0.7912087912087912
33027,33027,99.00,139,45,184,0.7554347826086957,0.24456521739130435,Yes,0.7554347826086957
33028,33028,99.00,7,0,7,1.0,0.0,Yes,1.0
33029,33029,99.00,187,62,249,0.751004016064257,0.24899598393574296,Yes,0.751004016064257
33030,33030,99.00,190,50,240,0.7916666666666666,0.20833333333333334,Yes,0.7916666666666666
33031,33031,99.00,99,47,146,0.678082191780822,0.3219178082191781,Yes,0.678082191780822
33032,33032,99.00,113,40,153,0.738562091503268,0.26143790849673204,Yes,0.738562091503268
33033,33033,99.00,100,29,129,0.7751937984496124,0.2248062015503876,Yes,0.7751937984496124
33034,33034,99.00,86,35,121,0.7107438016528925,0.2892561983471074,Yes,0.7107438016528925
33035,33035,99.00,157,26,183,0.8579234972677595,0.14207650273224043,Yes,0.8579234972677595
33036,33036,99.00,94,31,125,0.752,0.248,Yes,0.752
33037,33037,99.00,142,34,176,0.8068181818181818,0.19318181818181818,Yes,0.8068181818181818
33038,33038,99.00,122,24,146,0.8356164383561644,0.1643835616438356,Yes,0.8356164383561644
33039,33039,99.00,114,34,148,0.7702702702702703,0.22972972972972974,Yes,0.7702702702702703
33040,33040,99.00,108,24,132,0.8181818181818182,0.18181818181818182,Yes,0.8181818181818182
33041,33041,99.00,110,38,148,0.7432432432432432,0.25675675675675674,Yes,0.7432432432432432
33042,33042,99.00,87,47,134,0.6492537313432836,0.35074626865671643,Yes,0.6492537313432836
33043,33043,85.71,65,19,84,0.7738095238095238,0.2261904761904762,Yes,0.7738095238095238
33044,33044,99.00,134,35,169,0.7928994082840237,0.20710059171597633,Yes,0.7928994082840237
33045,33045,99.00,122,40,162,0.7530864197530864,0.24691358024691357,Yes,0.7530864197530864
33046,33046,99.00,139,24,163,0.852760736196319,0.147239263803681,Yes,0.852760736196319
33047,33047,85.71,191,59,250,0.764,0.236,Yes,0.764
33048,33048,85.71,94,20,114,0.8245614035087719,0.17543859649122806,Yes,0.8245614035087719
33049,33049,99.00,148,43,191,0.774869109947644,0.225130890052356,Yes,0.774869109947644
33050,33050,99.00,5,3,8,0.625,0.375,Yes,0.625
33051,33051,99.00,103,31,134,0.7686567164179104,0.23134328358208955,Yes,0.7686567164179104
33052,33052,85.71,91,31,122,0.7459016393442623,0.2540983606557377,Yes,0.7459016393442623
33053,33053,85.71,95,22,117,0.811965811965812,0.18803418803418803,Yes,0.811965811965812
33054,33054,85.71,122,38,160,0.7625,0.2375,Yes,0.7625
33055,33055,85.71,92,33,125,0.736,0.264,Yes,0.736
33056,33056,57.14,151,47,198,0.7626262626262627,0.23737373737373738,Yes,0.7626262626262627
33057,33057,99.00,122,34,156,0.782051282051282,0.21794871794871795,Yes,0.782051282051282
33058,33058,99.00,115,46,161,0.7142857142857143,0.2857142857142857,Yes,0.7142857142857143
33059,33059,99.00,162,39,201,0.8059701492537313,0.19402985074626866,Yes,0.8059701492537313
33060,33060,99.00,126,37,163,0.7730061349693251,0.22699386503067484,Yes,0.7730061349693251
33061,33061,99.00,92,30,122,0.7540983606557377,0.2459016393442623,Yes,0.7540983606557377
33062,33062,99.00,132,30,162,0.8148148148148148,0.18518518518518517,Yes,0.8148148148148148
33063,33063,99.00,142,32,174,0.8160919540229885,0.1839080459770115,Yes,0.8160919540229885
33064,33064,99.00,157,39,196,0.8010204081632653,0.1989795918367347,Yes,0.8010204081632653
33065,33065,57.14,188,40,228,0.8245614035087719,0.17543859649122806,Yes,0.8245614035087719
33066,33066,57.14,170,45,215,0.7906976744186046,0.20930232558139536,Yes,0.7906976744186046
33067,33067,57.14,137,35,172,0.7965116279069767,0.20348837209302326,Yes,0.7965116279069767
33068,33068,99.00,142,34,176,0.8068181818181818,0.19318181818181818,Yes,0.8068181818181818
33069,33069,57.14,141,45,186,0.7580645161290323,0.24193548387096775,Yes,0.7580645161290323
33070,33070,99.00,161,45,206,0.7815533980582524,0.21844660194174756,Yes,0.7815533980582524
33071,33071,99.00,176,47,223,0.7892376681614349,0.21076233183856502,Yes,0.7892376681614349
33072,33072,99.00,100,36,136,0.7352941176470589,0.2647058823529412,Yes,0.7352941176470589
33073,33073,85.71,97,31,128,0.7578125,0.2421875,Yes,0.7578125
33074,33074,99.00,94,22,116,0.8103448275862069,0.1896551724137931,Yes,0.8103448275862069
33075,33075,99.00,90,49,139,0.6474820143884892,0.35251798561151076,Yes,0.6474820143884892
33076,33076,99.00,3,2,5,0.6,0.4,Yes,0.6
33077,33077,99.00,193,52,245,0.7877551020408163,0.21224489795918366,Yes,0.7877551020408163
33078,33078,99.00,122,28,150,0.8133333333333334,0.18666666666666668,Yes,0.8133333333333334
33079,33079,85.71,8,1,9,0.8888888888888888,0.1111111111111111,Yes,0.8888888888888888
34001,34001,99.00,68,23,91,0.7472527472527473,0.25274725274725274,Yes,0.7472527472527473
34002,34002,99.00,69,19,88,0.7840909090909091,0.2159090909090909,Yes,0.7840909090909091
34003,34003,99.00,54,7,61,0.8852459016393442,0.11475409836065574,Yes,0.8852459016393442
34004,34004,99.00,109,30,139,0.7841726618705036,0.2158273381294964,Yes,0.7841726618705036
34005,34005,99.00,52,11,63,0.8253968253968254,0.1746031746031746,Yes,0.8253968253968254
34006,34006,99.00,30,9,39,0.7692307692307693,0.23076923076923078,Yes,0.7692307692307693
34007,34007,99.00,5,0,5,1.0,0.0,Yes,1.0
34008,34008,99.00,133,30,163,0.8159509202453987,0.18404907975460122,Yes,0.8159509202453987
34009,34009,99.00,3,0,3,1.0,0.0,Yes,1.0
34010,34010,99.00,117,31,148,0.7905405405405406,0.20945945945945946,Yes,0.7905405405405406
34011,34011,99.00,145,32,177,0.8192090395480226,0.1807909604519774,Yes,0.8192090395480226
34012,34012,99.00,3,5,8,0.375,0.625,No,0.625
34013,34013,99.00,3,1,4,0.75,0.25,Yes,0.75
34014,34014,99.00,82,23,105,0.780952380952381,0.21904761904761905,Yes,0.780952380952381
34015,34015,99.00,141,24,165,0.8545454545454545,0.14545454545454545,Yes,0.8545454545454545
34016,34016,99.00,231,39,270,0.8555555555555555,0.14444444444444443,Yes,0.8555555555555555
34017,34017,99.00,15,3,18,0.8333333333333334,0.16666666666666666,Yes,0.8333333333333334
34018,34018,99.00,3,0,3,1.0,0.0,Yes,1.0
34019,34019,99.00,179,51,230,0.7782608695652173,0.2217391304347826,Yes,0.7782608695652173
34020,34020,99.00,164,37,201,0.8159203980099502,0.18407960199004975,Yes,0.8159203980099502
34021,34021,99.00,4,1,5,0.8,0.2,Yes,0.8
34022,34022,99.00,206,44,250,0.824,0.176,Yes,0.824
34023,34023,99.00,126,20,146,0.863013698630137,0.136986301369863,Yes,0.863013698630137
34024,34024,99.00,389,60,449,0.8663697104677061,0.133630289532294,Yes,0.8663697104677061
34025,34025,83.33,270,45,315,0.8571428571428571,0.14285714285714285,Yes,0.8571428571428571
34026,34026,83.33,122,21,143,0.8531468531468531,0.14685314685314685,Yes,0.8531468531468531
34027,34027,83.33,10,1,11,0.9090909090909091,0.09090909090909091,Yes,0.9090909090909091
34028,34028,99.00,157,29,186,0.8440860215053764,0.15591397849462366,Yes,0.8440860215053764
34029,34029,99.00,3,1,4,0.75,0.25,Yes,0.75
34030,34030,99.00,0,0,0,0,0,n/a,0
34031,34031,99.00,1,0,1,1.0,0.0,Yes,1.0
34032,34032,99.00,0,0,0,0,0,n/a,0
34033,34033,99.00,1,0,1,1.0,0.0,Yes,1.0
34034,34034,99.00,1,0,1,1.0,0.0,Yes,1.0
34035,34035,83.33,81,16,97,0.8350515463917526,0.16494845360824742,Yes,0.8350515463917526
34036,34036,83.33,87,17,104,0.8365384615384616,0.16346153846153846,Yes,0.8365384615384616
34037,34037,83.33,61,12,73,0.8356164383561644,0.1643835616438356,Yes,0.8356164383561644
34038,34038,99.00,141,35,176,0.8011363636363636,0.19886363636363635,Yes,0.8011363636363636
34039,34039,99.00,117,34,151,0.7748344370860927,0.2251655629139073,Yes,0.7748344370860927
34040,34040,99.00,65,44,109,0.5963302752293578,0.4036697247706422,Yes,0.5963302752293578
34041,34041,99.00,59,44,103,0.5728155339805825,0.42718446601941745,Yes,0.5728155339805825
34042,34042,99.00,2,1,3,0.6666666666666666,0.3333333333333333,Yes,0.6666666666666666
34043,34043,99.00,1,0,1,1.0,0.0,Yes,1.0
34044,34044,99.00,0,2,2,0.0,1.0,No,1.0
34045,34045,99.00,203,36,239,0.8493723849372385,0.1506276150627615,Yes,0.8493723849372385
34046,34046,99.00,79,13,92,0.8586956521739131,0.14130434782608695,Yes,0.8586956521739131
34047,34047,99.00,0,0,0,0,0,n/a,0
34048,34048,99.00,2,2,4,0.5,0.5,Tie,0.5
34049,34049,99.00,144,41,185,0.7783783783783784,0.22162162162162163,Yes,0.7783783783783784
34050,34050,99.00,3,0,3,1.0,0.0,Yes,1.0
34051,34051,99.00,98,27,125,0.784,0.216,Yes,0.784
34052,34052,99.00,153,30,183,0.8360655737704918,0.16393442622950818,Yes,0.8360655737704918
34053,34053,99.00,0,0,0,0,0,n/a,0
34054,34054,99.00,0,0,0,0,0,n/a,0
34055,34055,99.00,0,0,0,0,0,n/a,0
34056,34056,99.00,0,0,0,0,0,n/a,0
34057,34057,99.00,0,0,0,0,0,n/a,0
34058,34058,99.00,0,0,0,0,0,n/a,0
34059,34059,99.00,0,0,0,0,0,n/a,0
34060,34060,99.00,158,30,188,0.8404255319148937,0.1595744680851064,Yes,0.8404255319148937
34061,34061,99.00,75,38,113,0.6637168141592921,0.336283185840708,Yes,0.6637168141592921
34062,34062,99.00,2,0,2,1.0,0.0,Yes,1.0
34063,34063,83.33,244,28,272,0.8970588235294118,0.10294117647058823,Yes,0.8970588235294118
34064,34064,99.00,0,0,0,0,0,n/a,0
34065,34065,99.00,144,35,179,0.8044692737430168,0.19553072625698323,Yes,0.8044692737430168
34066,34066,99.00,179,49,228,0.7850877192982456,0.2149122807017544,Yes,0.7850877192982456
34067,34067,99.00,67,31,98,0.6836734693877551,0.3163265306122449,Yes,0.6836734693877551
34068,34068,99.00,11,0,11,1.0,0.0,Yes,1.0
34069,34069,99.00,169,28,197,0.8578680203045685,0.14213197969543148,Yes,0.8578680203045685
34070,34070,99.00,1,0,1,1.0,0.0,Yes,1.0
34071,34071,99.00,0,0,0,0,0,n/a,0
34072,34072,99.00,282,78,360,0.7833333333333333,0.21666666666666667,Yes,0.7833333333333333
34073,34073,99.00,3,0,3,1.0,0.0,Yes,1.0
35001,35001,99.00,0,0,0,0,0,n/a,0
35002,35002,99.00,58,34,92,0.6304347826086957,0.3695652173913043,Yes,0.6304347826086957
35003,35003,99.00,121,46,167,0.7245508982035929,0.2754491017964072,Yes,0.7245508982035929
35004,35004,99.00,93,21,114,0.8157894736842105,0.18421052631578946,Yes,0.8157894736842105
35005,35005,99.00,86,34,120,0.7166666666666667,0.2833333333333333,Yes,0.7166666666666667
35006,35006,0.00,3,2,5,0.6,0.4,Yes,0.6
35007,35007,99.00,125,27,152,0.8223684210526315,0.17763157894736842,Yes,0.8223684210526315
35008,35008,99.00,3,0,3,1.0,0.0,Yes,1.0
35009,35009,99.00,129,40,169,0.7633136094674556,0.23668639053254437,Yes,0.7633136094674556
35010,35010,99.00,2,0,2,1.0,0.0,Yes,1.0
35011,35011,99.00,65,6,71,0.9154929577464789,0.08450704225352113,Yes,0.9154929577464789
35012,35012,99.00,156,32,188,0.8297872340425532,0.1702127659574468,Yes,0.8297872340425532
35013,35013,99.00,48,26,74,0.6486486486486487,0.35135135135135137,Yes,0.6486486486486487
35014,35014,99.00,1,2,3,0.3333333333333333,0.6666666666666666,No,0.6666666666666666
35015,35015,99.00,99,18,117,0.8461538461538461,0.15384615384615385,Yes,0.8461538461538461
35016,35016,99.00,82,23,105,0.780952380952381,0.21904761904761905,Yes,0.780952380952381
35017,35017,99.00,96,26,122,0.7868852459016393,0.21311475409836064,Yes,0.7868852459016393
35018,35018,99.00,151,26,177,0.8531073446327684,0.14689265536723164,Yes,0.8531073446327684
35019,35019,99.00,3,0,3,1.0,0.0,Yes,1.0
35020,35020,55.56,151,37,188,0.8031914893617021,0.19680851063829788,Yes,0.8031914893617021
35021,35021,99.00,93,32,125,0.744,0.256,Yes,0.744
35022,35022,99.00,101,17,118,0.8559322033898306,0.1440677966101695,Yes,0.8559322033898306
35023,35023,99.00,2,0,2,1.0,0.0,Yes,1.0
35024,35024,99.00,149,54,203,0.7339901477832512,0.2660098522167488,Yes,0.7339901477832512
35025,35025,99.00,119,17,136,0.875,0.125,Yes,0.875
35026,35026,99.00,2,1,3,0.6666666666666666,0.3333333333333333,Yes,0.6666666666666666
35027,35027,99.00,149,44,193,0.772020725388601,0.22797927461139897,Yes,0.772020725388601
35028,35028,99.00,36,14,50,0.72,0.28,Yes,0.72
35029,35029,99.00,0,0,0,0,0,n/a,0
35030,35030,99.00,0,0,0,0,0,n/a,0
35031,35031,99.00,0,0,0,0,0,n/a,0
35032,35032,99.00,79,21,100,0.79,0.21,Yes,0.79
35033,35033,0.00,2,2,4,0.5,0.5,Tie,0.5
35034,35034,99.00,0,0,0,0,0,n/a,0
35035,35035,99.00,1,1,2,0.5,0.5,Tie,0.5
35036,35036,99.00,0,0,0,0,0,n/a,0
35037,35037,99.00,55,19,74,0.7432432432432432,0.25675675675675674,Yes,0.7432432432432432
35038,35038,99.00,118,39,157,0.7515923566878981,0.2484076433121019,Yes,0.7515923566878981
35039,35039,99.00,48,17,65,0.7384615384615385,0.26153846153846155,Yes,0.7384615384615385
35040,35040,99.00,0,0,0,0,0,n/a,0
35041,35041,99.00,98,26,124,0.7903225806451613,0.20967741935483872,Yes,0.7903225806451613
35042,35042,99.00,71,18,89,0.797752808988764,0.20224719101123595,Yes,0.797752808988764
35043,35043,99.00,74,11,85,0.8705882352941177,0.12941176470588237,Yes,0.8705882352941177
35044,35044,99.00,67,18,85,0.788235294117647,0.21176470588235294,Yes,0.788235294117647
35045,35045,99.00,6,2,8,0.75,0.25,Yes,0.75
35046,35046,55.56,71,23,94,0.7553191489361702,0.24468085106382978,Yes,0.7553191489361702
35047,35047,55.56,103,26,129,0.7984496124031008,0.20155038759689922,Yes,0.7984496124031008
35048,35048,55.56,106,38,144,0.7361111111111112,0.2638888888888889,Yes,0.7361111111111112
35049,35049,99.00,2,1,3,0.6666666666666666,0.3333333333333333,Yes,0.6666666666666666
35050,35050,99.00,103,28,131,0.7862595419847328,0.21374045801526717,Yes,0.7862595419847328
35051,35051,99.00,80,25,105,0.7619047619047619,0.23809523809523808,Yes,0.7619047619047619
35052,35052,55.56,85,23,108,0.7870370370370371,0.21296296296296297,Yes,0.7870370370370371
35053,35053,55.56,99,29,128,0.7734375,0.2265625,Yes,0.7734375
35054,35054,99.00,0,0,0,0,0,n/a,0
35055,35055,99.00,0,0,0,0,0,n/a,0
35056,35056,55.56,0,0,0,0,0,n/a,0
35057,35057,99.00,0,0,0,0,0,n/a,0
35058,35058,99.00,0,0,0,0,0,n/a,0
35059,35059,99.00,0,0,0,0,0,n/a,0
35060,35060,55.56,0,0,0,0,0,n/a,0
35061,35061,99.00,0,0,0,0,0,n/a,0
35062,35062,99.00,0,0,0,0,0,n/a,0
35063,35063,99.00,66,12,78,0.8461538461538461,0.15384615384615385,Yes,0.8461538461538461
35064,35064,99.00,5,0,5,1.0,0.0,Yes,1.0
35065,35065,99.00,56,20,76,0.7368421052631579,0.2631578947368421,Yes,0.7368421052631579
35066,35066,99.00,10,2,12,0.8333333333333334,0.16666666666666666,Yes,0.8333333333333334
36001,36001,99.00,327,70,397,0.8236775818639799,0.17632241813602015,Yes,0.8236775818639799
36002,36002,99.00,249,62,311,0.8006430868167203,0.19935691318327975,Yes,0.8006430868167203
36003,36003,99.00,19,7,26,0.7307692307692307,0.2692307692307692,Yes,0.7307692307692307
36004,36004,99.00,263,41,304,0.8651315789473685,0.13486842105263158,Yes,0.8651315789473685
36005,36005,99.00,60,6,66,0.9090909090909091,0.09090909090909091,Yes,0.9090909090909091
36006,36006,99.00,249,45,294,0.8469387755102041,0.15306122448979592,Yes,0.8469387755102041
36007,36007,99.00,24,0,24,1.0,0.0,Yes,1.0
36008,36008,99.00,325,54,379,0.8575197889182058,0.1424802110817942,Yes,0.8575197889182058
36009,36009,99.00,189,38,227,0.8325991189427313,0.16740088105726872,Yes,0.8325991189427313
36010,36010,99.00,135,20,155,0.8709677419354839,0.12903225806451613,Yes,0.8709677419354839
36011,36011,80.00,101,24,125,0.808,0.192,Yes,0.808
36012,36012,80.00,150,21,171,0.8771929824561403,0.12280701754385964,Yes,0.8771929824561403
36013,36013,99.00,14,0,14,1.0,0.0,Yes,1.0
36014,36014,80.00,132,28,160,0.825,0.175,Yes,0.825
36015,36015,80.00,143,25,168,0.8511904761904762,0.1488095238095238,Yes,0.8511904761904762
36016,36016,99.00,262,52,314,0.8343949044585988,0.16560509554140126,Yes,0.8343949044585988
36017,36017,99.00,6,2,8,0.75,0.25,Yes,0.75
36018,36018,99.00,316,48,364,0.8681318681318682,0.13186813186813187,Yes,0.8681318681318682
36019,36019,99.00,170,23,193,0.8808290155440415,0.11917098445595854,Yes,0.8808290155440415
36020,36020,99.00,30,10,40,0.75,0.25,Yes,0.75
36021,36021,99.00,181,18,199,0.9095477386934674,0.09045226130653267,Yes,0.9095477386934674
36022,36022,99.00,253,49,302,0.8377483443708609,0.16225165562913907,Yes,0.8377483443708609
36023,36023,99.00,16,4,20,0.8,0.2,Yes,0.8
36024,36024,99.00,15,2,17,0.8823529411764706,0.11764705882352941,Yes,0.8823529411764706
36025,36025,99.00,204,46,250,0.816,0.184,Yes,0.816
36026,36026,99.00,29,3,32,0.90625,0.09375,Yes,0.90625
36027,36027,99.00,160,24,184,0.8695652173913043,0.13043478260869565,Yes,0.8695652173913043
36028,36028,99.00,244,33,277,0.8808664259927798,0.11913357400722022,Yes,0.8808664259927798
36029,36029,99.00,5,4,9,0.5555555555555556,0.4444444444444444,Yes,0.5555555555555556
36030,36030,99.00,217,44,261,0.8314176245210728,0.1685823754789272,Yes,0.8314176245210728
36031,36031,99.00,153,35,188,0.8138297872340425,0.18617021276595744,Yes,0.8138297872340425
36032,36032,99.00,207,62,269,0.7695167286245354,0.23048327137546468,Yes,0.7695167286245354
36033,36033,99.00,8,3,11,0.7272727272727273,0.2727272727272727,Yes,0.7272727272727273
36034,36034,99.00,263,56,319,0.8244514106583072,0.1755485893416928,Yes,0.8244514106583072
36035,36035,99.00,5,4,9,0.5555555555555556,0.4444444444444444,Yes,0.5555555555555556
36036,36036,99.00,338,64,402,0.8407960199004975,0.15920398009950248,Yes,0.8407960199004975
36037,36037,99.00,272,44,316,0.8607594936708861,0.13924050632911392,Yes,0.8607594936708861
36038,36038,99.00,286,63,349,0.8194842406876791,0.18051575931232092,Yes,0.8194842406876791
36039,36039,99.00,17,1,18,0.9444444444444444,0.05555555555555555,Yes,0.9444444444444444
36040,36040,99.00,203,35,238,0.8529411764705882,0.14705882352941177,Yes,0.8529411764705882
36041,36041,99.00,197,50,247,0.7975708502024291,0.20242914979757085,Yes,0.7975708502024291
36042,36042,99.00,256,56,312,0.8205128205128205,0.1794871794871795,Yes,0.8205128205128205
36043,36043,99.00,3,1,4,0.75,0.25,Yes,0.75
36044,36044,99.00,0,0,0,0,0,n/a,0
36045,36045,80.00,133,29,162,0.8209876543209876,0.17901234567901234,Yes,0.8209876543209876
36046,36046,99.00,164,54,218,0.7522935779816514,0.24770642201834864,Yes,0.7522935779816514
36047,36047,99.00,4,4,8,0.5,0.5,Tie,0.5
36048,36048,99.00,151,76,227,0.6651982378854625,0.33480176211453744,Yes,0.6651982378854625
36049,36049,99.00,222,35,257,0.8638132295719845,0.13618677042801555,Yes,0.8638132295719845
36050,36050,99.00,1,0,1,1.0,0.0,Yes,1.0
36051,36051,99.00,0,1,1,0.0,1.0,No,1.0
36052,36052,99.00,177,40,217,0.815668202764977,0.18433179723502305,Yes,0.815668202764977
36053,36053,99.00,210,61,271,0.7749077490774908,0.22509225092250923,Yes,0.7749077490774908
36054,36054,99.00,122,54,176,0.6931818181818182,0.3068181818181818,Yes,0.6931818181818182
36055,36055,99.00,155,43,198,0.7828282828282829,0.21717171717171718,Yes,0.7828282828282829
36056,36056,99.00,215,26,241,0.8921161825726142,0.1078838174273859,Yes,0.8921161825726142
36057,36057,99.00,10,2,12,0.8333333333333334,0.16666666666666666,Yes,0.8333333333333334
36058,36058,99.00,10,1,11,0.9090909090909091,0.09090909090909091,Yes,0.9090909090909091
36059,36059,99.00,271,65,336,0.8065476190476191,0.19345238095238096,Yes,0.8065476190476191
36060,36060,99.00,7,0,7,1.0,0.0,Yes,1.0
36061,36061,99.00,130,31,161,0.8074534161490683,0.19254658385093168,Yes,0.8074534161490683
36062,36062,99.00,4,1,5,0.8,0.2,Yes,0.8
36063,36063,99.00,170,37,207,0.821256038647343,0.178743961352657,Yes,0.821256038647343
36064,36064,99.00,233,35,268,0.8694029850746269,0.13059701492537312,Yes,0.8694029850746269
36065,36065,99.00,8,0,8,1.0,0.0,Yes,1.0
36066,36066,99.00,208,28,236,0.8813559322033898,0.11864406779661017,Yes,0.8813559322033898
36067,36067,99.00,11,0,11,1.0,0.0,Yes,1.0
36068,36068,99.00,0,0,0,0,0,n/a,0
36069,36069,99.00,0,0,0,0,0,n/a,0
36070,36070,99.00,0,0,0,0,0,n/a,0
36071,36071,99.00,0,0,0,0,0,n/a,0
36072,36072,99.00,190,17,207,0.9178743961352657,0.0821256038647343,Yes,0.9178743961352657
36073,36073,99.00,325,42,367,0.885558583106267,0.11444141689373297,Yes,0.885558583106267
36074,36074,99.00,6,1,7,0.8571428571428571,0.14285714285714285,Yes,0.8571428571428571
36075,36075,99.00,18,5,23,0.782608695652174,0.21739130434782608,Yes,0.782608695652174
36076,36076,99.00,162,26,188,0.8617021276595744,0.13829787234042554,Yes,0.8617021276595744
36077,36077,99.00,292,43,335,0.8716417910447761,0.12835820895522387,Yes,0.8716417910447761
36078,36078,99.00,9,0,9,1.0,0.0,Yes,1.0
36079,36079,99.00,8,0,8,1.0,0.0,Yes,1.0
36080,36080,99.00,6,0,6,1.0,0.0,Yes,1.0
36081,36081,99.00,274,55,329,0.8328267477203647,0.16717325227963525,Yes,0.8328267477203647
36082,36082,99.00,14,7,21,0.6666666666666666,0.3333333333333333,Yes,0.6666666666666666
36083,36083,99.00,1,0,1,1.0,0.0,Yes,1.0
37001,37001,99.00,114,30,144,0.7916666666666666,0.20833333333333334,Yes,0.7916666666666666
37002,37002,99.00,76,33,109,0.6972477064220184,0.30275229357798167,Yes,0.6972477064220184
37003,37003,99.00,92,22,114,0.8070175438596491,0.19298245614035087,Yes,0.8070175438596491
37004,37004,99.00,101,32,133,0.7593984962406015,0.24060150375939848,Yes,0.7593984962406015
37005,37005,80.00,126,15,141,0.8936170212765957,0.10638297872340426,Yes,0.8936170212765957
37006,37006,99.00,74,24,98,0.7551020408163265,0.24489795918367346,Yes,0.7551020408163265
37007,37007,50.00,43,14,57,0.7543859649122807,0.24561403508771928,Yes,0.7543859649122807
37008,37008,50.00,7,3,10,0.7,0.3,Yes,0.7
37009,37009,50.00,23,6,29,0.7931034482758621,0.20689655172413793,Yes,0.7931034482758621
37010,37010,99.00,7,3,10,0.7,0.3,Yes,0.7
37011,37011,99.00,186,24,210,0.8857142857142857,0.11428571428571428,Yes,0.8857142857142857
37012,37012,99.00,127,33,160,0.79375,0.20625,Yes,0.79375
37013,37013,99.00,0,1,1,0.0,1.0,No,1.0
37014,37014,99.00,135,39,174,0.7758620689655172,0.22413793103448276,Yes,0.7758620689655172
37015,37015,99.00,3,0,3,1.0,0.0,Yes,1.0
37016,37016,99.00,130,38,168,0.7738095238095238,0.2261904761904762,Yes,0.7738095238095238
37017,37017,99.00,1,0,1,1.0,0.0,Yes,1.0
37018,37018,99.00,155,18,173,0.8959537572254336,0.10404624277456648,Yes,0.8959537572254336
37019,37019,99.00,133,25,158,0.8417721518987342,0.15822784810126583,Yes,0.8417721518987342
37020,37020,99.00,10,2,12,0.8333333333333334,0.16666666666666666,Yes,0.8333333333333334
37021,37021,99.00,355,54,409,0.8679706601466992,0.13202933985330073,Yes,0.8679706601466992
37022,37022,99.00,246,36,282,0.8723404255319149,0.1276595744680851,Yes,0.8723404255319149
37023,37023,99.00,218,38,256,0.8515625,0.1484375,Yes,0.8515625
37024,37024,99.00,316,49,365,0.8657534246575342,0.13424657534246576,Yes,0.8657534246575342
37025,37025,99.00,3,0,3,1.0,0.0,Yes,1.0
37026,37026,99.00,0,0,0,0,0,n/a,0
37027,37027,80.00,233,47,280,0.8321428571428572,0.16785714285714284,Yes,0.8321428571428572
37028,37028,80.00,193,23,216,0.8935185185185185,0.10648148148148148,Yes,0.8935185185185185
37029,37029,80.00,157,25,182,0.8626373626373627,0.13736263736263737,Yes,0.8626373626373627
37030,37030,80.00,127,16,143,0.8881118881118881,0.11188811188811189,Yes,0.8881118881118881
37031,37031,99.00,9,0,9,1.0,0.0,Yes,1.0
37032,37032,99.00,267,50,317,0.8422712933753943,0.15772870662460567,Yes,0.8422712933753943
37033,37033,99.00,12,2,14,0.8571428571428571,0.14285714285714285,Yes,0.8571428571428571
37034,37034,99.00,85,19,104,0.8173076923076923,0.18269230769230768,Yes,0.8173076923076923
37035,37035,99.00,106,26,132,0.803030303030303,0.19696969696969696,Yes,0.803030303030303
37036,37036,99.00,177,35,212,0.8349056603773585,0.1650943396226415,Yes,0.8349056603773585
37037,37037,99.00,183,30,213,0.8591549295774648,0.14084507042253522,Yes,0.8591549295774648
37038,37038,99.00,155,29,184,0.842391304347826,0.15760869565217392,Yes,0.842391304347826
37039,37039,99.00,281,61,342,0.8216374269005848,0.1783625730994152,Yes,0.8216374269005848
37040,37040,99.00,0,0,0,0,0,n/a,0
37041,37041,99.00,1,0,1,1.0,0.0,Yes,1.0
37042,37042,99.00,112,34,146,0.7671232876712328,0.2328767123287671,Yes,0.7671232876712328
37043,37043,99.00,1,0,1,1.0,0.0,Yes,1.0
37044,37044,99.00,8,0,8,1.0,0.0,Yes,1.0
37045,37045,99.00,91,45,136,0.6691176470588235,0.33088235294117646,Yes,0.6691176470588235
37046,37046,99.00,83,25,108,0.7685185185185185,0.23148148148148148,Yes,0.7685185185185185
37047,37047,99.00,86,26,112,0.7678571428571429,0.23214285714285715,Yes,0.7678571428571429
37048,37048,99.00,181,56,237,0.7637130801687764,0.23628691983122363,Yes,0.7637130801687764
37049,37049,99.00,124,32,156,0.7948717948717948,0.20512820512820512,Yes,0.7948717948717948
37050,37050,99.00,101,20,121,0.8347107438016529,0.1652892561983471,Yes,0.8347107438016529
37051,37051,99.00,0,0,0,0,0,n/a,0
37052,37052,99.00,117,29,146,0.8013698630136986,0.19863013698630136,Yes,0.8013698630136986
37053,37053,99.00,1,0,1,1.0,0.0,Yes,1.0
37054,37054,99.00,134,38,172,0.7790697674418605,0.22093023255813954,Yes,0.7790697674418605
37055,37055,99.00,1,0,1,1.0,0.0,Yes,1.0
37056,37056,99.00,189,35,224,0.84375,0.15625,Yes,0.84375
37057,37057,99.00,4,1,5,0.8,0.2,Yes,0.8
37058,37058,99.00,137,23,160,0.85625,0.14375,Yes,0.85625
37059,37059,99.00,128,22,150,0.8533333333333334,0.14666666666666667,Yes,0.8533333333333334
37060,37060,99.00,0,0,0,0,0,n/a,0
37061,37061,99.00,6,1,7,0.8571428571428571,0.14285714285714285,Yes,0.8571428571428571
37062,37062,99.00,76,33,109,0.6972477064220184,0.30275229357798167,Yes,0.6972477064220184
37063,37063,99.00,7,2,9,0.7777777777777778,0.2222222222222222,Yes,0.7777777777777778
37064,37064,99.00,20,2,22,0.9090909090909091,0.09090909090909091,Yes,0.9090909090909091
37065,37065,99.00,341,72,413,0.8256658595641646,0.17433414043583534,Yes,0.8256658595641646
37066,37066,99.00,0,0,0,0,0,n/a,0
37067,37067,99.00,1,0,1,1.0,0.0,Yes,1.0
37068,37068,99.00,142,39,181,0.7845303867403315,0.2154696132596685,Yes,0.7845303867403315
37069,37069,99.00,0,0,0,0,0,n/a,0
37070,37070,99.00,0,0,0,0,0,n/a,0
37071,37071,99.00,0,0,0,0,0,n/a,0
37072,37072,99.00,0,0,0,0,0,n/a,0
37073,37073,99.00,0,0,0,0,0,n/a,0
37074,37074,99.00,0,0,0,0,0,n/a,0
37075,37075,99.00,165,29,194,0.8505154639175257,0.14948453608247422,Yes,0.8505154639175257
37076,37076,99.00,9,1,10,0.9,0.1,Yes,0.9
37077,37077,99.00,136,31,167,0.8143712574850299,0.18562874251497005,Yes,0.8143712574850299
37078,37078,99.00,206,44,250,0.824,0.176,Yes,0.824
37079,37079,99.00,181,30,211,0.8578199052132701,0.14218009478672985,Yes,0.8578199052132701
37080,37080,99.00,160,24,184,0.8695652173913043,0.13043478260869565,Yes,0.8695652173913043
37081,37081,99.00,194,41,235,0.825531914893617,0.17446808510638298,Yes,0.825531914893617
37082,37082,80.00,139,28,167,0.8323353293413174,0.16766467065868262,Yes,0.8323353293413174
37083,37083,99.00,194,35,229,0.8471615720524017,0.15283842794759825,Yes,0.8471615720524017
37084,37084,99.00,80,25,105,0.7619047619047619,0.23809523809523808,Yes,0.7619047619047619
37085,37085,99.00,10,1,11,0.9090909090909091,0.09090909090909091,Yes,0.9090909090909091
37086,37086,99.00,3,0,3,1.0,0.0,Yes,1.0
37087,37087,99.00,220,48,268,0.8208955223880597,0.1791044776119403,Yes,0.8208955223880597
37088,37088,99.00,10,1,11,0.9090909090909091,0.09090909090909091,Yes,0.9090909090909091
38001,38001,99.00,71,13,84,0.8452380952380952,0.15476190476190477,Yes,0.8452380952380952
38002,38002,99.00,4,2,6,0.6666666666666666,0.3333333333333333,Yes,0.6666666666666666
38003,38003,99.00,90,11,101,0.8910891089108911,0.10891089108910891,Yes,0.8910891089108911
38004,38004,99.00,151,13,164,0.9207317073170732,0.07926829268292683,Yes,0.9207317073170732
38005,38005,99.00,100,19,119,0.8403361344537815,0.15966386554621848,Yes,0.8403361344537815
38006,38006,99.00,116,18,134,0.8656716417910447,0.13432835820895522,Yes,0.8656716417910447
38007,38007,99.00,79,14,93,0.8494623655913979,0.15053763440860216,Yes,0.8494623655913979
38008,38008,99.00,173,58,231,0.7489177489177489,0.2510822510822511,Yes,0.7489177489177489
38009,38009,99.00,76,38,114,0.6666666666666666,0.3333333333333333,Yes,0.6666666666666666
38010,38010,99.00,5,3,8,0.625,0.375,Yes,0.625
38011,38011,99.00,147,64,211,0.6966824644549763,0.3033175355450237,Yes,0.6966824644549763
38012,38012,99.00,1,1,2,0.5,0.5,Tie,0.5
38013,38013,99.00,6,0,6,1.0,0.0,Yes,1.0
38014,38014,99.00,162,68,230,0.7043478260869566,0.2956521739130435,Yes,0.7043478260869566
38015,38015,99.00,5,1,6,0.8333333333333334,0.16666666666666666,Yes,0.8333333333333334
38016,38016,99.00,95,64,159,0.5974842767295597,0.4025157232704403,Yes,0.5974842767295597
38017,38017,99.00,87,61,148,0.5878378378378378,0.41216216216216217,Yes,0.5878378378378378
38018,38018,99.00,83,48,131,0.6335877862595419,0.366412213740458,Yes,0.6335877862595419
38019,38019,99.00,7,2,9,0.7777777777777778,0.2222222222222222,Yes,0.7777777777777778
38020,38020,99.00,4,0,4,1.0,0.0,Yes,1.0
38021,38021,60.00,0,0,0,0,0,n/a,0
38022,38022,99.00,155,79,234,0.6623931623931624,0.33760683760683763,Yes,0.6623931623931624
38023,38023,60.00,139,45,184,0.7554347826086957,0.24456521739130435,Yes,0.7554347826086957
38024,38024,60.00,85,24,109,0.7798165137614679,0.22018348623853212,Yes,0.7798165137614679
38025,38025,60.00,0,1,1,0.0,1.0,No,1.0
38026,38026,99.00,84,31,115,0.7304347826086957,0.26956521739130435,Yes,0.7304347826086957
38027,38027,99.00,107,25,132,0.8106060606060606,0.1893939393939394,Yes,0.8106060606060606
38028,38028,99.00,119,76,195,0.6102564102564103,0.38974358974358975,Yes,0.6102564102564103
38029,38029,99.00,1,0,1,1.0,0.0,Yes,1.0
38030,38030,99.00,59,14,73,0.8082191780821918,0.1917808219178082,Yes,0.8082191780821918
38031,38031,99.00,95,32,127,0.7480314960629921,0.25196850393700787,Yes,0.7480314960629921
38032,38032,99.00,122,27,149,0.8187919463087249,0.18120805369127516,Yes,0.8187919463087249
38033,38033,99.00,85,33,118,0.7203389830508474,0.2796610169491525,Yes,0.7203389830508474
38034,38034,0.00,1,0,1,1.0,0.0,Yes,1.0
38035,38035,99.00,0,0,0,0,0,n/a,0
38036,38036,99.00,3,0,3,1.0,0.0,Yes,1.0
38037,38037,99.00,78,31,109,0.7155963302752294,0.28440366972477066,Yes,0.7155963302752294
38038,38038,99.00,55,23,78,0.7051282051282052,0.2948717948717949,Yes,0.7051282051282052
38039,38039,99.00,6,0,6,1.0,0.0,Yes,1.0
38040,38040,99.00,57,13,70,0.8142857142857143,0.18571428571428572,Yes,0.8142857142857143
38041,38041,99.00,85,20,105,0.8095238095238095,0.19047619047619047,Yes,0.8095238095238095
38042,38042,99.00,66,22,88,0.75,0.25,Yes,0.75
38043,38043,99.00,74,22,96,0.7708333333333334,0.22916666666666666,Yes,0.7708333333333334
38044,38044,99.00,4,1,5,0.8,0.2,Yes,0.8
38045,38045,99.00,2,0,2,1.0,0.0,Yes,1.0
38046,38046,99.00,4,2,6,0.6666666666666666,0.3333333333333333,Yes,0.6666666666666666
38047,38047,99.00,132,40,172,0.7674418604651163,0.23255813953488372,Yes,0.7674418604651163
38048,38048,0.00,1,0,1,1.0,0.0,Yes,1.0
38049,38049,0.00,4,0,4,1.0,0.0,Yes,1.0
38050,38050,99.00,4,0,4,1.0,0.0,Yes,1.0
38051,38051,60.00,141,36,177,0.7966101694915254,0.2033898305084746,Yes,0.7966101694915254
38052,38052,60.00,1,0,1,1.0,0.0,Yes,1.0
38053,38053,60.00,0,0,0,0,0,n/a,0
38054,38054,60.00,77,41,118,0.652542372881356,0.3474576271186441,Yes,0.652542372881356
38055,38055,99.00,74,35,109,0.6788990825688074,0.3211009174311927,Yes,0.6788990825688074
38056,38056,99.00,90,37,127,0.7086614173228346,0.29133858267716534,Yes,0.7086614173228346
38057,38057,99.00,96,32,128,0.75,0.25,Yes,0.75
38058,38058,99.00,96,28,124,0.7741935483870968,0.22580645161290322,Yes,0.7741935483870968
38059,38059,0.00,3,3,6,0.5,0.5,Tie,0.5
38060,38060,60.00,0,0,0,0,0,n/a,0
38061,38061,99.00,0,0,0,0,0,n/a,0
38062,38062,99.00,120,17,137,0.8759124087591241,0.12408759124087591,Yes,0.8759124087591241
38063,38063,99.00,61,19,80,0.7625,0.2375,Yes,0.7625
38064,38064,99.00,80,20,100,0.8,0.2,Yes,0.8
38065,38065,99.00,2,0,2,1.0,0.0,Yes,1.0
38066,38066,99.00,1,3,4,0.25,0.75,No,0.75
38067,38067,99.00,3,0,3,1.0,0.0,Yes,1.0
38068,38068,99.00,1,0,1,1.0,0.0,Yes,1.0
38069,38069,99.00,5,1,6,0.8333333333333334,0.16666666666666666,Yes,0.8333333333333334
38070,38070,99.00,56,14,70,0.8,0.2,Yes,0.8
38071,38071,0.00,2,0,2,1.0,0.0,Yes,1.0
39001,39001,99.00,102,38,140,0.7285714285714285,0.2714285714285714,Yes,0.7285714285714285
39002,39002,99.00,89,18,107,0.8317757009345794,0.16822429906542055,Yes,0.8317757009345794
39003,39003,99.00,110,36,146,0.7534246575342466,0.2465753424657534,Yes,0.7534246575342466
39004,39004,99.00,76,17,93,0.8172043010752689,0.1827956989247312,Yes,0.8172043010752689
39005,39005,99.00,81,35,116,0.6982758620689655,0.3017241379310345,Yes,0.6982758620689655
39006,39006,99.00,1,1,2,0.5,0.5,Tie,0.5
39007,39007,99.00,138,38,176,0.7840909090909091,0.2159090909090909,Yes,0.7840909090909091
39008,39008,99.00,0,0,0,0,0,n/a,0
39009,39009,99.00,74,18,92,0.8043478260869565,0.1956521739130435,Yes,0.8043478260869565
39010,39010,99.00,109,33,142,0.7676056338028169,0.2323943661971831,Yes,0.7676056338028169
39011,39011,99.00,52,18,70,0.7428571428571429,0.2571428571428571,Yes,0.7428571428571429
39012,39012,99.00,49,17,66,0.7424242424242424,0.25757575757575757,Yes,0.7424242424242424
39013,39013,99.00,75,18,93,0.8064516129032258,0.1935483870967742,Yes,0.8064516129032258
39014,39014,99.00,43,18,61,0.7049180327868853,0.29508196721311475,Yes,0.7049180327868853
39015,39015,20.00,26,3,29,0.896551724137931,0.10344827586206896,Yes,0.896551724137931
39016,39016,20.00,16,6,22,0.7272727272727273,0.2727272727272727,Yes,0.7272727272727273
39017,39017,20.00,18,4,22,0.8181818181818182,0.18181818181818182,Yes,0.8181818181818182
39018,39018,99.00,144,25,169,0.8520710059171598,0.14792899408284024,Yes,0.8520710059171598
39019,39019,99.00,270,45,315,0.8571428571428571,0.14285714285714285,Yes,0.8571428571428571
39020,39020,99.00,0,0,0,0,0,n/a,0
39021,39021,99.00,0,0,0,0,0,n/a,0
39022,39022,99.00,1,1,2,0.5,0.5,Tie,0.5
39023,39023,20.00,24,4,28,0.8571428571428571,0.14285714285714285,Yes,0.8571428571428571
39024,39024,99.00,56,24,80,0.7,0.3,Yes,0.7
39025,39025,99.00,53,27,80,0.6625,0.3375,Yes,0.6625
39026,39026,20.00,2,0,2,1.0,0.0,Yes,1.0
39027,39027,20.00,3,0,3,1.0,0.0,Yes,1.0
39028,39028,20.00,0,0,0,0,0,n/a,0
39029,39029,99.00,61,11,72,0.8472222222222222,0.1527777777777778,Yes,0.8472222222222222
39030,39030,99.00,116,25,141,0.8226950354609929,0.1773049645390071,Yes,0.8226950354609929
39031,39031,99.00,87,32,119,0.7310924369747899,0.2689075630252101,Yes,0.7310924369747899
39032,39032,99.00,0,0,0,0,0,n/a,0
39033,39033,99.00,5,0,5,1.0,0.0,Yes,1.0
39034,39034,99.00,75,8,83,0.9036144578313253,0.0963855421686747,Yes,0.9036144578313253
39035,39035,99.00,1,0,1,1.0,0.0,Yes,1.0
39036,39036,99.00,0,0,0,0,0,n/a,0
39037,39037,99.00,90,15,105,0.8571428571428571,0.14285714285714285,Yes,0.8571428571428571
39038,39038,99.00,3,0,3,1.0,0.0,Yes,1.0
39039,39039,99.00,0,0,0,0,0,n/a,0
39040,39040,99.00,0,0,0,0,0,n/a,0
39041,39041,99.00,3,0,3,1.0,0.0,Yes,1.0
39042,39042,99.00,0,0,0,0,0,n/a,0
39043,39043,99.00,146,28,174,0.8390804597701149,0.16091954022988506,Yes,0.8390804597701149
39044,39044,99.00,7,0,7,1.0,0.0,Yes,1.0
39045,39045,99.00,419,57,476,0.8802521008403361,0.11974789915966387,Yes,0.8802521008403361
39046,39046,99.00,7,0,7,1.0,0.0,Yes,1.0
39047,39047,99.00,212,31,243,0.8724279835390947,0.12757201646090535,Yes,0.8724279835390947
39048,39048,99.00,119,17,136,0.875,0.125,Yes,0.875
39049,39049,99.00,88,13,101,0.8712871287128713,0.12871287128712872,Yes,0.8712871287128713
39050,39050,99.00,1,0,1,1.0,0.0,Yes,1.0
39051,39051,99.00,206,35,241,0.8547717842323651,0.14522821576763487,Yes,0.8547717842323651
39052,39052,99.00,0,0,0,0,0,n/a,0
39053,39053,99.00,1,0,1,1.0,0.0,Yes,1.0
39054,39054,99.00,2,0,2,1.0,0.0,Yes,1.0
39055,39055,99.00,3,0,3,1.0,0.0,Yes,1.0
39056,39056,99.00,207,23,230,0.9,0.1,Yes,0.9
40001,40001,99.00,7,2,9,0.7777777777777778,0.2222222222222222,Yes,0.7777777777777778
40002,40002,99.00,136,86,222,0.6126126126126126,0.38738738738738737,Yes,0.6126126126126126
40003,40003,99.00,5,1,6,0.8333333333333334,0.16666666666666666,Yes,0.8333333333333334
40004,40004,99.00,168,131,299,0.5618729096989966,0.43812709030100333,Yes,0.5618729096989966
40005,40005,99.00,145,103,248,0.5846774193548387,0.4153225806451613,Yes,0.5846774193548387
40006,40006,99.00,109,77,186,0.5860215053763441,0.41397849462365593,Yes,0.5860215053763441
40007,40007,99.00,9,1,10,0.9,0.1,Yes,0.9
40008,40008,99.00,7,1,8,0.875,0.125,Yes,0.875
40009,40009,99.00,165,80,245,0.673469387755102,0.32653061224489793,Yes,0.673469387755102
40010,40010,99.00,0,0,0,0,0,n/a,0
40011,40011,99.00,2,0,2,1.0,0.0,Yes,1.0
40012,40012,99.00,0,0,0,0,0,n/a,0
40013,40013,99.00,161,82,243,0.6625514403292181,0.3374485596707819,Yes,0.6625514403292181
40014,40014,99.00,3,0,3,1.0,0.0,Yes,1.0
40015,40015,99.00,144,57,201,0.7164179104477612,0.2835820895522388,Yes,0.7164179104477612
40016,40016,99.00,172,54,226,0.7610619469026548,0.23893805309734514,Yes,0.7610619469026548
40017,40017,99.00,4,3,7,0.5714285714285714,0.42857142857142855,Yes,0.5714285714285714
40018,40018,99.00,1,0,1,1.0,0.0,Yes,1.0
40019,40019,99.00,80,15,95,0.8421052631578947,0.15789473684210525,Yes,0.8421052631578947
40020,40020,99.00,120,22,142,0.8450704225352113,0.15492957746478872,Yes,0.8450704225352113
40021,40021,99.00,77,30,107,0.719626168224299,0.2803738317757009,Yes,0.719626168224299
40022,40022,99.00,120,30,150,0.8,0.2,Yes,0.8
40023,40023,99.00,112,43,155,0.7225806451612903,0.27741935483870966,Yes,0.7225806451612903
40024,40024,99.00,4,0,4,1.0,0.0,Yes,1.0
40025,40025,99.00,75,15,90,0.8333333333333334,0.16666666666666666,Yes,0.8333333333333334
40026,40026,99.00,118,40,158,0.7468354430379747,0.25316455696202533,Yes,0.7468354430379747
40027,40027,99.00,107,39,146,0.7328767123287672,0.2671232876712329,Yes,0.7328767123287672
40028,40028,99.00,4,0,4,1.0,0.0,Yes,1.0
40029,40029,99.00,5,0,5,1.0,0.0,Yes,1.0
40030,40030,99.00,121,46,167,0.7245508982035929,0.2754491017964072,Yes,0.7245508982035929
40031,40031,99.00,115,29,144,0.7986111111111112,0.2013888888888889,Yes,0.7986111111111112
40032,40032,99.00,99,38,137,0.7226277372262774,0.2773722627737226,Yes,0.7226277372262774
40033,40033,99.00,13,1,14,0.9285714285714286,0.07142857142857142,Yes,0.9285714285714286
40034,40034,99.00,121,34,155,0.7806451612903226,0.21935483870967742,Yes,0.7806451612903226
40035,40035,99.00,80,13,93,0.8602150537634409,0.13978494623655913,Yes,0.8602150537634409
40036,40036,99.00,110,41,151,0.7284768211920529,0.271523178807947,Yes,0.7284768211920529
40037,40037,99.00,86,27,113,0.7610619469026548,0.23893805309734514,Yes,0.7610619469026548
40038,40038,99.00,3,3,6,0.5,0.5,Tie,0.5
40039,40039,99.00,104,23,127,0.8188976377952756,0.18110236220472442,Yes,0.8188976377952756
40040,40040,99.00,107,19,126,0.8492063492063492,0.15079365079365079,Yes,0.8492063492063492
40041,40041,99.00,0,2,2,0.0,1.0,No,1.0
40042,40042,99.00,5,0,5,1.0,0.0,Yes,1.0
40043,40043,99.00,50,17,67,0.746268656716418,0.2537313432835821,Yes,0.746268656716418
40044,40044,99.00,4,1,5,0.8,0.2,Yes,0.8
40045,40045,99.00,51,9,60,0.85,0.15,Yes,0.85
40046,40046,99.00,48,12,60,0.8,0.2,Yes,0.8
40047,40047,99.00,6,1,7,0.8571428571428571,0.14285714285714285,Yes,0.8571428571428571
40048,40048,99.00,177,59,236,0.75,0.25,Yes,0.75
40049,40049,99.00,2,0,2,1.0,0.0,Yes,1.0
40050,40050,99.00,118,24,142,0.8309859154929577,0.16901408450704225,Yes,0.8309859154929577
40051,40051,99.00,83,30,113,0.7345132743362832,0.26548672566371684,Yes,0.7345132743362832
40052,40052,99.00,1,0,1,1.0,0.0,Yes,1.0
40053,40053,99.00,2,1,3,0.6666666666666666,0.3333333333333333,Yes,0.6666666666666666
40054,40054,99.00,0,0,0,0,0,n/a,0
40055,40055,99.00,0,0,0,0,0,n/a,0
40056,40056,99.00,5,1,6,0.8333333333333334,0.16666666666666666,Yes,0.8333333333333334
40057,40057,99.00,89,31,120,0.7416666666666667,0.25833333333333336,Yes,0.7416666666666667
40058,40058,99.00,6,1,7,0.8571428571428571,0.14285714285714285,Yes,0.8571428571428571
40059,40059,99.00,1,0,1,1.0,0.0,Yes,1.0
40060,40060,99.00,59,20,79,0.7468354430379747,0.25316455696202533,Yes,0.7468354430379747
61001,61001,99.00,145,64,209,0.69377990430622,0.3062200956937799,Yes,0.69377990430622
61002,61002,99.00,197,38,235,0.8382978723404255,0.16170212765957448,Yes,0.8382978723404255
61003,61003,99.00,229,61,290,0.7896551724137931,0.2103448275862069,Yes,0.7896551724137931
61004,61004,99.00,217,62,279,0.7777777777777778,0.2222222222222222,Yes,0.7777777777777778
61005,61005,99.00,10,0,10,1.0,0.0,Yes,1.0
61006,61006,99.00,107,40,147,0.7278911564625851,0.272108843537415,Yes,0.7278911564625851
61007,61007,99.00,91,18,109,0.8348623853211009,0.1651376146788991,Yes,0.8348623853211009
61008,61008,99.00,141,41,182,0.7747252747252747,0.22527472527472528,Yes,0.7747252747252747
61009,61009,99.00,339,116,455,0.7450549450549451,0.2549450549450549,Yes,0.7450549450549451
61010,61010,99.00,133,39,172,0.7732558139534884,0.22674418604651161,Yes,0.7732558139534884
61011,61011,99.00,10,2,12,0.8333333333333334,0.16666666666666666,Yes,0.8333333333333334
61012,61012,99.00,264,126,390,0.676923076923077,0.3230769230769231,Yes,0.676923076923077
61013,61013,99.00,135,44,179,0.7541899441340782,0.24581005586592178,Yes,0.7541899441340782
61014,61014,99.00,148,72,220,0.6727272727272727,0.32727272727272727,Yes,0.6727272727272727
61015,61015,99.00,105,53,158,0.6645569620253164,0.33544303797468356,Yes,0.6645569620253164
61016,61016,99.00,81,39,120,0.675,0.325,Yes,0.675
61017,61017,75.00,101,28,129,0.7829457364341085,0.21705426356589147,Yes,0.7829457364341085
61018,61018,99.00,220,159,379,0.5804749340369393,0.41952506596306066,Yes,0.5804749340369393
61019,61019,75.00,132,60,192,0.6875,0.3125,Yes,0.6875
61020,61020,75.00,119,60,179,0.664804469273743,0.33519553072625696,Yes,0.664804469273743
61021,61021,99.00,126,28,154,0.8181818181818182,0.18181818181818182,Yes,0.8181818181818182
61022,61022,99.00,114,41,155,0.7354838709677419,0.2645161290322581,Yes,0.7354838709677419
61023,61023,99.00,98,40,138,0.7101449275362319,0.2898550724637681,Yes,0.7101449275362319
61024,61024,99.00,105,68,173,0.6069364161849711,0.3930635838150289,Yes,0.6069364161849711
61025,61025,99.00,107,46,153,0.6993464052287581,0.3006535947712418,Yes,0.6993464052287581
61026,61026,50.00,95,39,134,0.7089552238805971,0.291044776119403,Yes,0.7089552238805971
61027,61027,50.00,105,29,134,0.7835820895522388,0.21641791044776118,Yes,0.7835820895522388
61028,61028,99.00,163,65,228,0.7149122807017544,0.2850877192982456,Yes,0.7149122807017544
61029,61029,99.00,15,3,18,0.8333333333333334,0.16666666666666666,Yes,0.8333333333333334
61030,61030,99.00,105,51,156,0.6730769230769231,0.3269230769230769,Yes,0.6730769230769231
61031,61031,50.00,89,28,117,0.7606837606837606,0.23931623931623933,Yes,0.7606837606837606
61032,61032,50.00,87,16,103,0.8446601941747572,0.1553398058252427,Yes,0.8446601941747572
61033,61033,62.50,103,34,137,0.7518248175182481,0.24817518248175183,Yes,0.7518248175182481
61034,61034,99.00,243,201,444,0.5472972972972973,0.4527027027027027,Yes,0.5472972972972973
61035,61035,99.00,163,136,299,0.5451505016722408,0.45484949832775917,Yes,0.5451505016722408
61036,61036,99.00,10,3,13,0.7692307692307693,0.23076923076923078,Yes,0.7692307692307693
61037,61037,57.14,278,143,421,0.6603325415676959,0.33966745843230406,Yes,0.6603325415676959
61038,61038,57.14,179,133,312,0.5737179487179487,0.42628205128205127,Yes,0.5737179487179487
61039,61039,57.14,29,17,46,0.6304347826086957,0.3695652173913043,Yes,0.6304347826086957
61040,61040,57.14,250,170,420,0.5952380952380952,0.40476190476190477,Yes,0.5952380952380952
61041,61041,99.00,5,3,8,0.625,0.375,Yes,0.625
61042,61042,99.00,195,132,327,0.5963302752293578,0.4036697247706422,Yes,0.5963302752293578
61043,61043,99.00,231,203,434,0.532258064516129,0.46774193548387094,Yes,0.532258064516129
61044,61044,99.00,217,195,412,0.5266990291262136,0.4733009708737864,Yes,0.5266990291262136
61045,61045,99.00,3,2,5,0.6,0.4,Yes,0.6
61046,61046,99.00,3,0,3,1.0,0.0,Yes,1.0
61047,61047,99.00,2,0,2,1.0,0.0,Yes,1.0
61048,61048,99.00,210,208,418,0.5023923444976076,0.49760765550239233,Yes,0.5023923444976076
61049,61049,99.00,166,40,206,0.8058252427184466,0.1941747572815534,Yes,0.8058252427184466
61050,61050,99.00,142,49,191,0.743455497382199,0.25654450261780104,Yes,0.743455497382199
61051,61051,99.00,22,2,24,0.9166666666666666,0.08333333333333333,Yes,0.9166666666666666
61052,61052,99.00,147,50,197,0.7461928934010152,0.25380710659898476,Yes,0.7461928934010152
61053,61053,99.00,82,32,114,0.7192982456140351,0.2807017543859649,Yes,0.7192982456140351
61054,61054,99.00,69,14,83,0.8313253012048193,0.1686746987951807,Yes,0.8313253012048193
61055,61055,99.00,103,23,126,0.8174603174603174,0.18253968253968253,Yes,0.8174603174603174
61056,61056,99.00,82,32,114,0.7192982456140351,0.2807017543859649,Yes,0.7192982456140351
61057,61057,99.00,121,56,177,0.6836158192090396,0.3163841807909605,Yes,0.6836158192090396
61058,61058,62.50,146,28,174,0.8390804597701149,0.16091954022988506,Yes,0.8390804597701149
61059,61059,62.50,9,0,9,1.0,0.0,Yes,1.0
61060,61060,62.50,84,47,131,0.6412213740458015,0.35877862595419846,Yes,0.6412213740458015
61061,61061,62.50,69,22,91,0.7582417582417582,0.24175824175824176,Yes,0.7582417582417582
61062,61062,99.00,98,63,161,0.6086956521739131,0.391304347826087,Yes,0.6086956521739131
61063,61063,99.00,25,19,44,0.5681818181818182,0.4318181818181818,Yes,0.5681818181818182
61064,61064,99.00,8,1,9,0.8888888888888888,0.1111111111111111,Yes,0.8888888888888888
61065,61065,99.00,114,41,155,0.7354838709677419,0.2645161290322581,Yes,0.7354838709677419
61066,61066,99.00,140,54,194,0.7216494845360825,0.27835051546391754,Yes,0.7216494845360825
61067,61067,99.00,109,35,144,0.7569444444444444,0.24305555555555555,Yes,0.7569444444444444
61068,61068,99.00,99,37,136,0.7279411764705882,0.27205882352941174,Yes,0.7279411764705882
61069,61069,99.00,82,20,102,0.803921568627451,0.19607843137254902,Yes,0.803921568627451
61070,61070,99.00,73,25,98,0.7448979591836735,0.25510204081632654,Yes,0.7448979591836735
61071,61071,99.00,7,2,9,0.7777777777777778,0.2222222222222222,Yes,0.7777777777777778
61072,61072,57.14,23,10,33,0.696969696969697,0.30303030303030304,Yes,0.696969696969697
61073,61073,62.50,81,19,100,0.81,0.19,Yes,0.81
61074,61074,99.00,7,1,8,0.875,0.125,Yes,0.875
61075,61075,99.00,78,32,110,0.7090909090909091,0.2909090909090909,Yes,0.7090909090909091
61076,61076,99.00,125,56,181,0.6906077348066298,0.30939226519337015,Yes,0.6906077348066298
61077,61077,99.00,9,1,10,0.9,0.1,Yes,0.9
61078,61078,99.00,4,3,7,0.5714285714285714,0.42857142857142855,Yes,0.5714285714285714
61079,61079,99.00,0,0,0,0,0,n/a,0
62001,62001,99.00,90,105,195,0.46153846153846156,0.5384615384615384,No,0.5384615384615384
62002,62002,99.00,117,162,279,0.41935483870967744,0.5806451612903226,No,0.5806451612903226
62003,62003,57.14,137,122,259,0.528957528957529,0.47104247104247104,Yes,0.528957528957529
62004,62004,99.00,103,109,212,0.4858490566037736,0.5141509433962265,No,0.5141509433962265
62005,62005,57.14,93,78,171,0.543859649122807,0.45614035087719296,Yes,0.543859649122807
62006,62006,99.00,113,87,200,0.565,0.435,Yes,0.565
62007,62007,57.14,93,125,218,0.42660550458715596,0.573394495412844,No,0.573394495412844
62008,62008,0.00,10,6,16,0.625,0.375,Yes,0.625
62009,62009,50.00,26,16,42,0.6190476190476191,0.38095238095238093,Yes,0.6190476190476191
62010,62010,57.14,13,13,26,0.5,0.5,Tie,0.5
62011,62011,0.00,10,6,16,0.625,0.375,Yes,0.625
62012,62012,99.00,121,123,244,0.4959016393442623,0.5040983606557377,No,0.5040983606557377
62013,62013,99.00,130,142,272,0.47794117647058826,0.5220588235294118,No,0.5220588235294118
62014,62014,99.00,1,3,4,0.25,0.75,No,0.75
62015,62015,99.00,124,162,286,0.43356643356643354,0.5664335664335665,No,0.5664335664335665
62016,62016,99.00,141,141,282,0.5,0.5,Tie,0.5
62017,62017,99.00,4,3,7,0.5714285714285714,0.42857142857142855,Yes,0.5714285714285714
62018,62018,99.00,4,0,4,1.0,0.0,Yes,1.0
62019,62019,99.00,4,4,8,0.5,0.5,Tie,0.5
62020,62020,66.67,141,172,313,0.4504792332268371,0.549520766773163,No,0.549520766773163
62021,62021,66.67,131,141,272,0.48161764705882354,0.5183823529411765,No,0.5183823529411765
62022,62022,66.67,149,193,342,0.43567251461988304,0.564327485380117,No,0.564327485380117
62023,62023,66.67,9,14,23,0.391304347826087,0.6086956521739131,No,0.6086956521739131
62024,62024,66.67,17,4,21,0.8095238095238095,0.19047619047619047,Yes,0.8095238095238095
62025,62025,66.67,14,13,27,0.5185185185185185,0.48148148148148145,Yes,0.5185185185185185
62026,62026,99.00,106,66,172,0.6162790697674418,0.38372093023255816,Yes,0.6162790697674418
62027,62027,99.00,102,112,214,0.4766355140186916,0.5233644859813084,No,0.5233644859813084
62028,62028,99.00,75,92,167,0.4491017964071856,0.5508982035928144,No,0.5508982035928144
62029,62029,0.00,6,0,6,1.0,0.0,Yes,1.0
62030,62030,0.00,8,7,15,0.5333333333333333,0.4666666666666667,Yes,0.5333333333333333
62031,62031,0.00,14,11,25,0.56,0.44,Yes,0.56
62032,62032,99.00,76,94,170,0.4470588235294118,0.5529411764705883,No,0.5529411764705883
62033,62033,99.00,83,93,176,0.4715909090909091,0.5284090909090909,No,0.5284090909090909
62034,62034,99.00,80,102,182,0.43956043956043955,0.5604395604395604,No,0.5604395604395604
62035,62035,99.00,177,176,353,0.5014164305949008,0.4985835694050991,Yes,0.5014164305949008
62036,62036,99.00,5,12,17,0.29411764705882354,0.7058823529411765,No,0.7058823529411765
62037,62037,99.00,112,128,240,0.4666666666666667,0.5333333333333333,No,0.5333333333333333
62038,62038,99.00,138,125,263,0.5247148288973384,0.4752851711026616,Yes,0.5247148288973384
62039,62039,99.00,100,140,240,0.4166666666666667,0.5833333333333334,No,0.5833333333333334
62040,62040,99.00,91,101,192,0.4739583333333333,0.5260416666666666,No,0.5260416666666666
62041,62041,99.00,96,111,207,0.463768115942029,0.5362318840579711,No,0.5362318840579711
62042,62042,99.00,121,96,217,0.5576036866359447,0.4423963133640553,Yes,0.5576036866359447
62043,62043,99.00,107,102,209,0.5119617224880383,0.4880382775119617,Yes,0.5119617224880383
62044,62044,99.00,145,154,299,0.48494983277591974,0.5150501672240803,No,0.5150501672240803
62045,62045,99.00,5,3,8,0.625,0.375,Yes,0.625
62046,62046,99.00,92,105,197,0.467005076142132,0.5329949238578681,No,0.5329949238578681
62047,62047,99.00,128,195,323,0.39628482972136225,0.6037151702786377,No,0.6037151702786377
62048,62048,99.00,75,82,157,0.47770700636942676,0.5222929936305732,No,0.5222929936305732
62049,62049,99.00,101,130,231,0.43722943722943725,0.5627705627705628,No,0.5627705627705628
62050,62050,99.00,117,117,234,0.5,0.5,Tie,0.5
62051,62051,99.00,85,93,178,0.47752808988764045,0.5224719101123596,No,0.5224719101123596
62052,62052,99.00,111,106,217,0.511520737327189,0.48847926267281105,Yes,0.511520737327189
62053,62053,99.00,113,102,215,0.5255813953488372,0.4744186046511628,Yes,0.5255813953488372
62054,62054,99.00,86,80,166,0.5180722891566265,0.4819277108433735,Yes,0.5180722891566265
62055,62055,99.00,84,124,208,0.40384615384615385,0.5961538461538461,No,0.5961538461538461
62056,62056,99.00,99,78,177,0.559322033898305,0.4406779661016949,Yes,0.559322033898305
62057,62057,99.00,85,95,180,0.4722222222222222,0.5277777777777778,No,0.5277777777777778
62058,62058,99.00,92,99,191,0.4816753926701571,0.518324607329843,No,0.518324607329843
62059,62059,99.00,74,83,157,0.4713375796178344,0.5286624203821656,No,0.5286624203821656
62060,62060,99.00,103,111,214,0.48130841121495327,0.5186915887850467,No,0.5186915887850467
62061,62061,99.00,120,111,231,0.5194805194805194,0.4805194805194805,Yes,0.5194805194805194
62062,62062,99.00,92,107,199,0.4623115577889447,0.5376884422110553,No,0.5376884422110553
62063,62063,99.00,167,156,323,0.5170278637770898,0.48297213622291024,Yes,0.5170278637770898
62064,62064,99.00,67,44,111,0.6036036036036037,0.3963963963963964,Yes,0.6036036036036037
62065,62065,99.00,121,122,243,0.49794238683127573,0.5020576131687243,No,0.5020576131687243
62066,62066,99.00,189,182,371,0.5094339622641509,0.49056603773584906,Yes,0.5094339622641509
62067,62067,99.00,177,195,372,0.47580645161290325,0.5241935483870968,No,0.5241935483870968
62068,62068,99.00,178,173,351,0.5071225071225072,0.4928774928774929,Yes,0.5071225071225072
62069,62069,99.00,17,7,24,0.7083333333333334,0.2916666666666667,Yes,0.7083333333333334
62070,62070,99.00,51,45,96,0.53125,0.46875,Yes,0.53125
62071,62071,99.00,13,6,19,0.6842105263157895,0.3157894736842105,Yes,0.6842105263157895
62072,62072,99.00,78,63,141,0.5531914893617021,0.44680851063829785,Yes,0.5531914893617021
62073,62073,99.00,12,4,16,0.75,0.25,Yes,0.75
62074,62074,99.00,124,120,244,0.5081967213114754,0.4918032786885246,Yes,0.5081967213114754
62075,62075,66.67,94,62,156,0.6025641025641025,0.3974358974358974,Yes,0.6025641025641025
62076,62076,57.14,86,98,184,0.4673913043478261,0.532608695652174,No,0.532608695652174
62077,62077,99.00,86,108,194,0.44329896907216493,0.5567010309278351,No,0.5567010309278351
62078,62078,0.00,3,4,7,0.42857142857142855,0.5714285714285714,No,0.5714285714285714
62079,62079,99.00,123,136,259,0.4749034749034749,0.525096525096525,No,0.525096525096525
62080,62080,99.00,74,62,136,0.5441176470588235,0.45588235294117646,Yes,0.5441176470588235
62081,62081,99.00,73,79,152,0.48026315789473684,0.5197368421052632,No,0.5197368421052632
62082,62082,99.00,12,8,20,0.6,0.4,Yes,0.6
62083,62083,66.67,62,98,160,0.3875,0.6125,No,0.6125
62084,62084,99.00,94,114,208,0.4519230769230769,0.5480769230769231,No,0.5480769230769231
62085,62085,99.00,6,1,7,0.8571428571428571,0.14285714285714285,Yes,0.8571428571428571
62086,62086,99.00,0,2,2,0.0,1.0,No,1.0
62087,62087,99.00,0,0,0,0,0,n/a,0
62088,62088,99.00,0,0,0,0,0,n/a,0
63001,63001,99.00,166,146,312,0.532051282051282,0.46794871794871795,Yes,0.532051282051282
63002,63002,99.00,104,55,159,0.6540880503144654,0.34591194968553457,Yes,0.6540880503144654
63003,63003,99.00,9,3,12,0.75,0.25,Yes,0.75
63004,63004,99.00,77,68,145,0.5310344827586206,0.4689655172413793,Yes,0.5310344827586206
63005,63005,99.00,138,135,273,0.5054945054945055,0.4945054945054945,Yes,0.5054945054945055
63006,63006,99.00,7,6,13,0.5384615384615384,0.46153846153846156,Yes,0.5384615384615384
63007,63007,0.00,2,2,4,0.5,0.5,Tie,0.5
63008,63008,99.00,85,60,145,0.5862068965517241,0.41379310344827586,Yes,0.5862068965517241
63009,63009,99.00,7,6,13,0.5384615384615384,0.46153846153846156,Yes,0.5384615384615384
63010,63010,99.00,123,52,175,0.7028571428571428,0.29714285714285715,Yes,0.7028571428571428
63011,63011,99.00,142,103,245,0.5795918367346938,0.4204081632653061,Yes,0.5795918367346938
63012,63012,99.00,1,3,4,0.25,0.75,No,0.75
63013,63013,99.00,87,81,168,0.5178571428571429,0.48214285714285715,Yes,0.5178571428571429
63014,63014,99.00,69,43,112,0.6160714285714286,0.38392857142857145,Yes,0.6160714285714286
63015,63015,99.00,89,60,149,0.5973154362416108,0.40268456375838924,Yes,0.5973154362416108
63016,63016,99.00,140,81,221,0.6334841628959276,0.3665158371040724,Yes,0.6334841628959276
63017,63017,99.00,1,0,1,1.0,0.0,Yes,1.0
63018,63018,99.00,163,168,331,0.49244712990936557,0.5075528700906344,No,0.5075528700906344
63019,63019,99.00,4,1,5,0.8,0.2,Yes,0.8
63020,63020,99.00,68,64,132,0.5151515151515151,0.48484848484848486,Yes,0.5151515151515151
63021,63021,99.00,56,48,104,0.5384615384615384,0.46153846153846156,Yes,0.5384615384615384
63022,63022,99.00,93,49,142,0.6549295774647887,0.34507042253521125,Yes,0.6549295774647887
63023,63023,99.00,63,56,119,0.5294117647058824,0.47058823529411764,Yes,0.5294117647058824
63024,63024,99.00,130,132,262,0.4961832061068702,0.5038167938931297,No,0.5038167938931297
63025,63025,99.00,4,3,7,0.5714285714285714,0.42857142857142855,Yes,0.5714285714285714
63026,63026,99.00,90,97,187,0.48128342245989303,0.5187165775401069,No,0.5187165775401069
63027,63027,99.00,121,115,236,0.5127118644067796,0.4872881355932203,Yes,0.5127118644067796
63028,63028,99.00,3,2,5,0.6,0.4,Yes,0.6
63029,63029,99.00,155,156,311,0.4983922829581994,0.5016077170418006,No,0.5016077170418006
63030,63030,99.00,88,49,137,0.6423357664233577,0.35766423357664234,Yes,0.6423357664233577
63031,63031,99.00,119,76,195,0.6102564102564103,0.38974358974358975,Yes,0.6102564102564103
63032,63032,99.00,76,72,148,0.5135135135135135,0.4864864864864865,Yes,0.5135135135135135
63033,63033,99.00,110,112,222,0.4954954954954955,0.5045045045045045,No,0.5045045045045045
63034,63034,99.00,76,96,172,0.4418604651162791,0.5581395348837209,No,0.5581395348837209
63035,63035,99.00,126,116,242,0.5206611570247934,0.4793388429752066,Yes,0.5206611570247934
63036,63036,99.00,153,102,255,0.6,0.4,Yes,0.6
63037,63037,99.00,129,58,187,0.6898395721925134,0.31016042780748665,Yes,0.6898395721925134
63038,63038,99.00,121,40,161,0.7515527950310559,0.2484472049689441,Yes,0.7515527950310559
63039,63039,99.00,69,22,91,0.7582417582417582,0.24175824175824176,Yes,0.7582417582417582
63040,63040,99.00,2,2,4,0.5,0.5,Tie,0.5
63041,63041,50.00,59,16,75,0.7866666666666666,0.21333333333333335,Yes,0.7866666666666666
63042,63042,99.00,60,19,79,0.759493670886076,0.24050632911392406,Yes,0.759493670886076
63043,63043,99.00,97,33,130,0.7461538461538462,0.25384615384615383,Yes,0.7461538461538462
63044,63044,99.00,94,37,131,0.7175572519083969,0.2824427480916031,Yes,0.7175572519083969
63045,63045,99.00,73,22,95,0.7684210526315789,0.23157894736842105,Yes,0.7684210526315789
63046,63046,99.00,186,149,335,0.5552238805970149,0.44477611940298506,Yes,0.5552238805970149
63047,63047,99.00,4,4,8,0.5,0.5,Tie,0.5
63048,63048,99.00,89,71,160,0.55625,0.44375,Yes,0.55625
63049,63049,99.00,184,148,332,0.5542168674698795,0.4457831325301205,Yes,0.5542168674698795
63050,63050,99.00,88,67,155,0.567741935483871,0.432258064516129,Yes,0.567741935483871
63051,63051,99.00,7,3,10,0.7,0.3,Yes,0.7
63052,63052,99.00,133,80,213,0.6244131455399061,0.3755868544600939,Yes,0.6244131455399061
63053,63053,99.00,99,65,164,0.6036585365853658,0.39634146341463417,Yes,0.6036585365853658
63054,63054,99.00,106,64,170,0.6235294117647059,0.3764705882352941,Yes,0.6235294117647059
63055,63055,99.00,91,52,143,0.6363636363636364,0.36363636363636365,Yes,0.6363636363636364
63056,63056,99.00,0,2,2,0.0,1.0,No,1.0
63057,63057,99.00,168,168,336,0.5,0.5,Tie,0.5
63058,63058,99.00,83,81,164,0.5060975609756098,0.49390243902439024,Yes,0.5060975609756098
63059,63059,99.00,175,156,331,0.5287009063444109,0.47129909365558914,Yes,0.5287009063444109
63060,63060,99.00,5,1,6,0.8333333333333334,0.16666666666666666,Yes,0.8333333333333334
63061,63061,57.14,130,90,220,0.5909090909090909,0.4090909090909091,Yes,0.5909090909090909
63062,63062,99.00,174,122,296,0.5878378378378378,0.41216216216216217,Yes,0.5878378378378378
63063,63063,99.00,148,126,274,0.5401459854014599,0.45985401459854014,Yes,0.5401459854014599
63064,63064,99.00,269,225,494,0.5445344129554656,0.45546558704453444,Yes,0.5445344129554656
63065,63065,99.00,121,102,223,0.5426008968609866,0.45739910313901344,Yes,0.5426008968609866
63066,63066,99.00,6,2,8,0.75,0.25,Yes,0.75
63067,63067,99.00,123,134,257,0.4785992217898833,0.5214007782101168,No,0.5214007782101168
63068,63068,99.00,2,0,2,1.0,0.0,Yes,1.0
63069,63069,99.00,6,4,10,0.6,0.4,Yes,0.6
63070,63070,99.00,1,4,5,0.2,0.8,No,0.8
63071,63071,99.00,63,23,86,0.7325581395348837,0.26744186046511625,Yes,0.7325581395348837
63072,63072,99.00,128,86,214,0.5981308411214953,0.40186915887850466,Yes,0.5981308411214953
63073,63073,99.00,83,75,158,0.5253164556962026,0.47468354430379744,Yes,0.5253164556962026
63074,63074,99.00,7,2,9,0.7777777777777778,0.2222222222222222,Yes,0.7777777777777778
63075,63075,99.00,35,16,51,0.6862745098039216,0.3137254901960784,Yes,0.6862745098039216
63076,63076,99.00,90,78,168,0.5357142857142857,0.4642857142857143,Yes,0.5357142857142857
63077,63077,99.00,79,36,115,0.6869565217391305,0.3130434782608696,Yes,0.6869565217391305
63078,63078,99.00,3,1,4,0.75,0.25,Yes,0.75
63079,63079,99.00,8,2,10,0.8,0.2,Yes,0.8
63080,63080,99.00,81,45,126,0.6428571428571429,0.35714285714285715,Yes,0.6428571428571429
63081,63081,99.00,2,0,2,1.0,0.0,Yes,1.0
63082,63082,99.00,122,101,223,0.547085201793722,0.452914798206278,Yes,0.547085201793722
63083,63083,99.00,134,92,226,0.5929203539823009,0.40707964601769914,Yes,0.5929203539823009
63084,63084,99.00,84,56,140,0.6,0.4,Yes,0.6
63085,63085,0.00,5,0,5,1.0,0.0,Yes,1.0
63086,63086,99.00,0,0,0,0,0,n/a,0
63087,63087,99.00,0,0,0,0,0,n/a,0
63088,63088,99.00,0,0,0,0,0,n/a,0
63089,63089,99.00,0,0,0,0,0,n/a,0
63090,63090,99.00,0,0,0,0,0,n/a,0
